timestamp,minute,it_load_kw,t_cold_mean,t_hot_mean,t_outlet_mean,t_outlet_peak,rack_outlet,crah_cooling_capacity_kw
2025-06-15 00:00:00+00:00,0,2156.1099999999997,9.0,15.922609870076911,15.697657803180913,18.77882703777336,"[14.60387674 14.74055666 14.96421471 15.88369781 15.27485089 14.15656064
 16.02659046 15.62897614 15.84020875 16.31237575 16.58573559 17.61704771
 17.30641153 14.63494036 14.00745527 13.90805169 15.25       16.4055666
 15.3804672  15.41153082 16.1694831  14.47962227 15.70352883 16.6167992
 17.13866799 16.26267396 17.00198807 14.71570577 15.37425447 13.77137177
 15.49850895 13.72166998 12.85810139 14.89587475 14.77162028 16.60437376
 16.56709742 14.97664016 17.06411531 15.50472167 16.52360835 14.16277336
 14.70328032 15.52335984 15.52335984 15.41153082 15.85884692 15.85884692
 14.99527833 15.06983101 15.46744533 16.52982107 15.99552684 18.56759443
 15.79050696 15.6973161  15.26863817 16.0390159  15.34940358 15.82157058
 16.5360338  15.28106362 14.20626243 15.20029821 16.7472664  14.6722167
 16.21297217 16.57952286 16.21297217 17.3499006  15.04498012 16.83424453
 15.41153082 14.42992048 14.63494036 14.54796223 16.37450298 15.1195328
 15.74701789 16.67271372 15.4612326  16.02659046 14.74676938 15.6165507
 13.93290258 15.00770378 15.89612326 14.93315109 15.3556163  15.43016899
 16.44905567 16.43663022 16.02037773 14.98285288 16.93364811 16.61058648
 17.5611332  16.55467197 18.56138171 14.24353877 16.22539761 15.00770378
 14.58523857 14.17519881 15.25       16.8777336  16.48011928 16.52360835
 13.82728628 16.87152087 16.89015905 16.02037773 16.11356859 14.52932406
 16.2999503  13.87077535 14.62251491 16.44905567 14.92693837 15.16923459
 15.75944334 14.67842942 16.20054672 15.03255467 17.15109344 16.48633201
 18.77882704 14.74676938 15.92097416 13.59741551 14.85859841 15.43638171
 16.92743539 13.89562624 16.54845924 16.33722664 17.38096421 16.77833002
 16.32480119 15.95203777 15.44259443 14.61630219 14.41749503 16.64786282
 14.35536779 15.38667992 13.79000994 15.04498012 15.82157058 16.5111829
 17.25049702 16.02659046 15.18787276 16.82181909 17.03926441 17.17594433
 13.90183897 15.77186879 14.95800199 15.69110338 16.39314115 15.9333996
 15.79671968 17.69781312 16.08250497 15.74701789 16.28752485 17.72887674
 16.62301193 17.15730616 15.62276342 14.19383698 13.22465209 15.27485089
 15.37425447 14.75298211 16.29373757 16.21297217 14.8834493  16.45526839
 15.95203777 14.92072565 16.88394632 16.58573559 13.76515905 15.10710736
 15.23757455 14.41128231 15.4860835  16.21918489 14.77162028 15.9582505
 15.76565606 18.03951292 14.35536779 16.90258449 16.13220676 16.48633201
 18.51167992 14.5666004 ]",23160.283581329313
2025-06-15 00:01:00+00:00,1,2135.2200000000003,9.0,15.859808093485203,15.632765904572564,19.6610337972167,"[16.82803181 14.49204771 15.39289264 14.77162028 14.74676938 15.61033797
 15.45501988 16.07007952 14.08200795 18.07057654 16.21297217 18.15755467
 15.75944334 14.8026839  17.64189861 14.04473161 13.6222664  14.6722167
 15.78429423 16.15705765 16.87152087 15.5916998  14.50447316 15.75323062
 17.48036779 16.92122266 14.82753479 14.44855865 15.94582505 16.79075547
 15.49850895 15.42395626 14.14413519 14.67842942 15.66625249 16.25646123
 16.49254473 15.66625249 15.20029821 15.71595427 15.52335984 15.0387674
 12.44184891 14.45477137 15.34319085 16.50497018 15.31833996 16.34965209
 15.20651093 15.04498012 15.27485089 17.49279324 17.15730616 16.84666998
 19.6610338  16.69135189 15.13195825 15.00149105 14.6722167  17.20079523
 16.61058648 14.06336978 15.15680915 16.09493042 16.58573559 14.76540755
 14.08200795 14.57281312 16.44284294 16.57952286 14.82753479 13.95154076
 13.69060636 13.11282306 15.46744533 15.66625249 16.41177932 16.38692843
 15.63518887 17.23185885 16.00795229 15.68489066 15.97688867 16.08250497
 12.44184891 14.76540755 15.02012922 14.61008946 14.44855865 15.62276342
 17.03926441 15.63518887 15.29348907 15.37425447 16.02659046 15.07604374
 16.2999503  16.63543738 18.46197813 15.45501988 15.70352883 14.23732604
 15.69110338 14.16898608 15.68489066 15.94582505 15.00149105 17.74130219
 16.57331014 14.4361332  16.88394632 16.15084493 16.69756461 14.96421471
 15.05740557 12.95750497 13.93911531 15.90233598 16.55467197 17.28156064
 17.3499006  13.92047714 16.71620278 14.37400596 17.82828032 16.72241551
 15.58548708 16.35586481 15.24378728 13.0444831  15.24378728 14.45477137
 15.39910537 15.02634195 16.90258449 14.4609841  16.24403579 17.80342942
 15.50472167 16.63543738 16.79075547 13.79622266 15.20029821 14.85238569
 14.04473161 16.72862823 15.98931412 15.25621272 14.98285288 15.00770378
 17.05168986 15.9333996  16.66028827 16.21918489 17.13245527 16.61058648
 15.26242545 14.54796223 15.65382704 15.66625249 15.09468191 14.5666004
 14.65357853 15.00149105 14.93936382 16.82803181 16.13841948 17.80964215
 18.63593439 16.69756461 13.06312127 14.31187873 14.75919483 13.60984095
 14.92693837 15.5916998  15.05740557 14.93315109 15.10089463 17.64189861
 15.98931412 15.52957256 16.11356859 17.51764414 13.82107356 15.06983101
 15.4612326  15.64761431 16.41799205 14.75919483 16.49254473 14.86481113
 15.39289264 17.03926441 16.85909543 16.25646123 15.30591451 17.10139165
 16.15705765 13.71545726]",22950.173957564093
2025-06-15 00:02:00+00:00,2,2110.09,9.0,15.78449896178587,15.554703031809145,19.00248508946322,"[14.13792247 15.13195825 13.08797217 15.56684891 15.55442346 15.00770378
 16.68513917 16.44905567 15.47987078 15.57927435 17.02062624 15.1195328
 16.38692843 13.93911531 14.75919483 15.05119284 15.05119284 16.23782306
 15.55442346 15.21272366 14.5417495  16.50497018 16.48633201 17.51143141
 15.62897614 16.5111829  16.59194831 14.39885686 14.65357853 13.21222664
 15.74080517 15.74080517 16.34965209 17.55492048 15.32455268 15.75323062
 15.9582505  17.92147117 14.66600398 16.89015905 15.23136183 12.10636183
 12.71520875 13.47316103 15.92097416 14.28081511 15.0387674  14.3305169
 16.14463221 14.71570577 17.13245527 15.1443837  15.51714712 16.50497018
 16.57952286 18.04572565 14.66600398 13.59120278 14.35536779 14.51068588
 15.88369781 15.72837972 15.41774354 16.50497018 15.36182903 15.89612326
 16.34965209 17.77236581 16.41799205 16.34343936 13.52907555 15.30591451
 14.28702783 15.31833996 13.3861829  16.29373757 14.24353877 14.92072565
 16.79696819 14.72813121 16.0638668  16.36829026 15.52957256 17.87798211
 15.85884692 12.78354871 13.43588469 15.70352883 13.89562624 14.91451292
 15.56063618 16.24403579 15.55442346 16.01416501 15.36804175 17.4555169
 15.95203777 16.89637177 16.26888668 14.6722167  14.58523857 14.75298211
 14.11928429 15.97067594 16.70999006 15.77808151 16.39935388 16.66028827
 16.90879722 16.49254473 16.56709742 17.33747515 16.75969185 13.6222664
 14.71570577 13.09418489 15.0139165  15.56684891 16.49875746 15.64761431
 16.5360338  15.83399602 15.04498012 14.84617296 15.41774354 15.21272366
 17.23807157 14.28702783 15.17544732 14.87723658 15.94582505 16.12599404
 14.69706759 15.20651093 15.12574553 14.27460239 16.57952286 17.2194334
 16.26888668 15.98310139 17.61704771 12.24925447 14.76540755 14.89587475
 14.39264414 16.38692843 16.15705765 15.16923459 15.49850895 15.3804672
 15.42395626 14.84617296 17.51764414 17.3499006  17.30019881 15.6973161
 16.49254473 16.56088469 15.05119284 14.2000497  14.39885686 15.75944334
 14.67842942 15.66003976 16.87152087 14.61630219 18.05193837 17.80964215
 15.3556163  15.3556163  14.24353877 13.70924453 14.58523857 12.59095427
 14.94557654 17.00198807 14.44234592 15.39289264 14.42370775 16.56709742
 15.92718688 18.10785288 16.65407555 16.28131213 14.97042744 14.15034791
 13.53528827 15.23136183 14.95178926 15.43016899 15.79050696 15.12574553
 16.15705765 17.54870775 15.05740557 17.87176938 16.18812127 15.86505964
 19.00248509 14.72191849]",22698.219726550804
2025-06-15 00:03:00+00:00,3,2090.2400000000002,9.0,15.724776433243587,15.493041749502982,19.82256461232604,"[16.01416501 15.66625249 13.49801193 15.34319085 14.90208748 14.305666
 14.06336978 15.97688867 16.59194831 16.57331014 16.08250497 15.79050696
 15.77808151 14.01366799 13.7278827  14.66600398 14.99527833 14.34915507
 15.12574553 14.79647117 15.66625249 16.30616302 16.16327038 16.59816103
 14.78404573 16.13220676 16.90879722 15.08225646 13.15631213 14.95800199
 16.09493042 14.97042744 15.21272366 15.88369781 15.85263419 16.41799205
 16.02037773 16.25646123 15.54821074 16.28131213 17.77236581 14.24353877
 14.44234592 14.305666   15.66003976 14.29324056 16.10114314 14.5417495
 14.59145129 15.9333996  16.02659046 16.34343936 17.2194334  16.00795229
 16.97092445 15.87127237 15.72837972 15.30591451 15.3804672  15.21893638
 14.47340954 15.06361829 16.00173956 15.67867793 15.97067594 14.75298211
 16.34965209 15.70352883 15.49850895 16.52982107 12.77733598 15.31833996
 15.62897614 14.94557654 14.23111332 14.44234592 15.34319085 13.3861829
 15.97688867 16.59194831 15.84642147 15.84020875 16.63543738 16.95228628
 15.47987078 14.64115308 14.14413519 14.51689861 15.28106362 16.72241551
 15.13817097 14.62251491 14.95178926 13.97639165 16.39935388 14.98285288
 15.26863817 14.74055666 15.70352883 15.10710736 13.5166501  13.27435388
 15.23136183 14.9083002  15.79671968 16.24403579 15.70974155 14.6722167
 15.92718688 16.67271372 15.8277833  15.19408549 17.72266402 14.14413519
 14.31187873 14.87102386 15.97688867 15.43016899 15.03255467 16.14463221
 17.67296223 17.12624254 16.62301193 15.11332008 19.82256461 15.36804175
 16.2999503  13.83349901 16.16327038 15.20029821 13.64090457 15.38667992
 15.80914513 15.16302187 14.48583499 15.11332008 15.54199801 16.13220676
 15.79050696 17.12624254 15.71595427 12.82082505 13.90805169 16.02037773
 14.39264414 17.26913519 15.70974155 14.3305169  14.8026839  15.97067594
 14.80889662 18.28180915 15.30591451 17.02683897 17.91525845 16.6167992
 13.6222664  14.4609841  15.21893638 15.85884692 15.25621272 14.06336978
 15.57306163 15.06361829 13.82107356 15.36804175 14.84617296 16.89637177
 18.31908549 18.40606362 13.97017893 14.23111332 15.47365805 15.98310139
 14.76540755 15.18787276 17.54249503 15.54821074 15.3556163  16.08250497
 16.67892644 15.34940358 16.23161034 15.54199801 14.2000497  16.37450298
 15.47987078 14.86481113 14.24353877 14.98285288 16.41799205 15.07604374
 17.1138171  14.64736581 15.82157058 17.87798211 14.54796223 17.68538767
 15.02012922 14.49204771]",22498.412035059744
2025-06-15 00:04:00+00:00,4,2087.39,9.0,15.715226762248749,15.484188618290256,19.387673956262425,"[14.57902584 15.67246521 12.125      13.44209742 14.86481113 15.5916998
 14.8834493  15.67246521 14.93936382 15.83399602 15.57927435 16.75969185
 17.23807157 15.86505964 14.08200795 14.56038767 15.06361829 14.9083002
 15.29348907 14.05094433 16.02037773 14.98285288 15.10710736 14.67842942
 17.40581511 16.35586481 17.72266402 14.73434394 13.05690855 13.79622266
 15.67867793 14.42370775 14.28081511 15.29348907 15.4612326  14.84617296
 15.64761431 15.66625249 13.86456262 16.90879722 15.84642147 15.65382704
 13.52907555 13.29299205 16.03280318 13.60984095 14.65979125 15.97067594
 15.26863817 14.2000497  16.07629225 15.88369781 17.42445328 16.93986083
 19.38767396 15.18787276 14.52932406 13.72166998 15.95203777 15.80914513
 15.90854871 14.64115308 14.83374751 13.80243539 17.44930417 16.49254473
 15.93961233 17.2194334  17.20700795 17.57977137 12.99478131 14.00124254
 15.0139165  15.32455268 16.05144135 14.38021869 15.60412525 17.70402584
 16.45526839 16.78454274 16.11978131 17.01441352 18.14512922 16.72241551
 15.59791252 13.80864811 15.33697813 15.79050696 14.41128231 16.2999503
 14.80889662 14.85238569 15.76565606 17.72887674 16.38071571 17.12624254
 15.73459245 16.65407555 15.64761431 14.04473161 15.51714712 14.86481113
 16.41799205 15.0387674  15.20651093 16.7472664  15.11332008 14.46719682
 17.25670974 16.59194831 14.34915507 16.57331014 16.31858847 16.15705765
 14.01366799 14.31187873 14.16898608 14.2000497  14.69085487 14.16898608
 14.70949304 14.33672962 14.60387674 14.70949304 15.84020875 15.84642147
 15.50472167 14.92693837 14.60387674 14.40506958 14.5417495  16.6167992
 15.52335984 15.90233598 13.21222664 15.17544732 13.92668986 15.71595427
 16.62301193 15.80914513 17.0889662  13.48558648 15.13817097 13.31163022
 14.67842942 15.47987078 15.75323062 15.29348907 17.38717694 15.3556163
 15.4860835  13.49801193 17.87798211 16.05144135 15.4612326  17.95253479
 15.70352883 14.81510934 13.54150099 15.43016899 14.62872763 14.27460239
 16.50497018 13.70924453 16.38692843 16.44905567 18.09542744 16.64786282
 14.59145129 15.89612326 14.5666004  15.00149105 15.74701789 13.16873757
 14.85238569 16.22539761 16.92122266 17.38096421 15.44880716 16.99577535
 17.73508946 17.41824056 17.13866799 17.39960239 13.72166998 13.27435388
 15.70352883 14.62251491 15.08846918 14.73434394 15.06983101 15.81535785
 14.80889662 15.98931412 16.31858847 16.18190855 15.722167   17.31262425
 18.48682903 14.01366799]",22466.462655779414
2025-06-15 00:05:00+00:00,5,2099.65,9.0,15.750272497826,15.522272614314113,19.356610337972164,"[15.88991054 15.72837972 12.59095427 14.51689861 14.79647117 16.28131213
 15.89612326 16.32480119 16.63543738 15.36804175 15.67246521 15.39289264
 16.5360338  14.41749503 14.85238569 14.17519881 15.86505964 16.0390159
 16.78454274 16.1694831  15.84642147 16.46148111 16.56709742 15.55442346
 17.52385686 18.08921471 18.49304175 14.51689861 14.94557654 15.19408549
 14.97042744 15.70974155 15.18787276 15.28106362 17.26292247 15.93961233
 16.01416501 16.93364811 16.41799205 16.70999006 16.54224652 13.29920477
 14.57281312 13.70303181 15.1195328  13.9888171  16.10735586 16.11356859
 15.84020875 15.64761431 16.29373757 14.23732604 15.20651093 16.25646123
 16.8777336  16.64786282 13.61605368 14.83996024 14.45477137 14.04473161
 15.51093439 15.17544732 16.64786282 16.31237575 16.54224652 16.31858847
 15.39289264 15.47365805 15.13817097 19.35661034 13.49801193 14.47340954
 14.49826044 14.73434394 14.61630219 13.57877734 14.55417495 14.34915507
 15.69110338 15.33697813 15.49850895 16.49875746 15.92097416 17.49279324
 14.10064612 14.83374751 13.54771372 15.56063618 14.73434394 15.65382704
 15.74701789 15.43638171 15.96446322 15.56684891 17.34368787 17.12624254
 16.86530815 15.47987078 15.71595427 13.95775348 14.51068588 15.31833996
 14.23111332 16.32480119 15.39289264 13.67818091 15.27485089 13.47316103
 15.34319085 15.6973161  15.80293241 16.23161034 16.33101392 13.97639165
 16.09493042 15.98931412 13.95154076 16.34965209 13.83349901 14.74676938
 17.09517893 13.74652087 16.52982107 14.98906561 16.18812127 16.31858847
 18.23210736 13.7278827  14.57902584 15.39289264 14.73434394 14.36779324
 15.24378728 15.54821074 16.44905567 14.9083002  15.52957256 16.41177932
 16.11978131 16.26888668 16.58573559 13.79000994 13.85213718 15.17544732
 13.90183897 16.17569583 15.45501988 14.2249006  15.84020875 15.89612326
 16.6167992  17.14488072 15.88991054 15.73459245 15.98931412 15.80293241
 13.8583499  14.98285288 14.89587475 14.58523857 14.51689861 15.69110338
 15.06361829 14.72191849 15.71595427 15.77186879 15.18787276 17.12002982
 17.30019881 16.70999006 14.62872763 15.16302187 14.8026839  15.8277833
 16.70377734 15.39910537 15.89612326 16.46148111 15.49850895 14.92072565
 16.9833499  14.83996024 18.13270378 17.43687873 14.63494036 14.6722167
 16.41799205 14.0695825  14.03230616 14.71570577 15.19408549 14.66600398
 15.90854871 16.05144135 15.33076541 17.74751491 15.1195328  15.38667992
 17.09517893 14.38021869]",22583.711668726668
2025-06-15 00:06:00+00:00,6,2133.8599999999997,9.0,15.850098800731224,15.628541252485087,18.642147117296222,"[15.12574553 14.32430417 14.10064612 14.62872763 14.75298211 16.04522863
 15.26863817 16.59194831 16.59194831 17.17594433 17.20700795 17.26292247
 17.41202783 14.04473161 14.44855865 13.1500994  15.29348907 14.55417495
 15.71595427 16.00173956 14.41128231 14.88966203 15.67246521 15.67867793
 16.48011928 15.41153082 16.69135189 12.90780318 12.63444334 15.47365805
 13.7527336  14.61630219 13.97639165 14.15034791 15.25       15.40531809
 16.86530815 16.52982107 16.03280318 17.14488072 17.64189861 14.82132207
 14.21868787 15.70974155 16.57331014 15.70352883 16.90258449 16.2750994
 16.36829026 14.72191849 14.86481113 16.02037773 14.6722167  15.84020875
 17.36232604 16.10114314 15.05119284 13.45452286 14.41749503 15.99552684
 15.39910537 15.64140159 17.12002982 16.90258449 15.0387674  17.25049702
 15.61033797 16.33101392 16.52360835 17.67296223 13.45452286 15.08846918
 15.31833996 15.75323062 14.96421471 16.25646123 14.82132207 16.71620278
 16.13841948 14.66600398 16.51739563 16.46769384 16.13220676 15.93961233
 14.23732604 13.2805666  16.36207753 13.89562624 14.49826044 16.34343936
 15.98310139 16.2750994  17.17594433 15.63518887 15.11332008 17.03926441
 17.15730616 16.2750994  15.56063618 15.72837972 15.27485089 13.6222664
 15.79050696 13.8832008  14.93936382 14.51068588 15.12574553 15.10710736
 15.47365805 16.88394632 16.6416501  17.12002982 17.71645129 14.18141153
 14.76540755 15.3556163  16.61058648 16.02037773 16.62922465 16.45526839
 16.65407555 14.16898608 16.81560636 16.35586481 16.37450298 15.99552684
 16.25024851 14.87102386 15.43016899 13.4110338  15.17544732 14.61008946
 14.41128231 15.8277833  15.31833996 15.17544732 15.23136183 16.37450298
 16.26888668 15.42395626 15.82157058 14.26838966 14.97664016 13.78379722
 15.3804672  14.31809145 17.79100398 14.53553678 14.83996024 15.92097416
 15.06361829 16.84045726 17.90904573 16.03280318 16.71620278 16.23782306
 14.55417495 16.05144135 15.70974155 14.2000497  16.64786282 16.44905567
 15.98310139 15.08225646 15.92097416 15.28106362 16.6167992  16.05144135
 14.42992048 17.53628231 14.68464215 15.67246521 14.70328032 15.16923459
 16.20054672 15.68489066 15.75323062 18.64214712 15.65382704 16.13220676
 17.75372763 15.54821074 15.49229622 15.29348907 14.95800199 15.20651093
 15.47365805 13.68439364 16.05144135 16.39314115 15.34940358 15.62897614
 16.39314115 16.26888668 16.69135189 15.24378728 16.25646123 15.44880716
 17.33126243 15.06983101]",22917.690547726386
2025-06-15 00:07:00+00:00,7,2112.8500000000004,9.0,15.786973647228493,15.563276590457257,18.337723658051686,"[14.64736581 15.18166004 13.61605368 16.02659046 14.95800199 15.67246521
 16.75969185 15.17544732 17.15730616 16.32480119 16.39314115 17.05168986
 15.53578529 15.08225646 14.74676938 15.82157058 14.81510934 14.84617296
 15.69110338 15.45501988 14.57902584 15.65382704 17.17594433 16.07629225
 15.51093439 17.15109344 14.92072565 12.50397614 14.64115308 14.97664016
 15.17544732 14.305666   15.15680915 14.15656064 15.8277833  14.28081511
 15.80914513 16.35586481 14.64115308 15.95203777 17.33747515 15.87748509
 13.19980119 15.07604374 13.77137177 13.83349901 16.74105368 16.0390159
 14.82753479 15.94582505 16.50497018 16.23782306 18.32529821 16.95849901
 13.76515905 16.44905567 13.86456262 14.52311133 14.88966203 14.4361332
 14.19383698 16.6416501  16.08871769 15.06983101 16.49254473 16.64786282
 17.36232604 15.36182903 17.23807157 16.10735586 15.58548708 14.49204771
 12.71520875 15.02634195 13.49801193 15.1195328  15.43016899 15.27485089
 14.42370775 14.93315109 15.34940358 16.07007952 17.6667495  17.28777336
 14.01988072 15.80914513 13.51043738 15.58548708 14.94557654 15.49229622
 16.03280318 14.97042744 16.5111829  15.92097416 18.33772366 15.97067594
 17.59840954 17.18215706 15.64761431 15.84642147 13.7527336  12.82082505
 15.85884692 16.22539761 15.44259443 15.31212724 17.1945825  16.54224652
 15.43016899 16.89015905 15.21272366 16.01416501 15.71595427 12.47912525
 13.59741551 15.99552684 13.99502982 14.66600398 14.26217694 16.31237575
 15.67246521 16.29373757 15.89612326 15.06983101 15.41774354 17.26913519
 16.59816103 15.20651093 12.10636183 15.84642147 14.51068588 17.15730616
 14.82132207 15.4860835  16.23782306 14.97042744 16.76590457 15.51093439
 17.48036779 17.17594433 17.06411531 13.75894632 14.40506958 15.0387674
 13.03205765 14.57281312 16.12599404 14.23111332 16.7721173  15.15680915
 16.20675944 14.99527833 16.67892644 16.82181909 17.61704771 17.98359841
 15.722167   14.9083002  13.73409543 16.2750994  13.9888171  14.95800199
 16.21918489 16.10735586 17.34368787 16.01416501 14.61008946 16.08871769
 16.67271372 16.34343936 15.82157058 14.4361332  13.4917992  15.43016899
 14.08822068 16.90258449 15.73459245 14.34294235 16.81560636 18.18240557
 14.26838966 17.13866799 16.91500994 16.79075547 14.777833   15.08225646
 14.13792247 16.26267396 13.85213718 17.10139165 16.85909543 14.49826044
 15.75944334 17.25049702 15.63518887 16.10114314 16.0390159  17.6667495
 16.17569583 14.5666004 ]",22706.499034167646
2025-06-15 00:08:00+00:00,8,2096.59,9.0,15.737871151654241,15.512767147117296,19.381461232604373,"[15.24378728 14.70949304 14.25596421 13.97639165 13.97639165 14.45477137
 14.11307157 15.20029821 16.32480119 16.25646123 15.59791252 15.58548708
 15.77186879 13.23707753 13.54150099 15.52335984 13.70924453 15.20029821
 14.77162028 17.77236581 13.99502982 16.01416501 15.68489066 15.44259443
 16.6167992  16.62922465 15.65382704 14.87723658 15.00770378 16.02659046
 14.40506958 16.50497018 15.11332008 13.6222664  16.11356859 15.70974155
 15.12574553 16.9833499  15.84020875 17.38717694 16.52360835 15.13817097
 15.23136183 15.20029821 13.9639662  15.94582505 15.27485089 17.28156064
 16.02659046 16.44284294 15.19408549 15.69110338 16.31858847 15.29970179
 15.46744533 16.6167992  14.47962227 14.90208748 15.92097416 14.66600398
 15.84020875 15.23136183 15.34940358 15.9333996  13.93290258 16.08250497
 15.5916998  15.47987078 14.75298211 16.26267396 12.75869781 15.47987078
 14.61008946 13.42967197 14.52932406 16.02659046 14.93315109 15.38667992
 15.46744533 15.85263419 14.55417495 16.25646123 15.94582505 19.38146123
 14.26217694 14.2000497  15.70974155 14.8026839  15.34940358 14.4609841
 16.89015905 15.0139165  16.11356859 16.9833499  15.80914513 16.25024851
 16.96471173 17.21322068 15.72837972 14.74676938 13.8583499  14.20626243
 14.4609841  16.36207753 16.8777336  17.98359841 15.66625249 15.09468191
 15.13817097 17.70402584 14.93315109 16.23782306 16.1694831  16.15705765
 13.74652087 15.88369781 16.24403579 15.02634195 15.77808151 14.07579523
 15.5916998  15.63518887 13.59120278 16.54845924 16.65407555 14.9083002
 15.33076541 13.78379722 14.15034791 14.52311133 14.08200795 14.19383698
 15.58548708 15.02012922 15.52335984 15.57306163 16.37450298 15.97067594
 17.07654076 16.5360338  17.430666   15.59791252 13.23707753 15.62276342
 16.58573559 14.18141153 15.21893638 15.08225646 15.98931412 16.22539761
 15.28106362 17.28777336 15.43016899 16.26267396 17.51143141 18.54274354
 14.07579523 15.44259443 15.08225646 13.56635189 14.31187873 14.24353877
 15.06361829 15.30591451 15.88369781 17.21322068 16.57952286 18.81610338
 16.28131213 17.40581511 14.88966203 16.07007952 14.47962227 15.78429423
 16.67892644 14.64736581 15.41774354 16.11978131 15.40531809 15.15680915
 17.84691849 16.08871769 18.07678926 16.15084493 14.26838966 15.36804175
 14.59145129 14.11307157 14.44234592 15.52957256 14.81510934 15.68489066
 13.65954274 15.40531809 15.92097416 15.77808151 15.49229622 15.75323062
 16.80939364 15.96446322]",22542.22172497443
2025-06-15 00:09:00+00:00,9,2136.0600000000004,9.0,15.853235545045115,15.635375248508947,18.375,"[13.43588469 14.64736581 15.97688867 15.54199801 15.30591451 15.13195825
 15.72837972 15.78429423 14.00745527 15.54199801 14.55417495 17.73508946
 17.46172962 13.79622266 15.44259443 17.13866799 14.4361332  16.39314115
 15.68489066 15.28727634 14.64115308 15.31833996 15.62897614 14.00124254
 16.81560636 16.18812127 17.07654076 14.0944334  17.43687873 13.26192843
 14.10064612 15.79050696 17.49900596 14.53553678 17.33126243 14.93315109
 17.15730616 16.18190855 18.35636183 18.10164016 16.00173956 17.16973161
 13.55392644 14.46719682 16.61058648 14.40506958 14.65357853 15.53578529
 16.00173956 16.10114314 15.20651093 16.25024851 16.82181909 17.7972167
 16.85909543 15.55442346 14.57902584 14.13792247 16.10735586 13.47937376
 15.72837972 14.37400596 16.71620278 16.41177932 16.0638668  16.49254473
 15.87127237 16.97713718 16.46148111 17.35611332 14.56038767 12.35487078
 14.35536779 16.41177932 16.5111829  15.41774354 15.36804175 15.33697813
 16.39935388 16.5111829  15.22514911 16.91500994 17.61083499 15.73459245
 14.28702783 15.05740557 15.4612326  14.55417495 14.61630219 14.83996024
 15.79671968 16.00173956 15.74701789 14.65357853 15.07604374 16.84666998
 15.28106362 16.79075547 16.4055666  14.01366799 14.76540755 16.46148111
 15.33697813 14.95178926 14.01988072 16.03280318 16.77833002 16.44905567
 17.13245527 16.64786282 15.15680915 16.49254473 17.18215706 15.20029821
 14.23111332 14.79647117 15.36182903 16.36829026 16.28131213 16.10735586
 16.0390159  14.87723658 14.97042744 16.07629225 17.29398608 16.8528827
 17.16973161 13.08175944 13.28677932 15.85263419 14.93936382 13.90805169
 16.11978131 15.70352883 18.375      16.95228628 16.2750994  15.97067594
 16.49254473 16.34343936 15.26242545 15.29970179 14.85238569 12.19333996
 14.3305169  14.31809145 16.16327038 15.37425447 16.96471173 14.25596421
 14.90208748 17.06411531 15.6165507  15.40531809 16.0638668  16.01416501
 15.05740557 15.75944334 13.39860835 14.77162028 15.21893638 15.44259443
 16.30616302 15.80293241 15.31833996 14.98285288 14.48583499 16.00173956
 16.52360835 17.53006958 14.15656064 16.83424453 14.75919483 14.5417495
 15.51093439 14.41749503 15.67867793 13.72166998 16.44284294 16.0390159
 16.33101392 16.44284294 15.27485089 15.79050696 15.92097416 15.08225646
 14.23111332 15.34319085 15.49229622 17.09517893 16.47390656 15.98310139
 15.34319085 17.59219682 15.99552684 15.44259443 15.28106362 15.77808151
 16.4055666  15.28727634]",22928.184839502937
2025-06-15 00:10:00+00:00,10,2128.9400000000005,9.0,15.831116053368174,15.613257952286283,19.021123260437374,"[15.5916998  15.97688867 15.20651093 16.00173956 17.49900596 16.4055666
 17.21322068 14.47340954 15.34940358 15.50472167 13.87698807 16.60437376
 17.99602386 14.03230616 14.87723658 14.05715706 14.56038767 15.44880716
 14.23111332 16.60437376 13.8832008  16.13220676 15.54199801 17.54870775
 17.03305169 14.5417495  14.39264414 13.54771372 14.17519881 14.63494036
 15.00149105 15.76565606 14.02609344 13.78379722 15.85884692 15.44880716
 15.85263419 15.51714712 16.11356859 17.82206759 15.08846918 13.29299205
 15.19408549 16.22539761 14.73434394 13.91426441 13.3861829  15.66003976
 14.41128231 17.76615308 18.08300199 16.2750994  16.68513917 16.28131213
 17.62326044 16.71620278 14.61008946 15.98310139 15.4612326  17.02683897
 13.67818091 14.85238569 14.69085487 16.48011928 15.39910537 16.57952286
 15.09468191 16.25646123 18.64835984 18.20104374 12.75248509 15.00770378
 15.60412525 14.53553678 14.13170974 15.93961233 15.57927435 16.16327038
 15.66625249 18.14512922 15.28727634 15.84020875 16.93986083 17.30641153
 13.1749503  15.83399602 13.42967197 14.95178926 14.82753479 14.61630219
 16.49254473 13.4110338  15.08225646 15.08846918 16.90258449 17.69781312
 17.13866799 17.87798211 14.6722167  14.72813121 13.44831014 14.55417495
 15.29348907 15.31833996 16.67271372 13.70924453 14.93936382 14.49826044
 14.51689861 17.14488072 16.54224652 17.98359841 17.80342942 14.59145129
 13.79000994 15.77808151 14.37400596 14.06336978 14.27460239 15.62276342
 16.8528827  15.88369781 17.13866799 16.24403579 15.92718688 19.02112326
 18.34393638 14.66600398 13.87077535 13.31163022 15.34319085 14.89587475
 15.73459245 15.75944334 16.03280318 16.8528827  16.24403579 15.43638171
 15.56063618 16.9833499  15.60412525 15.10710736 15.26242545 14.72191849
 14.2000497  13.43588469 14.20626243 13.90183897 15.60412525 15.33076541
 15.04498012 16.8777336  16.34965209 16.43663022 17.07654076 17.68538767
 13.05690855 15.37425447 13.19358847 14.29945328 16.15084493 16.01416501
 16.15084493 15.86505964 17.17594433 14.58523857 15.89612326 16.39314115
 18.40606362 17.62947316 15.47365805 13.95775348 16.92743539 15.43638171
 14.21868787 17.50521869 14.15656064 14.83996024 15.5916998  15.05740557
 16.62922465 16.56088469 16.56709742 18.39363817 12.9388668  15.89612326
 14.01988072 16.31237575 16.89015905 17.41824056 15.26242545 14.51689861
 16.07007952 15.87748509 14.44855865 16.93986083 15.55442346 17.92147117
 17.64189861 14.31187873]",22854.181868148557
2025-06-15 00:11:00+00:00,11,2118.8900000000003,9.0,15.800355267301782,15.582039015904572,18.735337972166995,"[14.77162028 14.67842942 14.64115308 18.11406561 14.51689861 15.60412525
 16.6416501  15.52335984 15.45501988 14.97042744 17.48036779 17.1945825
 17.13245527 13.12524851 15.16302187 15.1195328  14.70328032 13.89562624
 15.29348907 14.69706759 15.74701789 15.89612326 15.68489066 16.9833499
 16.26267396 16.97713718 17.03926441 15.42395626 13.74652087 14.48583499
 15.83399602 15.28106362 16.34965209 16.15705765 15.21272366 16.61058648
 15.70974155 17.00198807 18.00223658 17.4555169  18.73533797 12.98856859
 14.08822068 14.51689861 14.55417495 15.43638171 14.9083002  16.44284294
 16.49254473 16.12599404 14.95800199 16.57952286 16.85909543 16.72241551
 16.58573559 18.02708748 14.03851889 14.37400596 15.49850895 15.53578529
 16.00173956 15.10089463 14.305666   14.5417495  15.45501988 16.75969185
 16.92122266 14.65357853 17.0082008  16.59194831 13.53528827 16.70999006
 15.07604374 15.76565606 17.54870775 14.777833   15.11332008 17.03305169
 14.59145129 16.04522863 16.18190855 17.20700795 16.84045726 15.77808151
 15.36804175 15.41153082 13.80864811 14.305666   14.62251491 14.20626243
 16.4304175  15.29970179 15.50472167 14.95800199 15.722167   17.63568588
 17.1138171  15.06983101 15.82157058 15.16923459 14.27460239 14.38643141
 14.26217694 13.9888171  15.47987078 15.20029821 16.77833002 15.81535785
 15.1443837  16.8528827  17.62326044 15.84642147 15.10710736 14.08200795
 13.43588469 16.38692843 13.7278827  14.87723658 16.71620278 16.31858847
 15.19408549 15.10710736 15.8277833  15.9333996  17.71645129 16.34343936
 15.39289264 15.39910537 15.61033797 14.59766402 15.69110338 15.18166004
 14.17519881 15.38667992 14.56038767 15.19408549 15.07604374 16.42420477
 16.44905567 15.21272366 15.74701789 14.4361332  15.03255467 14.82753479
 12.87052684 16.28752485 16.90258449 16.89015905 16.08250497 16.36829026
 15.29348907 16.24403579 15.17544732 16.50497018 15.22514911 17.26292247
 14.2249006  15.43016899 15.05119284 14.61630219 15.98931412 14.27460239
 15.28727634 15.19408549 16.54845924 15.95203777 16.43663022 16.83424453
 14.32430417 15.80914513 14.61630219 15.61033797 15.36804175 16.21918489
 14.95178926 15.41774354 15.02012922 15.24378728 15.0387674  15.46744533
 15.9582505  15.69110338 16.48633201 14.93315109 14.85859841 14.79025845
 15.20029821 14.51689861 14.64115308 16.18812127 15.29348907 17.44930417
 14.45477137 15.6973161  15.0387674  15.51714712 15.67867793 16.13220676
 17.47415507 13.51043738]",22751.268582284843
2025-06-15 00:12:00+00:00,12,2137.24,9.0,15.853409408139813,15.639040755467194,18.766401590457257,"[15.30591451 13.56013917 14.68464215 16.45526839 15.82157058 15.80914513
 16.30616302 16.41799205 16.62922465 17.51764414 15.39910537 16.46769384
 17.28777336 15.22514911 15.21272366 16.07007952 14.55417495 13.92668986
 16.52982107 15.50472167 15.15680915 15.86505964 15.5916998  17.09517893
 17.15109344 16.77833002 17.15109344 14.51068588 15.60412525 12.60959245
 13.8832008  15.10089463 14.91451292 14.57281312 16.20054672 14.87723658
 16.15084493 16.23161034 16.33101392 15.66625249 16.42420477 15.57927435
 15.10710736 15.66003976 14.85238569 13.50422465 14.81510934 15.27485089
 16.79075547 16.79696819 16.2999503  15.26863817 16.34965209 16.15084493
 16.33101392 15.56684891 14.98285288 14.69085487 15.62897614 13.67818091
 14.15656064 18.76640159 14.70949304 15.96446322 16.26267396 15.10710736
 17.79100398 16.28752485 16.64786282 18.36878728 13.77137177 14.21247515
 14.51068588 13.71545726 15.41774354 15.75944334 15.65382704 16.25646123
 16.6167992  16.28752485 15.91476143 17.43687873 15.81535785 17.9276839
 14.28081511 15.33697813 16.48633201 12.83946322 14.93315109 14.89587475
 17.02683897 15.21893638 18.30666004 14.50447316 16.41799205 15.89612326
 16.89015905 16.05144135 16.32480119 12.87673956 14.83996024 13.50422465
 13.84592445 15.31212724 15.28106362 16.5111829  14.45477137 16.2750994
 16.34343936 15.92718688 15.62276342 16.46148111 17.51764414 14.18141153
 15.47987078 14.59766402 16.62301193 15.20651093 15.18166004 14.00745527
 14.34294235 16.18812127 15.78429423 16.42420477 15.68489066 16.34343936
 16.07007952 14.75919483 14.44234592 16.54845924 14.3305169  16.17569583
 14.31809145 15.02634195 14.83996024 16.95849901 16.35586481 16.24403579
 16.49254473 15.43016899 17.90904573 15.72837972 14.5666004  14.77162028
 15.52957256 14.92693837 15.06361829 14.95800199 15.25621272 15.29970179
 16.58573559 15.75944334 15.8277833  15.80914513 15.15680915 18.17619284
 15.02634195 15.52335984 14.38643141 16.39935388 15.34319085 16.72241551
 15.51714712 15.65382704 15.36804175 16.09493042 16.39314115 17.73508946
 17.94632207 16.75347913 15.64140159 12.13742545 14.39264414 15.22514911
 15.98310139 15.71595427 15.43016899 15.21893638 15.06361829 17.74751491
 17.18215706 17.51764414 16.47390656 16.12599404 14.97664016 14.59766402
 14.66600398 14.92693837 14.52311133 14.4609841  15.21272366 14.31187873
 16.31858847 16.70999006 15.37425447 14.54796223 16.78454274 16.80318091
 16.75969185 13.33026839]",22928.766515872558
2025-06-15 00:13:00+00:00,13,2118.47,9.0,15.796926111091427,15.580734343936381,19.36903578528827,"[12.95129225 16.49875746 14.86481113 15.6973161  15.32455268 15.93961233
 14.52932406 15.46744533 14.777833   15.19408549 15.70974155 14.85238569
 16.26888668 13.86456262 13.58499006 14.73434394 15.00770378 14.39885686
 17.2194334  16.17569583 16.71620278 15.52957256 16.82803181 16.87152087
 15.37425447 15.85263419 19.36903579 14.10064612 15.10089463 14.61008946
 15.74701789 14.20626243 14.36158052 16.51739563 15.80914513 13.47937376
 15.97067594 15.94582505 16.93986083 16.74105368 16.92122266 14.51689861
 14.87102386 13.69060636 14.16898608 14.29324056 14.00124254 16.15084493
 16.57952286 16.31237575 15.34319085 15.56684891 15.82157058 17.430666
 17.04547714 18.33772366 13.6471173  14.50447316 13.70303181 13.72166998
 15.05740557 15.05740557 15.05119284 14.26217694 16.0390159  15.75323062
 17.03305169 16.85909543 15.28727634 17.03926441 13.94532803 16.09493042
 14.8026839  14.52311133 14.777833   13.92047714 16.67271372 17.62326044
 14.2000497  15.74080517 16.03280318 15.74701789 17.59840954 17.79100398
 14.23111332 16.55467197 14.81510934 14.72191849 15.37425447 14.57902584
 16.79075547 16.17569583 15.43638171 15.75323062 15.24378728 16.49875746
 15.21272366 16.57952286 16.26267396 15.10710736 15.70974155 15.63518887
 14.95178926 14.5666004  15.11332008 15.54199801 16.1694831  15.34940358
 15.1443837  16.36829026 17.63568588 18.27559642 17.43687873 13.60362823
 16.00795229 14.0695825  14.29945328 15.57927435 14.05715706 16.25646123
 15.62276342 16.20675944 15.23136183 16.94607356 16.80318091 16.15084493
 17.53006958 12.10636183 14.98285288 14.70949304 14.23111332 15.29970179
 15.76565606 14.77162028 15.51093439 15.74701789 16.31858847 17.25670974
 15.84642147 17.6667495  15.38667992 14.71570577 12.99478131 14.82753479
 15.59791252 16.97092445 15.29970179 14.71570577 16.5360338  15.77808151
 15.99552684 16.92122266 17.25049702 14.777833   16.60437376 16.70377734
 13.55392644 13.19980119 14.81510934 14.61008946 14.52932406 15.23757455
 15.20651093 15.70974155 17.3250497  15.98931412 17.93389662 17.50521869
 17.41202783 15.99552684 14.23111332 13.81486083 15.21893638 14.93315109
 15.57306163 15.60412525 15.64140159 15.31212724 14.90208748 15.56063618
 16.80318091 16.14463221 16.4055666  17.43687873 14.91451292 13.24950298
 14.70949304 14.13792247 15.06361829 15.64140159 15.91476143 17.15109344
 15.29970179 15.65382704 16.62301193 17.15109344 15.45501988 17.2194334
 17.36232604 14.4361332 ]",22739.795997267473
2025-06-15 00:14:00+00:00,14,2161.71,9.0,15.92344236265641,15.715053429423458,19.350397614314115,"[14.47962227 15.58548708 15.4612326  15.60412525 14.70949304 13.95154076
 15.62897614 15.62897614 16.46769384 15.49229622 16.95849901 16.91500994
 16.00795229 15.41153082 14.37400596 14.20626243 15.25       15.16923459
 14.49826044 16.08871769 15.66003976 15.12574553 14.36158052 16.55467197
 16.41799205 16.59816103 17.93389662 12.16227634 15.8277833  16.08250497
 14.05715706 16.08250497 14.5417495  14.49204771 15.52957256 17.49279324
 16.28752485 16.15705765 17.10139165 15.85884692 17.99602386 15.90233598
 15.00149105 14.02609344 15.92718688 15.36182903 15.85263419 16.47390656
 15.98310139 14.90208748 17.29398608 16.32480119 16.52982107 16.96471173
 16.84666998 17.41824056 14.73434394 14.54796223 14.36779324 14.5666004
 14.93936382 16.28752485 15.21893638 15.5916998  15.76565606 16.51739563
 16.79075547 18.18861829 15.21272366 16.46148111 15.0387674  13.10039761
 16.45526839 14.88966203 14.41749503 16.22539761 13.43588469 15.84642147
 14.88966203 15.9582505  16.48633201 17.03926441 16.84666998 18.56759443
 14.51689861 14.305666   15.92718688 14.88966203 15.49850895 12.10636183
 15.85884692 15.52957256 15.36182903 15.31833996 16.93364811 14.34915507
 19.35039761 17.65432406 17.0889662  16.34965209 14.99527833 14.0695825
 16.02037773 13.70303181 15.95203777 16.67271372 16.21297217 14.52932406
 16.23782306 16.09493042 15.67867793 14.38021869 15.5916998  14.06336978
 15.74080517 17.41824056 15.81535785 14.44855865 14.95178926 16.51739563
 16.24403579 16.20054672 16.21918489 17.27534791 18.40606362 16.49254473
 16.79696819 14.95178926 14.21247515 12.76491054 15.43016899 14.44855865
 16.52360835 15.62897614 17.02062624 14.98906561 17.00198807 14.59145129
 17.15109344 16.21918489 17.47415507 14.10064612 15.23757455 15.23136183
 15.28106362 15.49850895 16.81560636 14.88966203 16.88394632 15.41153082
 17.02683897 18.2445328  15.4860835  14.38643141 16.70999006 16.07629225
 14.06336978 14.41128231 14.38021869 16.37450298 16.25646123 16.44905567
 17.68538767 14.97664016 13.52907555 17.90904573 16.41799205 16.29373757
 14.82753479 15.41153082 15.15059642 14.53553678 12.82703777 14.11928429
 16.13841948 16.5111829  15.68489066 18.28802187 16.76590457 17.66053678
 17.38096421 17.07654076 15.21272366 15.13195825 13.77137177 14.86481113
 14.78404573 15.29970179 15.09468191 15.722167   16.35586481 15.61033797
 15.49850895 13.48558648 16.90258449 15.52957256 15.56684891 17.38717694
 17.59840954 15.20651093]",23163.06876850329
2025-06-15 00:15:00+00:00,15,2122.09,9.0,15.805440477264966,15.591979373757454,18.536530815109344,"[15.62897614 13.8832008  14.85238569 14.71570577 17.00198807 16.36207753
 15.49229622 16.66650099 16.39314115 16.09493042 16.80318091 17.3250497
 16.56088469 13.36133201 15.02012922 14.61008946 13.95154076 14.46719682
 15.11332008 15.53578529 16.194334   15.63518887 16.41799205 15.80914513
 16.83424453 16.85909543 17.18215706 15.82157058 14.38021869 13.32405567
 14.90208748 15.88991054 15.31833996 15.75944334 14.01988072 15.00770378
 16.45526839 16.84045726 15.57927435 16.78454274 15.93961233 13.36133201
 14.66600398 14.96421471 15.29348907 15.77186879 16.81560636 16.2999503
 15.24378728 16.6167992  14.53553678 16.16327038 17.21322068 17.02683897
 17.3250497  18.49925447 13.86456262 15.45501988 14.79025845 16.08250497
 15.31212724 16.09493042 16.97092445 16.28131213 15.66003976 15.67867793
 15.53578529 17.31262425 17.73508946 16.44284294 12.82082505 14.07579523
 15.23757455 14.11307157 13.33026839 14.9083002  13.58499006 15.95203777
 15.43638171 16.03280318 17.34368787 15.45501988 14.4609841  16.59816103
 14.89587475 13.29299205 14.44234592 14.62251491 15.13817097 14.70328032
 17.92147117 15.3556163  15.93961233 15.47365805 13.62847913 17.54249503
 13.47316103 17.84691849 15.51093439 13.31163022 14.63494036 16.94607356
 15.36182903 15.05119284 14.67842942 16.16327038 15.37425447 16.54845924
 14.21247515 16.69756461 16.66650099 15.26242545 15.73459245 14.39264414
 14.23732604 15.12574553 13.68439364 14.35536779 17.31262425 14.72191849
 15.27485089 15.66625249 15.73459245 17.28777336 15.79050696 17.28156064
 15.85263419 15.20029821 14.44855865 14.64736581 14.88966203 15.64761431
 14.18762425 14.55417495 17.52385686 16.25646123 15.6165507  16.70999006
 16.21918489 14.34294235 16.75347913 14.32430417 14.92693837 14.03851889
 14.72191849 16.15084493 15.11332008 15.0139165  15.92097416 15.37425447
 16.89637177 15.90233598 16.56709742 15.73459245 15.39289264 17.38717694
 14.79647117 15.31212724 15.56684891 13.67196819 15.31833996 13.49801193
 16.01416501 14.68464215 16.29373757 16.69756461 15.67867793 16.32480119
 17.64811133 15.13195825 15.10710736 14.777833   15.71595427 13.45452286
 15.16302187 16.34965209 16.75347913 14.93315109 15.54821074 17.6916004
 14.81510934 16.25646123 16.62922465 16.79075547 13.59120278 15.52335984
 15.6165507  16.6416501  14.37400596 14.82753479 16.46148111 17.29398608
 15.75323062 14.50447316 15.88991054 17.15109344 17.04547714 17.61704771
 18.53653082 14.17519881]",22768.281660737666
2025-06-15 00:16:00+00:00,16,2128.4700000000003,9.0,15.823191971531768,15.611797962226643,18.530318091451292,"[13.89562624 13.78379722 14.95178926 16.17569583 17.00198807 15.75944334
 15.72837972 15.75944334 17.18836978 15.49850895 16.2750994  16.46148111
 16.67271372 16.21297217 13.8583499  17.14488072 14.40506958 14.41749503
 14.72813121 16.11356859 15.66003976 16.8777336  15.23136183 14.60387674
 15.97688867 16.7472664  15.28106362 14.38643141 15.1443837  14.05715706
 14.20626243 14.11307157 15.16302187 15.88369781 18.18240557 16.87152087
 14.77162028 14.67842942 16.17569583 17.902833   17.21322068 13.94532803
 15.52957256 16.04522863 16.28752485 14.0944334  15.66003976 14.21868787
 14.82753479 14.54796223 15.66003976 14.72813121 16.95228628 16.38071571
 15.75323062 17.16973161 15.97688867 15.0387674  14.33672962 14.777833
 15.10710736 14.71570577 13.93290258 15.34319085 17.01441352 15.25
 14.38643141 16.26267396 17.53628231 15.06983101 14.68464215 15.05119284
 15.33076541 15.51714712 15.722167   13.84592445 16.05765408 16.93364811
 15.60412525 16.31858847 15.19408549 17.51143141 15.88369781 18.1637674
 14.10685885 15.25621272 14.28702783 16.69756461 13.27435388 15.6165507
 13.49801193 14.47962227 17.53006958 16.7721173  14.21868787 16.25024851
 15.84020875 17.10760437 18.46819085 15.18787276 15.1443837  15.37425447
 14.04473161 15.88369781 16.25024851 14.98285288 15.1195328  17.23185885
 16.23782306 15.1443837  15.97688867 16.10735586 16.63543738 14.4609841
 14.4609841  16.41799205 15.79671968 16.56088469 13.76515905 15.61033797
 16.76590457 16.5111829  15.36182903 15.45501988 17.2194334  16.28752485
 17.25049702 14.62872763 14.53553678 14.92072565 14.2000497  16.72241551
 15.80914513 16.76590457 15.13195825 15.28106362 15.65382704 15.31212724
 16.90879722 17.10139165 16.12599404 14.13792247 14.95178926 14.06336978
 14.5417495  16.54224652 14.55417495 14.93315109 17.90904573 13.75894632
 14.8026839  17.74130219 15.84642147 16.85909543 18.53031809 16.05144135
 14.00124254 15.10089463 14.80889662 14.55417495 15.08225646 14.13170974
 15.96446322 16.47390656 15.70974155 15.80914513 16.69756461 15.84642147
 16.22539761 16.61058648 15.87748509 14.62251491 14.72813121 14.83996024
 14.8026839  14.42370775 14.62872763 16.44905567 15.28106362 16.05765408
 15.69110338 15.06361829 16.03280318 17.9276839  14.07579523 13.99502982
 14.38643141 14.63494036 15.32455268 14.88966203 15.34940358 15.1443837
 16.09493042 16.21918489 16.28752485 16.84045726 16.32480119 17.71023857
 17.17594433 15.96446322]",22827.671059956683
2025-06-15 00:17:00+00:00,17,2088.7200000000003,9.0,15.7048172064027,15.488320079522865,18.107852882703774,"[14.66600398 15.15680915 14.42992048 15.24378728 16.15084493 15.21272366
 17.10760437 15.90233598 17.51764414 15.23136183 16.11356859 16.07007952
 17.63568588 15.12574553 14.62251491 14.42992048 14.99527833 15.85884692
 16.12599404 15.45501988 15.25621272 15.92718688 16.11978131 16.39314115
 15.90233598 18.10785288 16.0638668  15.88991054 15.94582505 15.69110338
 16.71620278 15.65382704 15.00149105 14.97664016 15.00149105 16.56709742
 14.57281312 14.79025845 17.70402584 17.38096421 16.98956262 15.29970179
 15.31833996 14.58523857 13.55392644 16.28131213 15.66625249 14.13170974
 15.70974155 15.30591451 15.79671968 15.75944334 16.74105368 16.20054672
 15.47987078 17.34368787 15.00770378 13.3861829  15.26242545 15.87127237
 15.06361829 15.54199801 14.82132207 14.06336978 16.34343936 15.93961233
 16.58573559 16.12599404 16.26888668 16.82181909 14.44855865 15.47365805
 14.4361332  13.6471173  15.29348907 14.10685885 13.12524851 14.62251491
 15.39910537 15.23136183 14.70328032 16.08871769 17.59840954 17.39960239
 14.46719682 15.47987078 14.37400596 14.12549702 15.74701789 14.26217694
 15.74701789 15.57927435 15.42395626 15.49850895 17.15109344 14.77162028
 16.66650099 16.31237575 16.05144135 14.61008946 15.03255467 14.84617296
 15.29348907 16.54845924 14.83374751 15.94582505 14.0944334  16.30616302
 14.305666   16.79696819 15.92718688 16.68513917 15.33697813 14.55417495
 15.4612326  15.43016899 15.00149105 15.17544732 16.41177932 16.194334
 15.08846918 15.29348907 15.36182903 16.12599404 15.24378728 14.47340954
 16.44905567 14.71570577 14.82132207 15.82157058 13.76515905 14.65979125
 13.95154076 15.69110338 15.52957256 15.33697813 15.98931412 15.45501988
 15.32455268 17.91525845 17.35611332 14.26217694 13.16252485 14.56038767
 15.4612326  15.24378728 16.194334   16.56088469 15.49850895 15.30591451
 15.44259443 15.67867793 17.07032803 15.99552684 14.98906561 17.15109344
 14.4609841  14.28081511 13.05069583 16.13220676 15.85263419 14.305666
 15.67246521 14.68464215 14.59145129 14.06336978 16.90879722 17.16351889
 16.21918489 16.6167992  16.13841948 13.9639662  13.7278827  15.11332008
 15.67246521 15.04498012 14.15656064 14.93315109 16.44905567 16.6416501
 14.57902584 15.16302187 15.54199801 16.60437376 16.51739563 14.35536779
 14.84617296 14.20626243 17.52385686 14.71570577 14.95800199 15.74701789
 14.52932406 16.67892644 16.08250497 15.46744533 15.85884692 14.81510934
 16.22539761 12.45427435]",22431.636445740874
2025-06-15 00:18:00+00:00,18,2093.4300000000003,9.0,15.717651254450683,15.502951043737575,18.207256461232603,"[14.31809145 14.44234592 14.51689861 14.68464215 14.60387674 16.70377734
 17.05790258 15.722167   17.10760437 15.92097416 16.08871769 15.75944334
 17.34368787 15.10710736 13.4917992  15.00149105 14.53553678 14.34294235
 15.31833996 13.72166998 15.26863817 17.59219682 16.4055666  15.10089463
 16.84045726 16.56709742 16.34965209 13.93911531 14.64736581 14.25596421
 14.80889662 15.82157058 16.05765408 14.25596421 15.18787276 17.28777336
 17.62326044 16.45526839 17.77857853 17.56734592 16.48011928 12.57852883
 14.5417495  13.56635189 15.05119284 16.71620278 15.4860835  14.68464215
 14.48583499 13.91426441 14.12549702 17.5859841  17.02683897 16.26888668
 16.41177932 16.67271372 14.5417495  16.01416501 15.24378728 13.19358847
 16.194334   13.57256461 15.15059642 14.40506958 15.89612326 14.84617296
 14.90208748 15.37425447 17.26913519 16.49875746 15.12574553 15.93961233
 15.05740557 15.52957256 14.25596421 15.24378728 14.41128231 16.16327038
 16.65407555 16.87152087 16.11356859 17.13245527 16.32480119 16.10114314
 14.92693837 15.29970179 16.84045726 15.62897614 14.08822068 14.36158052
 14.2249006  15.67246521 14.74055666 17.1945825  15.82157058 16.8528827
 16.56088469 16.90258449 15.77808151 14.5417495  14.34294235 14.80889662
 15.18166004 15.86505964 14.95800199 16.32480119 16.02659046 17.40581511
 12.95750497 15.61033797 17.54249503 14.18141153 18.07678926 14.60387674
 12.78976143 15.52957256 14.03851889 14.3305169  16.70999006 15.1443837
 14.777833   17.70402584 16.86530815 15.84642147 15.58548708 16.29373757
 18.12027833 13.56635189 13.46073559 15.99552684 14.70949304 15.23136183
 15.78429423 15.09468191 13.36754473 15.5916998  17.10760437 18.1389165
 16.1694831  16.41177932 17.87798211 14.98906561 14.87723658 12.92022863
 14.53553678 15.28727634 13.83971173 15.07604374 17.16973161 15.49850895
 14.5666004  14.305666   16.21918489 15.85263419 15.74701789 16.93364811
 14.81510934 14.87723658 15.20651093 13.89562624 14.61008946 15.06361829
 15.47987078 16.6167992  15.18166004 15.29348907 17.56734592 16.49254473
 15.20651093 16.38071571 13.35511928 13.60984095 13.59120278 14.25596421
 17.07654076 16.26267396 16.7721173  16.66028827 15.68489066 16.34965209
 16.23161034 15.30591451 15.3804672  17.46794235 13.32405567 14.80889662
 15.39289264 15.64761431 15.45501988 14.15656064 15.93961233 15.47365805
 14.85238569 14.07579523 16.5111829  14.80889662 14.82753479 18.20725646
 15.62276342 14.18762425]",22474.574036890204
2025-06-15 00:19:00+00:00,19,2132.86,9.0,15.832950969954812,15.625434890656063,19.20129224652087,"[14.80889662 14.97042744 14.11307157 14.5666004  16.14463221 15.29348907
 15.6973161  13.86456262 15.51093439 17.0082008  15.69110338 15.64761431
 17.04547714 15.08846918 15.00149105 14.3305169  15.71595427 16.69756461
 16.43663022 14.05094433 18.39985089 14.59766402 14.85238569 16.44284294
 16.23782306 16.82181909 17.87176938 15.34940358 13.81486083 14.87723658
 15.91476143 16.11356859 16.34343936 16.22539761 16.28131213 15.30591451
 14.72191849 16.50497018 15.85263419 17.59840954 15.79050696 14.08200795
 14.2000497  15.66625249 15.62276342 15.10710736 15.52335984 16.92122266
 13.93290258 16.43663022 16.90879722 17.20079523 16.97713718 15.67246521
 16.05144135 17.33747515 14.00124254 14.52932406 13.47316103 13.93290258
 15.52957256 14.97042744 14.82132207 15.51714712 16.13841948 15.77808151
 16.34343936 16.4304175  16.2750994  16.66028827 13.67818091 14.2000497
 13.11903579 13.90805169 14.05094433 14.95178926 16.5360338  15.64140159
 15.95203777 15.09468191 16.4055666  17.87798211 16.38071571 15.85884692
 13.37375746 14.86481113 13.90805169 15.6165507  14.16898608 13.73409543
 15.88369781 14.39264414 16.33101392 16.89637177 15.53578529 16.44905567
 17.71645129 16.14463221 18.23210736 14.26838966 13.86456262 14.99527833
 15.27485089 16.28752485 16.21918489 15.89612326 16.33101392 16.05144135
 16.78454274 15.722167   15.36182903 16.72862823 19.20129225 15.28106362
 14.03851889 16.15705765 13.2805666  14.94557654 15.71595427 14.8834493
 15.1195328  15.67867793 15.49229622 15.43016899 15.31212724 15.03255467
 15.74701789 14.38643141 15.58548708 14.18762425 13.83971173 16.62922465
 14.23111332 15.54821074 14.75298211 15.1195328  16.31237575 16.54224652
 17.46172962 17.06411531 16.7472664  15.02012922 13.64090457 15.88991054
 15.42395626 15.54199801 15.80914513 14.03851889 14.52311133 15.86505964
 16.0390159  16.60437376 16.33101392 16.21918489 17.72887674 17.04547714
 15.25       15.8277833  16.05765408 15.33697813 15.88369781 15.6165507
 16.52982107 17.82206759 14.8834493  15.31833996 17.66053678 16.51739563
 16.10735586 16.02659046 15.3804672  15.19408549 16.70377734 14.9083002
 15.99552684 16.86530815 14.15034791 14.66600398 16.0638668  15.44259443
 15.74701789 15.68489066 16.32480119 15.78429423 13.26814115 14.98285288
 14.90208748 15.85884692 15.59791252 15.67246521 16.13841948 14.74676938
 15.29970179 16.18190855 16.95849901 16.8528827  16.21918489 16.4055666
 16.97713718 13.49801193]",22860.320765080818
2025-06-15 00:20:00+00:00,20,2132.46,9.0,15.830716062458615,15.624192345924452,18.114065606361827,"[15.52957256 15.62276342 15.9333996  16.15705765 16.31858847 13.79622266
 15.92718688 14.54796223 15.15680915 16.08250497 17.47415507 16.84045726
 16.90879722 16.194334   14.91451292 13.97017893 13.72166998 14.36779324
 15.44880716 14.0695825  16.07629225 16.11978131 15.32455268 16.25646123
 16.80318091 15.89612326 17.33126243 13.81486083 15.19408549 16.1694831
 15.27485089 13.94532803 15.3804672  15.53578529 14.82132207 14.61630219
 15.59791252 16.92122266 17.03926441 17.55492048 16.56088469 16.26888668
 13.80864811 15.17544732 14.70328032 16.48011928 15.28106362 14.45477137
 15.80293241 14.69706759 15.08846918 16.92743539 16.21297217 17.18836978
 15.74080517 17.9276839  14.38643141 12.88916501 14.04473161 13.74030815
 13.83971173 15.84642147 15.87127237 16.24403579 15.16923459 16.51739563
 14.81510934 15.89612326 16.36207753 16.13841948 14.59766402 14.64736581
 15.26863817 15.28106362 16.05144135 14.87102386 16.08871769 15.90854871
 16.0390159  16.10114314 14.12549702 18.08921471 15.61033797 15.88369781
 14.15656064 13.39860835 16.41177932 14.37400596 14.47340954 14.50447316
 15.84642147 16.90258449 16.02037773 15.20651093 17.3250497  16.51739563
 15.74080517 16.5111829  16.86530815 14.79647117 14.74055666 14.92693837
 16.80318091 17.87176938 15.55442346 14.69706759 14.74055666 16.63543738
 14.52932406 16.0390159  16.73484095 16.70377734 16.31858847 16.24403579
 15.43638171 14.41749503 15.74701789 15.00770378 14.86481113 15.12574553
 16.7721173  15.31212724 15.9333996  17.1138171  16.60437376 16.70999006
 16.02659046 16.65407555 15.40531809 12.60337972 16.18812127 13.93911531
 14.01988072 14.80889662 16.79696819 15.53578529 16.14463221 14.55417495
 17.28156064 16.18812127 15.39910537 14.74055666 15.05740557 14.83996024
 16.12599404 15.63518887 16.65407555 15.36182903 15.67867793 16.54845924
 16.9833499  15.75944334 17.98981113 16.49875746 16.56088469 17.13245527
 13.7527336  13.18116302 16.79696819 16.03280318 14.34294235 15.49850895
 16.11356859 15.23757455 17.1945825  15.56063618 17.10760437 15.75944334
 16.9833499  18.11406561 14.94557654 14.21247515 15.0387674  15.67246521
 14.75919483 14.95178926 17.12624254 16.95228628 15.19408549 14.74676938
 14.93936382 15.26242545 16.20054672 16.55467197 13.16873757 14.76540755
 12.10636183 15.07604374 16.61058648 14.14413519 12.75248509 15.75323062
 16.41799205 15.54821074 16.30616302 17.4555169  17.98981113 17.13866799
 15.5916998  14.73434394]",22852.843658561538
2025-06-15 00:21:00+00:00,21,2123.95,9.0,15.804553659393925,15.597757206759443,18.41848906560636,"[13.80864811 14.88966203 14.83996024 14.69706759 16.81560636 15.34319085
 14.33672962 16.23161034 16.68513917 16.25646123 15.64761431 16.13220676
 16.14463221 14.05715706 14.03851889 14.64736581 13.7527336  15.41153082
 14.61630219 16.32480119 16.02659046 17.23807157 14.72813121 17.47415507
 16.21297217 17.06411531 17.48036779 15.3804672  14.70328032 15.23136183
 14.8834493  15.81535785 14.46719682 15.84020875 17.05790258 17.65432406
 16.94607356 17.47415507 16.76590457 17.42445328 18.41848907 14.38643141
 13.11903579 14.60387674 15.10089463 14.31809145 14.13792247 14.95800199
 14.42992048 16.59194831 17.49279324 16.69756461 14.93315109 16.58573559
 15.75944334 16.97713718 13.78379722 15.62897614 15.53578529 14.74055666
 15.67246521 15.42395626 17.13866799 13.92047714 16.24403579 17.17594433
 15.84020875 15.88369781 16.67271372 15.81535785 14.00745527 13.71545726
 14.66600398 13.0444831  14.59766402 15.84020875 15.13195825 15.26242545
 16.64786282 17.44309145 15.44880716 17.42445328 14.83374751 15.84020875
 14.95800199 14.86481113 14.89587475 15.75323062 14.92072565 15.98310139
 14.98285288 15.0139165  14.01988072 16.55467197 15.28106362 17.1945825
 17.35611332 16.37450298 16.82181909 14.75919483 14.54796223 13.54150099
 16.41177932 14.69706759 15.88369781 15.8277833  15.98931412 16.08250497
 16.89637177 15.39289264 17.29398608 16.68513917 16.73484095 14.14413519
 14.64736581 15.39289264 13.92668986 13.57877734 15.08846918 16.16327038
 15.39289264 17.1138171  17.20700795 17.46794235 17.67917495 16.73484095
 17.17594433 13.84592445 12.14363817 15.18787276 14.24975149 14.94557654
 12.98235586 16.2999503  15.43638171 15.23757455 14.87723658 15.3556163
 15.4860835  15.53578529 15.28727634 14.24353877 14.28702783 15.56063618
 13.29299205 14.6722167  14.42370775 15.73459245 15.52957256 16.52982107
 17.61704771 16.07007952 16.72241551 15.6973161  16.43663022 16.74105368
 16.54845924 13.65333002 14.75298211 15.05740557 14.50447316 15.6973161
 15.54199801 15.80293241 15.18166004 16.70377734 15.31833996 16.00173956
 17.30019881 17.97738569 13.80864811 15.25       14.75298211 15.97067594
 15.26242545 16.90258449 16.91500994 14.74055666 15.50472167 15.27485089
 16.0638668  14.60387674 14.90208748 17.57355865 14.777833   15.32455268
 13.94532803 13.97017893 14.93315109 16.56088469 15.51093439 15.77186879
 16.85909543 16.28131213 16.26267396 16.65407555 16.23782306 18.04572565
 16.64786282 13.90183897]",22765.314722868312
2025-06-15 00:22:00+00:00,22,2109.76,9.0,15.761634817014892,15.553677932405567,18.288021868787276,"[15.37425447 15.78429423 14.62251491 15.90233598 16.39314115 12.42942346
 14.11307157 16.25646123 15.17544732 17.77857853 16.67271372 16.43663022
 16.75347913 14.17519881 14.0944334  14.97042744 15.95203777 13.74030815
 15.56684891 15.08846918 15.75323062 15.13195825 16.13220676 15.16302187
 16.30616302 16.24403579 15.09468191 14.87102386 12.10636183 14.4609841
 13.58499006 15.37425447 14.98285288 16.22539761 15.43638171 15.5916998
 16.99577535 15.67867793 16.25024851 17.76615308 17.2194334  16.28131213
 15.02634195 14.26838966 15.92718688 15.94582505 14.99527833 15.92097416
 15.49850895 16.20675944 15.9333996  15.94582505 17.80342942 16.81560636
 15.31833996 16.91500994 14.27460239 15.00770378 15.10089463 15.3804672
 13.6222664  13.90805169 16.83424453 15.67246521 17.10139165 16.5111829
 15.68489066 14.77162028 16.98956262 17.15730616 16.13841948 14.47962227
 14.90208748 13.31163022 14.59145129 15.54821074 15.15680915 14.83374751
 17.13245527 17.46794235 15.1443837  16.39314115 16.0638668  18.0084493
 14.67842942 15.18166004 13.91426441 16.18812127 14.83374751 17.0082008
 16.45526839 14.99527833 16.25646123 16.15705765 15.88369781 16.95228628
 16.39314115 16.60437376 16.15705765 13.8832008  14.80889662 15.06983101
 16.07007952 13.9639662  15.49850895 17.03926441 15.08846918 14.9083002
 15.18166004 16.94607356 15.18787276 16.54845924 16.07007952 13.99502982
 14.40506958 14.50447316 14.67842942 15.13195825 15.59791252 15.08225646
 16.10735586 15.38667992 15.57306163 16.20054672 14.72191849 15.722167
 16.02659046 13.52907555 14.42992048 14.12549702 14.12549702 16.08250497
 17.23807157 16.38692843 15.90233598 16.83424453 16.24403579 15.87127237
 16.38071571 16.12599404 14.54796223 13.65333002 13.82728628 15.21272366
 14.47962227 13.4110338  15.22514911 15.68489066 16.29373757 16.08250497
 18.13270378 15.25621272 17.4555169  17.25049702 15.96446322 16.59816103
 13.8583499  14.59766402 14.46719682 14.62872763 15.20029821 14.40506958
 16.57952286 16.5111829  15.20651093 16.82181909 15.20651093 14.68464215
 16.80318091 17.18215706 13.81486083 15.15680915 16.66028827 17.80342942
 14.34294235 15.62276342 14.33672962 18.28802187 15.40531809 16.7721173
 16.22539761 15.31212724 16.26888668 15.36182903 13.86456262 14.37400596
 14.99527833 12.8332505  15.05119284 17.65432406 14.54796223 15.90233598
 15.36804175 13.29920477 15.16302187 15.6165507  17.20700795 16.54845924
 16.5360338  15.20029821]",22621.725443805026
2025-06-15 00:23:00+00:00,23,2144.93,9.0,15.864385002504966,15.662928677932404,18.629721669980118,"[14.85859841 14.74676938 15.68489066 13.94532803 15.20029821 16.72241551
 13.72166998 15.1443837  16.18812127 16.41799205 16.05765408 16.93364811
 15.87127237 15.44259443 14.87102386 16.54845924 15.80914513 15.6973161
 16.66650099 14.75919483 15.39910537 14.2000497  16.80939364 17.70402584
 15.87127237 15.34940358 17.69781312 13.79622266 14.17519881 16.24403579
 14.63494036 14.96421471 16.80318091 16.01416501 14.63494036 17.18836978
 14.3305169  17.05168986 16.73484095 15.95203777 15.87748509 13.39860835
 16.21297217 14.87723658 14.33672962 15.62276342 16.37450298 15.70974155
 16.22539761 16.62922465 15.9582505  16.36207753 16.11978131 15.46744533
 15.37425447 17.13866799 13.88941352 14.69706759 14.64736581 15.94582505
 15.46744533 15.65382704 15.26242545 15.56684891 15.54199801 16.25024851
 14.57902584 16.33101392 16.8528827  17.03926441 13.50422465 14.27460239
 14.47962227 14.49204771 14.02609344 14.31187873 15.49229622 16.00795229
 15.94582505 15.16302187 16.49254473 16.11356859 16.00173956 15.76565606
 13.98260437 15.29348907 14.61630219 14.83374751 14.18141153 17.87798211
 13.33026839 13.70924453 15.27485089 16.11356859 17.74130219 16.73484095
 16.69756461 17.43687873 16.83424453 12.75248509 14.97664016 15.10710736
 17.0889662  14.55417495 16.56088469 14.28702783 17.14488072 16.00173956
 16.82181909 16.86530815 17.00198807 16.62301193 16.08250497 14.38021869
 13.97639165 14.75298211 13.5166501  15.34319085 16.25646123 16.62922465
 16.89637177 15.97688867 15.85263419 15.92097416 16.69135189 17.15730616
 16.96471173 13.23086481 15.92718688 15.25621272 15.89612326 15.18166004
 15.05740557 17.26913519 14.62872763 14.21247515 17.80964215 16.33722664
 15.87748509 15.89612326 14.73434394 16.17569583 15.25621272 15.23757455
 15.69110338 14.23732604 15.67867793 16.42420477 13.52286282 16.29373757
 16.59816103 16.16327038 15.40531809 16.23782306 16.13220676 17.05790258
 14.05715706 15.43016899 14.39264414 14.56038767 16.29373757 15.21893638
 16.02659046 14.48583499 17.27534791 14.66600398 16.2750994  16.13841948
 15.79671968 16.41799205 15.66003976 16.28752485 14.61008946 14.65979125
 13.4110338  16.92122266 14.49204771 14.8026839  15.90854871 16.66028827
 17.55492048 18.32529821 17.16351889 16.17569583 13.84592445 14.45477137
 15.53578529 15.84020875 15.68489066 13.51043738 14.9083002  16.95849901
 15.26863817 15.85263419 18.62972167 16.18190855 17.74130219 18.29423459
 17.44930417 14.16898608]",22965.48646438061
2025-06-15 00:24:00+00:00,24,2096.99,9.0,15.721879471710098,15.514009691848907,19.157803180914513,"[12.61580517 14.10064612 15.66625249 15.77808151 16.48633201 14.52311133
 15.90233598 13.97017893 15.21893638 16.69756461 14.33672962 17.29398608
 18.39985089 13.19358847 14.44855865 16.45526839 15.4860835  15.55442346
 15.44259443 14.23111332 15.54199801 17.03305169 16.07629225 16.83424453
 15.98310139 15.67246521 16.25024851 13.50422465 13.37375746 14.79025845
 14.75919483 14.25596421 15.94582505 14.59145129 16.02037773 16.25024851
 17.50521869 16.4304175  17.01441352 16.5111829  15.29348907 15.23136183
 16.16327038 14.64736581 16.8777336  15.95203777 17.1138171  15.24378728
 14.75298211 15.79050696 15.22514911 16.25024851 16.00795229 16.54845924
 16.47390656 15.80914513 14.05715706 15.89612326 14.82132207 13.79000994
 13.32405567 15.06983101 15.79050696 14.59145129 14.19383698 16.54224652
 19.15780318 17.15730616 15.57927435 16.56088469 14.39264414 13.48558648
 13.52286282 14.86481113 15.89612326 15.55442346 14.84617296 16.11978131
 16.29373757 15.05740557 15.00149105 16.90258449 17.52385686 17.00198807
 15.56063618 15.98931412 13.36133201 15.39289264 16.33722664 16.33101392
 16.76590457 15.05119284 16.39935388 16.64786282 15.53578529 16.4304175
 15.17544732 15.79050696 17.04547714 15.55442346 14.74055666 16.33101392
 16.45526839 14.31187873 15.29970179 15.08225646 16.48633201 16.54845924
 15.30591451 17.07032803 15.13817097 17.62947316 14.42370775 14.36158052
 14.03230616 15.4860835  15.25621272 13.13767396 14.08822068 14.95800199
 16.7721173  17.35611332 16.63543738 17.48658052 15.62276342 16.87152087
 16.76590457 13.47937376 14.31809145 14.47340954 15.39910537 15.59791252
 14.78404573 14.96421471 13.85213718 16.25646123 15.85263419 16.08871769
 16.78454274 15.97688867 15.70352883 13.87698807 14.28081511 14.96421471
 14.36158052 14.67842942 14.01366799 15.03255467 13.95154076 15.12574553
 16.4055666  16.22539761 16.08250497 16.18190855 17.39338966 15.62276342
 14.96421471 14.05094433 15.13817097 14.90208748 14.69706759 15.66003976
 14.92693837 14.5666004  15.40531809 14.85238569 16.31858847 15.77808151
 15.33076541 17.01441352 14.8834493  14.49826044 14.56038767 15.84642147
 14.9083002  15.56063618 14.42992048 16.1694831  15.67867793 16.45526839
 15.88369781 15.59791252 15.34319085 16.43663022 14.03230616 13.4110338
 15.95203777 15.90233598 13.21843936 13.2805666  14.01988072 15.74701789
 18.26317097 14.82753479 15.79671968 17.49279324 15.95203777 17.61704771
 17.61083499 14.54796223]",22488.719960553302
2025-06-15 00:25:00+00:00,25,2072.8500000000004,9.0,15.64961433027158,15.439022117296222,18.176192842942346,"[15.56063618 15.77186879 13.75894632 15.06361829 14.8026839  15.57927435
 14.58523857 14.95178926 16.09493042 16.20054672 17.66053678 16.72862823
 18.0333002  15.75323062 15.75323062 12.10636183 14.29945328 15.6165507
 14.11307157 15.0139165  16.29373757 15.87748509 15.67246521 17.77236581
 15.92718688 17.52385686 16.60437376 14.57281312 14.31187873 14.02609344
 14.76540755 13.86456262 15.86505964 15.56684891 15.21272366 16.52982107
 14.97664016 14.28081511 16.66650099 15.15680915 15.29970179 14.58523857
 15.49850895 14.03851889 14.0944334  16.49254473 13.93290258 16.20675944
 15.97688867 15.06361829 15.77808151 15.26863817 15.61033797 16.25024851
 15.89612326 15.18166004 15.21893638 14.15034791 15.62276342 14.89587475
 17.82828032 15.88991054 14.27460239 14.41749503 15.02012922 15.62276342
 14.64115308 15.29970179 16.52360835 15.21893638 14.41128231 14.8834493
 13.89562624 15.56063618 15.23757455 16.34343936 16.10114314 15.44880716
 15.66625249 16.4055666  16.48633201 14.72191849 17.3250497  16.10114314
 15.51714712 14.79025845 14.18141153 14.94557654 16.45526839 14.57902584
 13.84592445 15.36182903 16.93986083 17.40581511 17.05168986 14.27460239
 16.194334   16.13220676 16.57952286 13.55392644 14.47962227 13.79622266
 17.22564612 15.28106362 14.9083002  14.39885686 16.61058648 16.42420477
 17.12624254 16.52982107 15.9333996  15.85263419 15.98310139 14.15034791
 15.33076541 14.34294235 15.28106362 15.88369781 14.92072565 16.41799205
 16.0638668  16.18812127 15.97067594 16.32480119 15.52335984 15.70352883
 16.88394632 15.31833996 14.42992048 15.27485089 14.75919483 14.40506958
 15.31212724 15.82157058 14.98285288 15.23136183 15.4860835  16.28131213
 14.90208748 16.69756461 16.84666998 14.62872763 14.07579523 15.02012922
 13.89562624 14.38021869 15.99552684 14.17519881 14.97664016 15.20029821
 16.5111829  14.72191849 15.67867793 15.3804672  18.10164016 16.46148111
 14.0695825  14.82132207 15.68489066 13.11282306 14.2000497  15.57306163
 14.94557654 14.34915507 15.19408549 16.16327038 16.48633201 18.17619284
 14.98285288 15.29348907 13.37997018 15.57306163 13.99502982 13.57877734
 15.91476143 14.62872763 16.52360835 15.84642147 15.19408549 16.80939364
 16.89637177 17.69781312 16.07629225 16.33101392 15.83399602 15.66003976
 15.02634195 14.15656064 14.13792247 13.93911531 14.51689861 15.40531809
 14.65357853 16.59816103 13.68439364 15.50472167 15.78429423 17.14488072
 17.23185885 13.42967197]",22246.9497033566
2025-06-15 00:26:00+00:00,26,2133.29,9.0,15.826954036110763,15.626770626242545,19.027335984095426,"[14.95178926 13.92668986 15.33697813 14.0944334  15.51093439 16.92122266
 17.61704771 16.89637177 15.08225646 15.722167   15.49850895 15.96446322
 15.06983101 13.93911531 15.73459245 16.93986083 15.42395626 15.36804175
 15.97067594 14.03230616 14.8834493  16.58573559 15.77808151 15.81535785
 17.12002982 14.70949304 17.73508946 13.7278827  15.16923459 14.80889662
 15.65382704 16.05765408 14.35536779 16.24403579 16.09493042 17.1138171
 15.4612326  17.2194334  16.95849901 16.02659046 17.53628231 14.08822068
 15.44880716 14.66600398 15.02634195 15.15059642 16.194334   15.33076541
 16.11978131 16.2999503  15.10089463 16.92743539 17.60462227 16.87152087
 16.93364811 15.92718688 15.75323062 13.28677932 15.0139165  16.48633201
 14.56038767 15.87127237 14.85238569 16.30616302 14.53553678 15.63518887
 15.5916998  16.44284294 14.92693837 18.07678926 14.79647117 14.21247515
 16.21918489 14.97042744 15.39910537 15.5916998  16.96471173 15.79671968
 14.81510934 16.05765408 16.52982107 16.2750994  15.85884692 15.87127237
 12.87673956 15.06983101 14.00745527 14.34915507 15.58548708 16.28131213
 14.47340954 15.27485089 15.39910537 16.39935388 15.1195328  15.50472167
 16.80939364 16.02037773 15.78429423 14.5666004  13.8832008  14.64736581
 16.26267396 15.06361829 15.26242545 15.11332008 14.29945328 16.04522863
 16.98956262 17.38096421 19.02733598 16.25646123 16.88394632 13.50422465
 16.41799205 15.77808151 15.91476143 15.73459245 15.21893638 13.14388668
 16.83424453 16.45526839 16.23782306 15.39289264 17.13245527 16.76590457
 16.83424453 13.44831014 13.59741551 14.72813121 14.87102386 14.16277336
 16.91500994 15.05119284 15.56063618 16.03280318 17.3250497  15.39289264
 16.10114314 15.25       17.57977137 14.83374751 14.74676938 15.02634195
 16.6167992  14.98285288 14.70949304 14.87723658 16.5360338  16.28752485
 16.34965209 15.4612326  16.74105368 16.95228628 16.65407555 16.59816103
 14.99527833 15.08846918 14.42992048 14.75298211 13.60362823 15.92718688
 15.43016899 17.13866799 14.19383698 16.17569583 16.73484095 15.6973161
 16.95849901 16.93364811 15.00149105 14.45477137 12.10636183 15.06983101
 15.24378728 14.64115308 14.24975149 16.13220676 16.18190855 17.44309145
 15.38667992 17.40581511 16.48011928 16.16327038 14.92693837 15.43638171
 14.29324056 16.41177932 15.13195825 14.12549702 14.37400596 16.59816103
 15.25       16.00795229 16.18812127 16.15084493 17.33126243 16.13220676
 15.70974155 12.42942346]",22840.257423212162
2025-06-15 00:27:00+00:00,27,2111.23,9.0,15.760838220999243,15.558244284294233,17.97117296222664,"[14.62872763 14.65357853 16.21918489 14.57281312 16.34343936 15.28727634
 17.31883698 14.97042744 15.67246521 16.84045726 17.48036779 17.31883698
 15.44880716 15.54199801 14.68464215 13.33648111 14.49826044 14.85859841
 14.59766402 16.72241551 16.1694831  16.89637177 15.17544732 14.60387674
 16.7472664  16.51739563 17.4555169  15.10089463 14.79025845 15.55442346
 15.04498012 15.32455268 17.14488072 16.66028827 14.64115308 14.31187873
 17.21322068 15.70974155 16.15705765 15.98310139 16.90879722 14.05094433
 13.4917992  13.10039761 12.69657058 14.10685885 16.39314115 14.5417495
 15.55442346 16.78454274 17.12624254 15.54821074 16.89015905 16.04522863
 14.74676938 17.61083499 14.65357853 13.89562624 15.06983101 15.3556163
 15.36182903 14.46719682 15.36804175 15.97688867 16.56088469 15.82157058
 15.17544732 16.74105368 17.66053678 16.11978131 14.97664016 15.64761431
 15.82157058 16.25024851 15.42395626 16.63543738 16.7472664  14.87723658
 16.10114314 16.194334   15.49850895 15.99552684 14.59145129 17.28777336
 15.25       15.6973161  16.04522863 14.38643141 14.96421471 16.71620278
 16.44284294 14.91451292 13.56635189 15.71595427 15.09468191 16.31237575
 17.31883698 15.23136183 16.99577535 13.44209742 17.05168986 14.95178926
 15.51093439 14.25596421 13.40482107 14.65979125 14.82753479 16.97092445
 14.97664016 16.97713718 16.75969185 16.4304175  14.38021869 14.01988072
 15.59791252 15.3556163  15.15680915 13.83971173 15.4612326  15.74701789
 15.21893638 16.23782306 15.33697813 14.28702783 15.722167   15.84020875
 17.78479125 15.15059642 14.59766402 14.29945328 15.49229622 16.52982107
 14.39885686 14.86481113 16.69756461 16.23782306 15.54199801 17.18836978
 16.79075547 15.56063618 16.85909543 14.42992048 16.13841948 15.33076541
 15.37425447 15.21272366 15.73459245 14.11928429 14.2249006  16.10114314
 16.2750994  15.69110338 14.36779324 15.3804672  17.05790258 16.84045726
 13.95775348 13.85213718 15.12574553 14.90208748 15.05740557 14.89587475
 15.67246521 15.9582505  15.27485089 17.56734592 15.63518887 16.49875746
 15.06361829 15.74080517 15.36182903 15.34319085 15.03255467 14.36779324
 15.4860835  14.39885686 16.48011928 13.19980119 15.44880716 15.23136183
 17.34368787 16.11356859 17.61704771 17.97117296 14.8834493  13.09418489
 14.08200795 14.48583499 15.4860835  15.62897614 14.2000497  16.33101392
 14.82132207 15.59791252 16.33101392 16.13220676 17.87798211 17.64189861
 15.51093439 13.52907555]",22619.060352175067
2025-06-15 00:28:00+00:00,28,2138.0099999999998,9.0,15.838856988769248,15.641432654075548,18.741550695825048,"[15.80914513 15.00770378 15.65382704 15.25       16.5360338  16.2750994
 16.44905567 15.25       16.61058648 14.70328032 16.14463221 15.93961233
 15.97067594 13.65333002 12.82082505 16.00795229 14.82132207 15.0139165
 15.80914513 16.49875746 16.91500994 15.43016899 16.1694831  15.31833996
 17.0082008  16.50497018 17.49900596 15.25621272 15.37425447 15.30591451
 15.05119284 13.97639165 15.60412525 17.03305169 15.21893638 15.15680915
 16.52360835 17.67296223 15.30591451 14.18762425 16.03280318 14.52932406
 14.46719682 14.51689861 14.45477137 14.48583499 14.47962227 15.74701789
 16.11356859 14.26217694 17.38096421 16.48011928 16.7472664  16.13220676
 16.79075547 15.67246521 16.02659046 16.03280318 14.65357853 13.81486083
 14.92072565 15.92097416 15.16302187 14.95178926 16.00795229 15.20651093
 17.430666   17.22564612 17.12624254 16.01416501 14.69706759 15.70352883
 12.88295229 15.18787276 16.46769384 17.0082008  14.59766402 15.90233598
 16.78454274 17.09517893 14.42370775 14.42992048 16.60437376 17.0889662
 14.34294235 14.31809145 15.97688867 16.32480119 14.56038767 15.42395626
 14.36158052 17.2194334  14.45477137 14.92693837 15.26242545 15.27485089
 17.60462227 18.7415507  16.9833499  14.26217694 15.41153082 14.05715706
 16.31237575 15.19408549 15.78429423 14.9083002  15.52957256 14.37400596
 16.0638668  17.03926441 14.64736581 15.5916998  16.25024851 14.24353877
 14.61008946 14.81510934 15.28106362 15.15059642 13.77758449 15.80293241
 16.79075547 16.07629225 14.34294235 16.37450298 16.76590457 15.56684891
 16.72241551 15.67246521 16.15084493 14.92693837 15.44259443 14.98285288
 14.91451292 16.75347913 16.52360835 16.36207753 15.4612326  17.48036779
 17.24428429 15.23757455 17.61704771 14.59145129 14.85859841 12.88295229
 13.56013917 16.00795229 14.53553678 16.1694831  14.34294235 14.36779324
 17.68538767 16.91500994 16.10735586 16.60437376 15.89612326 17.05168986
 15.65382704 14.3305169  15.33076541 13.46694831 16.88394632 16.30616302
 15.50472167 15.3804672  17.16973161 15.54821074 16.52982107 16.05144135
 15.64761431 17.64189861 14.11928429 15.10089463 14.51068588 14.87102386
 15.00149105 14.70949304 16.1694831  15.56684891 16.6167992  16.67271372
 17.27534791 15.84020875 17.08275348 16.46148111 14.4361332  13.95775348
 14.34294235 15.53578529 14.79025845 14.59766402 16.22539761 15.9333996
 14.62872763 16.02659046 17.13866799 17.27534791 15.91476143 15.54199801
 16.39935388 15.8277833 ]",22880.079941626398
2025-06-15 00:29:00+00:00,29,2127.65,9.0,15.807279618096556,15.60925074552684,18.99627236580517,"[15.43016899 12.76491054 15.86505964 13.16252485 17.1945825  16.34343936
 15.34940358 15.98310139 16.66028827 15.74701789 16.80318091 16.41177932
 16.46148111 15.95203777 12.78976143 14.90208748 13.72166998 15.0139165
 14.68464215 17.87798211 15.19408549 15.70352883 15.41774354 16.98956262
 15.84642147 15.87748509 18.39363817 15.21272366 14.89587475 17.05790258
 14.38021869 14.38021869 14.56038767 16.57952286 15.04498012 16.89637177
 15.36182903 14.42370775 15.52957256 16.70999006 17.71645129 15.64761431
 14.93936382 15.39910537 12.46048708 15.33076541 15.28727634 15.12574553
 14.95800199 16.56088469 16.96471173 17.89662028 16.05144135 15.65382704
 18.31287276 16.41799205 14.0695825  13.42345924 15.26863817 15.60412525
 15.98931412 15.57306163 16.0390159  16.21297217 16.33722664 17.12002982
 16.97713718 16.52360835 16.00795229 17.41824056 13.97017893 14.52932406
 14.16277336 16.9833499  14.25596421 15.93961233 16.11356859 16.46148111
 15.77186879 16.05144135 15.95203777 13.76515905 15.75323062 17.89662028
 13.69681909 14.74676938 17.24428429 14.04473161 14.64115308 15.0387674
 13.57256461 14.79025845 14.42992048 16.43663022 15.85884692 14.26838966
 17.16973161 17.48658052 16.4055666  15.4612326  15.28727634 14.05094433
 15.32455268 15.39910537 14.61008946 14.59766402 16.09493042 18.0333002
 16.00795229 16.4055666  15.38667992 16.29373757 16.50497018 14.17519881
 14.08200795 14.80889662 14.49204771 16.33722664 17.25670974 14.79647117
 15.33076541 16.23782306 16.54224652 15.44880716 15.79050696 17.03305169
 15.12574553 16.54845924 14.92693837 14.52311133 14.83374751 14.13170974
 16.97713718 15.3804672  15.21893638 17.42445328 16.91500994 15.9333996
 16.68513917 16.13220676 16.26267396 14.23111332 14.87723658 15.78429423
 16.76590457 13.06312127 17.41824056 16.36829026 15.5916998  15.33697813
 14.16277336 17.18215706 15.21272366 17.00198807 16.1694831  15.20651093
 14.94557654 15.16923459 14.00745527 15.84020875 16.89015905 15.8277833
 15.9333996  15.00770378 14.88966203 15.64140159 16.25024851 16.35586481
 16.32480119 18.99627237 15.0387674  13.75894632 13.71545726 13.37375746
 14.21868787 15.85884692 15.21893638 15.00149105 16.36207753 16.48633201
 16.48011928 16.28752485 16.4304175  15.39910537 12.74005964 13.87077535
 14.05094433 14.18762425 14.95178926 14.83374751 14.2249006  15.50472167
 16.07629225 15.46744533 16.8528827  16.54845924 16.77833002 16.23161034
 17.12624254 15.21272366]",22774.43469030384
2025-06-15 00:30:00+00:00,30,2143.56,9.0,15.853231811506095,15.658672962226639,19.511928429423456,"[12.9388668  15.89612326 14.59145129 15.83399602 13.24329026 15.15059642
 14.13170974 15.74080517 16.21297217 16.58573559 16.38692843 15.36804175
 17.90904573 13.27435388 14.38021869 14.13170974 14.45477137 13.87698807
 16.35586481 16.20054672 15.73459245 15.6973161  15.10089463 16.05765408
 15.47987078 16.56709742 17.01441352 14.24975149 15.02012922 15.3556163
 15.722167   16.97713718 13.97017893 14.31187873 14.49204771 15.60412525
 14.46719682 15.6165507  17.05790258 17.12002982 18.13270378 15.23136183
 15.54199801 14.26838966 14.59145129 15.90854871 16.05144135 13.62847913
 14.28081511 14.82753479 15.10089463 17.29398608 17.91525845 16.69756461
 16.87152087 18.53031809 14.97042744 15.23757455 15.22514911 15.39289264
 16.46148111 16.04522863 15.61033797 15.33076541 16.10114314 14.47340954
 16.61058648 16.46148111 16.80939364 15.5916998  14.94557654 14.83996024
 14.82753479 15.34319085 14.38643141 13.9639662  15.90854871 13.59741551
 16.36829026 17.902833   16.48011928 17.09517893 17.97738569 17.59840954
 16.57952286 13.80864811 14.46719682 15.39910537 13.60984095 15.26863817
 15.49850895 16.80939364 16.75969185 16.6416501  16.74105368 16.31237575
 16.69135189 17.28777336 17.68538767 13.90805169 15.15680915 14.83374751
 15.31212724 16.30616302 15.15680915 14.69706759 14.87102386 15.34940358
 16.61058648 16.05144135 15.81535785 17.25049702 16.84666998 15.18166004
 16.73484095 16.61058648 15.33697813 15.49850895 16.38071571 16.69756461
 15.33697813 14.69085487 16.80318091 16.36829026 16.89015905 16.98956262
 15.99552684 14.00745527 15.64140159 14.65979125 14.24353877 14.87723658
 15.66625249 14.98285288 17.24428429 16.54224652 14.56038767 16.32480119
 17.74130219 19.51192843 16.16327038 14.4609841  13.33648111 15.28106362
 15.37425447 15.34940358 14.24353877 16.14463221 17.28156064 17.0082008
 16.24403579 16.02037773 17.06411531 16.26267396 14.2000497  15.1195328
 15.8277833  15.9582505  14.75919483 14.29945328 14.92693837 14.16898608
 15.29348907 17.3250497  15.27485089 15.28106362 14.93315109 16.5360338
 15.62276342 17.28156064 14.21868787 16.23782306 15.3804672  15.44259443
 13.84592445 15.34319085 15.76565606 15.96446322 16.14463221 16.08871769
 15.05119284 14.05715706 15.42395626 17.57355865 15.20651093 15.68489066
 15.08846918 15.16302187 15.12574553 13.68439364 15.60412525 14.99527833
 15.19408549 15.00770378 16.02659046 17.10760437 17.16351889 15.67246521
 16.97092445 14.50447316]",22928.172348574793
2025-06-15 00:31:00+00:00,31,2113.1900000000005,9.0,15.762615364854685,15.564332753479125,18.52410536779324,"[12.86431412 15.77808151 14.4609841  15.77186879 14.65357853 16.28131213
 16.88394632 16.12599404 16.54845924 15.59791252 16.07629225 15.49229622
 17.67917495 15.63518887 14.24353877 14.88966203 14.39885686 13.9639662
 14.86481113 14.39264414 13.86456262 16.10735586 15.06983101 16.11978131
 13.84592445 16.56709742 16.00173956 13.90183897 15.45501988 14.69706759
 15.25       15.18787276 15.74701789 14.72191849 15.6165507  15.57306163
 16.61058648 15.57927435 16.97713718 16.93364811 16.0638668  15.11332008
 14.2249006  14.16277336 14.18141153 14.08822068 15.54199801 15.23136183
 15.29348907 16.5360338  16.72862823 16.1694831  14.42370775 16.84666998
 14.72813121 15.88991054 14.40506958 16.14463221 12.56610338 13.61605368
 14.53553678 16.01416501 14.00745527 14.94557654 16.98956262 16.84045726
 15.6165507  17.29398608 16.59194831 15.8277833  13.83971173 14.08200795
 13.82728628 15.42395626 16.10114314 13.97639165 16.10735586 14.6722167
 15.74080517 16.25646123 17.08275348 16.2750994  16.69756461 18.14512922
 15.96446322 15.60412525 15.4860835  15.42395626 16.6416501  15.96446322
 14.80889662 15.6973161  16.14463221 14.62872763 15.55442346 17.84691849
 15.3556163  17.05168986 17.03305169 15.47365805 14.01366799 14.17519881
 15.11332008 14.64115308 16.83424453 15.722167   16.5111829  14.95178926
 16.59194831 18.52410537 16.31858847 15.4860835  17.75994036 14.08822068
 13.4917992  13.80243539 13.91426441 15.66625249 14.55417495 14.69706759
 15.32455268 16.23161034 16.82803181 17.30641153 16.01416501 17.430666
 15.91476143 16.07629225 15.22514911 15.05740557 13.4917992  16.04522863
 14.86481113 14.88966203 14.85859841 15.22514911 16.41177932 16.5111829
 16.32480119 18.18240557 15.43638171 14.70328032 13.36133201 15.28727634
 15.4612326  15.21272366 15.722167   15.9582505  16.02659046 14.44855865
 16.72241551 17.69781312 17.27534791 16.15084493 18.38742545 16.95228628
 15.64761431 15.34940358 16.22539761 13.56013917 14.46719682 15.85884692
 15.30591451 15.3556163  17.25670974 15.49850895 16.47390656 16.69756461
 16.2999503  14.51689861 12.77112326 14.42992048 16.88394632 14.32430417
 15.13817097 17.25670974 15.51714712 16.11978131 16.10114314 15.19408549
 15.33697813 15.83399602 16.45526839 15.93961233 14.00124254 14.86481113
 15.90233598 17.14488072 14.44855865 15.54199801 14.52311133 15.02634195
 14.16277336 17.53628231 15.69110338 17.14488072 15.43638171 14.39264414
 18.33151093 13.069334  ]",22625.00596465783
2025-06-15 00:32:00+00:00,32,2112.51,9.0,15.759621089795884,15.562220427435387,18.281809145129223,"[13.77758449 16.02037773 15.15059642 15.05740557 16.63543738 15.29348907
 16.46148111 14.72813121 17.37475149 15.69110338 16.5360338  15.86505964
 15.93961233 14.26838966 15.54821074 14.62872763 15.20029821 14.74055666
 16.57952286 14.14413519 14.10685885 17.15109344 13.98260437 17.76615308
 16.30616302 16.89015905 16.95228628 13.87077535 15.12574553 16.70999006
 16.10735586 14.47340954 16.45526839 14.36779324 15.41774354 15.92097416
 17.10760437 14.82132207 17.25670974 16.05765408 15.07604374 15.36804175
 14.21247515 12.89537773 15.66625249 13.5166501  14.90208748 14.36779324
 14.82132207 16.75347913 16.49254473 14.65979125 16.02037773 16.45526839
 17.82206759 17.15109344 13.42345924 13.51043738 15.49850895 15.75323062
 14.64736581 14.78404573 16.00795229 15.96446322 13.40482107 15.76565606
 16.95228628 14.96421471 17.31883698 15.51093439 14.72191849 13.8832008
 13.32405567 15.20029821 15.06361829 16.74105368 16.25646123 14.16898608
 16.11356859 16.89015905 16.92743539 18.0333002  18.28180915 15.97067594
 14.82132207 16.85909543 15.97688867 14.32430417 13.69060636 13.82728628
 16.05144135 15.49850895 15.5916998  15.38667992 15.28727634 16.82803181
 16.39314115 16.9833499  15.21893638 16.24403579 15.84020875 15.90233598
 13.14388668 16.05765408 14.05715706 15.95203777 16.80318091 16.8777336
 16.72241551 17.93389662 16.52360835 15.77808151 16.20675944 14.54796223
 15.47365805 13.86456262 15.77808151 15.15680915 14.91451292 14.63494036
 15.23136183 16.11978131 15.81535785 16.86530815 14.82132207 15.1195328
 15.68489066 15.51714712 14.51689861 14.84617296 15.52335984 15.74701789
 14.8026839  14.13170974 15.28727634 14.36158052 15.88991054 15.39910537
 16.54224652 16.62301193 16.26267396 15.02634195 17.24428429 13.0444831
 17.18836978 14.18141153 13.9888171  14.51689861 16.26267396 15.93961233
 15.32455268 15.52957256 15.52335984 16.94607356 17.72266402 16.48011928
 13.92047714 14.36779324 12.72763419 14.98906561 15.56063618 15.02634195
 15.06361829 16.74105368 16.15084493 16.38071571 16.65407555 16.48011928
 17.73508946 15.39910537 14.47962227 12.54125249 14.44234592 16.85909543
 13.9639662  14.29324056 15.41774354 16.44905567 16.44284294 15.46744533
 17.71645129 16.24403579 17.52385686 18.11406561 13.54150099 13.23086481
 15.28727634 15.1195328  15.1443837  15.52335984 15.34319085 17.05790258
 12.95750497 17.1138171  16.33101392 16.13220676 15.51093439 17.72887674
 15.66003976 14.67842942]",22614.988318021104
2025-06-15 00:33:00+00:00,33,2092.0,9.0,15.698113319246815,15.498508946322067,19.014910536779325,"[15.79671968 13.36133201 15.36182903 15.51714712 15.79050696 15.1195328
 16.26267396 16.84666998 15.76565606 18.15134195 15.31212724 15.90233598
 17.81585487 14.32430417 13.82107356 14.44234592 16.4304175  15.92097416
 14.47962227 13.76515905 17.06411531 16.0638668  15.60412525 15.31212724
 14.39264414 15.25621272 16.92743539 14.01988072 16.18190855 15.66625249
 14.41749503 14.26838966 16.49875746 15.11332008 18.08921471 15.87748509
 14.67842942 14.21247515 15.5916998  17.78479125 16.37450298 12.10636183
 14.01366799 14.49204771 16.20054672 15.49229622 15.11332008 15.6973161
 17.64811133 16.72862823 15.21272366 16.70377734 17.28777336 18.56138171
 16.82181909 16.41799205 14.8834493  14.26838966 15.02012922 14.29324056
 15.22514911 14.00745527 16.31858847 16.43663022 14.31809145 16.71620278
 15.66003976 17.66053678 17.44309145 17.68538767 15.05740557 13.69681909
 12.89537773 15.1195328  13.97017893 15.49850895 14.10064612 16.37450298
 16.29373757 14.78404573 15.23757455 16.69756461 17.28777336 16.84045726
 13.81486083 14.77162028 14.57281312 14.44855865 13.79622266 15.31212724
 14.6722167  15.47987078 13.88941352 16.70377734 15.56684891 16.32480119
 17.81585487 18.02708748 17.36232604 13.6222664  14.65979125 15.18166004
 15.31833996 15.36182903 16.15705765 16.1694831  16.8528827  16.64786282
 15.39910537 15.90854871 16.35586481 16.91500994 16.23782306 14.51689861
 14.38021869 14.35536779 15.40531809 16.02659046 16.99577535 16.46148111
 15.30591451 17.02062624 14.66600398 16.54845924 15.80293241 15.97067594
 18.49304175 14.08822068 14.87723658 15.36182903 14.94557654 13.86456262
 15.60412525 15.1443837  15.52335984 15.76565606 16.37450298 16.49875746
 14.85859841 16.6416501  18.2445328  12.65929423 13.73409543 14.11928429
 13.07554672 13.37997018 14.35536779 16.48633201 15.23757455 14.87102386
 15.74701789 16.52360835 16.68513917 16.4304175  19.01491054 16.96471173
 14.95800199 14.21868787 14.07579523 13.95775348 14.00124254 15.88369781
 15.68489066 15.10710736 15.52957256 17.0082008  15.98931412 16.38071571
 16.77833002 17.13866799 13.80243539 12.37350895 13.01341948 15.32455268
 14.62251491 15.00149105 13.8832008  14.90208748 15.92097416 16.00795229
 15.13195825 15.22514911 18.25695825 16.39314115 14.35536779 13.37375746
 14.05715706 14.69085487 14.03851889 15.36182903 14.36158052 14.9083002
 15.02012922 14.38021869 14.62251491 16.36829026 15.45501988 16.4055666
 16.60437376 14.8834493 ]",22409.207920872148
2025-06-15 00:34:00+00:00,34,2102.35,9.0,15.727680478958403,15.530659791252482,17.93389662027833,"[15.49850895 14.29945328 13.9888171  15.41153082 16.18812127 15.23136183
 15.65382704 15.6973161  15.90233598 16.79696819 15.99552684 17.09517893
 17.08275348 16.5360338  14.01988072 15.92718688 15.76565606 14.04473161
 15.87127237 16.07629225 15.10089463 13.54150099 16.69135189 14.95178926
 16.16327038 14.83374751 17.20079523 12.77112326 14.10064612 14.28081511
 14.96421471 13.7527336  15.72837972 15.91476143 15.28727634 15.52335984
 13.3861829  17.61083499 16.0638668  17.04547714 16.7721173  14.48583499
 15.24378728 14.16898608 15.87748509 16.55467197 15.43638171 15.26863817
 16.48633201 16.12599404 15.55442346 15.74701789 16.34965209 17.10139165
 16.08871769 17.4555169  16.38071571 15.26863817 14.82132207 15.57306163
 14.79025845 14.32430417 14.82132207 14.41749503 16.75347913 15.57306163
 14.4609841  16.82181909 16.84666998 16.95849901 13.25571571 13.62847913
 16.47390656 14.42992048 15.58548708 15.43638171 14.19383698 14.27460239
 16.2750994  15.68489066 15.87127237 17.26913519 14.95178926 16.56709742
 15.54821074 15.40531809 14.52932406 15.38667992 15.69110338 14.4609841
 14.06336978 16.4055666  15.81535785 17.62326044 15.49229622 17.18215706
 17.18836978 17.03926441 16.7721173  13.69681909 14.46719682 14.44234592
 15.08846918 14.25596421 15.62276342 17.21322068 14.90208748 16.37450298
 14.28081511 16.67271372 16.6167992  15.68489066 17.20700795 14.62872763
 16.37450298 14.95800199 15.38667992 15.04498012 14.29945328 17.93389662
 15.84020875 16.11978131 16.07629225 14.79025845 15.05740557 14.92693837
 17.87798211 14.95178926 14.3305169  13.47316103 14.2000497  15.0387674
 14.15034791 16.2750994  14.87723658 15.52335984 15.85884692 14.07579523
 17.03305169 16.48011928 14.53553678 14.0695825  14.28702783 13.79622266
 15.25       16.21297217 15.57306163 14.10064612 14.94557654 13.89562624
 16.08871769 15.13817097 16.48633201 17.13866799 17.37475149 16.91500994
 14.31187873 13.20601392 16.90879722 17.10139165 15.1195328  15.77186879
 14.4609841  15.33076541 15.88369781 15.47365805 17.82206759 16.63543738
 15.9333996  16.29373757 14.73434394 13.18737575 15.28106362 14.95800199
 15.99552684 15.65382704 14.87723658 15.02634195 17.10139165 16.37450298
 16.69135189 16.8528827  16.38071571 15.60412525 16.13841948 14.44234592
 15.98310139 14.86481113 16.14463221 14.46719682 14.21247515 15.34319085
 15.31212724 16.54224652 16.41177932 14.81510934 15.72837972 15.27485089
 16.04522863 14.49204771]",22508.127810403235
2025-06-15 00:35:00+00:00,35,2102.88,9.0,15.728274128270467,15.532306163021866,18.399850894632205,"[14.16277336 15.98931412 15.45501988 14.4361332  16.59194831 16.4055666
 15.90233598 15.54199801 17.84691849 16.95228628 15.36804175 16.68513917
 15.92097416 15.36182903 13.73409543 14.26217694 14.44234592 15.62897614
 14.36779324 15.51714712 13.66575547 16.62922465 13.4917992  16.32480119
 16.55467197 16.02037773 17.67296223 15.53578529 15.64761431 15.86505964
 15.27485089 14.78404573 15.54199801 16.48633201 15.57306163 13.54771372
 14.38643141 17.79100398 15.51093439 15.87127237 17.48036779 15.27485089
 15.1195328  14.89587475 12.94507952 17.15730616 14.89587475 16.4304175
 15.70974155 15.24378728 15.65382704 15.90854871 17.76615308 15.18787276
 16.92743539 18.39985089 14.07579523 14.74676938 13.78379722 16.57331014
 14.15034791 15.97067594 13.69681909 14.88966203 16.0638668  14.98285288
 15.94582505 15.09468191 16.59194831 15.57306163 13.5166501  14.91451292
 13.05690855 15.58548708 14.39885686 16.80939364 14.99527833 14.82753479
 15.90854871 16.90258449 13.86456262 15.70352883 17.63568588 15.66003976
 13.32405567 13.13767396 14.4609841  13.77758449 15.52957256 13.87698807
 14.99527833 15.42395626 15.19408549 15.70352883 15.19408549 15.42395626
 17.5611332  16.97713718 17.13866799 15.56063618 15.11332008 14.61630219
 15.60412525 15.00149105 17.02062624 15.74701789 15.75944334 17.33747515
 16.80939364 15.55442346 16.81560636 15.34319085 16.46769384 14.69085487
 14.82132207 14.70328032 14.12549702 15.55442346 15.86505964 14.87723658
 15.64761431 16.29373757 16.45526839 16.49254473 16.76590457 17.05168986
 17.3250497  14.9083002  14.16898608 15.1195328  14.34915507 14.59145129
 15.6165507  15.51714712 14.99527833 16.31237575 15.24378728 16.54224652
 15.0387674  17.67296223 17.05790258 14.87102386 14.61630219 13.52286282
 13.36754473 15.15680915 14.9083002  15.722167   16.54224652 16.12599404
 15.00770378 16.66028827 15.66003976 16.76590457 17.1138171  16.23782306
 15.91476143 14.39885686 14.9083002  16.22539761 15.3804672  14.59145129
 15.20651093 15.90854871 15.44259443 15.54821074 17.06411531 16.16327038
 18.12649105 16.52360835 13.55392644 14.44234592 15.6973161  14.45477137
 16.20054672 15.33076541 15.85263419 14.97042744 15.84020875 15.97067594
 17.1138171  15.86505964 15.00770378 15.59791252 13.82728628 15.21272366
 13.95154076 14.03851889 14.82753479 15.25621272 15.3556163  14.40506958
 15.47365805 16.81560636 16.45526839 16.61058648 15.70974155 16.31858847
 15.57927435 15.10710736]",22510.113923541678
2025-06-15 00:36:00+00:00,36,2117.7200000000003,9.0,15.771102971045774,15.578404572564613,18.70427435387674,"[15.52335984 14.68464215 14.70949304 14.44855865 15.28106362 17.10760437
 15.04498012 16.08250497 16.89015905 16.11356859 15.15059642 16.84666998
 18.12027833 14.6722167  14.65357853 14.80889662 13.03205765 15.47365805
 14.89587475 14.65979125 16.82181909 14.94557654 16.08871769 15.00770378
 16.63543738 15.17544732 16.8528827  14.59145129 15.33076541 13.59741551
 14.5666004  14.36779324 15.97067594 13.84592445 15.25621272 16.23782306
 16.11356859 14.68464215 17.31262425 16.49254473 17.53628231 14.04473161
 14.63494036 14.94557654 14.51689861 17.15109344 14.99527833 15.72837972
 14.97664016 15.22514911 15.76565606 15.39910537 15.34319085 16.4304175
 16.1694831  18.70427435 14.38021869 14.10064612 15.45501988 16.67271372
 13.70924453 16.5111829  14.5417495  15.23757455 14.56038767 15.58548708
 14.88966203 15.77808151 16.194334   16.5360338  14.74055666 14.91451292
 14.75919483 16.20054672 15.31212724 16.44284294 15.60412525 15.05119284
 14.54796223 13.37375746 15.73459245 15.22514911 16.44284294 17.82206759
 12.35487078 15.25       13.37375746 13.21843936 17.20079523 15.97688867
 12.66550696 16.8528827  15.55442346 17.31883698 15.22514911 16.43663022
 16.52360835 14.64736581 16.86530815 15.31833996 13.84592445 15.39289264
 15.67867793 15.25       16.44905567 16.15084493 17.2194334  16.11978131
 17.01441352 16.07007952 17.00198807 16.8528827  17.10760437 15.21893638
 14.39885686 14.55417495 13.33648111 15.39289264 14.24975149 14.79025845
 15.31212724 16.44284294 16.52982107 16.59194831 16.15705765 16.7472664
 15.82157058 15.91476143 16.15705765 14.24975149 13.81486083 14.05094433
 14.4361332  14.59145129 15.90854871 15.9582505  16.74105368 16.28131213
 16.47390656 16.16327038 18.05815109 15.93961233 13.86456262 15.04498012
 14.68464215 14.84617296 14.72813121 14.34294235 15.32455268 16.6167992
 17.18836978 16.94607356 16.36207753 17.64811133 16.48011928 16.60437376
 13.31784294 15.82157058 15.82157058 14.15656064 14.03230616 17.22564612
 15.74080517 14.69085487 15.56684891 16.55467197 17.18215706 17.10139165
 18.0084493  17.3499006  14.92693837 15.80914513 14.36779324 14.44855865
 13.83971173 16.03280318 14.82753479 15.88369781 15.90854871 15.66003976
 15.75944334 17.22564612 17.97738569 16.23782306 13.73409543 16.41799205
 14.87102386 14.42992048 14.8026839  16.07007952 15.3556163  15.69110338
 14.56038767 15.20029821 17.12624254 16.6416501  17.35611332 14.99527833
 16.20054672 14.86481113]",22653.402099930747
2025-06-15 00:37:00+00:00,37,2125.3,9.0,15.792513012230316,15.601950795228628,19.574055666003975,"[15.36182903 16.84045726 15.25       14.39885686 14.68464215 14.305666
 16.97092445 15.73459245 15.44880716 17.27534791 17.62326044 16.23782306
 16.21297217 14.8026839  13.11282306 15.31833996 15.65382704 15.3556163
 16.00795229 15.52335984 15.83399602 17.12624254 16.10114314 17.67296223
 17.12002982 16.23782306 16.61058648 13.85213718 15.77808151 17.39338966
 14.73434394 15.41153082 15.75323062 15.54821074 15.46744533 16.38071571
 14.58523857 15.29970179 16.49875746 16.50497018 16.79075547 14.98285288
 15.71595427 13.78379722 14.29324056 16.08871769 15.33697813 15.5916998
 16.70377734 14.03230616 17.29398608 16.25024851 15.04498012 17.52385686
 18.23210736 18.12027833 14.31809145 15.36804175 15.3804672  13.76515905
 17.59219682 14.44234592 17.4555169  15.66625249 16.10735586 15.78429423
 17.48658052 18.01466203 16.67892644 16.08871769 13.8583499  15.29348907
 12.75869781 13.49801193 15.16923459 15.61033797 15.03255467 15.24378728
 14.20626243 15.61033797 15.98931412 16.57331014 16.99577535 14.80889662
 15.91476143 12.65308151 15.26863817 14.52932406 16.02659046 15.79050696
 15.26242545 15.30591451 14.21247515 15.84020875 15.41153082 15.37425447
 15.37425447 16.58573559 16.34965209 15.38667992 14.23111332 13.51043738
 14.3305169  15.25       13.68439364 16.77833002 15.49850895 15.75323062
 16.16327038 16.82181909 16.9833499  15.82157058 16.02037773 16.36207753
 12.72763419 13.90805169 14.18762425 16.02037773 15.60412525 15.79671968
 14.85859841 16.13220676 15.09468191 15.63518887 15.61033797 15.80914513
 15.71595427 14.67842942 14.92072565 14.04473161 14.53553678 15.52957256
 15.43638171 16.79696819 15.3804672  16.08871769 16.56709742 15.18166004
 15.26242545 15.15680915 16.9833499  14.24975149 14.83374751 14.87723658
 15.11332008 15.67246521 14.87102386 16.10735586 16.14463221 14.44234592
 15.67867793 17.50521869 19.57405567 16.34965209 16.57952286 15.18787276
 14.65357853 14.65357853 14.34915507 16.69135189 15.39910537 14.44234592
 14.51068588 16.38071571 15.26863817 15.15059642 14.61008946 16.21918489
 17.06411531 17.430666   14.72813121 16.20054672 13.72166998 15.17544732
 15.51093439 13.79000994 15.30591451 14.62872763 16.02037773 15.19408549
 16.7472664  17.77857853 16.25646123 16.02037773 13.32405567 14.98906561
 13.92047714 15.81535785 16.66028827 16.88394632 17.13245527 15.70352883
 16.194334   15.19408549 14.85238569 16.94607356 15.08846918 17.50521869
 15.93961233 14.38021869]",22725.031533717753
2025-06-15 00:38:00+00:00,38,2142.81,9.0,15.843232711928506,15.656343190854871,18.816103379721667,"[16.35586481 15.13817097 15.54199801 14.97664016 16.18812127 15.31212724
 14.85238569 14.95800199 14.58523857 15.03255467 16.99577535 16.45526839
 15.80293241 15.26242545 14.85859841 15.26863817 14.0944334  14.74676938
 15.67246521 15.25621272 16.61058648 16.55467197 17.39338966 16.44284294
 15.72837972 16.52982107 18.81610338 15.49229622 14.50447316 15.47365805
 14.78404573 14.83374751 16.34965209 15.85884692 16.49254473 17.41824056
 15.4860835  16.4055666  17.16351889 17.18215706 16.25646123 14.48583499
 16.39314115 14.24353877 15.3556163  15.54821074 13.91426441 16.02037773
 14.32430417 15.93961233 17.05168986 15.60412525 14.81510934 16.36829026
 16.5360338  16.83424453 14.76540755 14.98285288 13.5166501  16.04522863
 13.18737575 15.0387674  16.28131213 14.98285288 14.50447316 15.31833996
 15.72837972 18.21346918 15.1195328  17.06411531 14.31809145 13.90805169
 13.54150099 13.88941352 15.47987078 15.95203777 16.70999006 14.75919483
 13.83349901 16.5111829  16.62922465 17.40581511 14.69706759 18.02087475
 14.57902584 16.50497018 14.59145129 16.24403579 14.57281312 17.28156064
 14.95800199 14.18762425 15.98310139 16.98956262 17.26913519 16.194334
 16.79075547 16.56709742 17.99602386 15.55442346 14.26838966 15.80914513
 15.04498012 16.33722664 15.0387674  15.64140159 15.18787276 14.42370775
 14.91451292 17.25670974 16.94607356 15.79671968 17.15730616 14.56038767
 15.41153082 14.44234592 15.00770378 14.10685885 16.41177932 15.99552684
 15.78429423 18.11406561 17.09517893 17.49279324 16.63543738 16.00795229
 17.07654076 14.52932406 14.3305169  15.91476143 14.68464215 15.37425447
 15.41774354 14.06336978 16.12599404 16.5111829  16.00173956 16.35586481
 15.98310139 15.85884692 16.02037773 12.75869781 15.10089463 13.52907555
 14.51068588 13.14388668 14.63494036 15.92097416 15.66003976 15.77186879
 16.12599404 14.49204771 17.04547714 16.00173956 16.58573559 17.12624254
 12.10636183 16.0390159  14.56038767 15.56063618 14.8834493  14.79647117
 16.75969185 14.57281312 16.13220676 15.52335984 16.66650099 17.18215706
 17.15730616 17.1945825  13.94532803 14.44234592 15.1443837  16.11978131
 15.59791252 15.1443837  15.68489066 16.49875746 16.24403579 16.80939364
 15.76565606 17.14488072 16.13220676 16.71620278 14.99527833 13.3861829
 14.54796223 15.20651093 15.26863817 16.05144135 13.27435388 14.05094433
 16.69135189 16.6167992  17.902833   16.14463221 17.53006958 18.65457256
 14.61008946 13.03205765]",22894.719361028012
2025-06-15 00:39:00+00:00,39,2075.43,9.0,15.643444121088724,15.447036530815108,17.989811133200796,"[14.27460239 13.57877734 16.48011928 14.98285288 14.74055666 16.70377734
 16.32480119 15.33697813 16.67892644 15.34940358 15.722167   17.62947316
 15.90854871 14.06336978 14.26217694 14.3305169  12.64686879 13.7278827
 15.4860835  16.79075547 16.31237575 15.34940358 15.87748509 14.59766402
 16.08250497 16.26267396 16.10114314 15.0387674  15.0139165  15.32455268
 17.02683897 15.63518887 13.46073559 14.16277336 15.56684891 14.95800199
 15.71595427 17.430666   16.34965209 15.31212724 17.93389662 14.24975149
 14.54796223 14.95800199 15.40531809 14.40506958 15.30591451 16.57331014
 16.72862823 14.97664016 15.92097416 17.48658052 15.98931412 15.13817097
 15.95203777 17.27534791 14.45477137 14.75298211 15.1195328  14.78404573
 15.67246521 16.60437376 15.92718688 16.18190855 16.90258449 16.70377734
 17.23807157 14.4609841  16.54224652 17.04547714 14.38021869 13.87698807
 14.70949304 14.305666   15.47365805 15.95203777 15.26242545 16.6416501
 15.32455268 15.41774354 16.21297217 15.92718688 17.38717694 16.46769384
 14.95800199 15.49850895 13.26814115 14.89587475 15.22514911 13.55392644
 15.4860835  15.42395626 14.41749503 17.16973161 16.20675944 14.15656064
 15.97067594 16.2750994  16.63543738 13.86456262 13.74030815 15.13195825
 14.16277336 16.12599404 15.84642147 15.77808151 15.18787276 15.98310139
 16.10114314 16.34343936 14.87102386 16.52360835 14.57281312 14.64115308
 16.99577535 13.95154076 14.26217694 15.95203777 14.56038767 14.54796223
 15.44880716 15.97688867 16.80939364 15.72837972 15.75944334 16.24403579
 15.98931412 14.75919483 15.92097416 14.03230616 13.89562624 15.06983101
 14.75298211 14.12549702 14.38021869 14.05715706 15.88991054 15.42395626
 17.94632207 16.80939364 15.64761431 13.4110338  14.16277336 13.4917992
 14.85238569 16.11356859 14.95178926 14.76540755 13.74030815 14.36779324
 15.98310139 15.94582505 16.4055666  15.06361829 17.36853877 16.25024851
 12.8332505  13.68439364 14.28081511 14.97042744 13.65333002 16.18190855
 15.51714712 16.48633201 17.1945825  15.74701789 15.5916998  16.88394632
 14.88966203 17.67917495 14.44855865 14.26838966 13.77137177 13.77758449
 14.87102386 15.75323062 15.46744533 13.49801193 15.16923459 16.44905567
 17.84691849 16.16327038 16.81560636 16.62922465 14.08200795 13.54771372
 13.93290258 13.69681909 15.54199801 16.07007952 15.26242545 15.00770378
 16.70377734 17.98981113 14.4609841  16.7721173  16.54224652 16.8777336
 17.38717694 16.00795229]",22226.30665151443
2025-06-15 00:40:00+00:00,40,2104.07,9.0,15.727020580310116,15.536002733598409,18.990059642147116,"[14.62251491 16.90879722 13.9639662  15.93961233 14.05715706 14.23111332
 16.10735586 16.54845924 15.50472167 16.72862823 15.69110338 17.56734592
 15.31833996 14.72191849 14.95800199 15.05119284 15.02012922 15.06983101
 12.94507952 14.13792247 16.59816103 16.48011928 17.26292247 16.21918489
 17.89662028 16.35586481 17.61083499 14.04473161 14.13170974 15.65382704
 13.6222664  16.55467197 17.01441352 15.45501988 16.90879722 15.28727634
 15.722167   16.33722664 15.75944334 17.09517893 17.43687873 15.04498012
 14.11928429 13.34269384 15.31212724 14.75919483 13.74652087 14.29324056
 15.31212724 17.16351889 16.25646123 15.25       15.22514911 15.46744533
 15.60412525 16.87152087 15.5916998  17.23807157 16.52360835 14.59145129
 16.08250497 15.4612326  17.15109344 16.17569583 15.39289264 16.92122266
 15.44259443 15.75944334 16.21918489 16.42420477 12.56610338 15.61033797
 17.31883698 13.83971173 16.41799205 13.74030815 15.40531809 14.87102386
 15.98310139 16.46148111 14.93315109 16.14463221 17.15109344 15.75944334
 15.6165507  15.82157058 14.34294235 16.26888668 13.29920477 14.70328032
 15.93961233 16.48011928 16.79075547 16.84045726 16.12599404 16.89637177
 16.44284294 15.21272366 17.5859841  15.10710736 14.62251491 14.36158052
 16.8777336  14.36158052 15.4612326  14.90208748 15.66625249 16.93986083
 16.42420477 15.92097416 17.12624254 17.39960239 16.63543738 14.12549702
 14.01366799 13.09418489 16.46148111 14.52311133 14.26217694 14.71570577
 14.61008946 16.86530815 15.91476143 15.25       15.57306163 15.55442346
 17.69781312 13.1500994  14.72191849 15.26242545 15.31212724 15.34319085
 15.16923459 13.27435388 15.61033797 15.32455268 14.72191849 17.46172962
 17.44930417 16.09493042 16.93364811 14.44234592 12.83946322 14.36158052
 15.73459245 14.98285288 14.32430417 16.46769384 15.90233598 14.65979125
 15.37425447 15.67246521 15.31212724 17.10139165 16.05144135 16.84666998
 16.21297217 14.0944334  13.85213718 15.04498012 14.78404573 15.05740557
 14.67842942 14.24975149 15.49229622 14.81510934 15.15680915 18.99005964
 18.76640159 18.89065606 14.21868787 13.6471173  15.34940358 14.03851889
 14.90208748 14.45477137 16.31858847 15.54821074 16.11356859 15.40531809
 15.95203777 14.61008946 16.36829026 16.33722664 14.84617296 14.18141153
 13.8583499  15.02012922 16.47390656 15.13817097 17.10139165 13.26814115
 14.95800199 15.67867793 14.84617296 13.70303181 16.46148111 15.65382704
 15.99552684 14.44234592]",22505.920053485526
2025-06-15 00:41:00+00:00,41,2142.52,9.0,15.839552626899918,15.655442345924452,19.11431411530815,"[14.53553678 14.32430417 15.64140159 14.49826044 16.44905567 16.69756461
 14.24353877 15.06361829 16.90258449 15.02012922 15.83399602 16.67892644
 17.62947316 15.62276342 14.56038767 15.36182903 15.32455268 16.69756461
 15.33076541 15.3804672  15.4860835  14.62872763 14.78404573 13.65333002
 17.6916004  18.31287276 15.04498012 15.27485089 15.02012922 14.62251491
 15.54821074 15.0387674  17.76615308 16.30616302 14.88966203 14.777833
 17.23807157 15.86505964 16.07629225 16.57952286 16.66650099 15.51093439
 13.72166998 12.61580517 14.40506958 14.34915507 14.65979125 13.86456262
 14.69706759 14.38643141 16.79696819 15.05119284 16.01416501 17.73508946
 16.23782306 17.07032803 15.49229622 15.25       14.33672962 14.0695825
 16.4055666  15.54199801 14.86481113 15.36804175 15.80914513 14.36158052
 16.63543738 17.31883698 15.89612326 15.88991054 14.11928429 14.48583499
 16.70999006 15.79050696 15.32455268 14.74676938 15.55442346 15.47365805
 14.72813121 15.57306163 16.54845924 15.29970179 15.23757455 16.48011928
 14.08822068 13.01963221 15.89612326 16.04522863 17.05790258 14.84617296
 15.97067594 16.74105368 16.26888668 17.00198807 16.23782306 15.79671968
 16.8528827  17.03926441 17.37475149 15.5916998  14.88966203 14.70328032
 16.16327038 15.08846918 14.62872763 16.43663022 13.7278827  16.92743539
 16.83424453 16.20675944 17.43687873 16.15705765 16.97713718 13.19358847
 13.54150099 15.26863817 14.63494036 14.11307157 16.20675944 15.43016899
 15.05119284 15.68489066 17.39960239 17.16351889 16.37450298 17.0889662
 16.10735586 16.15705765 15.86505964 14.47340954 15.15680915 15.99552684
 16.194334   16.39935388 16.26267396 16.10735586 14.46719682 17.47415507
 15.96446322 16.66650099 16.57952286 15.41774354 14.20626243 13.67818091
 16.29373757 15.74080517 16.69135189 15.37425447 15.89612326 16.57952286
 14.95178926 14.62251491 15.4612326  15.79671968 18.21346918 19.11431412
 14.35536779 14.8026839  14.57902584 14.81510934 15.52335984 15.68489066
 15.20029821 15.5916998  15.29348907 15.33697813 15.80914513 16.98956262
 16.96471173 16.18190855 15.41153082 14.72813121 15.722167   14.81510934
 16.83424453 16.62301193 16.16327038 16.98956262 15.20651093 17.59840954
 14.99527833 16.37450298 15.88991054 14.85238569 13.24950298 14.21868787
 15.23757455 14.60387674 15.98310139 14.97042744 14.57281312 16.86530815
 16.89015905 15.6973161  14.58523857 15.23757455 15.9333996  16.64786282
 17.85934394 14.64115308]",22882.407268556366
2025-06-15 00:42:00+00:00,42,2113.6099999999997,9.0,15.753308233441695,15.565637425447317,18.530318091451292,"[15.00770378 15.30591451 13.9639662  16.2750994  16.80939364 16.04522863
 17.15730616 15.64761431 16.05144135 17.48036779 16.21297217 15.96446322
 18.35636183 14.38643141 13.94532803 14.84617296 13.01963221 16.15705765
 16.59816103 14.34915507 15.04498012 17.56734592 16.89637177 15.85263419
 16.1694831  16.85909543 17.97117296 15.20651093 15.17544732 14.61630219
 16.41177932 15.67867793 14.27460239 15.10089463 17.30641153 14.0944334
 14.96421471 16.62301193 16.15084493 15.3804672  13.33648111 14.12549702
 15.6973161  13.82728628 13.8583499  15.80914513 16.56088469 14.59766402
 15.25621272 14.32430417 15.90233598 15.36804175 16.07007952 14.11307157
 17.41202783 15.00149105 13.29299205 14.49204771 12.99478131 13.53528827
 14.32430417 13.65333002 14.87102386 15.59791252 17.44309145 16.82803181
 13.88941352 16.15084493 15.70352883 17.09517893 14.18762425 14.99527833
 15.43638171 14.63494036 13.61605368 14.93315109 16.0638668  16.17569583
 15.63518887 16.59194831 16.04522863 15.09468191 16.62301193 17.40581511
 15.67867793 14.07579523 14.90208748 14.72813121 13.85213718 15.57306163
 14.5666004  15.66625249 15.1443837  15.37425447 16.03280318 16.33101392
 16.8777336  16.20054672 16.48011928 14.91451292 14.34915507 14.92072565
 14.52932406 15.18166004 16.15705765 16.31237575 16.48011928 17.0082008
 16.18190855 17.13245527 16.07007952 17.47415507 17.39960239 16.08250497
 15.46744533 15.4860835  15.31212724 14.71570577 14.74055666 16.2999503
 14.47962227 17.29398608 16.18812127 16.73484095 17.22564612 16.72241551
 16.57331014 12.47912525 14.97664016 15.33076541 13.60362823 15.31212724
 15.20029821 16.4304175  14.03230616 15.26863817 15.76565606 15.30591451
 16.44905567 14.52311133 14.49204771 14.41128231 15.10710736 13.9888171
 15.26863817 15.37425447 15.79050696 15.4860835  13.9888171  15.74080517
 16.02037773 17.46794235 14.83374751 18.53031809 16.48011928 15.72837972
 14.28702783 15.75944334 14.92693837 14.34294235 15.84642147 16.28131213
 15.53578529 17.28156064 17.82828032 13.76515905 16.21297217 18.07678926
 16.97713718 18.05815109 15.0387674  13.32405567 14.24353877 14.98906561
 16.4055666  15.26242545 15.0387674  15.1443837  15.98931412 16.16327038
 18.27559642 16.1694831  15.30591451 17.20079523 14.71570577 14.78404573
 14.11928429 15.38667992 14.65979125 14.77162028 14.88966203 16.5111829
 14.42992048 15.84642147 15.84642147 16.94607356 16.25024851 17.430666
 16.03280318 14.97664016]",22593.868025802534
2025-06-15 00:43:00+00:00,43,2125.67,9.0,15.787973985727405,15.603100149105366,18.288021868787276,"[14.99527833 14.98285288 16.52360835 15.722167   15.64140159 16.57952286
 16.07629225 15.64761431 16.94607356 18.28802187 15.85263419 17.13245527
 16.82181909 14.61630219 12.93265408 14.26217694 14.26838966 16.51739563
 14.29945328 16.7472664  14.79025845 15.67246521 15.62276342 15.64140159
 14.87102386 17.78479125 17.69781312 15.60412525 15.54821074 15.66003976
 16.12599404 14.42370775 15.8277833  16.81560636 15.95203777 15.62276342
 15.13195825 15.86505964 15.84020875 13.65333002 17.04547714 15.85884692
 15.18166004 14.92693837 14.24975149 14.86481113 16.56088469 14.13792247
 17.6916004  14.34294235 16.70377734 15.44259443 15.81535785 14.38643141
 17.44309145 17.12002982 15.55442346 14.25596421 16.12599404 15.21272366
 15.04498012 14.9083002  16.68513917 16.03280318 16.25024851 14.64115308
 16.12599404 15.41153082 15.75944334 14.94557654 15.05740557 14.5666004
 14.83374751 14.07579523 15.33076541 14.39264414 15.40531809 16.23782306
 16.16327038 16.52360835 15.50472167 14.49204771 16.72241551 15.62897614
 14.16277336 13.52286282 14.5666004  15.56684891 14.8026839  14.13170974
 15.57306163 15.85263419 15.78429423 16.18812127 17.24428429 17.80342942
 17.08275348 16.25024851 17.08275348 13.2805666  14.74676938 16.63543738
 15.0139165  15.21893638 14.65979125 16.59194831 15.45501988 16.16327038
 15.71595427 15.07604374 16.20054672 15.5916998  16.0638668  13.99502982
 16.2999503  15.4612326  15.31212724 14.59766402 15.91476143 15.3804672
 16.80939364 15.62897614 17.59840954 15.94582505 16.4055666  16.05144135
 16.62301193 13.56635189 13.57877734 13.26192843 14.18762425 14.25596421
 15.56684891 14.85859841 15.47987078 17.0082008  16.50497018 14.65979125
 16.65407555 17.00198807 16.46769384 13.55392644 14.93936382 14.52311133
 15.17544732 15.62897614 15.64140159 14.95800199 14.07579523 15.8277833
 15.79050696 15.91476143 16.5360338  16.89015905 15.55442346 17.50521869
 14.87723658 14.87102386 14.93936382 17.08275348 15.62897614 15.28727634
 14.05094433 15.44259443 16.30616302 14.83374751 16.04522863 16.48011928
 17.24428429 15.26863817 14.33672962 14.44855865 14.83374751 15.38667992
 15.97688867 16.34343936 17.902833   15.85263419 16.23782306 15.85884692
 16.0638668  15.45501988 16.2999503  16.02037773 13.26814115 14.77162028
 14.26217694 15.13817097 14.84617296 15.74701789 16.77833002 16.09493042
 15.43016899 15.58548708 16.28752485 15.86505964 16.09493042 17.64811133
 17.0082008  14.13170974]",22709.8457666496
2025-06-15 00:44:00+00:00,44,2107.64,9.0,15.73384873335349,15.54709244532803,18.443339960238568,"[14.91451292 14.79647117 14.59145129 15.4612326  15.02012922 15.00149105
 16.38071571 15.25       17.33747515 15.05119284 16.80318091 16.90258449
 17.02683897 14.8026839  15.53578529 14.61630219 14.66600398 14.87102386
 17.20079523 14.53553678 16.67892644 15.05740557 16.49875746 17.18836978
 15.18166004 15.66003976 17.46172962 15.60412525 14.10064612 16.43663022
 14.72191849 15.49229622 16.48633201 14.77162028 17.17594433 15.08846918
 15.85884692 15.75323062 18.44333996 16.46769384 17.41202783 15.52957256
 14.2000497  15.59791252 14.63494036 13.47937376 14.9083002  15.4612326
 13.4917992  14.62872763 15.83399602 16.46769384 16.82181909 16.37450298
 15.94582505 17.25670974 13.2805666  15.37425447 13.46073559 15.89612326
 14.36779324 16.82181909 15.13195825 15.1195328  14.90208748 16.55467197
 15.05740557 16.10735586 16.90879722 15.84642147 13.65333002 14.19383698
 13.56635189 14.32430417 15.1443837  13.87077535 15.49229622 15.71595427
 15.98310139 15.96446322 13.95154076 15.4612326  16.7472664  16.46769384
 13.39860835 16.09493042 15.93961233 13.67196819 14.97042744 15.77186879
 16.94607356 13.61605368 16.35586481 15.56684891 16.23782306 15.97688867
 17.95874751 18.39363817 16.48633201 13.70924453 17.12002982 15.29970179
 14.06336978 16.2750994  15.20029821 15.24378728 16.70377734 14.27460239
 16.91500994 16.37450298 16.69756461 16.70999006 15.1443837  13.80864811
 15.0387674  15.33076541 14.95800199 13.63469185 15.09468191 14.75919483
 14.95178926 16.28131213 16.28131213 14.75298211 16.20054672 17.01441352
 16.82181909 14.31809145 14.65357853 13.70924453 16.72862823 15.25621272
 14.48583499 13.74030815 13.97017893 15.20029821 16.90879722 15.57927435
 16.02659046 15.49229622 17.98981113 16.52360835 12.10636183 14.41749503
 15.3804672  15.54199801 14.77162028 14.97042744 16.20054672 17.15109344
 14.23732604 15.41774354 16.65407555 15.43638171 16.0390159  17.95253479
 14.81510934 14.21868787 15.31833996 13.77137177 15.3556163  15.79050696
 16.64786282 16.28752485 15.98310139 15.84020875 15.95203777 17.48658052
 17.66053678 17.17594433 14.5417495  13.87077535 13.57256461 14.57281312
 15.88369781 15.46744533 16.67271372 15.47365805 14.29324056 15.33076541
 16.91500994 16.52982107 16.57952286 16.58573559 13.9888171  15.21893638
 14.29324056 15.31212724 15.13195825 13.77758449 16.87152087 15.36182903
 16.54224652 16.47390656 16.07007952 15.82157058 16.60437376 16.08250497
 15.96446322 14.10064612]",22528.764322307434
2025-06-15 00:45:00+00:00,45,2128.8599999999997,9.0,15.795557866559506,15.61300944333996,18.42470178926441,"[13.18116302 13.9639662  14.93315109 15.74701789 13.50422465 16.00173956
 16.95228628 16.70377734 17.30641153 15.08225646 15.46744533 15.21893638
 17.97117296 16.56088469 13.19358847 14.70328032 13.77137177 13.42967197
 14.45477137 16.8777336  15.20651093 16.57952286 16.61058648 15.3804672
 17.56734592 15.46744533 16.16327038 14.89587475 14.36158052 14.57281312
 15.72837972 16.20675944 13.61605368 15.4860835  16.80318091 17.25670974
 13.60362823 15.39910537 16.35586481 16.05144135 17.27534791 14.88966203
 15.10710736 14.5417495  14.75919483 15.9582505  15.74701789 15.72837972
 15.67867793 15.02634195 15.20029821 16.18812127 17.1945825  15.44880716
 16.85909543 17.0889662  14.31187873 14.60387674 15.47365805 14.31187873
 16.49875746 13.74030815 16.14463221 16.33722664 17.14488072 14.11928429
 15.19408549 17.3499006  15.78429423 16.64786282 15.50472167 13.67196819
 13.8583499  14.07579523 15.1195328  14.62251491 15.53578529 15.54199801
 16.2750994  15.3556163  16.64786282 17.0889662  17.29398608 17.03305169
 14.05715706 14.72191849 13.47937376 15.23136183 15.9582505  14.66600398
 16.73484095 16.37450298 17.59219682 14.8834493  16.16327038 15.63518887
 16.03280318 17.29398608 17.81585487 14.55417495 14.42370775 13.88941352
 15.02012922 15.4860835  15.97688867 16.42420477 15.19408549 15.25
 17.28156064 16.45526839 14.77162028 18.02708748 16.05765408 15.28727634
 14.38643141 14.9083002  16.57331014 13.48558648 15.04498012 14.83374751
 15.41774354 15.54199801 16.85909543 16.56088469 15.88369781 17.89040755
 17.43687873 13.65954274 14.29945328 14.17519881 15.16923459 14.777833
 15.99552684 14.96421471 15.63518887 15.23136183 15.3804672  16.90258449
 14.87102386 16.66028827 17.36853877 15.65382704 13.72166998 15.89612326
 14.82132207 15.17544732 15.51093439 14.18762425 16.79696819 16.39314115
 15.29348907 15.51714712 18.42470179 16.20675944 16.48633201 15.20029821
 14.33672962 15.20029821 14.36779324 15.17544732 15.50472167 15.02634195
 16.46769384 15.51714712 15.77808151 16.00795229 14.50447316 16.88394632
 17.22564612 17.39338966 14.92072565 14.59145129 15.33697813 17.53628231
 14.13170974 15.88369781 15.93961233 16.4304175  14.47962227 17.85313121
 17.33747515 16.08250497 18.1637674  16.77833002 16.43663022 14.82132207
 12.9140159  14.92693837 14.69085487 13.99502982 14.51689861 15.86505964
 15.06361829 16.85909543 14.52311133 16.02037773 16.8528827  16.95849901
 16.21918489 14.82753479]",22735.21839836149
2025-06-15 00:46:00+00:00,46,2120.96,9.0,15.771338542370934,15.588469184890656,19.213717693836976,"[13.77137177 14.24975149 13.74030815 16.44905567 15.0139165  14.62872763
 15.44880716 17.15109344 17.67917495 15.37425447 18.05815109 16.48633201
 17.76615308 15.34940358 13.97639165 14.21247515 13.46073559 15.21893638
 15.72837972 15.31833996 14.51689861 16.25646123 16.75347913 16.31858847
 15.74080517 16.80318091 15.77186879 14.74055666 14.99527833 15.79671968
 16.70377734 16.8528827  16.12599404 14.96421471 16.24403579 14.47340954
 15.94582505 15.99552684 15.80914513 16.90879722 16.20054672 16.31237575
 14.4361332  16.5360338  15.19408549 14.16277336 15.3556163  17.41202783
 15.43638171 15.8277833  16.41799205 16.80939364 16.93364811 14.81510934
 15.87748509 16.22539761 17.38717694 13.97017893 15.00770378 17.54870775
 15.67867793 16.62301193 16.32480119 14.21868787 15.42395626 15.79050696
 14.50447316 14.41128231 17.44309145 18.46197813 13.51043738 14.56038767
 16.18812127 15.97688867 13.83971173 15.28727634 15.86505964 13.89562624
 15.30591451 15.45501988 13.9888171  15.56063618 16.57952286 17.02062624
 13.24950298 15.12574553 14.60387674 14.82753479 14.56038767 13.24950298
 16.24403579 16.03280318 15.74080517 15.43638171 14.82753479 16.62922465
 15.98310139 17.1138171  17.36853877 14.10685885 14.05715706 14.74676938
 15.37425447 13.6222664  15.56684891 14.2000497  15.37425447 18.0333002
 15.1195328  15.25       15.98931412 16.32480119 15.47987078 14.84617296
 15.28727634 15.33076541 15.34319085 14.92693837 14.4609841  15.54199801
 16.15705765 15.04498012 15.80293241 16.1694831  18.43091451 17.53628231
 17.90904573 15.13817097 14.07579523 15.3804672  16.39314115 14.21247515
 15.3556163  15.57927435 16.14463221 16.87152087 15.76565606 15.96446322
 19.21371769 15.98931412 15.32455268 14.5666004  14.07579523 14.60387674
 14.81510934 12.96371769 15.33076541 15.62897614 16.67892644 15.90233598
 16.9833499  17.59840954 16.72241551 16.82181909 16.25024851 17.30019881
 14.24353877 12.52882704 14.75919483 16.10114314 16.03280318 15.1195328
 14.79647117 15.44880716 15.82157058 14.93315109 15.24378728 16.26888668
 16.70999006 17.21322068 13.7527336  12.87052684 14.65357853 15.90854871
 13.78379722 14.52311133 14.85859841 17.18215706 16.84045726 15.66625249
 16.85909543 15.64140159 16.4304175  14.91451292 13.54771372 13.73409543
 13.69681909 15.46744533 14.18762425 16.21297217 15.9582505  15.82157058
 16.8528827  16.16327038 15.42395626 15.85263419 17.03926441 15.39289264
 17.59219682 14.38643141]",22654.190227356197
2025-06-15 00:47:00+00:00,47,2122.2,9.0,15.774097711437804,15.592321073558649,18.77261431411531,"[15.31833996 15.0139165  14.33672962 16.70999006 15.16302187 15.83399602
 15.21893638 15.13195825 16.13220676 15.74080517 16.31237575 16.66028827
 16.20054672 15.44880716 15.25       12.9388668  14.16898608 14.83374751
 14.42992048 14.82753479 16.26888668 16.28752485 14.49204771 14.94557654
 16.55467197 16.20054672 17.41202783 13.87077535 14.67842942 13.99502982
 14.70949304 15.69110338 15.65382704 14.42370775 16.59816103 15.72837972
 16.35586481 16.51739563 15.85263419 17.25049702 15.92718688 14.08200795
 13.46073559 13.32405567 16.97092445 14.93315109 14.87102386 17.16351889
 13.95154076 16.8777336  16.13220676 15.93961233 16.01416501 16.11356859
 17.94632207 17.6667495  14.42992048 13.97639165 14.90208748 14.10064612
 14.44855865 15.08846918 14.82132207 15.08846918 15.51714712 15.05119284
 17.59840954 14.36158052 17.16351889 17.29398608 14.33672962 14.51689861
 14.95800199 15.03255467 15.80914513 15.8277833  15.10089463 14.72813121
 16.10114314 16.50497018 16.86530815 15.78429423 18.77261431 15.0139165
 16.17569583 13.87077535 14.68464215 16.57952286 16.84666998 16.72241551
 16.18190855 15.97688867 14.46719682 14.81510934 16.02037773 16.81560636
 17.0889662  17.36853877 18.04572565 15.89612326 14.777833   12.95129225
 16.00795229 15.02634195 14.93936382 15.70974155 14.51068588 15.67246521
 14.69706759 14.04473161 15.70974155 17.89040755 16.80939364 15.25
 14.57902584 15.22514911 13.24950298 14.49826044 14.52932406 14.2249006
 15.77186879 16.194334   16.31858847 16.10114314 16.97092445 16.54224652
 16.90258449 13.93911531 15.15059642 15.20029821 14.00745527 14.52311133
 16.28752485 14.23732604 15.23757455 16.73484095 16.57952286 17.02062624
 16.84045726 16.10114314 14.94557654 16.34965209 15.3556163  13.93911531
 15.0387674  14.49826044 15.15680915 15.96446322 14.91451292 17.50521869
 15.5916998  15.64761431 17.3250497  15.31212724 16.67271372 18.69184891
 14.64115308 14.92072565 14.34294235 14.16898608 14.99527833 17.48658052
 16.38692843 16.194334   16.49875746 16.91500994 15.87748509 16.33101392
 16.44905567 17.0889662  13.60362823 13.45452286 14.14413519 15.36182903
 14.13170974 16.0390159  14.41749503 15.44880716 14.52311133 16.54224652
 14.70949304 14.42992048 16.52360835 16.92743539 15.17544732 14.78404573
 15.18166004 15.1195328  15.30591451 16.55467197 15.23757455 14.69085487
 16.9833499  16.82803181 16.62301193 15.74701789 16.86530815 18.15134195
 16.2999503  15.20651093]",22663.421303386327
2025-06-15 00:48:00+00:00,48,2110.58,9.0,15.738912428670567,15.556225149105366,18.89686878727634,"[13.4917992  14.03851889 15.97688867 15.84642147 15.06361829 14.5417495
 15.02634195 17.79100398 16.10114314 17.01441352 16.91500994 16.78454274
 17.1138171  14.2249006  15.74701789 14.93936382 14.72191849 15.68489066
 15.31212724 15.87748509 14.8834493  14.18762425 13.95154076 14.79025845
 15.38667992 15.94582505 16.65407555 14.93315109 15.15059642 13.71545726
 16.74105368 15.02634195 14.74055666 15.37425447 15.87748509 16.11978131
 15.43638171 17.54870775 14.82753479 16.88394632 17.31883698 14.39264414
 13.71545726 14.83996024 15.79050696 15.16302187 14.76540755 13.51043738
 15.85884692 13.92668986 16.92743539 15.34319085 17.30641153 17.31883698
 16.52982107 16.52982107 16.37450298 14.46719682 14.60387674 14.61008946
 14.50447316 15.3804672  15.38667992 13.18737575 14.8834493  17.20700795
 16.9833499  18.52410537 14.95178926 14.82132207 15.51093439 13.69060636
 15.65382704 14.39264414 16.26267396 15.02634195 15.34940358 17.04547714
 16.51739563 15.37425447 13.55392644 17.77857853 16.36207753 16.8777336
 13.60984095 14.51689861 14.03230616 14.305666   12.76491054 15.9582505
 15.64140159 14.85859841 16.84045726 15.71595427 15.67867793 15.29348907
 17.84070577 18.54895626 15.75944334 13.60984095 14.48583499 15.62897614
 15.11332008 15.06983101 16.12599404 15.74701789 15.4612326  15.70974155
 15.70352883 17.13245527 16.34965209 16.50497018 16.68513917 15.39289264
 14.31187873 16.66028827 14.21247515 13.80864811 15.56684891 15.83399602
 15.26863817 18.89686879 16.4055666  17.3250497  16.89637177 16.80318091
 15.79050696 14.62872763 15.1443837  13.57877734 12.82082505 16.2750994
 15.88991054 15.88369781 15.36804175 16.54845924 14.65979125 15.56684891
 15.74080517 17.53628231 16.34965209 13.87077535 15.3804672  15.65382704
 14.8026839  15.4612326  14.05094433 14.8834493  14.70949304 15.4860835
 16.6167992  15.36182903 16.8777336  17.16351889 15.71595427 18.72912525
 14.305666   13.69681909 14.00124254 15.46744533 15.02012922 15.4860835
 13.34890656 14.84617296 14.47962227 16.76590457 15.5916998  15.82157058
 16.56088469 17.79100398 15.31833996 15.50472167 14.11928429 14.68464215
 15.18787276 14.39264414 15.39910537 15.70352883 16.48011928 14.19383698
 15.83399602 16.37450298 18.11406561 17.2194334  13.9639662  13.94532803
 15.41774354 15.39289264 14.28081511 15.37425447 16.85909543 16.1694831
 15.06361829 14.5666004  16.68513917 16.46148111 17.36232604 17.78479125
 16.08250497 14.59766402]",22545.705421360246
2025-06-15 00:49:00+00:00,49,2105.67,9.0,15.723534637036963,15.54097291252485,18.468190854870777,"[13.92047714 13.27435388 14.81510934 15.98931412 15.49850895 15.54821074
 14.29945328 16.01416501 16.05144135 16.21297217 15.99552684 16.24403579
 17.21322068 14.88966203 12.95129225 15.1443837  14.72191849 15.29348907
 16.02659046 16.16327038 17.38717694 15.64761431 16.63543738 15.17544732
 16.93986083 15.21893638 17.46794235 13.48558648 13.43588469 15.3556163
 15.66003976 16.71620278 14.98285288 14.98285288 15.56063618 14.61630219
 15.18787276 16.23161034 15.10710736 14.39264414 15.21893638 14.49826044
 13.47937376 15.67246521 15.67867793 15.69110338 15.05119284 15.51714712
 14.41749503 16.0638668  16.69135189 16.11978131 15.02012922 14.83374751
 16.35586481 16.52982107 16.54845924 13.39860835 13.41724652 15.34319085
 14.75919483 17.96496024 14.38021869 17.12624254 14.99527833 16.00173956
 15.9333996  15.45501988 17.76615308 17.1945825  13.61605368 15.85884692
 14.04473161 16.24403579 15.33076541 14.59145129 15.54821074 14.85859841
 14.18141153 17.25670974 15.57927435 15.58548708 15.1195328  16.86530815
 12.56610338 13.64090457 14.96421471 13.82728628 15.67867793 15.87127237
 16.26888668 15.36182903 15.06361829 15.28727634 17.84070577 16.75969185
 16.6416501  16.93364811 18.44955268 15.92097416 13.18116302 15.13195825
 16.7472664  15.03255467 15.31833996 14.87102386 16.18190855 15.54199801
 17.26292247 15.22514911 16.07007952 16.69756461 16.34343936 14.23111332
 14.90208748 14.56038767 15.12574553 13.91426441 16.48633201 13.7278827
 15.04498012 17.13866799 13.9888171  18.10164016 15.76565606 16.20675944
 16.63543738 15.47987078 14.50447316 15.41774354 15.87127237 16.59194831
 15.51714712 14.89587475 14.47962227 15.13817097 15.64140159 15.56684891
 17.00198807 14.60387674 15.99552684 15.17544732 14.25596421 14.65979125
 15.52335984 16.47390656 16.38692843 14.70328032 13.81486083 15.78429423
 14.95178926 15.6165507  15.45501988 17.430666   16.08250497 16.5360338
 15.44880716 15.1195328  14.62251491 15.29348907 16.6416501  16.13841948
 15.39289264 16.13841948 16.01416501 17.27534791 15.85884692 16.92743539
 18.46819085 15.90233598 14.49204771 16.11978131 16.54845924 15.77808151
 15.51714712 15.25       13.8583499  14.81510934 16.80939364 15.51714712
 15.87748509 16.48633201 16.31858847 16.20054672 12.41078529 15.00149105
 14.76540755 15.17544732 14.72813121 15.88991054 14.63494036 16.97092445
 16.51739563 16.82803181 15.87748509 14.15034791 15.42395626 14.94557654
 16.77833002 14.93936382]",22494.257481670855
2025-06-15 00:50:00+00:00,50,2164.16,9.0,15.895259022929512,15.72266401590457,18.35014910536779,"[16.65407555 14.25596421 14.60387674 13.70924453 17.95253479 16.13220676
 16.91500994 15.49229622 15.75323062 15.9582505  14.23111332 15.81535785
 16.66028827 14.79647117 15.77186879 15.10089463 14.4361332  14.38021869
 14.74676938 17.2194334  15.85884692 15.79671968 17.50521869 16.70999006
 16.75347913 15.41774354 17.54870775 13.39860835 14.55417495 13.62847913
 16.47390656 15.64761431 14.96421471 14.52932406 15.16923459 16.01416501
 14.11307157 16.87152087 17.16351889 16.34343936 16.94607356 15.37425447
 15.23136183 15.00149105 14.35536779 14.73434394 15.21893638 13.46073559
 15.90233598 14.57902584 16.0638668  16.05765408 15.90854871 14.71570577
 16.9833499  16.94607356 14.6722167  14.97042744 14.08200795 16.14463221
 15.23136183 16.14463221 14.69706759 15.0387674  16.12599404 16.28131213
 16.18190855 17.51143141 14.98906561 16.72241551 13.21843936 16.28752485
 15.10710736 16.44284294 16.67271372 14.74055666 15.12574553 16.95849901
 15.08846918 15.85263419 15.78429423 15.25621272 18.35014911 17.29398608
 14.10064612 13.37375746 14.66600398 15.56684891 16.76590457 17.20700795
 15.62276342 17.12624254 15.98310139 16.79696819 16.2999503  15.78429423
 17.84691849 16.38071571 16.13841948 13.74652087 15.56684891 15.62276342
 15.80293241 15.38667992 14.08822068 16.71620278 16.36829026 16.26267396
 15.20029821 15.51093439 16.96471173 15.83399602 17.30641153 14.70328032
 15.08846918 15.75944334 15.77186879 15.43638171 14.51068588 15.28727634
 16.93364811 16.0390159  17.64811133 14.84617296 17.74130219 15.55442346
 15.33076541 13.63469185 13.69681909 16.28131213 14.0695825  15.52957256
 15.10089463 13.95154076 16.04522863 15.94582505 14.81510934 17.07654076
 15.47365805 14.78404573 17.56734592 14.03851889 13.5166501  14.23111332
 14.37400596 15.02012922 14.11928429 16.46148111 16.02037773 15.51714712
 17.56734592 16.22539761 16.60437376 16.2750994  16.55467197 17.88419483
 14.06336978 15.51093439 14.21868787 14.45477137 14.32430417 13.99502982
 16.00173956 14.51068588 16.71620278 16.87152087 15.87127237 17.0082008
 16.95849901 17.61083499 13.53528827 15.05119284 15.87127237 14.77162028
 15.52335984 14.777833   17.54249503 16.44284294 15.59791252 17.23807157
 16.00173956 16.61058648 17.13866799 18.06436382 14.15034791 16.47390656
 15.70352883 15.88991054 15.88991054 16.30616302 15.87748509 15.74080517
 17.13866799 16.26888668 16.8777336  15.31212724 17.84691849 16.96471173
 18.11406561 15.12574553]",23068.778587112967
2025-06-15 00:51:00+00:00,51,2110.39,9.0,15.73570526020097,15.555634940357852,18.281809145129223,"[14.69706759 15.62276342 14.26217694 13.57256461 14.49204771 16.73484095
 15.02012922 15.36804175 16.93364811 16.67892644 15.68489066 16.48633201
 16.28131213 15.32455268 15.1195328  13.9888171  13.82107356 13.70303181
 15.85884692 16.15705765 15.87127237 15.0139165  14.86481113 16.89637177
 13.85213718 16.94607356 16.25024851 14.10064612 16.70999006 15.40531809
 15.15059642 15.02634195 13.9888171  14.39264414 14.00124254 15.67867793
 14.72191849 16.05144135 15.91476143 16.97713718 16.72241551 14.2249006
 14.4609841  13.8583499  15.29970179 15.08225646 17.18215706 16.4304175
 15.75323062 16.82803181 14.85238569 15.53578529 14.91451292 17.13866799
 17.21322068 15.78429423 15.55442346 15.05119284 13.8832008  14.88966203
 14.98906561 17.12624254 15.34319085 16.36829026 15.92718688 17.61083499
 15.51714712 17.13245527 16.50497018 16.21297217 14.59145129 16.18190855
 15.47987078 14.39264414 14.49826044 16.20675944 16.64786282 14.95178926
 15.00770378 15.34940358 15.08225646 16.89015905 16.68513917 16.20054672
 12.88916501 14.24353877 13.7527336  15.62897614 15.57927435 15.8277833
 15.25       16.38692843 16.61058648 16.4055666  17.30641153 16.12599404
 15.33697813 15.39289264 18.28180915 13.45452286 15.20651093 14.94557654
 14.96421471 16.41177932 16.78454274 14.90208748 15.88991054 16.05765408
 14.74676938 16.80318091 16.86530815 16.49875746 18.09542744 12.98235586
 15.41153082 14.36158052 14.04473161 15.86505964 15.23136183 15.05119284
 17.26292247 14.63494036 14.91451292 15.4612326  16.60437376 16.47390656
 16.58573559 13.60984095 13.74030815 15.11332008 13.29299205 15.68489066
 15.0387674  16.49254473 16.02037773 16.23161034 16.15705765 14.05094433
 16.63543738 16.28752485 17.59219682 13.67196819 13.67818091 15.74701789
 14.2000497  15.77808151 14.01366799 15.34940358 15.97067594 15.59791252
 15.65382704 16.88394632 14.39885686 15.6165507  14.98285288 15.85263419
 13.81486083 15.08225646 14.63494036 15.57306163 16.26888668 16.70377734
 15.26242545 12.90159046 16.13220676 17.1138171  15.0387674  15.75944334
 17.12624254 17.12002982 15.05119284 15.17544732 13.03205765 15.722167
 14.65979125 17.34368787 17.03926441 15.53578529 17.03926441 15.34319085
 16.5360338  16.79075547 17.28777336 15.29970179 16.44284294 14.96421471
 15.90854871 14.65979125 15.1443837  15.16923459 15.54199801 15.41774354
 16.41177932 18.05193837 14.72813121 15.59791252 14.6722167  16.34965209
 16.6167992  15.00770378]",22534.97551852836
2025-06-15 00:52:00+00:00,52,2125.74,9.0,15.780133678653069,15.603317594433397,18.145129224652088,"[14.24975149 13.16873757 14.13170974 15.56684891 15.23757455 17.41202783
 17.22564612 15.81535785 16.69135189 16.79075547 17.82206759 17.31883698
 16.57952286 13.70924453 13.94532803 14.82132207 14.25596421 14.36158052
 15.5916998  14.0695825  14.83374751 17.77857853 14.01988072 17.03926441
 16.54845924 15.70352883 17.39338966 13.33026839 14.82753479 14.63494036
 14.89587475 15.04498012 15.88991054 16.14463221 16.92743539 15.29970179
 15.90233598 16.64786282 16.87152087 15.04498012 16.47390656 15.04498012
 16.22539761 13.15631213 15.88991054 13.87698807 15.59791252 15.42395626
 14.98285288 15.51714712 16.32480119 16.93986083 16.15705765 17.30019881
 15.41153082 16.05144135 13.19358847 14.85238569 15.21272366 15.75323062
 15.29348907 16.13841948 13.87698807 15.85263419 15.17544732 16.56709742
 15.76565606 16.39935388 17.97117296 17.92147117 14.52932406 13.90183897
 15.64140159 14.83996024 14.91451292 14.92693837 14.69085487 15.8277833
 16.90258449 16.91500994 15.68489066 14.75919483 14.79025845 16.79696819
 13.50422465 14.69085487 14.85859841 15.71595427 13.15631213 15.18166004
 15.50472167 15.27485089 15.86505964 15.20651093 15.70974155 17.10139165
 15.53578529 16.91500994 17.36853877 14.18762425 14.62251491 14.06336978
 15.39910537 14.49826044 14.36779324 16.20675944 16.03280318 16.4304175
 14.44234592 14.60387674 15.74080517 15.98931412 16.54845924 14.41749503
 14.39885686 13.19980119 16.24403579 15.96446322 16.69756461 14.6722167
 14.38643141 15.39289264 15.1195328  16.05765408 16.49875746 17.00198807
 14.84617296 14.0695825  14.86481113 16.46769384 15.67867793 14.69085487
 15.62276342 16.93986083 15.85884692 15.6973161  18.14512922 16.39314115
 17.02683897 17.00198807 16.05765408 14.48583499 14.38643141 15.39910537
 15.02634195 14.39264414 15.18166004 15.88991054 15.86505964 14.41128231
 16.94607356 17.18836978 16.18190855 16.78454274 17.89040755 17.38717694
 14.62872763 13.7527336  16.62922465 15.20651093 14.78404573 15.0387674
 15.38667992 14.04473161 16.29373757 17.21322068 15.87127237 17.10760437
 16.30616302 16.65407555 14.41128231 15.28727634 14.70949304 16.34965209
 14.39885686 15.4612326  17.51143141 16.98956262 14.81510934 15.57306163
 17.10139165 15.67246521 16.46769384 16.79696819 13.52907555 14.64115308
 13.97017893 15.79050696 15.62897614 15.69110338 16.36207753 15.45501988
 15.86505964 16.81560636 14.85859841 15.73459245 15.57306163 18.05193837
 17.15730616 14.51068588]",22683.61523530171
2025-06-15 00:53:00+00:00,53,2108.12,9.0,15.72727223968233,15.548583499005964,18.362574552683895,"[15.64761431 16.52982107 14.36158052 15.27485089 16.20675944 16.55467197
 14.24353877 16.12599404 15.42395626 15.9333996  16.44905567 15.8277833
 16.37450298 15.31212724 15.16923459 15.52335984 14.14413519 14.8026839
 16.7721173  15.56063618 15.722167   14.17519881 15.22514911 15.9333996
 15.84642147 15.81535785 16.36207753 13.39860835 16.49254473 12.54125249
 15.3556163  15.34940358 15.0139165  14.60387674 15.64761431 15.23136183
 15.94582505 15.55442346 13.97639165 17.39338966 17.55492048 14.6722167
 15.39910537 16.23782306 13.37997018 15.21272366 14.34915507 15.13817097
 15.28727634 16.69756461 15.32455268 18.08921471 15.72837972 15.3804672
 15.88369781 16.12599404 14.24975149 14.29945328 14.25596421 14.95178926
 14.0944334  14.39885686 14.82753479 15.61033797 13.7278827  16.52360835
 17.51764414 15.69110338 16.80939364 16.26888668 12.77112326 14.39885686
 15.79671968 15.05740557 15.36182903 15.60412525 16.28131213 15.52957256
 16.35586481 17.30019881 15.32455268 16.10114314 17.43687873 17.02062624
 14.93936382 15.34319085 14.16277336 14.70949304 13.63469185 13.7278827
 15.16923459 17.30641153 16.59816103 15.0139165  15.64140159 17.48036779
 15.8277833  16.98956262 15.41774354 14.2249006  15.21272366 15.15059642
 14.97664016 14.47962227 15.3556163  15.98310139 16.07629225 14.69706759
 16.12599404 15.37425447 16.54224652 15.29970179 16.4055666  16.194334
 15.64761431 13.85213718 14.4609841  15.27485089 15.92718688 12.76491054
 17.08275348 16.7472664  16.33722664 16.60437376 16.90258449 15.90233598
 16.89015905 14.29945328 13.6471173  14.73434394 14.54796223 14.42370775
 14.83374751 15.4612326  14.78404573 15.45501988 15.15680915 16.80939364
 15.84642147 17.48658052 14.70949304 14.06336978 15.87127237 12.81461233
 16.58573559 14.49826044 14.82132207 13.68439364 14.57281312 15.33697813
 16.25024851 14.69085487 15.29970179 16.0390159  16.43663022 16.89015905
 13.8583499  15.49850895 14.15656064 13.72166998 15.47365805 16.52982107
 17.73508946 15.66625249 15.42395626 16.41177932 16.18190855 16.21297217
 15.44259443 17.07654076 15.30591451 14.69706759 15.57306163 15.49229622
 15.10710736 17.42445328 15.29348907 15.49850895 15.64761431 17.02683897
 17.51764414 16.69135189 16.43663022 17.93389662 16.16327038 14.31187873
 16.18190855 13.33026839 16.4304175  15.25       14.38643141 15.66625249
 16.85909543 14.82753479 16.18190855 16.00795229 18.36257455 16.93364811
 17.61083499 15.82157058]",22506.762005081204
2025-06-15 00:54:00+00:00,54,2125.42,9.0,15.777467319082922,15.60232355864811,18.766401590457257,"[15.08225646 14.5417495  13.48558648 16.10114314 16.63543738 16.01416501
 16.10735586 16.0390159  13.47937376 15.47987078 16.80939364 17.74130219
 18.46197813 14.71570577 15.16302187 14.19383698 14.50447316 13.22465209
 13.42967197 14.34294235 13.46694831 15.60412525 14.5417495  17.17594433
 16.15705765 16.18812127 17.15109344 13.50422465 14.59145129 14.42370775
 14.26838966 15.39289264 15.64761431 16.5111829  16.34343936 17.15730616
 15.98931412 16.05144135 16.15084493 17.29398608 15.94582505 15.44880716
 14.2000497  13.62847913 14.47340954 15.19408549 16.52360835 16.22539761
 16.07007952 16.88394632 17.4555169  15.72837972 16.38692843 15.75944334
 16.28752485 16.98956262 14.44234592 14.02609344 15.57306163 13.90183897
 15.6973161  15.0139165  15.54821074 15.20029821 17.23185885 16.49875746
 16.4055666  16.80939364 16.24403579 17.28156064 15.23757455 16.45526839
 15.17544732 15.69110338 14.92072565 14.62872763 14.26217694 15.72837972
 15.03255467 17.05790258 14.8834493  16.70999006 16.58573559 16.4055666
 14.92693837 13.82728628 14.16277336 14.79647117 14.85859841 14.45477137
 16.05765408 14.05715706 16.14463221 17.31883698 14.33672962 16.21297217
 16.52982107 16.18812127 16.84666998 13.86456262 14.51068588 14.95178926
 16.08871769 16.13220676 15.5916998  16.02659046 14.95178926 15.41153082
 15.15059642 17.07032803 17.78479125 16.84045726 15.40531809 13.16252485
 15.66625249 14.90208748 14.33672962 16.34343936 17.0082008  16.72241551
 15.30591451 16.81560636 16.07629225 16.33722664 16.69756461 15.52957256
 15.76565606 14.02609344 13.21843936 15.85263419 14.95800199 16.03280318
 14.56038767 16.65407555 14.85859841 18.14512922 17.0889662  15.0139165
 17.17594433 15.79050696 15.18787276 15.20029821 15.50472167 14.49204771
 16.02659046 15.28727634 16.97092445 14.50447316 17.75372763 15.25621272
 16.69756461 18.43712724 16.23782306 15.90233598 15.37425447 18.76640159
 15.34319085 14.5666004  15.04498012 13.37375746 14.66600398 15.51093439
 16.05765408 15.6973161  16.44284294 15.49229622 16.78454274 16.67892644
 16.62922465 17.05790258 14.55417495 16.08250497 15.34319085 14.24975149
 14.31187873 15.44259443 14.08822068 15.90854871 15.15680915 14.01988072
 15.27485089 14.76540755 16.03280318 15.10710736 14.86481113 14.90208748
 14.82753479 14.44855865 15.39910537 13.3054175  16.07629225 14.23732604
 14.93315109 16.34965209 17.06411531 16.72241551 16.34343936 15.34319085
 16.97092445 15.83399602]",22674.69466272382
2025-06-15 00:55:00+00:00,55,2129.8900000000003,9.0,15.78980659472031,15.616208996023856,19.424950298210735,"[14.83996024 14.01366799 14.13792247 16.69135189 14.19383698 14.56038767
 16.87152087 15.19408549 16.4304175  16.66650099 16.61058648 17.49900596
 15.97067594 15.67867793 14.01366799 15.20029821 13.70924453 16.31237575
 17.64189861 16.02037773 15.18166004 16.09493042 15.26863817 14.54796223
 15.94582505 16.57331014 16.48011928 14.08822068 15.73459245 13.52907555
 15.78429423 15.20029821 14.47962227 15.04498012 14.59145129 16.08871769
 16.86530815 15.87748509 16.38071571 15.65382704 16.52982107 15.75323062
 13.26192843 13.74652087 14.0695825  15.36804175 14.42370775 15.55442346
 14.70949304 15.54821074 16.48011928 13.51043738 15.33076541 16.21297217
 16.31237575 16.24403579 13.42345924 16.57331014 14.35536779 14.70949304
 15.78429423 13.98260437 15.25       15.77808151 15.76565606 16.48633201
 15.29348907 16.4055666  17.59840954 15.75944334 14.49204771 15.51714712
 14.33672962 16.64786282 14.59145129 15.16923459 15.37425447 15.78429423
 15.21272366 17.15730616 15.41153082 15.80293241 17.95253479 16.97713718
 14.4609841  15.0139165  16.02659046 15.79050696 14.44855865 14.5417495
 15.05119284 18.06436382 15.50472167 15.28106362 16.89637177 14.67842942
 16.29373757 15.44880716 16.38071571 14.6722167  14.37400596 15.28106362
 16.38071571 15.0387674  16.0638668  14.93936382 16.09493042 15.83399602
 17.43687873 15.52335984 16.194334   16.62301193 17.38096421 14.31187873
 13.58499006 13.27435388 15.53578529 14.3305169  15.79671968 15.91476143
 15.6165507  16.62301193 14.17519881 16.00173956 16.38692843 18.15134195
 15.90854871 15.23136183 14.71570577 13.81486083 14.93936382 13.5166501
 15.06361829 16.83424453 14.00745527 14.53553678 15.62897614 15.44259443
 16.12599404 16.54224652 16.18190855 14.69085487 14.46719682 16.01416501
 15.73459245 14.96421471 15.28106362 15.5916998  15.42395626 16.04522863
 15.56063618 17.49900596 16.80939364 15.29348907 16.00795229 16.09493042
 12.90780318 16.09493042 15.72837972 15.10710736 14.62872763 16.20054672
 14.03851889 16.05765408 16.21297217 17.41824056 15.85263419 15.70974155
 18.29423459 17.03926441 15.79671968 14.40506958 14.03851889 14.6722167
 15.87127237 17.92147117 14.95800199 16.21297217 15.25621272 17.25670974
 17.41824056 16.54224652 16.89637177 17.37475149 12.10636183 15.90854871
 17.26913519 15.31833996 14.0944334  14.89587475 15.64140159 17.6916004
 16.62922465 16.86530815 16.33722664 15.91476143 16.98956262 19.4249503
 16.21297217 14.32430417]",22715.976943296264
2025-06-15 00:56:00+00:00,56,2128.88,9.0,15.785980254284421,15.61307157057654,18.443339960238568,"[15.61033797 16.26267396 14.97042744 14.28702783 14.08822068 16.39935388
 14.62251491 16.49875746 15.67246521 17.0082008  17.89662028 17.72887674
 18.22589463 14.13792247 14.21868787 15.90854871 13.57877734 16.33722664
 14.305666   15.54199801 16.13841948 14.93315109 16.51739563 15.88991054
 16.05144135 17.60462227 16.12599404 15.3804672  15.59791252 16.60437376
 13.9639662  16.04522863 16.24403579 15.30591451 14.777833   14.80889662
 16.78454274 17.10760437 17.53628231 16.4304175  16.34965209 12.19955268
 14.28081511 15.39289264 13.97017893 14.64115308 16.00795229 15.90233598
 15.49229622 13.80864811 15.23757455 15.09468191 17.41824056 15.02012922
 17.02683897 17.48036779 14.95800199 14.305666   16.82181909 14.23111332
 14.86481113 16.0638668  16.03280318 15.30591451 15.18166004 16.18812127
 13.93911531 14.64115308 17.23185885 14.27460239 14.05094433 14.66600398
 14.16898608 14.48583499 15.64140159 15.05740557 13.16252485 16.20675944
 16.05144135 15.98310139 15.30591451 14.62251491 18.31908549 16.57331014
 15.33697813 15.0387674  14.69085487 16.42420477 16.28131213 16.38692843
 14.74676938 14.68464215 16.82181909 16.08871769 15.97688867 15.4860835
 15.02634195 17.61083499 16.84666998 13.69681909 14.50447316 13.80864811
 14.48583499 14.42992048 15.76565606 15.92097416 15.57927435 17.61704771
 16.05144135 15.75323062 16.84045726 17.37475149 15.5916998  16.26888668
 14.87102386 14.24353877 16.11356859 15.94582505 17.12624254 16.4055666
 14.97664016 15.87127237 15.94582505 16.93986083 14.78404573 17.04547714
 16.2750994  13.33648111 13.33648111 13.92668986 15.43016899 15.75323062
 15.4612326  16.34343936 15.1195328  16.37450298 16.46769384 15.92718688
 15.57306163 15.65382704 15.87748509 14.72191849 14.5417495  13.32405567
 15.39289264 15.70352883 14.26217694 16.29373757 16.21297217 15.85263419
 15.49850895 17.23185885 16.14463221 17.87798211 16.46769384 13.61605368
 13.47937376 15.43638171 15.28727634 15.79050696 16.21918489 16.88394632
 15.17544732 16.52360835 16.56709742 15.21893638 16.73484095 17.33747515
 17.40581511 18.44333996 16.75347913 14.87102386 14.39264414 15.66625249
 15.28106362 16.0638668  15.77186879 14.02609344 15.29348907 15.26863817
 14.14413519 16.82181909 17.94632207 15.63518887 15.3804672  13.2805666
 14.11928429 14.84617296 15.51714712 16.59194831 15.09468191 15.85263419
 15.59791252 16.23161034 15.00149105 15.87748509 16.31237575 14.69085487
 17.05168986 14.51689861]",22703.17553873396
2025-06-15 00:57:00+00:00,57,2134.46,9.0,15.801607411790336,15.630405069582505,18.729125248508943,"[14.0944334  14.61630219 15.00770378 16.75347913 14.88966203 14.29945328
 15.75944334 17.30641153 15.78429423 16.28131213 15.45501988 15.78429423
 17.20700795 14.85859841 14.85859841 14.56038767 15.94582505 14.53553678
 15.96446322 15.75944334 14.61630219 15.20651093 14.87102386 16.41799205
 16.48633201 15.68489066 16.23782306 14.02609344 14.93315109 15.06983101
 15.34940358 16.23782306 15.53578529 16.5111829  14.51068588 15.26863817
 16.24403579 15.76565606 17.49900596 15.3804672  17.17594433 16.02037773
 13.82728628 14.08200795 16.48633201 15.09468191 14.38021869 14.77162028
 16.07007952 16.73484095 13.6222664  15.86505964 15.65382704 18.17619284
 16.56088469 17.46794235 13.80864811 14.41749503 12.49776342 15.98310139
 16.21918489 15.00770378 14.46719682 17.98359841 15.31212724 16.11978131
 17.0889662  16.74105368 15.79671968 18.67321074 13.26192843 15.13195825
 14.25596421 14.85238569 15.44259443 13.76515905 15.73459245 16.71620278
 15.32455268 17.0082008  16.76590457 16.7721173  15.52957256 15.85884692
 14.76540755 15.06983101 14.95178926 13.32405567 15.87748509 14.24975149
 16.72241551 17.54870775 17.1138171  15.76565606 16.48011928 14.67842942
 16.15084493 18.72912525 14.93315109 14.89587475 14.5666004  15.39289264
 14.62872763 15.98310139 15.36182903 14.53553678 14.8834493  16.2999503
 14.6722167  16.98956262 14.34915507 17.92147117 15.67246521 15.87127237
 16.26267396 14.60387674 16.46148111 15.36182903 15.72837972 16.93986083
 15.41774354 16.69756461 15.27485089 17.64189861 15.77808151 17.54870775
 16.8528827  15.10089463 12.8083996  14.777833   15.51714712 15.56684891
 14.80889662 16.41177932 15.43638171 14.75298211 16.23161034 16.0638668
 15.51093439 15.24378728 17.50521869 13.85213718 14.36158052 16.01416501
 14.62251491 15.39289264 14.77162028 14.83996024 14.13792247 17.28777336
 16.28752485 16.38692843 16.23161034 15.56684891 16.70999006 15.76565606
 14.85859841 15.15059642 14.69085487 15.63518887 15.79671968 15.73459245
 14.11307157 14.99527833 15.77808151 17.16351889 16.13220676 16.5360338
 16.56088469 16.32480119 14.83374751 13.23707753 14.11928429 16.67892644
 15.99552684 14.75298211 15.92718688 15.25621272 14.79647117 16.17569583
 15.43638171 17.51764414 16.25646123 15.93961233 14.45477137 14.42370775
 15.4860835  15.60412525 14.25596421 15.92718688 16.52982107 15.93961233
 16.71620278 15.34940358 17.08275348 16.35586481 17.49900596 16.80318091
 17.23185885 13.00720676]",22755.457756885742
2025-06-15 00:58:00+00:00,58,2119.3,9.0,15.756036057876177,15.583312624254472,19.77907554671968,"[13.52286282 14.96421471 14.05715706 14.0944334  13.08175944 14.54796223
 15.93961233 14.75298211 16.58573559 14.48583499 18.1637674  17.63568588
 14.4361332  12.65929423 14.70949304 13.26192843 14.33672962 15.49850895
 13.51043738 16.08871769 15.57927435 14.48583499 17.20700795 16.75347913
 15.70974155 17.44930417 16.0390159  12.87052684 14.46719682 14.88966203
 14.87723658 15.08846918 15.38667992 15.29970179 15.77808151 16.75969185
 15.91476143 16.7721173  15.89612326 15.70352883 15.27485089 14.79647117
 14.75298211 13.55392644 13.7527336  16.61058648 15.61033797 15.02012922
 15.66625249 15.11332008 15.99552684 16.26267396 14.79025845 15.31833996
 16.7721173  15.57927435 15.34940358 14.47962227 14.61008946 15.66003976
 15.40531809 16.13220676 14.87102386 16.03280318 16.45526839 15.76565606
 15.87127237 16.7472664  17.31883698 16.07629225 14.96421471 13.88941352
 13.3861829  15.52335984 15.10089463 14.41128231 14.59766402 15.9582505
 16.0638668  16.8528827  16.2999503  15.92097416 17.39960239 18.46197813
 14.38643141 14.15656064 14.8026839  14.47962227 13.84592445 15.36182903
 15.43638171 14.79025845 16.74105368 18.44955268 16.36207753 15.41774354
 16.39935388 17.03305169 16.63543738 14.60387674 15.05119284 14.01366799
 15.61033797 14.54796223 17.06411531 14.96421471 14.06336978 16.61058648
 14.86481113 19.77907555 17.52385686 17.21322068 15.88369781 15.20029821
 15.40531809 14.62872763 14.52311133 14.52311133 15.79050696 16.05144135
 15.22514911 15.64140159 16.79696819 17.3499006  16.34965209 16.15705765
 17.25670974 12.71520875 14.16898608 14.04473161 14.50447316 15.41153082
 16.32480119 17.39338966 17.12002982 15.45501988 16.1694831  15.56684891
 16.60437376 16.13220676 17.17594433 15.36804175 14.15034791 15.98931412
 15.54199801 14.69085487 14.54796223 16.88394632 14.62251491 17.44309145
 17.74751491 16.46769384 16.47390656 16.24403579 15.65382704 17.59840954
 14.01366799 14.62872763 16.85909543 15.22514911 17.53006958 16.88394632
 16.33722664 16.38071571 17.68538767 15.8277833  15.6973161  16.23161034
 15.45501988 15.87127237 14.11307157 15.64140159 15.23136183 14.71570577
 14.66600398 14.57902584 14.36779324 14.67842942 14.27460239 16.18812127
 16.50497018 15.80914513 16.55467197 17.10760437 15.08225646 14.38643141
 15.1443837  15.15680915 13.51043738 16.38071571 15.96446322 16.00795229
 16.31237575 17.18215706 14.89587475 18.46819085 15.86505964 15.59791252
 15.03255467 13.67818091]",22602.994235230533
2025-06-15 00:59:00+00:00,59,2128.7700000000004,9.0,15.783155062784932,15.612729870775347,18.629721669980118,"[14.77162028 14.40506958 13.8583499  15.87127237 13.47937376 14.51068588
 17.69781312 16.31237575 15.82157058 16.39935388 16.56088469 17.09517893
 16.84666998 14.72191849 14.84617296 14.32430417 14.48583499 16.26888668
 14.49204771 15.5916998  14.48583499 14.59145129 15.09468191 15.68489066
 16.61058648 17.75372763 16.20054672 14.34915507 14.35536779 16.37450298
 15.722167   14.74676938 15.85884692 15.0139165  16.00173956 14.777833
 14.64115308 15.6973161  15.85884692 15.6973161  16.26888668 14.39885686
 13.71545726 15.75944334 15.39910537 14.98285288 15.39910537 16.43663022
 16.48011928 16.49875746 15.36804175 17.88419483 15.87748509 17.3250497
 16.93986083 16.67892644 15.29348907 13.89562624 13.10661034 16.37450298
 15.82157058 15.36182903 15.88369781 15.13817097 17.36232604 16.18190855
 15.41774354 17.3499006  17.57977137 18.18240557 12.85188867 14.40506958
 14.39264414 15.50472167 16.24403579 14.94557654 15.18166004 15.95203777
 16.48011928 17.1138171  14.81510934 15.08846918 16.46769384 16.08871769
 15.65382704 14.16898608 15.25621272 14.36158052 17.31262425 14.69706759
 14.85859841 17.51764414 17.70402584 15.57927435 15.59791252 16.35586481
 16.43663022 16.56709742 16.73484095 15.76565606 13.94532803 16.85909543
 13.2805666  13.69060636 16.28131213 15.90233598 16.79075547 17.24428429
 16.20054672 14.52311133 17.03305169 16.32480119 17.00198807 13.21843936
 14.21868787 15.24378728 15.20029821 14.87102386 16.07629225 15.33697813
 16.04522863 15.53578529 15.85263419 13.92668986 16.90879722 17.30641153
 15.90854871 13.09418489 15.11332008 14.83996024 14.80889662 15.53578529
 14.57281312 14.70328032 15.20651093 15.12574553 17.03926441 17.20079523
 15.9333996  16.54224652 18.62972167 14.16898608 14.19383698 15.38667992
 15.83399602 15.02012922 15.60412525 15.12574553 14.36779324 16.00173956
 16.92122266 15.06361829 16.66028827 14.8834493  16.62301193 17.15109344
 15.82157058 14.69706759 14.16277336 14.52932406 16.14463221 14.36158052
 16.7721173  13.6471173  14.68464215 16.64786282 16.68513917 15.77808151
 16.38692843 15.9333996  14.49204771 15.77808151 13.2805666  15.85263419
 15.54199801 15.28106362 16.84045726 16.64786282 15.85884692 17.06411531
 14.97664016 15.55442346 17.75372763 17.61083499 14.15034791 13.46694831
 15.25621272 14.17519881 13.00720676 15.02012922 14.50447316 16.44905567
 14.36779324 15.0387674  17.26292247 15.90854871 17.5859841  17.64811133
 15.85263419 15.64761431]",22693.723578053265
2025-06-15 01:00:00+00:00,60,2081.76,9.0,15.643605284714035,15.466699801192842,17.996023856858848,"[15.54199801 14.34915507 13.8583499  16.18190855 14.44855865 16.89637177
 16.44905567 14.9083002  13.85213718 15.88991054 16.8777336  15.32455268
 16.93364811 13.16252485 15.88369781 15.05119284 17.24428429 15.52335984
 17.05168986 16.72862823 16.15084493 14.40506958 16.41177932 15.57927435
 16.67892644 15.70974155 17.34368787 14.36779324 14.36779324 14.9083002
 12.21197813 15.87748509 15.16302187 17.1138171  16.02659046 17.33747515
 15.16302187 15.87127237 15.57306163 16.93986083 17.3250497  12.78976143
 15.1195328  14.10685885 13.79000994 14.0695825  15.59791252 14.83996024
 15.78429423 15.36182903 15.67246521 14.75919483 15.80914513 17.39960239
 16.91500994 17.5611332  14.41749503 16.1694831  13.8832008  16.4055666
 16.44284294 14.41749503 16.32480119 15.4860835  16.79696819 16.81560636
 17.39960239 15.56063618 15.05740557 16.08871769 13.59120278 14.44855865
 14.62251491 14.41128231 16.21918489 16.00173956 16.16327038 14.98285288
 15.68489066 17.44930417 15.21893638 16.10735586 16.84666998 16.41799205
 16.10735586 14.15656064 15.37425447 14.44234592 14.76540755 15.11332008
 16.44284294 15.59791252 16.90258449 16.22539761 15.722167   15.60412525
 14.65357853 16.6416501  17.43687873 14.50447316 14.94557654 16.23161034
 15.09468191 15.37425447 15.39910537 15.74701789 14.36158052 14.72813121
 15.03255467 16.80939364 15.49850895 16.13220676 17.40581511 13.52286282
 13.33026839 13.45452286 16.54845924 14.97664016 14.63494036 12.96371769
 15.90854871 15.1443837  14.62872763 17.61704771 17.07654076 16.1694831
 15.18787276 16.31858847 15.87127237 16.18812127 15.67246521 15.07604374
 14.82132207 15.34319085 17.24428429 15.5916998  14.88966203 16.0638668
 15.62276342 17.99602386 15.42395626 13.52907555 14.3305169  13.44831014
 12.37972167 14.18762425 14.06336978 15.67867793 16.80318091 16.16327038
 14.9083002  16.08250497 16.77833002 16.22539761 15.44880716 16.28131213
 15.3556163  15.02012922 15.23136183 14.65357853 15.06361829 15.05740557
 15.29348907 14.50447316 17.28156064 15.52957256 15.93961233 15.29348907
 15.87748509 14.53553678 15.15059642 14.61008946 13.7278827  15.33697813
 14.777833   14.57902584 13.75894632 14.83996024 16.2999503  15.80293241
 14.77162028 15.95203777 16.41799205 16.72862823 13.32405567 13.69060636
 14.49204771 15.31212724 16.38692843 15.09468191 13.95775348 15.31833996
 15.68489066 15.22514911 14.82753479 15.31833996 16.66650099 17.1138171
 16.10114314 13.69681909]",22226.845840539285
2025-06-15 01:01:00+00:00,61,2153.7799999999997,9.0,15.855324425679893,15.690419980119284,19.26341948310139,"[15.03255467 15.17544732 16.21297217 14.82132207 16.26888668 15.26242545
 14.51689861 16.67271372 16.59194831 16.85909543 17.0889662  17.02683897
 16.18812127 12.68414513 14.0944334  14.85859841 14.47340954 15.56684891
 16.66028827 15.38667992 14.83996024 17.15109344 15.80914513 16.13220676
 14.24975149 14.85238569 17.48658052 14.80889662 15.82157058 16.90258449
 14.8834493  15.1195328  15.13195825 15.61033797 16.6167992  15.11332008
 17.42445328 14.31187873 16.76590457 17.64189861 16.8777336  15.03255467
 13.53528827 16.32480119 16.00173956 14.42992048 13.49801193 14.53553678
 15.05740557 13.89562624 16.13841948 16.54224652 16.32480119 16.18190855
 17.67917495 16.99577535 16.69135189 14.13792247 15.16302187 14.28702783
 14.98285288 16.20054672 16.00795229 16.71620278 16.74105368 15.3804672
 13.62847913 14.40506958 18.43712724 15.6165507  15.56684891 14.16277336
 14.05715706 15.64761431 16.0390159  16.11356859 15.0139165  16.4055666
 15.92718688 17.6916004  16.49254473 17.17594433 15.15680915 18.23832008
 15.9582505  13.81486083 16.02037773 14.16277336 15.33697813 14.91451292
 14.07579523 15.43016899 15.27485089 16.95849901 15.06983101 15.73459245
 15.49229622 17.30019881 16.98956262 15.3556163  14.15034791 15.10089463
 15.98931412 14.88966203 15.0387674  15.70974155 16.15084493 15.94582505
 14.85859841 15.72837972 15.36804175 19.26341948 16.90258449 12.94507952
 14.3305169  13.77137177 17.20079523 15.76565606 14.9083002  16.66650099
 16.6167992  15.15059642 15.03255467 14.97664016 16.0390159  16.42420477
 16.45526839 15.05119284 14.94557654 14.74055666 15.83399602 13.44831014
 15.21893638 14.3305169  16.01416501 16.59194831 15.30591451 14.16898608
 18.13270378 17.76615308 17.74751491 13.5166501  15.16302187 15.0387674
 15.28106362 16.37450298 17.3499006  15.62276342 15.96446322 17.1138171
 15.98310139 16.02659046 16.33101392 18.09542744 17.87176938 14.37400596
 16.29373757 14.57281312 13.6471173  16.32480119 15.6973161  15.51093439
 15.56684891 17.07654076 16.57952286 15.36182903 14.50447316 15.54821074
 16.0638668  16.22539761 15.60412525 13.61605368 14.62872763 16.4055666
 14.32430417 15.80914513 15.13195825 17.62326044 16.25024851 14.98906561
 15.08225646 15.52957256 15.32455268 17.50521869 13.15631213 15.05740557
 15.00770378 16.25646123 16.6167992  16.60437376 14.84617296 15.64140159
 14.72191849 17.902833   16.03280318 17.66053678 17.26913519 16.18190855
 16.00173956 14.40506958]",22935.17339855465
2025-06-15 01:02:00+00:00,62,2144.5,9.0,15.827129909251164,15.661592942345925,18.406063618290258,"[14.33672962 14.70949304 16.33101392 16.41177932 17.09517893 14.03230616
 14.68464215 15.51093439 18.18240557 18.40606362 15.92718688 16.6167992
 16.93364811 16.2750994  15.32455268 16.30616302 15.25621272 14.52932406
 14.59766402 14.84617296 16.45526839 16.81560636 18.09542744 16.71620278
 16.38692843 15.88369781 16.8528827  15.27485089 12.58474155 13.8583499
 13.73409543 17.05168986 16.0638668  15.05119284 16.03280318 17.06411531
 15.53578529 16.45526839 16.18812127 16.76590457 16.8528827  14.99527833
 14.05094433 13.92047714 15.16923459 14.83374751 15.28106362 16.55467197
 15.09468191 15.56063618 16.21297217 15.99552684 15.84642147 15.51714712
 15.29348907 16.44284294 15.59791252 16.61058648 14.52311133 15.41774354
 15.74701789 15.77808151 14.65357853 16.50497018 16.48011928 14.55417495
 16.66650099 16.80318091 15.67867793 15.80914513 15.70974155 15.27485089
 16.69135189 13.82728628 14.69085487 14.72191849 14.72191849 14.97042744
 15.79050696 14.56038767 15.4860835  15.74080517 17.48658052 16.54845924
 14.92693837 14.36158052 13.92668986 14.74676938 15.92718688 16.31858847
 16.55467197 17.76615308 17.6916004  15.91476143 15.9582505  16.39314115
 16.59194831 16.08871769 15.31833996 14.93936382 14.0944334  14.72813121
 13.60984095 16.25646123 14.05094433 17.33126243 14.86481113 16.34343936
 15.93961233 15.20029821 15.69110338 17.10139165 16.26267396 15.36182903
 14.58523857 14.23111332 15.1443837  15.77808151 15.98931412 17.28777336
 14.97042744 14.74676938 16.94607356 15.47365805 16.4055666  15.53578529
 16.25024851 13.97639165 14.92693837 15.15680915 14.51689861 14.49204771
 16.10114314 14.06336978 15.41153082 15.57927435 16.194334   17.26913519
 16.78454274 17.20700795 16.02037773 14.37400596 13.25571571 15.26242545
 13.8832008  15.99552684 15.02634195 16.93986083 15.07604374 15.52957256
 14.57902584 17.0082008  16.5360338  17.30019881 14.71570577 17.0889662
 16.02037773 16.29373757 14.00124254 17.02683897 14.05094433 14.38021869
 16.52360835 14.70949304 15.94582505 15.63518887 18.0333002  16.44905567
 18.23210736 17.26913519 13.7278827  16.51739563 14.98906561 15.50472167
 15.56684891 17.05790258 14.15656064 17.1945825  14.29945328 15.10089463
 14.70328032 16.52360835 16.35586481 17.04547714 12.60337972 13.86456262
 15.34319085 15.73459245 13.84592445 15.0139165  16.08250497 16.59194831
 13.14388668 16.43663022 15.34940358 14.38021869 17.77857853 16.37450298
 17.35611332 15.3804672 ]",22840.845824390693
2025-06-15 01:03:00+00:00,63,2153.37,9.0,15.852503050528616,15.689146371769384,19.51814115308151,"[14.75919483 14.39885686 14.39885686 15.84642147 15.47987078 15.71595427
 15.06361829 14.28702783 17.16351889 15.68489066 17.18836978 18.33151093
 18.91550696 14.11307157 12.92022863 14.06336978 16.95849901 15.03255467
 15.80293241 15.71595427 15.3804672  16.72241551 17.72887674 18.52410537
 16.67892644 15.1443837  17.44309145 14.28702783 14.10064612 12.60337972
 16.07007952 15.76565606 15.34940358 15.29970179 16.37450298 15.17544732
 16.83424453 17.70402584 16.54845924 17.14488072 14.54796223 14.16898608
 12.57852883 14.89587475 15.57927435 15.31212724 14.89587475 16.36829026
 15.33076541 15.85263419 15.90233598 14.49204771 15.86505964 16.49254473
 16.08871769 16.56088469 15.84642147 14.53553678 14.85859841 14.85859841
 13.7278827  16.7472664  15.34940358 15.86505964 15.18166004 14.75298211
 15.32455268 17.79100398 17.49900596 15.37425447 13.79622266 15.13817097
 16.22539761 14.47340954 14.13792247 14.97042744 15.26863817 17.69781312
 16.15084493 15.78429423 15.72837972 15.5916998  16.00795229 16.59816103
 15.08846918 13.05690855 15.06983101 15.17544732 14.73434394 15.66003976
 15.95203777 14.06336978 15.84642147 15.8277833  17.77236581 16.39314115
 17.30019881 15.64140159 17.46794235 15.66003976 15.45501988 14.15034791
 16.21297217 14.05715706 15.76565606 15.84642147 15.54199801 15.28727634
 16.03280318 15.82157058 18.29423459 17.77857853 18.34393638 14.5666004
 14.72191849 15.15059642 15.74080517 15.57306163 14.305666   15.31212724
 16.57331014 18.45576541 15.52335984 15.79050696 15.98931412 17.84691849
 16.87152087 14.23111332 14.68464215 14.90208748 15.25       15.68489066
 16.02037773 16.37450298 17.05168986 15.54199801 15.84020875 15.75944334
 16.59194831 17.1945825  17.15730616 14.41128231 13.77758449 13.82728628
 14.03851889 14.42992048 15.03255467 16.37450298 16.26267396 14.38643141
 14.5666004  15.80914513 16.92743539 16.25024851 16.56709742 16.38071571
 15.34319085 15.04498012 14.74055666 13.7527336  15.36182903 15.02012922
 15.66625249 14.21868787 17.39338966 16.13841948 17.23807157 17.00198807
 17.27534791 16.23161034 13.91426441 13.39239563 15.49850895 15.28727634
 15.70352883 14.4609841  15.43016899 14.58523857 14.23111332 15.97688867
 14.78404573 19.51814115 16.91500994 17.77857853 15.29970179 14.85238569
 13.77137177 15.17544732 16.70999006 14.44234592 16.46148111 15.41774354
 16.58573559 15.32455268 17.06411531 17.46172962 16.23782306 16.67892644
 17.26292247 15.20029821]",22925.73420584854
2025-06-15 01:04:00+00:00,64,2141.16,9.0,15.815674418967854,15.65121769383698,18.59865805168986,"[16.05144135 14.81510934 14.93936382 15.31833996 15.74701789 14.23111332
 16.2999503  16.9833499  16.21297217 16.58573559 15.9582505  16.86530815
 16.59194831 14.69706759 14.07579523 15.34940358 16.15084493 14.85238569
 15.49229622 16.57331014 15.50472167 14.85238569 16.51739563 15.98310139
 16.6416501  16.42420477 16.9833499  14.39885686 14.17519881 15.75944334
 14.8026839  15.79671968 16.87152087 14.87723658 15.49229622 15.86505964
 15.75323062 16.62301193 15.31212724 15.40531809 16.17569583 14.64115308
 15.1195328  15.31212724 14.65979125 13.41724652 15.84020875 14.74055666
 15.90854871 15.67867793 14.98906561 16.38071571 16.43663022 17.1945825
 16.75347913 18.59865805 13.75894632 16.62922465 16.49254473 14.75919483
 14.05715706 14.95178926 15.23136183 16.23161034 16.4304175  16.61058648
 14.51689861 14.51068588 16.67271372 17.90904573 14.64736581 16.38692843
 13.78379722 15.06983101 16.26267396 15.45501988 16.76590457 16.52360835
 15.53578529 15.70352883 14.87102386 16.37450298 18.28180915 15.13817097
 14.35536779 15.63518887 15.06983101 13.32405567 15.02634195 15.78429423
 15.62276342 15.33697813 15.79050696 17.24428429 15.28106362 17.79100398
 15.89612326 16.63543738 16.62301193 15.38667992 16.00173956 14.78404573
 13.37375746 14.83374751 13.9639662  13.69681909 15.33076541 15.61033797
 15.88369781 14.69706759 16.93364811 18.10164016 16.36207753 16.14463221
 13.16873757 15.65382704 15.74080517 15.23136183 15.47365805 15.67246521
 14.75298211 14.54796223 16.91500994 16.65407555 16.76590457 16.20054672
 15.81535785 13.64090457 13.34269384 13.93290258 15.55442346 15.60412525
 15.06361829 16.90258449 15.09468191 15.94582505 17.5611332  17.7972167
 17.61083499 17.75372763 15.75944334 14.14413519 14.00745527 16.12599404
 13.67818091 14.68464215 14.68464215 14.6722167  14.75919483 17.31262425
 16.64786282 16.23161034 15.12574553 15.90854871 16.79075547 16.50497018
 14.44855865 14.23111332 15.20029821 15.17544732 15.86505964 16.29373757
 16.16327038 15.44259443 15.9333996  13.52286282 15.67867793 17.16351889
 16.51739563 15.58548708 13.41724652 14.34915507 14.24353877 14.26838966
 16.13220676 16.75347913 15.88369781 14.71570577 17.3499006  17.33126243
 16.08871769 16.98956262 15.73459245 15.68489066 16.15705765 15.20029821
 14.82753479 15.21893638 15.24378728 15.93961233 16.51739563 17.14488072
 14.93936382 15.92718688 16.14463221 14.86481113 17.98981113 16.7721173
 15.3556163  14.64115308]",22802.520336098853
2025-06-15 01:05:00+00:00,65,2068.33,9.0,15.599959760347257,15.424981361829024,18.642147117296222,"[14.35536779 13.79000994 16.26888668 15.53578529 15.70352883 16.7472664
 17.16351889 15.94582505 15.26242545 15.77186879 16.81560636 16.20054672
 16.96471173 15.65382704 16.02037773 14.07579523 14.78404573 16.34965209
 14.79647117 15.46744533 16.05144135 17.05168986 15.57927435 16.8777336
 16.29373757 16.95228628 16.59816103 14.70328032 13.56635189 13.9888171
 14.02609344 15.06361829 15.40531809 15.70974155 16.13841948 14.34294235
 16.38692843 15.67246521 14.87723658 15.77808151 17.30019881 13.22465209
 15.90233598 13.64090457 14.72813121 15.32455268 14.40506958 14.55417495
 16.10735586 15.26863817 15.10089463 16.00795229 16.35586481 16.97092445
 16.00173956 17.6667495  14.27460239 13.25571571 13.98260437 15.28727634
 15.25621272 13.26814115 14.28702783 15.85263419 16.24403579 14.69085487
 16.52982107 16.20675944 16.52360835 16.68513917 14.79647117 14.72813121
 15.57927435 15.04498012 16.1694831  15.32455268 15.16923459 13.29299205
 16.54224652 16.48633201 14.62872763 14.33672962 16.41799205 15.72837972
 14.20626243 15.9582505  14.70949304 15.18787276 15.4860835  15.62897614
 13.35511928 16.18190855 17.82206759 15.70974155 17.05790258 17.16351889
 17.99602386 16.09493042 18.31908549 13.10039761 14.94557654 15.30591451
 14.90208748 14.21247515 16.48011928 14.61630219 15.69110338 16.07629225
 15.73459245 16.07629225 16.13841948 15.92718688 15.97067594 15.07604374
 15.66003976 15.08225646 14.45477137 15.30591451 17.3250497  15.67246521
 14.36158052 13.87077535 17.04547714 15.13195825 16.20054672 15.87127237
 16.49875746 15.86505964 15.23136183 14.6722167  14.34294235 13.55392644
 15.57927435 15.45501988 13.92668986 15.07604374 14.59766402 15.58548708
 16.66028827 15.0139165  16.56709742 13.67196819 15.3556163  15.23136183
 15.43016899 14.03230616 13.84592445 16.84666998 15.40531809 14.59145129
 15.33076541 17.26913519 15.20651093 17.07032803 14.70328032 18.64214712
 14.61008946 14.19383698 13.9639662  13.31163022 14.777833   14.51689861
 15.91476143 15.59791252 15.84642147 16.52982107 17.38096421 15.73459245
 15.40531809 17.02683897 13.67818091 12.89537773 13.67818091 16.72862823
 15.67867793 15.26242545 14.76540755 16.75347913 15.75323062 14.15656064
 13.84592445 15.15680915 16.92122266 14.94557654 13.08175944 15.67246521
 16.86530815 13.01341948 14.02609344 14.96421471 14.8026839  15.27485089
 13.6471173  15.23136183 16.00173956 14.83996024 16.67271372 15.52957256
 15.9333996  16.15084493]",22080.825374217784
2025-06-15 01:06:00+00:00,66,2117.07,9.0,15.743009748258721,15.576385437375745,18.058151093439363,"[13.20601392 16.46769384 13.36133201 14.97664016 15.56063618 16.4055666
 14.41749503 16.72862823 17.0889662  17.03305169 14.67842942 17.03926441
 17.16973161 14.16277336 16.34965209 14.85859841 14.57281312 15.16923459
 15.56684891 15.79050696 16.33101392 15.62276342 14.54796223 17.12624254
 15.91476143 16.37450298 16.72862823 14.29324056 15.11332008 14.90208748
 15.60412525 16.6167992  15.93961233 15.77186879 16.55467197 15.49229622
 15.3556163  16.8528827  16.02037773 15.6973161  16.11978131 14.84617296
 13.47937376 15.29970179 13.6471173  15.26242545 16.2999503  15.6973161
 16.38071571 15.90233598 17.3250497  16.34965209 16.82181909 15.69110338
 16.14463221 16.6167992  14.06336978 13.5166501  13.40482107 17.03926441
 14.98906561 15.3804672  16.57952286 15.95203777 16.73484095 15.43016899
 15.80914513 16.24403579 16.26888668 15.21272366 15.41153082 14.18762425
 14.82753479 14.305666   15.40531809 15.29970179 14.88966203 17.15109344
 16.20675944 15.4612326  16.02037773 16.36829026 17.74751491 17.96496024
 14.87723658 12.47912525 13.7527336  15.32455268 13.70924453 15.60412525
 13.82107356 16.97092445 15.59791252 15.68489066 14.85238569 15.51093439
 14.41128231 16.69135189 16.59194831 15.11332008 14.52932406 15.70974155
 15.47987078 15.57306163 15.71595427 15.02634195 15.6165507  15.88991054
 16.31858847 14.5417495  17.69781312 15.63518887 17.26292247 14.69085487
 13.93290258 16.04522863 15.39910537 14.62872763 13.98260437 16.00173956
 16.0390159  15.60412525 16.97713718 17.33747515 17.4555169  16.09493042
 15.8277833  14.82132207 14.58523857 14.62872763 13.55392644 14.9083002
 15.00770378 15.13195825 14.8834493  15.90854871 15.0387674  15.77186879
 16.94607356 16.72862823 17.43687873 14.15656064 12.89537773 15.97688867
 16.5111829  14.03230616 15.65382704 15.79671968 14.3305169  15.15059642
 12.94507952 17.10760437 15.722167   16.91500994 18.05815109 17.39338966
 14.93315109 15.59791252 14.24975149 14.79647117 15.50472167 15.76565606
 15.4860835  15.56063618 17.38096421 16.62301193 17.23185885 17.24428429
 16.4055666  16.61058648 14.87723658 14.32430417 16.45526839 14.11307157
 15.34940358 14.74676938 14.4361332  15.81535785 16.56088469 16.5111829
 15.3556163  15.43638171 16.63543738 16.13220676 15.23757455 15.41774354
 15.00770378 14.67842942 12.36729622 15.04498012 14.79647117 15.31833996
 15.80293241 14.14413519 15.66003976 16.75969185 16.39314115 16.90258449
 15.02634195 15.3556163 ]",22559.413413774375
2025-06-15 01:07:00+00:00,67,2103.27,9.0,15.701507735101412,15.533517644135188,18.207256461232603,"[14.78404573 14.68464215 14.04473161 13.33026839 14.40506958 16.36207753
 16.75347913 14.73434394 16.93986083 17.13245527 16.85909543 14.64115308
 15.74701789 13.28677932 15.38667992 15.90854871 14.64115308 16.74105368
 15.13195825 15.60412525 16.03280318 15.99552684 16.4055666  15.83399602
 15.75944334 15.79050696 15.83399602 15.13195825 15.37425447 12.85810139
 14.59145129 16.22539761 14.92693837 16.1694831  16.67892644 15.43016899
 14.52932406 17.3499006  15.73459245 15.10710736 17.72887674 13.84592445
 13.95154076 13.7278827  14.52311133 15.16923459 14.39885686 15.46744533
 14.26838966 15.59791252 15.89612326 16.80318091 16.12599404 17.15730616
 15.75323062 16.64786282 16.23782306 13.58499006 14.08822068 14.69706759
 14.60387674 17.00198807 14.57902584 15.58548708 15.77186879 16.99577535
 15.32455268 15.00770378 16.90258449 16.34965209 14.60387674 13.89562624
 14.49204771 14.18141153 14.36779324 15.10089463 15.85263419 14.47340954
 16.50497018 17.30019881 17.08275348 15.36804175 16.91500994 18.20725646
 14.74676938 14.10685885 14.13170974 14.07579523 15.13817097 16.34965209
 15.28106362 16.79696819 15.25621272 15.80293241 15.52957256 15.81535785
 18.08300199 16.22539761 16.81560636 14.5666004  15.55442346 16.91500994
 15.98931412 14.777833   16.62301193 15.4860835  15.51093439 17.07032803
 16.13841948 16.49254473 14.00124254 17.6916004  15.82157058 13.93290258
 14.33672962 15.16302187 15.38667992 15.98310139 15.44259443 15.21272366
 16.10114314 15.21893638 15.29348907 15.93961233 16.7721173  14.41128231
 16.4055666  13.90183897 15.57927435 14.05094433 15.81535785 15.18787276
 14.76540755 14.93315109 15.0139165  16.07629225 15.05740557 15.29348907
 16.15084493 17.61704771 16.89015905 13.9888171  13.83349901 14.49204771
 15.24378728 16.7472664  15.53578529 14.85238569 13.85213718 14.19383698
 17.18836978 16.89637177 16.96471173 16.29373757 16.13841948 16.75347913
 14.92693837 14.16898608 14.33672962 15.18166004 15.51093439 15.95203777
 16.07007952 16.12599404 15.41774354 17.16351889 15.43638171 15.80914513
 16.60437376 17.0889662  15.78429423 15.39289264 13.40482107 15.53578529
 14.19383698 16.17569583 14.63494036 16.44284294 15.54821074 17.88419483
 14.49204771 16.38692843 15.64761431 16.50497018 13.16873757 14.62872763
 15.45501988 13.86456262 14.10064612 16.31237575 14.27460239 14.74676938
 14.58523857 17.07032803 16.30616302 17.03305169 15.83399602 16.97713718
 16.57331014 15.23136183]",22420.56427855528
2025-06-15 01:08:00+00:00,68,2142.9,9.0,15.817686277926411,15.656622763419483,18.20104373757455,"[13.88941352 14.28081511 17.2194334  15.56063618 15.44259443 16.99577535
 14.11928429 16.37450298 15.38667992 16.75969185 15.57306163 17.26913519
 16.36829026 12.51640159 15.29970179 15.23757455 15.13817097 16.0638668
 16.4055666  15.4860835  16.56709742 17.42445328 15.22514911 15.16302187
 16.98956262 14.80889662 17.53006958 14.36779324 14.6722167  14.40506958
 15.32455268 14.92693837 15.20029821 15.18166004 17.52385686 16.82181909
 15.20651093 16.33722664 16.75347913 15.85263419 17.18215706 14.0944334
 14.17519881 15.80914513 14.97042744 15.49850895 16.5360338  15.85263419
 16.07007952 13.48558648 16.44284294 15.85884692 14.10685885 15.73459245
 17.09517893 16.2999503  14.77162028 14.14413519 14.79647117 14.70328032
 16.58573559 16.39314115 15.74080517 16.12599404 14.32430417 16.38692843
 16.09493042 15.81535785 17.14488072 16.38071571 16.33722664 14.77162028
 14.94557654 13.8832008  16.25646123 15.46744533 15.95203777 15.82157058
 16.33101392 16.13841948 17.38717694 17.6667495  17.07654076 15.57306163
 14.3305169  15.31212724 14.98906561 15.34940358 15.12574553 16.60437376
 15.44880716 15.25621272 15.74080517 15.95203777 14.47340954 16.66028827
 16.00795229 15.74080517 15.8277833  14.3305169  12.38593439 14.52932406
 15.88369781 14.92693837 14.2249006  14.64115308 15.70974155 14.32430417
 15.10089463 16.0638668  15.27485089 16.5111829  16.90879722 13.93290258
 13.97017893 14.3305169  14.64115308 16.39314115 14.57281312 15.98310139
 15.10089463 16.41177932 16.05144135 16.31858847 15.10089463 17.0082008
 17.77236581 15.97067594 15.0387674  13.31163022 14.50447316 14.49826044
 15.30591451 15.62897614 15.76565606 16.77833002 14.9083002  16.20054672
 14.39264414 16.85909543 15.66003976 14.65979125 16.7472664  15.47987078
 16.61058648 13.81486083 15.16302187 15.70974155 14.67842942 15.93961233
 15.33697813 15.25       15.51714712 15.88991054 15.49850895 16.63543738
 16.26888668 13.95775348 14.01988072 15.15059642 15.93961233 17.34368787
 16.98956262 18.20104374 16.75347913 17.18836978 16.15705765 16.55467197
 16.72862823 17.78479125 15.44259443 14.81510934 15.1443837  14.00745527
 14.61008946 14.79025845 16.55467197 16.00173956 16.52360835 16.67271372
 14.56038767 16.42420477 18.03951292 16.98956262 14.29945328 13.42967197
 17.01441352 15.95203777 15.93961233 14.90208748 14.90208748 14.75298211
 15.63518887 15.20651093 17.38717694 17.86555666 17.18215706 17.0889662
 16.52982107 14.74676938]",22809.251211430597
2025-06-15 01:09:00+00:00,69,2141.19,9.0,15.811874976408614,15.65131088469185,18.809890656063615,"[13.98260437 17.08275348 15.47987078 16.36207753 13.87698807 16.41799205
 16.39935388 16.83424453 15.97688867 18.28180915 16.71620278 16.5360338
 17.15730616 13.9639662  14.34915507 14.89587475 12.44184891 15.70352883
 16.31237575 15.0139165  16.57952286 16.33101392 17.03926441 15.39910537
 18.12649105 16.25024851 17.34368787 14.28702783 12.82082505 14.10685885
 15.29970179 14.36779324 14.71570577 14.47962227 14.74676938 14.24975149
 14.75919483 15.36182903 16.83424453 14.92072565 16.65407555 16.14463221
 13.92047714 15.06361829 15.66003976 14.79647117 18.08300199 14.92693837
 16.75969185 16.13841948 16.13220676 15.38667992 16.75969185 15.33076541
 16.92122266 16.17569583 15.55442346 14.42992048 15.1195328  15.39289264
 14.34915507 15.13817097 15.4860835  14.72191849 15.67246521 16.35586481
 16.74105368 17.25670974 16.82181909 16.52360835 13.74030815 16.46769384
 13.25571571 15.66625249 15.75944334 16.18812127 17.64189861 16.07007952
 16.31237575 16.43663022 16.92122266 15.55442346 17.66053678 16.30616302
 12.95750497 15.64140159 14.49204771 16.194334   15.39289264 15.74701789
 15.0139165  16.4055666  16.10114314 16.11978131 16.12599404 16.13841948
 15.36804175 16.30616302 18.80989066 15.92718688 15.21893638 13.6471173
 15.12574553 15.22514911 15.61033797 16.00173956 16.60437376 15.79050696
 15.3556163  14.60387674 15.61033797 17.48036779 18.60487078 15.02634195
 14.5666004  15.08846918 12.60959245 13.80243539 14.04473161 14.36779324
 15.87127237 16.36829026 13.70924453 18.0333002  17.30019881 17.26913519
 15.79671968 13.7278827  15.02012922 14.14413519 16.13841948 15.64140159
 15.21272366 16.79696819 15.49229622 15.38667992 14.83374751 15.23136183
 18.06436382 16.80318091 15.87127237 13.19980119 14.92693837 13.94532803
 14.15034791 15.04498012 14.98906561 14.50447316 15.81535785 15.10089463
 16.70377734 15.98931412 15.90854871 17.0082008  16.8777336  17.15730616
 15.64140159 15.31212724 15.20651093 15.34319085 14.70328032 15.53578529
 16.96471173 16.4055666  15.38667992 14.88966203 15.98931412 15.36804175
 17.47415507 17.60462227 15.61033797 14.24975149 12.96371769 13.84592445
 15.42395626 16.34343936 16.01416501 15.75944334 15.9333996  16.29373757
 17.9276839  16.66028827 16.45526839 17.22564612 13.09418489 14.64115308
 13.61605368 15.8277833  14.88966203 15.722167   14.305666   17.75372763
 15.05119284 16.30616302 17.13245527 15.64140159 16.38071571 16.47390656
 17.2194334  12.31138171]",22789.808921072665
2025-06-15 01:10:00+00:00,70,2156.7599999999998,9.0,15.857064029009459,15.69967693836978,18.9279324055666,"[13.80864811 15.44259443 15.5916998  15.18787276 15.90854871 15.09468191
 13.8583499  14.4609841  17.28777336 15.38667992 14.97664016 17.3250497
 15.70352883 13.44831014 14.97042744 14.00124254 16.08871769 15.20029821
 15.84020875 14.52932406 15.87127237 16.64786282 15.16923459 14.8834493
 15.17544732 16.44905567 18.92793241 12.58474155 13.67196819 13.97639165
 12.88295229 16.0390159  15.6165507  14.48583499 15.39910537 14.63494036
 14.42992048 15.73459245 17.08275348 16.67271372 15.51093439 15.15680915
 14.87102386 13.74030815 16.47390656 13.60362823 16.34965209 14.75919483
 15.67246521 16.54845924 15.04498012 15.51714712 15.80914513 17.67917495
 17.20700795 16.88394632 15.1443837  14.31187873 14.76540755 16.18190855
 17.42445328 15.94582505 14.64115308 15.98931412 13.7278827  17.02062624
 16.42420477 15.64140159 16.97092445 15.59791252 13.55392644 15.21893638
 16.41799205 14.51068588 14.65357853 14.70949304 15.23757455 15.46744533
 16.45526839 15.92718688 15.72837972 15.64761431 16.97092445 17.08275348
 15.65382704 14.5417495  14.23111332 15.97688867 15.54821074 16.62301193
 16.6167992  16.24403579 15.94582505 15.86505964 17.15109344 17.38096421
 16.34343936 17.94010934 16.28752485 13.72166998 15.26242545 14.55417495
 15.28106362 15.5916998  16.11978131 15.21893638 14.58523857 15.57306163
 18.45576541 17.31883698 17.64811133 15.22514911 17.38717694 14.5417495
 14.98906561 13.22465209 17.28777336 14.35536779 16.11978131 16.17569583
 16.82181909 16.93364811 16.18812127 15.13817097 17.31883698 17.44930417
 16.57952286 14.86481113 14.85859841 13.9639662  14.51068588 15.52335984
 16.70999006 14.95178926 16.72241551 15.10089463 17.51143141 15.80914513
 16.82803181 16.41177932 15.98310139 15.38667992 14.37400596 14.19383698
 16.49254473 15.00149105 14.74676938 16.09493042 14.37400596 16.7472664
 16.79075547 16.74105368 16.47390656 15.79671968 17.04547714 17.95253479
 14.777833   13.18737575 17.5611332  16.23782306 15.40531809 16.71620278
 16.46148111 15.12574553 15.97688867 15.10710736 15.79671968 15.85884692
 17.49900596 16.93986083 15.3804672  14.69085487 16.99577535 14.82753479
 14.58523857 14.5417495  16.7721173  13.54771372 16.0638668  15.67246521
 16.82803181 15.25621272 16.03280318 16.44905567 15.17544732 15.44259443
 16.28752485 14.91451292 14.40506958 16.37450298 17.16973161 15.9582505
 15.43638171 16.66028827 16.4304175  15.55442346 16.6167992  16.33722664
 15.99552684 16.85909543]",22940.993415454046
2025-06-15 01:11:00+00:00,71,2132.4,9.0,15.784424237946823,15.624005964214712,17.964960238568587,"[15.20651093 15.44880716 14.6722167  15.59791252 14.87723658 16.36829026
 16.74105368 16.39935388 16.75347913 16.57331014 16.30616302 16.72241551
 17.52385686 14.42992048 14.24353877 13.02584493 16.1694831  14.65357853
 15.87127237 14.79647117 16.2750994  16.24403579 15.0139165  17.84691849
 16.58573559 17.07032803 16.85909543 13.83971173 14.34915507 16.57331014
 13.86456262 14.77162028 16.37450298 14.14413519 14.4609841  15.41774354
 15.66625249 15.38667992 15.53578529 16.18812127 17.83449304 13.48558648
 16.6167992  15.29348907 13.7278827  15.74701789 15.21272366 15.71595427
 17.64189861 16.69135189 15.52957256 15.83399602 15.19408549 16.54224652
 15.80914513 17.61083499 14.44234592 15.9582505  13.34269384 14.41749503
 15.6973161  15.64761431 14.80889662 14.72191849 16.73484095 15.04498012
 16.83424453 16.41799205 16.36207753 16.12599404 16.2999503  14.17519881
 12.10636183 14.82132207 16.29373757 15.36182903 15.24378728 17.28777336
 15.90854871 15.3804672  15.8277833  16.20675944 16.79696819 17.96496024
 14.86481113 15.69110338 14.25596421 15.73459245 13.3861829  14.16898608
 15.27485089 16.28752485 16.0638668  15.54821074 14.9083002  16.90258449
 13.84592445 16.6167992  16.23782306 14.91451292 14.72813121 15.39289264
 15.59791252 16.44905567 16.4055666  16.50497018 15.89612326 16.07629225
 17.5859841  16.18812127 16.20054672 15.12574553 17.13245527 15.0139165
 15.87127237 14.54796223 14.16277336 13.97639165 15.41774354 15.37425447
 16.1694831  16.22539761 16.92122266 17.33747515 16.74105368 14.65357853
 16.21297217 15.33697813 13.88941352 13.6222664  14.38643141 15.3556163
 14.87723658 14.98285288 14.48583499 17.28777336 16.81560636 15.04498012
 14.00745527 16.58573559 15.94582505 14.70949304 14.10064612 14.98285288
 15.26863817 13.35511928 15.23757455 14.28081511 15.70974155 16.17569583
 15.72837972 16.80939364 16.93364811 17.82206759 14.99527833 16.9833499
 15.49229622 15.12574553 14.65979125 15.66625249 15.77186879 17.13866799
 16.80939364 13.66575547 15.72837972 17.07654076 15.722167   16.5360338
 16.7721173  15.3556163  12.46048708 16.48011928 13.56635189 14.5666004
 15.61033797 15.90233598 14.99527833 16.16327038 17.31883698 17.05168986
 15.33697813 16.21918489 16.18812127 16.81560636 14.88966203 14.50447316
 15.3556163  14.52932406 15.19408549 17.61704771 17.10139165 14.83374751
 13.87077535 14.97042744 17.24428429 15.63518887 16.49254473 16.56709742
 17.54249503 14.36158052]",22697.96973047489
2025-06-15 01:12:00+00:00,72,2104.57,9.0,15.701550672216637,15.537555914512923,17.97738568588469,"[14.29945328 13.80243539 15.02012922 15.20651093 15.54821074 15.97067594
 15.16923459 17.36853877 16.03280318 17.89040755 15.24378728 15.85884692
 15.55442346 12.45427435 13.88941352 14.50447316 14.0695825  16.07629225
 15.98310139 14.98285288 16.21918489 15.15059642 16.0638668  15.0139165
 15.33697813 16.52982107 15.33076541 13.93911531 16.22539761 16.00795229
 15.19408549 16.98956262 15.56684891 16.38692843 15.98310139 15.77808151
 14.8834493  13.80243539 15.80914513 16.62301193 16.55467197 13.78379722
 15.18787276 15.17544732 15.75944334 14.61630219 16.58573559 15.34319085
 17.09517893 14.48583499 17.66053678 17.23807157 15.91476143 16.12599404
 16.55467197 17.97738569 14.50447316 12.51640159 14.93936382 16.10114314
 15.10710736 15.92097416 15.59791252 14.18762425 16.82181909 15.53578529
 17.84070577 16.26267396 16.83424453 16.39314115 13.83349901 14.65357853
 14.82132207 14.98906561 14.4361332  13.26814115 15.51093439 14.4609841
 16.59194831 17.28777336 17.34368787 16.15084493 16.16327038 16.09493042
 14.75919483 14.01366799 15.34940358 15.11332008 15.39910537 14.72813121
 15.34319085 15.92097416 14.53553678 16.33101392 17.5611332  16.54845924
 16.26888668 15.70352883 16.80939364 13.00099404 15.24378728 14.05094433
 14.39264414 13.59741551 15.88369781 16.31858847 15.83399602 16.10114314
 16.85909543 17.80342942 16.02659046 16.72241551 16.89637177 14.83374751
 13.83349901 15.36182903 14.84617296 14.64736581 15.0139165  14.0695825
 16.52360835 15.06983101 17.0082008  15.43016899 17.52385686 16.194334
 16.15705765 15.3804672  15.23757455 13.70924453 14.62872763 14.58523857
 14.75298211 15.64140159 16.15084493 14.92072565 15.44259443 17.28156064
 17.76615308 15.69110338 16.92122266 13.90805169 14.14413519 16.2999503
 14.52932406 15.17544732 13.80243539 14.59766402 15.79671968 15.96446322
 15.80914513 14.92072565 16.97713718 15.4612326  15.49229622 17.54870775
 14.15034791 13.0444831  15.43638171 15.23136183 16.39314115 14.19383698
 15.54821074 15.99552684 16.59194831 15.11332008 17.2194334  16.86530815
 17.49279324 17.24428429 15.10710736 15.06983101 13.16252485 14.46719682
 16.20054672 15.6165507  15.75323062 15.21272366 16.1694831  14.57281312
 16.58573559 16.57952286 15.54821074 16.97092445 14.20626243 14.33672962
 14.85238569 13.91426441 13.88941352 12.61580517 15.31212724 15.80914513
 15.98310139 15.94582505 15.98310139 16.07629225 16.49875746 16.36207753
 16.05144135 15.98310139]",22420.707928967986
2025-06-15 01:13:00+00:00,73,2120.83,9.0,15.748794986181064,15.588065357852882,18.387425447316105,"[15.18166004 13.74652087 15.5916998  15.52957256 15.79671968 15.43016899
 15.9582505  14.74676938 14.9083002  17.39338966 16.35586481 15.26242545
 16.16327038 12.10636183 14.15656064 16.13841948 15.32455268 14.11928429
 15.15059642 16.25646123 16.2999503  16.82181909 16.82803181 17.26913519
 15.57927435 16.29373757 15.06983101 14.26217694 15.66003976 16.21918489
 14.65979125 16.39314115 16.17569583 15.70352883 16.58573559 16.0390159
 17.1945825  16.31858847 17.00198807 16.45526839 16.62922465 15.29348907
 14.11928429 15.50472167 13.78379722 14.97664016 14.25596421 16.08871769
 15.62276342 16.26888668 15.82157058 16.73484095 15.63518887 17.62947316
 15.39910537 18.0084493  14.75298211 13.83349901 16.30616302 15.42395626
 14.98906561 15.15059642 15.78429423 16.6167992  16.59194831 15.08225646
 14.97664016 15.23757455 17.80342942 16.80939364 13.06312127 13.00720676
 15.36182903 14.72191849 15.83399602 15.61033797 15.93961233 15.78429423
 14.4361332  17.0889662  16.97713718 17.13245527 16.37450298 16.61058648
 13.95154076 14.11307157 15.15059642 14.49204771 16.15084493 14.92693837
 16.45526839 15.13195825 14.62251491 17.02683897 15.75323062 16.194334
 16.35586481 17.1138171  18.06436382 15.15059642 14.16898608 14.37400596
 15.64140159 16.29373757 14.65979125 14.23111332 15.26242545 16.18190855
 16.08871769 17.17594433 16.18812127 15.66003976 16.51739563 13.39860835
 14.87102386 15.63518887 15.08846918 14.8026839  16.55467197 14.27460239
 14.98906561 18.38742545 15.32455268 16.71620278 16.32480119 14.91451292
 16.83424453 14.28081511 14.0944334  15.19408549 14.59145129 14.37400596
 14.98285288 14.75298211 17.61083499 15.26863817 16.33722664 16.1694831
 15.5916998  17.10760437 16.46148111 15.19408549 13.07554672 13.97639165
 12.83946322 15.02012922 15.4612326  13.92047714 14.77162028 16.6167992
 15.31833996 16.0638668  17.06411531 16.2999503  17.5859841  16.54224652
 14.71570577 14.42370775 14.78404573 14.8026839  15.08225646 15.06983101
 15.94582505 15.1443837  16.41177932 15.70352883 16.26888668 15.47987078
 16.8528827  16.0390159  13.92668986 16.01416501 14.31187873 15.39910537
 15.43016899 15.66003976 16.52982107 16.35586481 14.34294235 15.72837972
 16.41177932 15.16302187 15.97688867 16.24403579 13.36133201 13.89562624
 14.99527833 15.56684891 14.42992048 15.73459245 15.72837972 17.50521869
 16.67892644 14.74676938 18.09542744 15.68489066 15.57306163 15.86505964
 16.78454274 13.74652087]",22578.768505767366
2025-06-15 01:14:00+00:00,74,2094.88,9.0,15.671482119369418,15.507455268389663,18.530318091451292,"[13.94532803 15.56684891 14.11307157 15.22514911 13.62847913 14.95178926
 15.82157058 15.79671968 16.72862823 17.79100398 16.59816103 16.52982107
 17.96496024 15.53578529 15.06361829 15.16923459 13.28677932 13.97017893
 15.37425447 16.41177932 14.24353877 16.08871769 15.9333996  16.92122266
 16.79075547 16.42420477 16.49875746 13.52907555 15.94582505 14.83374751
 15.17544732 16.00173956 15.43016899 14.97664016 16.37450298 16.07629225
 16.38071571 16.31858847 14.69706759 16.18190855 16.33722664 15.56684891
 14.74055666 15.69110338 13.16252485 15.34319085 13.90805169 14.60387674
 15.10089463 16.05144135 15.52957256 13.87698807 15.36182903 15.70352883
 17.46794235 17.17594433 14.05715706 15.54821074 16.69756461 16.23161034
 14.58523857 13.63469185 15.22514911 16.77833002 14.5666004  16.87152087
 16.81560636 15.19408549 16.66028827 15.84020875 13.57256461 14.71570577
 13.31784294 15.64761431 16.52982107 15.73459245 15.84642147 15.97688867
 15.84642147 15.79671968 16.72862823 16.46148111 17.59219682 16.55467197
 14.72813121 15.51093439 15.08846918 14.68464215 15.26242545 15.11332008
 16.02037773 16.44905567 15.10710736 17.31883698 16.56088469 16.59194831
 16.80318091 18.53031809 15.68489066 15.92718688 14.14413519 14.87102386
 14.10064612 14.75919483 15.95203777 14.75298211 13.85213718 15.12574553
 14.10685885 14.36158052 16.7472664  15.85884692 17.14488072 14.42370775
 14.29945328 15.97067594 15.75323062 12.57852883 15.50472167 14.6722167
 15.81535785 17.68538767 17.29398608 15.36804175 15.38667992 16.31858847
 16.96471173 15.78429423 14.28702783 14.49204771 15.69110338 15.67246521
 15.23136183 15.29348907 16.11356859 14.79025845 17.17594433 16.0638668
 16.9833499  16.7472664  14.65357853 13.46073559 14.37400596 13.76515905
 14.87102386 16.77833002 14.21868787 16.13841948 13.57877734 14.75919483
 14.75919483 16.69135189 16.90258449 14.63494036 15.58548708 15.25621272
 13.56013917 13.4917992  14.84617296 13.64090457 15.33076541 13.54150099
 16.48633201 16.2999503  16.8528827  17.31262425 15.02012922 15.71595427
 16.03280318 16.45526839 13.79000994 14.36158052 15.10710736 13.069334
 13.65954274 14.62251491 16.92122266 13.83971173 16.15705765 15.69110338
 17.03305169 14.87102386 16.73484095 18.22589463 14.62251491 13.6471173
 12.60337972 14.01988072 16.33722664 15.71595427 16.6167992  15.77186879
 16.5111829  17.02683897 15.15680915 16.5111829  17.4555169  15.74080517
 17.03926441 15.15059642]",22320.11057856233
2025-06-15 01:15:00+00:00,75,2134.41,9.0,15.787409985841744,15.630249751491052,18.48682902584493,"[12.10636183 13.76515905 15.23757455 16.48633201 14.75919483 16.77833002
 16.84666998 15.1443837  16.95228628 15.53578529 15.70974155 15.53578529
 18.40606362 14.71570577 14.67842942 14.92693837 14.48583499 15.97067594
 13.98260437 13.24950298 16.65407555 15.13817097 15.78429423 16.25024851
 16.87152087 14.95178926 15.33697813 15.36182903 14.14413519 14.66600398
 14.75298211 14.78404573 14.14413519 15.08225646 14.88966203 16.8777336
 16.52982107 15.81535785 14.70949304 15.79671968 18.0333002  15.45501988
 15.77186879 13.69060636 15.21272366 14.3305169  14.15656064 17.2194334
 16.88394632 16.97092445 16.0638668  15.13817097 16.96471173 17.39338966
 16.82181909 14.92693837 14.28081511 16.69135189 15.9582505  13.6471173
 16.00173956 16.70377734 16.91500994 15.70352883 14.59766402 15.90854871
 16.95849901 15.84020875 16.97713718 16.66650099 15.41774354 14.55417495
 14.94557654 15.36182903 15.60412525 16.52360835 16.25646123 14.0944334
 18.02708748 16.33101392 15.91476143 16.52360835 16.23782306 16.31858847
 14.21247515 14.35536779 14.75919483 14.64115308 14.62251491 15.5916998
 15.0139165  15.15059642 14.88966203 15.43016899 15.64761431 16.52982107
 16.33101392 15.92718688 16.70999006 14.74676938 13.73409543 14.93315109
 14.95800199 15.77186879 15.16302187 14.56038767 16.32480119 16.61058648
 16.95228628 15.15059642 15.66625249 16.04522863 16.31237575 14.38643141
 15.73459245 13.77758449 15.98931412 13.3054175  17.68538767 14.28081511
 13.68439364 14.97042744 17.47415507 16.82181909 18.48682903 16.79696819
 16.31858847 13.83349901 15.25621272 14.69085487 14.58523857 15.25
 16.7472664  17.05790258 14.27460239 17.46172962 16.56088469 18.09542744
 15.42395626 17.04547714 17.53628231 13.97639165 15.46744533 17.74130219
 16.10114314 14.31809145 15.74080517 15.67867793 15.10089463 16.18812127
 14.36779324 16.89015905 17.03926441 16.28752485 15.41153082 16.95228628
 15.44880716 14.58523857 15.25       15.98931412 16.11356859 14.62872763
 15.09468191 16.86530815 15.77186879 15.4612326  15.92718688 16.20675944
 17.02062624 16.08871769 16.16327038 15.12574553 14.13792247 15.31212724
 16.12599404 15.65382704 14.75298211 14.04473161 14.8834493  16.66028827
 17.95253479 15.41153082 16.39935388 15.52957256 12.39835984 14.44855865
 16.35586481 15.75323062 13.8832008  13.80864811 16.41799205 14.83374751
 15.96446322 15.54199801 16.48011928 17.31262425 16.9833499  16.48633201
 15.28727634 14.14413519]",22707.958848632134
2025-06-15 01:16:00+00:00,76,2130.2,9.0,15.774265602419124,15.617171968190853,17.989811133200796,"[13.23086481 14.98285288 14.52932406 14.80889662 13.83349901 16.33722664
 16.5360338  15.05740557 17.33747515 14.93936382 16.98956262 17.7972167
 16.60437376 14.73434394 14.89587475 16.39314115 15.21272366 15.13195825
 15.62276342 14.29945328 15.47987078 14.86481113 14.72813121 13.43588469
 14.93936382 16.90258449 14.84617296 15.74701789 14.72813121 15.75323062
 15.06983101 14.62251491 15.52957256 14.60387674 16.78454274 15.80293241
 17.49279324 17.01441352 16.83424453 17.62947316 16.34343936 14.92072565
 16.00173956 14.69085487 14.83996024 14.95178926 13.82728628 17.82206759
 16.89015905 15.19408549 15.4612326  16.36829026 17.44309145 16.98956262
 16.89015905 16.57952286 13.80243539 14.36158052 14.05094433 15.66003976
 14.98285288 15.21893638 14.18141153 14.82753479 15.74080517 17.00198807
 15.58548708 15.85884692 16.34965209 16.62301193 15.57927435 16.31858847
 15.64140159 15.19408549 16.39935388 15.5916998  15.31212724 14.28702783
 13.36754473 15.31212724 14.97042744 15.47365805 15.69110338 16.59194831
 15.77808151 16.02659046 13.9888171  16.24403579 13.80243539 15.17544732
 14.98285288 14.99527833 14.64736581 16.2750994  14.44855865 16.69756461
 17.64189861 15.83399602 15.92718688 14.88966203 15.5916998  16.68513917
 14.31187873 15.76565606 15.92097416 17.05790258 15.59791252 15.70352883
 15.4860835  15.70974155 16.82181909 14.17519881 17.902833   15.0387674
 15.76565606 14.6722167  14.11928429 14.99527833 16.11356859 16.56088469
 16.62301193 15.27485089 15.88991054 15.62897614 16.73484095 15.77808151
 15.68489066 13.97639165 14.64115308 13.16252485 13.59120278 14.85238569
 16.63543738 15.46744533 14.94557654 14.28081511 14.97664016 17.16973161
 17.29398608 15.51714712 17.66053678 13.2805666  13.44209742 15.722167
 14.41749503 15.98310139 16.60437376 15.74701789 16.56088469 17.48036779
 16.59816103 17.44930417 16.67271372 15.80293241 17.02062624 17.75372763
 13.6471173  14.94557654 15.98931412 16.38692843 14.74676938 14.98285288
 15.57927435 17.98981113 15.23757455 14.62251491 17.12002982 14.99527833
 16.82803181 16.09493042 15.59791252 14.24353877 15.82157058 14.29324056
 15.91476143 15.89612326 15.38667992 17.05790258 16.33101392 15.67246521
 16.24403579 14.80889662 16.99577535 16.38692843 15.33076541 14.31187873
 15.34940358 14.83374751 15.73459245 15.05740557 15.1443837  14.79647117
 14.65979125 15.0387674  17.57355865 17.36232604 16.82803181 16.41799205
 16.52360835 13.70924453]",22663.98299945342
2025-06-15 01:17:00+00:00,77,2128.8900000000003,9.0,15.769685662739118,15.61310263419483,18.312872763419485,"[16.0638668  15.1195328  12.75248509 14.95178926 16.52360835 15.18166004
 16.52982107 15.9582505  14.64115308 16.31237575 16.67271372 15.93961233
 17.14488072 15.75944334 15.70974155 15.81535785 13.80243539 15.08846918
 15.75323062 15.30591451 14.60387674 15.9582505  17.08275348 16.48633201
 15.97688867 15.30591451 16.6167992  14.74055666 14.98285288 14.26838966
 14.67842942 15.90854871 14.50447316 15.6973161  15.41774354 16.18190855
 15.83399602 15.23136183 17.57355865 15.31212724 14.82132207 14.70949304
 13.92047714 14.65979125 13.29920477 15.90233598 17.51764414 16.08250497
 15.39910537 17.53628231 15.46744533 14.8026839  17.99602386 17.84070577
 16.62301193 16.48011928 13.92668986 15.53578529 13.18737575 13.53528827
 16.10114314 16.23161034 15.20651093 15.74701789 15.80293241 15.52957256
 15.44880716 16.44905567 17.74130219 17.98359841 12.69657058 14.36158052
 14.51068588 15.44880716 15.70352883 15.95203777 16.10114314 14.0695825
 15.51714712 16.11356859 15.41153082 17.73508946 14.81510934 16.56088469
 13.50422465 14.93315109 14.61630219 15.4860835  14.26838966 15.31212724
 14.64115308 16.90879722 15.20029821 14.9083002  15.43016899 17.30641153
 18.03951292 16.21297217 16.13841948 15.92097416 14.29945328 14.52311133
 16.68513917 16.92743539 17.4555169  14.24975149 16.09493042 14.97042744
 15.79671968 16.64786282 17.51143141 14.98285288 18.31287276 14.97664016
 14.2249006  15.33697813 14.61008946 14.64115308 15.82157058 15.3804672
 17.05790258 14.49204771 16.7721173  14.68464215 16.56088469 16.22539761
 17.49900596 14.51068588 15.26242545 14.93936382 14.17519881 14.25596421
 15.47365805 15.85263419 15.02634195 17.50521869 15.04498012 15.97067594
 13.67196819 14.87102386 15.51093439 14.49826044 16.2750994  12.4666998
 15.10089463 16.08871769 14.59766402 14.65357853 16.84666998 15.32455268
 15.96446322 16.15084493 15.47987078 17.22564612 16.51739563 16.15705765
 14.11928429 15.18166004 15.97688867 14.74676938 15.39910537 14.82753479
 13.87698807 15.23136183 15.80914513 15.41774354 16.75969185 16.58573559
 17.62326044 18.07057654 15.29970179 14.70328032 15.5916998  15.49229622
 15.56063618 15.34319085 15.51093439 16.37450298 16.60437376 17.22564612
 15.9333996  16.34965209 16.99577535 17.53006958 14.06336978 14.57902584
 13.20601392 15.39289264 15.97067594 14.64736581 14.77162028 16.99577535
 14.9083002  16.92122266 15.18787276 16.34343936 17.86555666 14.88966203
 16.15084493 15.72837972]",22648.660353259995
2025-06-15 01:18:00+00:00,78,2088.29,9.0,15.649165645108363,15.486984343936381,17.952534791252482,"[13.13146123 14.79025845 14.57281312 14.3305169  16.34965209 14.85859841
 15.59791252 14.95800199 15.47987078 16.02659046 15.9333996  16.70999006
 16.36829026 14.59766402 14.45477137 14.28081511 15.36804175 13.71545726
 16.56088469 14.89587475 17.95253479 15.34940358 16.73484095 15.79050696
 16.89637177 17.56734592 15.47365805 13.95775348 14.53553678 12.88916501
 16.42420477 14.71570577 15.71595427 14.16277336 14.47962227 15.10710736
 16.05144135 17.28777336 16.32480119 17.00198807 15.77186879 13.24329026
 14.64115308 15.98310139 15.41774354 14.70328032 14.49826044 15.13817097
 14.64115308 16.2750994  14.96421471 14.86481113 16.71620278 15.95203777
 16.83424453 16.00173956 15.68489066 14.28081511 14.82753479 15.75323062
 15.80293241 13.87698807 14.38643141 14.72813121 16.28752485 16.93986083
 17.02062624 14.69706759 15.95203777 16.89637177 14.66600398 14.98285288
 15.49229622 15.23757455 16.00795229 14.70949304 14.40506958 15.4612326
 16.63543738 16.67892644 16.79075547 15.79050696 15.41774354 16.05765408
 15.05740557 14.26838966 15.79671968 16.32480119 15.1195328  14.85238569
 15.69110338 14.69706759 16.23161034 14.13170974 15.54199801 16.08250497
 16.95849901 16.08871769 15.54199801 14.15034791 16.54224652 14.18762425
 13.9639662  15.10089463 14.61008946 15.19408549 16.09493042 17.36232604
 15.79050696 15.34319085 15.77808151 16.48011928 16.08871769 13.82107356
 16.34343936 15.51714712 15.03255467 12.10636183 15.41774354 14.8834493
 15.52957256 16.61058648 17.18215706 15.52957256 17.04547714 14.8026839
 16.25024851 14.28081511 16.26267396 15.52335984 15.30591451 15.67867793
 15.02012922 13.48558648 15.75944334 15.64140159 16.67271372 17.10139165
 16.55467197 14.95800199 15.86505964 13.9888171  15.3804672  14.8834493
 13.57877734 15.27485089 15.19408549 14.80889662 15.10710736 15.34319085
 16.87152087 16.09493042 15.59791252 16.5111829  16.21297217 16.49254473
 15.06361829 14.61008946 15.38667992 15.20029821 15.57306163 15.88369781
 16.57952286 16.65407555 15.54199801 15.03255467 14.84617296 16.62922465
 17.71023857 17.09517893 14.49826044 14.26838966 15.54821074 15.61033797
 15.56063618 15.74701789 16.56709742 16.67271372 14.39885686 16.46769384
 15.02012922 14.49204771 16.59816103 14.46719682 14.87723658 15.85263419
 14.75298211 14.69706759 14.21868787 14.83996024 14.83374751 16.58573559
 15.21272366 15.05740557 17.30641153 15.06361829 16.48633201 16.15084493
 16.80939364 13.82107356]",22245.44858227454
2025-06-15 01:19:00+00:00,79,2138.3900000000003,9.0,15.79631173844666,15.642613071570576,18.530318091451292,"[15.3556163  15.34940358 15.41774354 13.8583499  15.02634195 15.18787276
 15.65382704 15.98310139 14.69706759 13.93290258 16.82181909 17.15109344
 17.9276839  15.82157058 13.47937376 14.0695825  13.3861829  16.99577535
 15.02634195 13.7527336  17.07654076 16.45526839 15.05119284 14.76540755
 16.62922465 17.83449304 16.25024851 14.20626243 14.27460239 13.78379722
 15.39289264 15.18166004 15.75944334 15.36804175 15.46744533 16.75347913
 15.42395626 16.75347913 15.74080517 17.03305169 17.17594433 14.13792247
 16.79075547 15.13817097 16.15705765 14.04473161 18.04572565 15.87127237
 16.46148111 15.32455268 15.54821074 16.49254473 16.36207753 17.47415507
 17.72887674 17.18836978 15.92718688 15.27485089 15.84642147 14.82132207
 15.33076541 15.21893638 15.59791252 16.17569583 15.5916998  17.34368787
 16.8777336  15.85263419 16.38071571 18.53031809 15.16923459 13.41724652
 14.41749503 14.47962227 14.97042744 14.57902584 15.4860835  16.12599404
 14.29324056 14.61630219 15.23136183 16.90879722 17.60462227 15.93961233
 13.12524851 16.07007952 14.66600398 15.26863817 13.80243539 15.76565606
 16.33722664 15.5916998  15.25       16.18812127 16.11356859 17.31883698
 17.80964215 17.67917495 16.73484095 15.57306163 15.64761431 15.66003976
 15.26242545 13.57256461 15.13195825 15.52957256 17.74130219 16.22539761
 16.35586481 15.06361829 17.12624254 17.0889662  16.72862823 14.12549702
 15.28106362 15.80914513 13.93911531 14.87102386 15.87748509 14.2249006
 15.16923459 16.00173956 17.4555169  16.44284294 17.75994036 16.25024851
 16.05144135 14.62251491 15.63518887 15.07604374 14.99527833 16.1694831
 15.34940358 15.84020875 17.42445328 16.34343936 15.21272366 16.98956262
 16.15084493 17.2194334  16.78454274 13.88941352 14.5417495  14.56038767
 14.38643141 14.85238569 14.13170974 15.18787276 14.97664016 16.51739563
 15.26242545 16.37450298 16.69135189 16.48011928 17.17594433 16.74105368
 13.65333002 13.05069583 15.16923459 15.93961233 16.12599404 13.4917992
 14.87102386 15.9582505  14.99527833 16.37450298 16.34965209 16.00795229
 15.52957256 16.09493042 15.20651093 13.40482107 14.59766402 15.03255467
 16.09493042 15.20029821 14.76540755 16.00795229 15.20651093 17.06411531
 16.18812127 14.64115308 17.64189861 17.01441352 14.21868787 14.20626243
 14.78404573 15.13195825 14.41749503 14.24975149 13.29920477 14.99527833
 17.10760437 16.5360338  16.17569583 14.41128231 15.91476143 16.0390159
 17.44930417 14.59145129]",22737.74055214714
2025-06-15 01:20:00+00:00,80,2124.76,9.0,15.755394271710163,15.600273359840953,19.21993041749503,"[15.08225646 14.89587475 15.12574553 14.95800199 14.54796223 14.85238569
 15.99552684 15.15059642 16.8777336  14.69085487 17.21322068 16.13220676
 14.47962227 12.78354871 13.82728628 13.82107356 15.41153082 16.36207753
 14.66600398 13.93911531 14.79025845 16.63543738 15.74080517 17.08275348
 16.00795229 16.7721173  16.80939364 15.23136183 15.66003976 15.13195825
 14.90208748 15.80914513 15.67246521 16.194334   16.24403579 17.17594433
 17.30641153 15.8277833  15.25621272 15.74701789 19.21993042 12.82082505
 14.44855865 14.81510934 14.4361332  13.10039761 15.75323062 16.26888668
 16.94607356 15.63518887 16.93364811 16.23782306 14.51068588 16.22539761
 16.00173956 16.57331014 14.81510934 14.8834493  15.62897614 16.20054672
 16.85909543 15.65382704 15.24378728 15.39289264 17.84070577 15.10089463
 17.74751491 15.76565606 16.6416501  18.08300199 14.51068588 13.45452286
 13.23086481 13.90183897 15.34940358 14.32430417 15.75944334 16.00795229
 18.16998012 15.6165507  16.00173956 15.15059642 14.77162028 14.91451292
 15.45501988 14.13792247 15.51093439 13.2805666  17.21322068 14.8834493
 16.0638668  15.11332008 16.77833002 17.12624254 14.26217694 16.83424453
 15.72837972 17.4555169  17.82828032 14.03851889 13.70924453 15.30591451
 14.93315109 15.28106362 16.18812127 17.05790258 15.6973161  16.1694831
 15.00149105 16.37450298 17.85934394 17.53006958 17.1945825  13.76515905
 15.77186879 15.49229622 16.15084493 15.91476143 15.81535785 15.78429423
 16.75347913 14.95178926 14.60387674 15.27485089 15.52957256 15.91476143
 17.0889662  14.18141153 14.50447316 13.88941352 16.2750994  14.65357853
 16.09493042 14.33672962 15.88991054 15.87127237 15.05119284 17.28156064
 16.18812127 18.08300199 16.84666998 13.4917992  14.42992048 14.98285288
 16.00173956 14.29945328 15.5916998  16.09493042 16.69756461 14.85859841
 15.1195328  15.76565606 15.91476143 16.70377734 17.67296223 16.20054672
 15.41774354 13.65954274 14.50447316 14.58523857 13.97017893 13.87698807
 16.82803181 15.04498012 15.5916998  17.26913519 15.66003976 16.81560636
 16.39314115 17.94632207 15.51714712 14.83374751 14.70328032 15.31212724
 16.34965209 15.41153082 15.89612326 15.9582505  16.67892644 15.87127237
 16.24403579 14.56038767 15.49229622 17.26913519 15.23757455 15.39910537
 13.31784294 14.21247515 15.31212724 16.41177932 14.36158052 15.37425447
 14.31809145 14.66600398 16.56088469 16.80318091 13.59120278 16.94607356
 16.75969185 13.56635189]",22600.847075433518
2025-06-15 01:21:00+00:00,81,2107.87,9.0,15.704862872936866,15.547806908548708,18.244532803180913,"[13.87077535 14.45477137 14.82132207 14.99527833 15.19408549 16.1694831
 16.31237575 14.79647117 16.10735586 14.70949304 15.39289264 17.75372763
 15.31212724 13.52907555 16.58573559 14.83996024 14.92072565 14.74676938
 15.68489066 16.95228628 16.34343936 15.31212724 16.2750994  16.12599404
 16.28752485 17.67296223 17.34368787 14.95178926 14.74055666 14.63494036
 15.99552684 16.88394632 15.15680915 16.23782306 15.92097416 16.1694831
 16.6167992  16.57952286 16.8777336  16.56088469 16.54845924 14.65357853
 13.73409543 14.37400596 16.36829026 15.69110338 13.21222664 15.6165507
 15.55442346 14.13792247 16.4055666  16.57952286 14.71570577 16.02037773
 15.75944334 15.86505964 16.00173956 14.305666   15.57306163 14.26838966
 14.8026839  15.23757455 16.18190855 16.05144135 12.82703777 15.6973161
 16.59816103 14.61008946 15.00770378 15.21893638 12.92644135 13.05690855
 13.59741551 14.62872763 13.52286282 14.92072565 15.49850895 18.18240557
 14.78404573 16.75969185 14.13792247 17.0889662  15.87127237 17.17594433
 14.777833   14.36779324 14.39885686 15.56063618 14.57902584 16.5360338
 16.42420477 16.42420477 15.52335984 14.5417495  17.41824056 16.76590457
 15.54199801 16.70377734 16.44284294 13.71545726 14.44234592 14.08822068
 15.40531809 15.38667992 15.25621272 15.25       16.29373757 14.87723658
 16.26888668 14.52932406 16.58573559 17.31262425 15.45501988 15.30591451
 15.47987078 15.65382704 14.96421471 16.08250497 16.35586481 15.87748509
 16.86530815 16.21297217 15.53578529 15.51714712 17.07654076 17.3499006
 16.13841948 14.2000497  14.40506958 15.67867793 13.65333002 16.45526839
 15.63518887 13.97017893 14.69085487 15.44259443 15.65382704 16.11978131
 16.45526839 15.73459245 18.2445328  14.58523857 14.23732604 15.67246521
 13.89562624 16.26888668 14.2000497  17.07654076 14.11307157 15.0387674
 15.61033797 16.82803181 16.52982107 17.98981113 16.63543738 16.50497018
 15.80293241 16.0638668  13.74030815 16.26267396 16.36207753 14.2249006
 15.89612326 15.22514911 14.59766402 16.72862823 17.06411531 16.66028827
 15.86505964 17.77236581 14.54796223 14.97664016 14.35536779 13.67818091
 15.47987078 15.8277833  15.84020875 16.34343936 17.43687873 15.5916998
 14.40506958 17.13866799 16.10114314 15.63518887 13.16873757 15.54199801
 14.08200795 14.34294235 15.57306163 15.62897614 15.33076541 15.18787276
 14.02609344 17.72266402 13.75894632 16.20675944 15.31833996 16.34343936
 16.49254473 14.79025845]",22431.78922769758
2025-06-15 01:22:00+00:00,82,2142.49,9.0,15.8063462207374,15.655349155069581,18.666998011928428,"[14.9083002  12.31138171 16.11978131 15.33076541 14.4609841  15.4612326
 15.02012922 13.08175944 17.36232604 17.57355865 16.95228628 17.64189861
 17.64189861 14.16898608 14.72813121 14.70328032 15.34319085 14.2249006
 16.2999503  15.47365805 15.62276342 16.39314115 16.13841948 15.81535785
 16.0638668  14.41128231 17.72887674 14.85859841 14.85238569 16.36829026
 14.305666   15.22514911 14.59766402 16.48633201 14.44855865 16.80939364
 17.08275348 16.46769384 17.57977137 16.21918489 16.10735586 14.97664016
 13.80243539 14.69085487 15.77808151 15.92097416 15.26242545 14.31187873
 16.21918489 15.13195825 15.93961233 13.78379722 17.56734592 16.80318091
 15.84020875 17.06411531 13.64090457 15.71595427 14.60387674 15.4860835
 15.83399602 17.18215706 17.24428429 17.13866799 16.69135189 17.23185885
 14.6722167  16.86530815 15.36804175 15.66625249 15.90233598 14.46719682
 13.59120278 13.81486083 16.02037773 15.8277833  15.71595427 14.08200795
 15.84642147 16.7472664  15.16923459 15.10710736 16.23161034 16.6416501
 15.25621272 13.74652087 14.37400596 15.33697813 16.05765408 15.74080517
 15.13195825 14.27460239 17.43687873 16.59816103 15.36804175 15.67867793
 16.42420477 16.8528827  16.11356859 15.74080517 15.98931412 15.16923459
 15.24378728 14.57902584 15.18166004 14.47340954 16.51739563 16.90879722
 16.2750994  18.00223658 16.47390656 16.43663022 17.85934394 13.08175944
 15.05119284 13.36754473 13.54771372 15.04498012 14.50447316 16.15084493
 15.21272366 17.80342942 16.46769384 15.44259443 16.66028827 17.1138171
 18.66699801 13.32405567 14.57281312 15.79050696 15.26863817 14.5666004
 14.4361332  15.26863817 16.78454274 16.2999503  16.24403579 17.53628231
 16.11978131 16.38692843 15.99552684 12.99478131 15.03255467 13.44209742
 14.99527833 16.34343936 15.87127237 16.23782306 14.20626243 15.722167
 16.97092445 14.98906561 16.62922465 15.25621272 15.44880716 17.27534791
 14.01366799 14.66600398 15.9582505  14.10685885 17.93389662 16.46769384
 15.04498012 16.82181909 16.57331014 16.80939364 16.02659046 17.3499006
 17.09517893 17.36232604 14.90208748 14.75919483 14.66600398 13.74652087
 15.1443837  14.41128231 15.47365805 16.38071571 17.26292247 14.98285288
 15.39289264 15.29348907 16.82181909 17.20700795 14.06336978 14.44234592
 17.46172962 14.53553678 14.52311133 14.34915507 14.10064612 16.67892644
 16.89637177 15.51093439 17.20700795 16.13841948 16.11978131 16.55467197
 14.87723658 13.57877734]",22771.311916099043
2025-06-15 01:23:00+00:00,83,2128.45,9.0,15.764238276899146,15.611735834990059,18.71048707753479,"[14.97042744 15.31212724 15.13195825 15.08225646 15.63518887 17.49279324
 17.13866799 16.02659046 15.29348907 16.85909543 17.90904573 17.88419483
 15.3804672  14.4609841  14.12549702 13.80864811 15.36182903 14.16898608
 15.23757455 15.59791252 16.34343936 16.22539761 14.83996024 17.35611332
 15.82157058 18.5054672  16.75969185 15.66003976 15.86505964 14.2249006
 14.72191849 14.82753479 15.00770378 15.44259443 14.65357853 15.89612326
 15.96446322 14.28081511 15.88991054 15.96446322 15.92097416 16.17569583
 13.10661034 13.83349901 14.98906561 14.84617296 15.75944334 16.93364811
 17.33747515 15.92718688 15.41774354 16.39935388 15.05740557 17.64189861
 18.71048708 15.92097416 13.70303181 14.18762425 15.04498012 15.12574553
 14.83374751 14.44234592 16.89637177 15.45501988 15.49850895 16.21297217
 17.52385686 16.45526839 17.18836978 16.2750994  14.85238569 14.87723658
 16.41799205 12.52261431 15.28106362 16.07007952 15.89612326 14.56038767
 16.84666998 16.73484095 17.23807157 15.71595427 16.61058648 15.58548708
 14.29945328 14.59766402 15.0139165  13.39239563 14.05094433 15.77808151
 15.29970179 16.09493042 14.58523857 15.66625249 15.6973161  15.87127237
 15.13817097 15.56063618 15.59791252 14.37400596 13.68439364 14.49826044
 14.75919483 14.87723658 14.00124254 15.29970179 14.69085487 14.62251491
 16.25024851 16.30616302 16.69135189 15.59791252 15.52335984 15.88991054
 12.88916501 14.01988072 16.25646123 15.36804175 16.90879722 17.10139165
 16.96471173 17.25670974 16.07629225 15.28727634 17.0889662  15.41774354
 15.09468191 13.65954274 14.70949304 14.95800199 16.14463221 14.97042744
 17.53006958 15.54199801 16.33722664 15.25       16.18190855 16.39314115
 15.4612326  16.6416501  15.68489066 16.58573559 13.60362823 15.0139165
 14.54796223 13.7527336  15.75944334 16.00795229 14.26838966 14.76540755
 17.04547714 16.85909543 16.82803181 15.37425447 16.31237575 17.97117296
 12.7027833  13.50422465 14.34294235 15.26863817 16.6167992  17.09517893
 14.90208748 16.76590457 14.24353877 16.55467197 17.69781312 14.95178926
 16.37450298 18.17619284 14.45477137 15.16302187 15.21272366 14.2249006
 14.86481113 16.35586481 15.90233598 14.94557654 15.90233598 15.49850895
 16.42420477 15.87127237 16.96471173 15.88991054 15.16923459 13.33648111
 16.29373757 15.1195328  15.97688867 15.64140159 17.21322068 14.69706759
 13.83349901 17.15109344 15.46744533 16.41799205 17.60462227 17.94010934
 16.1694831  14.68464215]",22630.435579193785
2025-06-15 01:24:00+00:00,84,2143.41,9.0,15.807717110938697,15.658207007952287,19.82256461232604,"[15.36182903 15.92097416 14.36158052 16.54224652 15.41153082 15.4612326
 16.67271372 16.48011928 17.66053678 15.62897614 16.95228628 17.83449304
 16.55467197 13.85213718 15.33076541 15.5916998  13.34890656 16.57331014
 16.82181909 14.74676938 14.92693837 16.59816103 16.80318091 16.47390656
 14.98906561 15.9333996  17.03926441 14.35536779 12.39214712 13.67196819
 13.59120278 13.9888171  15.63518887 15.16923459 15.78429423 15.42395626
 16.10114314 16.46769384 17.39960239 15.38667992 16.84666998 16.13841948
 14.68464215 14.46719682 14.36158052 14.82753479 15.60412525 15.4860835
 14.84617296 16.08250497 18.23210736 16.28131213 16.1694831  17.84070577
 16.95228628 16.69135189 12.92022863 14.6722167  14.11307157 14.72813121
 14.75298211 17.0082008  16.29373757 16.62922465 14.63494036 16.26888668
 14.51068588 15.51714712 16.08871769 16.93364811 14.40506958 17.00198807
 14.92693837 14.03851889 14.90208748 12.97614314 15.78429423 14.5666004
 16.48011928 16.79075547 16.70999006 14.69706759 18.20725646 17.62326044
 14.40506958 14.26838966 14.77162028 15.23136183 14.39885686 16.23782306
 14.93315109 15.17544732 16.18812127 16.88394632 15.37425447 18.62350895
 16.73484095 15.10710736 15.69110338 15.00770378 15.25       14.42992048
 15.43638171 14.83996024 14.45477137 15.37425447 15.54821074 17.03926441
 17.00198807 16.44284294 16.77833002 17.63568588 19.82256461 14.32430417
 16.36207753 13.4917992  13.84592445 15.15680915 16.14463221 15.34319085
 15.96446322 17.91525845 16.38692843 14.90208748 16.88394632 15.71595427
 16.84045726 14.70328032 14.13792247 15.68489066 14.26838966 15.39289264
 16.13841948 15.73459245 14.98906561 15.19408549 15.33697813 16.82181909
 16.43663022 17.0082008  17.16973161 13.31784294 13.79000994 14.54796223
 14.97042744 14.64736581 13.80864811 15.47365805 15.41153082 14.36779324
 14.32430417 14.91451292 16.54224652 16.62301193 17.86555666 17.67296223
 14.93936382 14.5666004  15.06361829 15.02634195 14.83374751 16.05144135
 16.8528827  15.19408549 17.22564612 16.50497018 16.28131213 16.52360835
 16.32480119 15.79671968 14.67842942 16.38071571 16.14463221 14.39885686
 15.66003976 15.61033797 15.87127237 15.64761431 16.47390656 16.72241551
 15.49229622 17.82206759 14.73434394 15.86505964 14.97042744 14.82132207
 13.3054175  15.79050696 15.44259443 15.08846918 15.9333996  16.01416501
 15.65382704 15.34319085 17.84691849 14.57281312 15.6165507  15.40531809
 16.66028827 15.89612326]",22775.898366356498
2025-06-15 01:25:00+00:00,85,2142.2400000000002,9.0,15.803602131711918,15.654572564612325,19.511928429423456,"[14.56038767 14.74055666 14.59145129 17.50521869 13.80864811 15.62897614
 15.20651093 14.15656064 14.89587475 16.47390656 17.69781312 15.91476143
 15.94582505 14.05094433 15.3556163  14.97664016 15.02012922 14.83996024
 16.2750994  15.56684891 16.92743539 15.49229622 17.57355865 15.85884692
 17.74751491 16.59816103 16.58573559 14.44855865 13.37375746 16.59816103
 15.68489066 14.45477137 13.8583499  15.40531809 15.64761431 15.44880716
 14.69085487 15.76565606 18.23832008 15.19408549 17.44309145 14.38643141
 13.12524851 13.46073559 15.77808151 14.87102386 15.29348907 14.72191849
 14.73434394 16.59816103 16.43663022 16.7721173  16.52360835 16.5360338
 17.73508946 16.44905567 13.36754473 14.08822068 14.08822068 15.63518887
 16.69756461 14.47340954 16.62301193 16.11978131 15.64140159 14.98285288
 17.56734592 16.74105368 16.56709742 17.73508946 14.35536779 16.07007952
 14.34915507 12.71520875 14.52311133 14.28702783 15.18787276 16.84045726
 16.69135189 15.76565606 16.14463221 16.36829026 15.56063618 16.67892644
 14.77162028 14.17519881 14.47962227 15.52335984 13.93911531 13.97639165
 16.01416501 15.88369781 15.24378728 16.41799205 16.56709742 15.90233598
 17.3250497  17.29398608 16.8777336  14.87723658 15.61033797 16.9833499
 14.9083002  14.72191849 15.58548708 14.777833   15.9333996  15.60412525
 16.02659046 15.97067594 18.28802187 17.02062624 15.4612326  15.18787276
 14.62872763 14.93315109 15.12574553 14.02609344 16.2999503  14.93315109
 15.6973161  16.36829026 16.32480119 15.9333996  15.80914513 16.89637177
 18.05193837 16.09493042 14.36779324 16.18190855 17.0082008  14.57902584
 13.79622266 15.88369781 16.80939364 15.75944334 16.96471173 15.99552684
 17.430666   14.99527833 17.6667495  15.08846918 13.78379722 14.21868787
 15.06983101 15.33697813 15.91476143 15.21272366 14.65979125 14.04473161
 16.47390656 14.21247515 16.79696819 17.0889662  16.18190855 16.67271372
 13.54150099 14.96421471 16.11978131 15.23757455 16.21297217 15.37425447
 16.25024851 16.15705765 16.62922465 17.27534791 15.62276342 16.16327038
 14.38021869 17.64811133 15.85263419 15.63518887 14.74676938 14.42992048
 13.92668986 16.95849901 15.73459245 14.5417495  17.07032803 15.17544732
 15.66625249 15.19408549 14.99527833 17.27534791 13.81486083 14.61008946
 13.97017893 15.80293241 16.194334   15.88369781 14.83996024 17.03305169
 15.3804672  14.95178926 15.97067594 15.85884692 16.15084493 16.48011928
 19.51192843 15.47987078]",22762.13129185539
2025-06-15 01:26:00+00:00,86,2132.81,9.0,15.77511806604196,15.625279572564612,18.785039761431413,"[14.37400596 15.47987078 13.4110338  14.85859841 14.87723658 15.15680915
 14.85238569 15.6165507  17.08275348 15.81535785 14.63494036 15.54821074
 16.94607356 13.82107356 15.47365805 14.65979125 15.41153082 15.31833996
 14.78404573 15.4612326  15.68489066 15.28106362 17.10760437 16.55467197
 15.45501988 15.722167   15.39289264 13.22465209 14.82753479 16.1694831
 15.36804175 15.722167   15.11332008 16.52360835 15.51093439 16.41799205
 17.00198807 17.25670974 15.83399602 16.36829026 14.57281312 15.52957256
 13.79000994 15.74080517 14.97042744 15.21272366 16.1694831  16.34965209
 15.8277833  15.75944334 15.98310139 16.35586481 17.55492048 15.84020875
 16.65407555 17.20700795 14.32430417 13.6471173  15.16302187 14.64736581
 15.6973161  14.87723658 15.47365805 15.43016899 15.93961233 15.53578529
 16.88394632 16.81560636 17.18836978 16.8777336  14.96421471 16.00173956
 15.21893638 14.23111332 15.33697813 14.6722167  15.97067594 14.74055666
 14.5666004  17.5611332  17.0889662  16.95849901 16.70377734 16.89015905
 15.00770378 14.70328032 13.99502982 14.39264414 16.16327038 14.32430417
 15.38667992 14.55417495 14.84617296 16.80939364 16.44284294 15.83399602
 16.41177932 15.43016899 17.94010934 15.69110338 14.58523857 16.68513917
 14.97664016 13.50422465 16.23161034 15.9333996  16.34965209 16.90879722
 16.24403579 15.61033797 17.16351889 17.26292247 15.80293241 14.52311133
 13.8583499  14.5417495  15.98931412 13.67818091 16.20675944 14.93936382
 15.70974155 13.87077535 14.92072565 17.13245527 16.67892644 16.31858847
 15.722167   14.41128231 14.13170974 15.41153082 14.61008946 16.67271372
 15.25621272 16.82181909 14.70328032 16.14463221 17.35611332 15.9333996
 15.80293241 16.07007952 16.75347913 15.39289264 15.93961233 14.83374751
 14.19383698 15.80293241 15.64140159 15.8277833  16.8528827  17.18215706
 16.48011928 16.59194831 16.62301193 16.91500994 16.12599404 16.98956262
 14.95800199 13.9639662  14.0695825  13.8583499  15.15059642 15.89612326
 14.74676938 14.05715706 14.33672962 14.26838966 15.1195328  16.11978131
 18.78503976 16.47390656 13.37375746 13.64090457 15.31212724 14.77162028
 15.20651093 16.12599404 15.65382704 15.29348907 14.6722167  15.13817097
 16.08250497 16.92122266 16.09493042 17.21322068 16.07007952 16.4304175
 17.03926441 14.79647117 15.70352883 15.17544732 15.22514911 15.84020875
 15.11332008 15.79671968 16.04522863 16.8777336  17.09517893 15.02634195
 16.76590457 14.95178926]",22666.835001749983
2025-06-15 01:27:00+00:00,87,2114.2,9.0,15.71954996617428,15.56747017892644,19.511928429423456,"[15.65382704 13.34269384 14.13170974 15.05740557 14.34915507 16.61058648
 15.00149105 16.6416501  15.75323062 14.15034791 15.69110338 16.24403579
 16.20054672 15.42395626 13.00099404 13.82728628 15.23757455 14.47962227
 15.62276342 13.52286282 14.18762425 14.13170974 15.55442346 16.69135189
 15.59791252 17.25049702 17.23185885 13.7527336  15.78429423 14.28702783
 12.58474155 15.09468191 15.88369781 15.70974155 15.55442346 16.15705765
 15.45501988 16.85909543 14.29324056 15.98931412 14.69706759 13.49801193
 16.51739563 13.95775348 14.78404573 15.4612326  14.39264414 16.73484095
 14.90208748 15.27485089 17.03926441 15.6165507  14.79647117 17.47415507
 17.31883698 18.38121272 14.62251491 15.73459245 15.3804672  14.98285288
 14.20626243 16.46148111 16.26267396 15.63518887 14.23111332 17.4555169
 15.45501988 19.51192843 17.80342942 16.28752485 13.89562624 14.31809145
 16.60437376 13.65954274 15.47987078 14.60387674 15.15680915 16.38071571
 15.74701789 15.66625249 15.53578529 16.03280318 16.54845924 15.96446322
 15.8277833  14.28081511 15.92718688 15.08225646 14.92693837 14.83996024
 17.04547714 14.96421471 16.21297217 15.67867793 16.74105368 16.86530815
 16.02659046 16.45526839 17.430666   14.26217694 15.23136183 15.63518887
 15.80293241 15.08225646 16.18190855 14.95178926 17.10139165 14.95178926
 15.9333996  18.00223658 15.54821074 15.39289264 17.74130219 14.85859841
 14.34294235 14.41749503 13.99502982 13.80864811 16.47390656 15.69110338
 16.21918489 14.01366799 16.28131213 15.56063618 15.36182903 16.83424453
 15.81535785 14.04473161 14.37400596 15.34940358 14.52932406 15.22514911
 16.43663022 14.74676938 17.13866799 16.24403579 15.42395626 14.48583499
 17.12002982 14.44855865 18.57380716 15.25621272 13.69060636 15.75944334
 14.77162028 14.85238569 15.77808151 15.49850895 15.93961233 15.28106362
 16.46148111 16.6416501  15.64761431 17.63568588 17.00198807 16.56088469
 15.33076541 14.84617296 16.28131213 14.75298211 16.69756461 16.82803181
 15.62276342 14.55417495 15.57927435 15.73459245 18.21968191 16.26267396
 16.70377734 17.25670974 13.8832008  14.06336978 15.74701789 16.32480119
 15.8277833  16.65407555 15.00149105 15.29348907 15.53578529 14.16277336
 16.31858847 15.4612326  15.99552684 14.24353877 13.2805666  16.20054672
 14.4361332  14.40506958 15.16923459 15.84020875 14.41749503 14.36779324
 14.41128231 16.43663022 16.50497018 17.30641153 16.38071571 16.54845924
 16.05144135 15.37425447]",22480.92636683268
2025-06-15 01:28:00+00:00,88,2107.8999999999996,9.0,15.700315774388732,15.547900099403577,18.803677932405567,"[14.05094433 13.05069583 15.86505964 13.80864811 15.49229622 16.21297217
 14.72191849 16.37450298 17.07654076 16.02037773 16.6167992  16.69135189
 16.97713718 14.48583499 15.18166004 16.03280318 15.13195825 14.72191849
 14.79647117 15.4860835  16.22539761 15.10710736 16.8777336  16.79075547
 16.56088469 16.84045726 15.23757455 12.67171968 15.29970179 14.72813121
 16.33722664 14.80889662 14.89587475 15.02634195 17.18215706 16.7721173
 15.05119284 14.5666004  14.93936382 17.02062624 16.46148111 16.2750994
 14.79647117 13.71545726 14.2249006  16.48011928 15.68489066 15.88369781
 16.21918489 15.6165507  15.70974155 15.56684891 18.23210736 15.77808151
 15.23757455 16.64786282 14.57281312 13.93911531 15.73459245 15.02634195
 17.04547714 15.25621272 14.17519881 15.09468191 15.13817097 14.8026839
 16.55467197 15.89612326 17.42445328 16.42420477 13.26814115 15.87748509
 12.66550696 13.01341948 15.4860835  16.6416501  16.04522863 15.23757455
 17.12624254 14.98285288 14.48583499 16.52360835 17.6916004  17.17594433
 13.73409543 14.47340954 14.34915507 13.95775348 15.65382704 15.69110338
 14.62872763 15.67246521 17.18215706 14.14413519 16.28131213 14.9083002
 16.34965209 16.71620278 16.39314115 14.01988072 14.03230616 15.52335984
 16.59194831 15.80293241 15.04498012 14.97664016 16.21297217 14.95178926
 15.82157058 16.46148111 16.1694831  14.89587475 17.48036779 14.75919483
 13.1749503  14.15656064 16.28131213 14.65357853 14.67842942 16.23161034
 15.60412525 15.47987078 14.08822068 15.31833996 15.78429423 17.31262425
 18.80367793 14.71570577 15.89612326 15.6165507  14.4361332  14.78404573
 14.79025845 16.51739563 15.25       16.25024851 15.92097416 16.11978131
 16.74105368 16.9833499  16.10114314 14.65357853 15.89612326 14.8834493
 14.68464215 14.74676938 15.20029821 15.0139165  14.79647117 17.81585487
 14.50447316 15.39289264 14.18762425 17.35611332 15.61033797 17.37475149
 13.98260437 13.95775348 13.83971173 14.58523857 15.32455268 15.91476143
 14.4609841  15.75944334 16.96471173 16.62922465 16.24403579 15.85263419
 15.70352883 15.52957256 16.82803181 15.08846918 14.02609344 12.73384692
 14.12549702 15.09468191 14.64736581 15.40531809 16.98956262 14.13170974
 17.4555169  15.78429423 17.62947316 15.77808151 14.29324056 15.05119284
 16.12599404 15.82157058 14.82753479 15.80293241 16.7721173  15.20029821
 16.05765408 14.63494036 16.28752485 16.69135189 16.87152087 16.71620278
 18.36878728 15.33076541]",22416.576454794947
2025-06-15 01:29:00+00:00,89,2114.87,9.0,15.720248504907872,15.569551441351889,18.44955268389662,"[14.90208748 13.83971173 12.94507952 17.26913519 14.44234592 15.15680915
 16.65407555 15.37425447 16.03280318 16.16327038 15.31833996 17.10139165
 16.05765408 15.02012922 14.18762425 13.99502982 14.03230616 15.88991054
 13.58499006 14.34294235 15.97067594 15.56684891 16.36829026 15.31833996
 15.50472167 17.65432406 18.44955268 14.87102386 15.57927435 15.00770378
 14.10064612 16.28752485 15.04498012 15.51093439 15.44880716 13.26192843
 14.76540755 15.59791252 17.25670974 16.20675944 17.62326044 15.28106362
 14.29945328 14.35536779 14.70328032 14.46719682 15.64140159 16.79696819
 14.34294235 14.91451292 16.2750994  16.84666998 16.52360835 16.86530815
 16.01416501 17.04547714 13.70303181 17.33747515 15.65382704 14.01988072
 16.32480119 14.71570577 14.40506958 15.25       15.3804672  16.82181909
 17.03305169 15.89612326 15.79050696 16.9833499  14.15656064 15.30591451
 16.54845924 13.76515905 15.13195825 14.52311133 15.46744533 16.00795229
 16.83424453 15.20029821 14.44234592 17.60462227 15.1443837  15.79671968
 14.52932406 16.07629225 15.25621272 14.36779324 14.47340954 15.47987078
 16.83424453 14.305666   15.66625249 17.06411531 15.47987078 15.03255467
 15.9333996  16.38071571 17.53628231 14.82132207 13.6222664  15.51093439
 12.90780318 15.54199801 16.7721173  15.45501988 14.15034791 15.54821074
 14.21868787 15.94582505 16.28131213 17.23185885 16.79075547 14.60387674
 15.64761431 14.10685885 16.00173956 16.21918489 16.14463221 16.21297217
 16.46769384 16.05765408 16.90258449 15.49229622 16.78454274 17.71645129
 16.84045726 13.60984095 13.42967197 15.02012922 15.27485089 14.75919483
 15.30591451 15.73459245 15.44880716 16.76590457 15.23136183 18.13270378
 17.03926441 17.46794235 15.02012922 13.73409543 15.56063618 15.94582505
 14.61630219 15.4860835  16.39314115 16.41799205 13.79000994 16.18190855
 16.65407555 15.20651093 15.72837972 16.05144135 15.41774354 16.07007952
 15.83399602 12.68414513 13.95154076 14.70328032 15.9333996  13.39239563
 13.80243539 14.27460239 15.79671968 16.89637177 15.96446322 17.03305169
 16.07629225 17.48658052 15.07604374 15.00770378 13.9639662  14.75919483
 15.74701789 14.8026839  16.194334   17.25049702 16.57331014 17.13245527
 17.3499006  17.68538767 16.81560636 17.59840954 14.84617296 15.49229622
 14.68464215 14.79647117 15.22514911 16.28752485 14.46719682 15.06983101
 15.18166004 14.35536779 14.71570577 17.30019881 16.5360338  16.36829026
 17.46172962 12.10636183]",22483.26339801978
2025-06-15 01:30:00+00:00,90,2151.95,9.0,15.829043746381828,15.684735337972166,18.654572564612323,"[13.8832008  13.70924453 16.03280318 14.49826044 15.09468191 17.08275348
 16.23782306 15.74701789 16.18190855 15.8277833  15.80914513 15.6165507
 16.95849901 14.31187873 14.44234592 17.80342942 14.44234592 16.8777336
 15.97067594 15.74701789 16.15084493 14.13170974 16.52360835 15.97688867
 16.83424453 15.31212724 16.47390656 15.39289264 15.29970179 16.21918489
 14.777833   13.58499006 15.33076541 14.83996024 17.61704771 18.00223658
 15.46744533 15.63518887 16.60437376 16.81560636 14.26217694 16.10735586
 15.00770378 16.62922465 15.00770378 15.74080517 15.22514911 16.46148111
 16.88394632 16.33101392 15.43016899 15.20029821 14.14413519 16.9833499
 18.38742545 16.84045726 15.21893638 15.54199801 13.68439364 14.05094433
 14.41128231 17.1945825  16.23782306 15.9582505  15.64140159 16.25024851
 16.72241551 16.13841948 16.66028827 17.89662028 14.71570577 12.96993042
 14.93936382 15.19408549 14.8834493  17.38717694 15.56063618 15.36804175
 14.80889662 15.71595427 17.71645129 15.74701789 17.07032803 15.07604374
 14.60387674 14.53553678 14.24975149 15.10710736 15.97067594 16.69756461
 14.92693837 17.4555169  17.36232604 16.54224652 15.72837972 14.20626243
 16.30616302 18.5054672  15.17544732 14.95178926 16.41177932 16.14463221
 14.16898608 14.11307157 15.07604374 16.20675944 17.0082008  16.89015905
 14.54796223 15.10710736 16.63543738 16.39935388 15.9582505  15.43016899
 12.65308151 14.37400596 15.81535785 16.33722664 14.75919483 14.89587475
 15.90854871 15.5916998  16.70377734 17.20700795 16.72241551 15.31833996
 16.2999503  13.63469185 14.68464215 14.05094433 14.93936382 16.24403579
 15.15059642 13.20601392 14.31809145 15.90854871 14.42992048 16.59194831
 16.80939364 16.71620278 16.87152087 14.72191849 15.6973161  15.09468191
 15.19408549 15.03255467 14.38021869 12.90780318 13.97639165 15.18787276
 15.88991054 15.77186879 18.43091451 15.11332008 18.19483101 17.54249503
 15.25       13.90183897 14.29945328 13.47937376 16.34965209 14.85238569
 14.78404573 16.68513917 15.33697813 15.53578529 15.41153082 17.34368787
 16.32480119 14.69085487 14.83996024 14.94557654 15.74701789 16.80318091
 16.6167992  14.8026839  15.4860835  16.84045726 15.88991054 16.15084493
 16.46769384 15.88369781 16.90258449 17.00198807 13.85213718 13.34269384
 14.65979125 16.85909543 13.37375746 16.8528827  16.72241551 14.77162028
 16.92743539 15.93961233 16.94607356 18.65457256 16.13841948 17.54870775
 16.89015905 14.47340954]",22847.24875789504
2025-06-15 01:31:00+00:00,91,2102.2200000000003,9.0,15.681665476997388,15.530255964214712,18.56138170974155,"[13.60984095 14.8834493  13.83971173 15.16302187 15.03255467 16.20054672
 16.2750994  15.95203777 16.86530815 15.21893638 15.57306163 17.30641153
 15.94582505 15.56684891 15.1195328  14.42992048 14.5666004  14.18762425
 13.90805169 14.0944334  14.61630219 16.62922465 16.57331014 18.35014911
 15.66003976 16.02037773 16.70999006 15.07604374 15.57306163 14.305666
 15.12574553 14.60387674 14.95800199 15.87748509 13.93290258 16.74105368
 15.722167   16.4304175  16.46148111 15.97688867 15.91476143 13.43588469
 15.07604374 14.52932406 14.84617296 15.43638171 17.31262425 14.34915507
 15.65382704 15.08846918 16.37450298 16.72862823 16.2999503  14.94557654
 15.74080517 17.29398608 13.10661034 15.05740557 15.41774354 15.8277833
 15.89612326 14.04473161 14.34294235 13.70924453 16.72862823 16.26267396
 15.81535785 16.96471173 15.16923459 16.54845924 14.10685885 14.53553678
 14.95800199 15.41774354 14.26838966 14.01988072 16.20675944 15.83399602
 14.03230616 15.58548708 15.98310139 15.77808151 16.62922465 16.2750994
 14.70328032 14.28702783 15.56063618 13.5166501  14.5666004  15.83399602
 14.42992048 13.95154076 15.4860835  14.8026839  16.89015905 15.39910537
 13.61605368 15.93961233 16.70377734 14.69085487 14.777833   14.45477137
 14.51689861 16.28131213 16.13841948 15.84020875 15.54821074 16.34965209
 16.0638668  16.1694831  16.52982107 15.97067594 18.56138171 13.6222664
 13.36133201 14.87102386 13.27435388 15.39910537 13.74652087 15.29970179
 16.95849901 15.50472167 15.62276342 18.0084493  16.31237575 14.87723658
 17.38096421 15.15680915 15.18166004 15.37425447 15.51714712 16.29373757
 15.08225646 14.48583499 15.85263419 16.07629225 16.2750994  16.84045726
 16.97713718 16.73484095 15.72837972 13.69681909 14.72813121 14.32430417
 14.68464215 12.90780318 16.2999503  14.81510934 16.78454274 14.31809145
 17.47415507 17.06411531 14.58523857 16.96471173 15.49229622 17.430666
 15.29348907 14.60387674 14.72813121 14.65357853 15.97067594 16.59194831
 16.43663022 16.44905567 17.63568588 16.68513917 16.01416501 16.43663022
 16.29373757 16.15084493 14.60387674 14.6722167  16.25646123 14.39264414
 14.5666004  15.16923459 13.98260437 16.79696819 17.12624254 16.00795229
 15.86505964 16.82181909 16.50497018 17.77236581 14.59766402 16.08250497
 15.87127237 14.47962227 15.62276342 16.10114314 15.64761431 15.06983101
 16.04522863 14.36158052 17.03305169 16.6416501  15.44880716 16.36829026
 17.430666   13.16873757]",22354.18001984246
2025-06-15 01:32:00+00:00,92,2116.0299999999997,9.0,15.721803134557335,15.573154821073558,18.592445328031808,"[16.42420477 14.15656064 15.5916998  16.29373757 16.87152087 14.32430417
 13.74652087 15.85884692 15.15059642 14.49826044 16.85909543 18.16998012
 15.40531809 15.3804672  13.36754473 14.80889662 16.79696819 13.57877734
 16.67271372 14.70328032 15.73459245 15.25621272 15.32455268 16.35586481
 14.03851889 15.70974155 18.59244533 16.0638668  15.15059642 16.08871769
 15.13195825 14.52932406 15.49229622 16.72241551 16.56709742 16.46769384
 13.47316103 15.98931412 15.92718688 16.92743539 16.48011928 12.9388668
 15.57927435 15.17544732 14.51689861 13.56013917 15.42395626 15.34940358
 16.59816103 15.43016899 14.8834493  16.95849901 15.06983101 17.0082008
 15.70974155 17.61704771 16.54845924 14.79647117 14.4609841  14.93936382
 14.79025845 14.76540755 15.6973161  14.40506958 14.87102386 16.22539761
 15.31212724 16.90258449 16.05765408 16.66650099 15.4612326  14.48583499
 15.64140159 13.92668986 14.39885686 15.1195328  15.17544732 15.15059642
 14.52311133 13.42967197 16.36829026 15.82157058 15.77186879 17.1945825
 15.36182903 14.34915507 14.36158052 15.32455268 15.94582505 14.38643141
 16.11978131 16.0638668  16.13220676 17.16351889 14.45477137 15.16923459
 16.84666998 17.28777336 15.62897614 13.74030815 14.65357853 14.80889662
 14.3305169  15.49850895 16.60437376 16.95849901 16.44905567 15.98310139
 14.47962227 16.45526839 15.31212724 17.18836978 17.03305169 14.52311133
 13.49801193 15.34940358 13.82728628 15.29970179 14.16277336 15.09468191
 15.17544732 17.15109344 15.97067594 17.02683897 15.43016899 15.66625249
 16.34343936 14.69085487 12.96993042 14.71570577 15.55442346 13.42345924
 16.08871769 16.13841948 15.37425447 16.79075547 16.75347913 15.81535785
 15.28727634 17.16973161 16.75969185 14.01988072 13.41724652 15.85884692
 14.21247515 14.93315109 14.58523857 16.92743539 16.24403579 16.89637177
 16.56088469 14.28081511 15.96446322 16.89637177 17.95874751 14.36779324
 14.81510934 15.15680915 13.97639165 15.28106362 14.88966203 16.59194831
 17.18215706 16.36207753 16.35586481 17.05790258 16.16327038 17.47415507
 16.5111829  16.6416501  15.3804672  13.82107356 15.34319085 16.2750994
 16.194334   15.59791252 14.90208748 14.64115308 15.91476143 17.22564612
 14.39885686 16.59194831 16.44284294 16.18812127 12.9140159  16.81560636
 14.82753479 15.47987078 16.70377734 14.86481113 15.68489066 15.45501988
 16.08871769 17.29398608 15.79671968 14.70949304 15.39289264 17.29398608
 17.59840954 13.65954274]",22488.46456697502
2025-06-15 01:33:00+00:00,93,2108.4000000000005,9.0,15.698677033975216,15.549453280318092,18.138916500994036,"[14.63494036 14.76540755 15.92718688 15.05740557 15.07604374 16.70377734
 15.78429423 15.27485089 14.96421471 16.64786282 17.96496024 14.17519881
 15.59791252 15.03255467 13.62847913 14.83996024 14.98285288 15.00149105
 16.11978131 16.21918489 14.52311133 16.51739563 16.44284294 16.25646123
 16.32480119 15.50472167 17.01441352 14.17519881 14.89587475 16.88394632
 14.16898608 17.4555169  16.14463221 16.38071571 16.65407555 16.07629225
 14.77162028 14.11307157 14.27460239 15.66625249 16.97713718 13.61605368
 14.51689861 15.00770378 15.93961233 16.34343936 16.7721173  16.78454274
 14.81510934 15.10089463 15.10089463 16.18190855 15.70974155 16.65407555
 17.10139165 16.49875746 13.90183897 14.18762425 15.16302187 16.33722664
 14.66600398 14.52311133 16.61058648 15.89612326 14.93936382 16.13220676
 14.81510934 15.98310139 15.9333996  17.79100398 13.83971173 14.18141153
 16.26267396 15.98310139 15.23757455 15.98310139 17.23807157 15.71595427
 16.56088469 15.8277833  16.05144135 15.65382704 17.34368787 18.1389165
 14.71570577 14.4361332  14.73434394 14.01988072 13.8832008  13.37997018
 15.75323062 15.45501988 15.54821074 14.89587475 17.26913519 15.63518887
 15.722167   15.80914513 17.62947316 15.91476143 13.59741551 14.64115308
 15.08225646 16.08871769 14.79025845 16.81560636 15.18166004 15.69110338
 15.3556163  15.80293241 16.00795229 15.75323062 16.5111829  13.74652087
 12.55989066 16.28131213 14.59766402 15.97067594 15.64140159 15.68489066
 15.51093439 16.09493042 16.1694831  15.92718688 16.17569583 16.87152087
 15.88991054 14.74055666 13.08797217 15.08846918 14.41128231 14.46719682
 15.9333996  16.23782306 14.11307157 15.51093439 15.90233598 15.66003976
 16.52982107 15.43638171 16.11356859 15.05119284 15.0139165  13.6222664
 15.16302187 15.82157058 15.76565606 15.05119284 15.0387674  16.67271372
 15.25621272 15.92718688 16.69135189 16.8528827  17.97738569 17.53628231
 14.29324056 14.07579523 13.59120278 13.39860835 16.18190855 15.25
 16.56088469 15.93961233 15.29348907 15.89612326 16.48633201 16.16327038
 16.80318091 15.64761431 14.38021869 14.69085487 15.29348907 14.11307157
 15.02634195 15.62897614 15.90854871 16.56709742 15.52335984 16.75347913
 15.00770378 14.49826044 16.32480119 15.56684891 14.83996024 13.57256461
 15.75323062 15.66625249 15.87748509 15.88991054 14.6722167  15.70352883
 16.5111829  15.12574553 15.99552684 15.25       16.01416501 16.96471173
 17.1945825  13.41724652]",22411.093884867485
2025-06-15 01:34:00+00:00,94,2109.75,9.0,15.702057937354652,15.553646868787277,17.89662027833002,"[15.47365805 15.22514911 15.29970179 16.13220676 14.34915507 14.91451292
 16.72241551 15.03255467 13.79000994 17.26292247 15.67246521 17.60462227
 15.23136183 13.77758449 14.52311133 14.4361332  13.8583499  14.94557654
 14.13170974 15.66625249 15.00149105 15.70352883 17.3250497  15.54821074
 17.07654076 17.73508946 15.722167   14.24353877 12.64686879 14.52932406
 15.34940358 15.81535785 14.92693837 17.62947316 15.75323062 15.0139165
 15.96446322 14.10685885 15.55442346 15.13195825 15.73459245 13.93911531
 12.8332505  14.05094433 15.80293241 13.33648111 14.55417495 16.70377734
 14.92072565 16.66028827 17.3499006  15.55442346 16.39935388 16.13841948
 17.18215706 17.50521869 13.24950298 13.95775348 13.34269384 13.78379722
 16.21297217 13.90183897 15.86505964 14.98285288 14.5666004  15.68489066
 17.03926441 15.78429423 16.64786282 16.75347913 13.92668986 15.75323062
 14.0944334  17.30019881 16.67892644 14.55417495 15.89612326 14.03851889
 16.10735586 17.02683897 16.93364811 15.49229622 15.58548708 17.34368787
 15.75944334 15.36804175 14.37400596 14.4609841  13.55392644 15.25
 15.70352883 15.22514911 16.37450298 16.26888668 17.16973161 16.15705765
 15.69110338 16.39935388 17.7972167  13.9639662  14.88966203 14.77162028
 15.44259443 13.92047714 16.59194831 14.21868787 14.10064612 15.08225646
 16.54845924 15.33076541 15.57927435 16.11356859 17.80342942 16.01416501
 15.79050696 14.29324056 15.31833996 16.79696819 16.82803181 16.44284294
 15.24378728 16.8528827  16.00795229 14.59766402 14.80889662 16.82803181
 16.81560636 13.10661034 15.1195328  16.11978131 16.49875746 15.33076541
 15.79671968 15.93961233 15.51093439 15.71595427 17.06411531 15.81535785
 17.89662028 14.28702783 16.12599404 15.69110338 14.41128231 15.19408549
 14.87723658 14.82132207 16.31858847 15.8277833  16.34343936 14.26217694
 16.81560636 14.90208748 17.03305169 16.61058648 17.12624254 16.17569583
 14.41128231 14.0944334  15.65382704 15.40531809 14.6722167  13.82107356
 14.62251491 15.71595427 14.16898608 17.21322068 17.43687873 17.02683897
 15.25       16.59816103 13.92668986 14.40506958 14.89587475 16.28752485
 14.79025845 14.0695825  13.0444831  14.94557654 17.57977137 15.70974155
 15.33076541 16.67892644 17.44309145 16.34343936 14.49204771 15.97067594
 15.88991054 13.6222664  15.18166004 16.34965209 15.77186879 16.39314115
 16.07007952 15.62897614 15.85884692 17.15730616 16.2999503  16.33101392
 17.48036779 15.40531809]",22422.405035213727
2025-06-15 01:35:00+00:00,95,2117.3599999999997,9.0,15.723919017209806,15.577286282306163,18.219681908548708,"[14.80889662 15.97688867 13.29920477 15.71595427 14.45477137 15.28106362
 15.80914513 14.97664016 18.10785288 16.26888668 16.05144135 17.61704771
 16.18190855 15.02634195 16.01416501 15.46744533 14.80889662 15.31212724
 18.12027833 17.66053678 13.46694831 16.37450298 15.57927435 15.69110338
 14.64736581 16.10735586 17.48658052 14.01988072 14.39885686 17.33126243
 15.22514911 15.07604374 14.72813121 14.4361332  17.34368787 17.74751491
 16.46769384 16.13841948 15.42395626 16.90879722 17.61704771 13.9888171
 15.65382704 15.55442346 14.46719682 14.16898608 14.04473161 15.19408549
 14.18762425 14.83374751 16.99577535 15.52335984 15.97688867 16.26267396
 15.83399602 16.74105368 14.63494036 12.63444334 15.71595427 14.03230616
 15.17544732 15.29348907 16.0390159  16.67271372 15.92097416 15.26863817
 15.40531809 15.67246521 16.41177932 17.48658052 14.94557654 14.56038767
 14.36158052 13.29920477 15.28106362 14.16898608 15.87748509 15.33076541
 14.79025845 16.03280318 16.28752485 16.17569583 18.11406561 16.28752485
 17.07654076 13.94532803 15.16302187 13.42345924 16.03280318 13.80864811
 15.69110338 14.03230616 16.54224652 16.10114314 16.37450298 17.31883698
 16.07629225 16.52982107 15.56684891 14.62251491 13.29299205 15.44259443
 15.70974155 15.06983101 15.4860835  16.49875746 15.79050696 14.86481113
 16.24403579 15.84020875 16.11356859 15.28727634 16.36829026 14.21247515
 15.27485089 14.6722167  15.88991054 13.49801193 15.9333996  15.39289264
 16.01416501 16.194334   15.94582505 16.72241551 17.02683897 16.66650099
 16.33101392 14.01366799 15.99552684 13.36754473 13.82728628 14.17519881
 14.65979125 16.2750994  17.1945825  15.85884692 16.24403579 16.24403579
 15.75323062 15.11332008 16.99577535 13.80864811 14.0944334  14.5417495
 13.80243539 16.26267396 15.97067594 14.28702783 16.57331014 16.13220676
 15.58548708 15.78429423 15.88369781 16.00173956 16.56088469 15.55442346
 13.34269384 14.98285288 14.78404573 13.9888171  15.11332008 12.70899602
 16.33722664 14.78404573 16.02037773 16.57952286 17.14488072 16.85909543
 16.35586481 17.16973161 14.32430417 15.3804672  15.86505964 14.13792247
 15.37425447 16.26888668 16.84666998 16.7472664  16.38692843 16.1694831
 15.40531809 16.96471173 16.21297217 16.02659046 13.93911531 14.70328032
 13.62847913 15.79671968 16.16327038 17.18215706 15.58548708 15.80293241
 14.42370775 15.02012922 16.25646123 18.21968191 15.98310139 16.84045726
 16.18812127 14.31187873]",22495.543463977123
2025-06-15 01:36:00+00:00,96,2145.5699999999997,9.0,15.806578252091382,15.664916749502982,18.729125248508943,"[15.9333996  14.58523857 16.10735586 15.29348907 15.20651093 15.41153082
 16.29373757 16.2750994  15.20651093 17.64811133 16.57952286 16.48633201
 15.44259443 14.83996024 16.00795229 15.68489066 16.01416501 15.39910537
 15.58548708 15.88369781 14.79025845 15.60412525 17.07032803 16.44284294
 17.34368787 15.58548708 16.05144135 14.49826044 16.36207753 15.08225646
 14.11928429 17.05790258 15.52335984 13.93911531 16.52360835 12.4915507
 16.38071571 16.47390656 17.13245527 14.18762425 16.49875746 14.45477137
 14.5666004  15.4612326  17.36232604 15.94582505 15.96446322 14.01366799
 15.13817097 17.31883698 16.38692843 15.722167   17.05790258 17.4555169
 17.40581511 16.80318091 14.82753479 15.92718688 14.89587475 14.52932406
 14.96421471 13.19358847 15.3804672  14.47340954 15.26863817 17.65432406
 16.49875746 15.33697813 17.05790258 17.84070577 14.65979125 15.24378728
 14.28702783 14.31809145 16.90879722 16.49875746 15.11332008 15.71595427
 14.13170974 16.34343936 16.10114314 16.09493042 16.95228628 16.5360338
 16.11356859 14.06336978 14.05094433 15.84642147 15.30591451 15.44259443
 16.39935388 16.35586481 17.54870775 17.41202783 14.03851889 15.76565606
 17.83449304 17.49279324 15.82157058 14.33672962 14.777833   14.13792247
 14.16277336 14.51068588 14.47962227 16.10114314 13.99502982 16.71620278
 17.430666   16.0390159  17.09517893 17.27534791 18.72912525 14.51689861
 13.95154076 14.85238569 14.82132207 15.23757455 15.33697813 14.50447316
 14.26838966 13.70303181 16.44284294 16.09493042 17.08275348 16.6416501
 16.92743539 14.07579523 14.38643141 14.91451292 13.72166998 16.00173956
 15.49229622 13.29920477 15.88369781 13.57877734 16.33101392 17.33126243
 16.21918489 15.9582505  16.87152087 15.21893638 14.74055666 15.91476143
 14.18762425 15.04498012 15.49850895 15.32455268 15.93961233 16.29373757
 16.84045726 15.85884692 16.13841948 16.98956262 16.52982107 16.59194831
 15.06983101 14.93936382 14.83374751 13.95775348 15.6973161  15.16923459
 17.53628231 15.87748509 16.49254473 16.02659046 16.25024851 16.67271372
 17.62947316 16.80318091 14.51068588 15.44259443 14.62251491 14.0695825
 15.18787276 15.77186879 16.60437376 15.67867793 14.35536779 15.26863817
 16.61058648 16.2999503  17.68538767 17.75994036 16.75347913 14.95800199
 15.32455268 14.20626243 15.13817097 13.9639662  15.65382704 15.13817097
 13.59120278 16.00173956 16.03280318 15.02634195 14.83996024 16.25646123
 16.51739563 13.06312127]",22772.08820019693
2025-06-15 01:37:00+00:00,97,2102.31,9.0,15.678333056308102,15.530535536779324,18.337723658051686,"[14.05715706 14.28081511 13.60362823 14.83374751 14.52311133 18.21346918
 17.84070577 15.20651093 16.82803181 15.33697813 15.65382704 16.62301193
 16.70377734 14.82753479 16.20054672 14.04473161 16.12599404 14.98906561
 15.06361829 14.86481113 15.97688867 16.11978131 17.16973161 14.17519881
 16.68513917 16.69135189 17.25049702 13.93290258 14.02609344 13.79622266
 14.47962227 15.66003976 13.7278827  15.44880716 16.4055666  15.60412525
 16.54224652 16.00795229 16.16327038 18.2445328  17.48658052 14.50447316
 14.29324056 15.3804672  14.72813121 15.20651093 14.28081511 17.42445328
 15.02634195 15.29970179 14.64115308 15.34940358 16.8777336  15.64140159
 16.74105368 16.96471173 15.02634195 14.89587475 15.97067594 14.03230616
 15.74080517 14.01366799 15.13195825 15.59791252 13.75894632 15.92718688
 15.54199801 15.43016899 15.20029821 15.76565606 15.02634195 14.5666004
 15.23136183 14.6722167  14.08200795 15.10710736 16.14463221 15.9582505
 15.58548708 16.42420477 16.4304175  18.33772366 16.0638668  16.16327038
 13.59741551 16.74105368 15.31833996 17.98359841 15.88369781 15.36182903
 15.66003976 15.95203777 16.07007952 13.66575547 15.29970179 15.98931412
 15.06361829 16.15084493 17.95874751 14.08200795 15.31212724 12.44184891
 14.96421471 15.37425447 14.39885686 13.8583499  15.89612326 16.0390159
 15.4860835  16.33101392 17.29398608 16.86530815 17.08275348 14.58523857
 13.64090457 14.42992048 14.79647117 15.24378728 15.08846918 13.9888171
 16.87152087 18.21968191 17.05790258 17.25049702 17.20079523 16.0390159
 16.36207753 14.87102386 14.23732604 14.20626243 14.08822068 14.95178926
 14.31187873 15.47365805 15.62897614 15.12574553 16.72862823 14.31187873
 17.61083499 15.63518887 16.03280318 15.82157058 15.3804672  14.61630219
 15.15059642 15.55442346 12.68414513 16.43663022 16.05144135 15.11332008
 16.00173956 15.87748509 15.62897614 15.80914513 17.64811133 16.76590457
 14.49826044 13.4110338  15.29970179 16.49254473 14.67842942 15.39289264
 15.64140159 16.8777336  14.90208748 16.52982107 15.70352883 16.64786282
 17.96496024 16.09493042 14.50447316 14.18762425 12.60959245 15.58548708
 13.00099404 17.01441352 13.67818091 15.54199801 15.54821074 15.08846918
 15.28106362 17.46172962 16.02659046 16.93986083 16.28752485 16.56709742
 16.0390159  14.59766402 12.10636183 16.43663022 16.0390159  14.79647117
 16.21918489 15.34940358 15.33697813 15.51093439 17.07654076 15.37425447
 15.56684891 13.94532803]",22343.03107318439
2025-06-15 01:38:00+00:00,98,2091.67,9.0,15.646357583604415,15.49748384691849,18.604870775347912,"[14.57281312 15.09468191 15.50472167 15.15680915 14.29324056 15.4860835
 14.93315109 15.96446322 16.46148111 16.7472664  17.48658052 15.25
 16.41177932 15.27485089 13.35511928 15.59791252 14.62872763 15.55442346
 15.64761431 15.75944334 15.92097416 14.87102386 15.97067594 17.68538767
 15.77808151 17.17594433 16.13841948 14.2249006  15.98931412 14.55417495
 14.84617296 15.88369781 15.9582505  14.01366799 16.80318091 16.66028827
 15.33697813 16.13841948 15.18787276 16.08250497 16.5360338  14.44855865
 14.26838966 14.16898608 15.1443837  16.47390656 15.51714712 14.34915507
 16.68513917 14.46719682 15.71595427 14.93936382 15.94582505 18.04572565
 13.69681909 16.04522863 13.00720676 15.76565606 16.67271372 15.25
 16.39935388 12.68414513 15.75944334 16.194334   16.43663022 15.4612326
 15.76565606 15.722167   16.70377734 16.10735586 14.80889662 14.31187873
 14.17519881 15.4612326  15.11332008 14.18141153 17.73508946 15.70974155
 15.3804672  15.98310139 15.90233598 14.42370775 14.39264414 18.44955268
 14.56038767 14.94557654 14.64736581 14.52932406 13.46073559 15.84642147
 13.9639662  14.16898608 16.15084493 16.05144135 15.73459245 18.42470179
 16.93986083 18.60487078 16.28131213 14.64736581 15.85263419 15.79050696
 15.04498012 13.98260437 14.0695825  15.83399602 14.31809145 16.70999006
 17.08275348 17.01441352 14.74055666 17.91525845 16.84045726 12.32380716
 14.16898608 13.67196819 15.02012922 14.8834493  14.92072565 15.4860835
 14.59145129 14.39264414 14.86481113 14.85238569 15.90233598 17.26913519
 17.12002982 14.51068588 14.92072565 15.77186879 15.16302187 16.26267396
 15.24378728 15.26863817 16.67892644 15.23136183 15.15680915 14.52932406
 16.20054672 16.4304175  17.28156064 15.23136183 14.69706759 13.28677932
 12.72142147 15.53578529 15.42395626 15.54821074 15.41153082 15.31833996
 14.00124254 14.38021869 17.34368787 18.02087475 15.70352883 15.00149105
 12.19955268 13.26192843 14.87102386 16.12599404 15.65382704 15.79050696
 15.17544732 16.26267396 14.93936382 16.33722664 17.48658052 14.83374751
 18.17619284 16.7472664  13.16873757 14.26217694 14.64736581 14.12549702
 14.03851889 16.82181909 15.32455268 15.64761431 15.00770378 14.84617296
 15.69110338 17.90904573 17.72266402 18.05193837 15.00149105 14.49826044
 15.20029821 14.11928429 17.97738569 15.97067594 14.17519881 14.65357853
 14.05094433 15.3556163  16.00795229 17.62947316 18.07678926 16.79075547
 16.38071571 13.77758449]",22236.05393170693
2025-06-15 01:39:00+00:00,99,2070.43,9.0,15.583107734615549,15.431504721669977,18.064363817097416,"[13.42345924 15.45501988 15.11332008 17.03926441 16.15084493 15.10089463
 15.6973161  13.97017893 16.56088469 16.84666998 16.21297217 14.75919483
 18.06436382 13.46073559 14.62251491 14.91451292 15.60412525 14.89587475
 13.64090457 17.46172962 16.96471173 15.45501988 16.20675944 14.2000497
 17.3250497  17.99602386 16.23161034 13.10661034 13.28677932 13.52907555
 14.29324056 14.77162028 15.97688867 14.59145129 15.64761431 15.92097416
 17.25670974 15.31833996 14.9083002  15.43638171 16.92122266 13.69060636
 14.6722167  15.28106362 14.68464215 15.34940358 14.37400596 15.54821074
 15.99552684 14.64115308 15.31212724 16.56709742 16.07007952 15.71595427
 15.47987078 14.82132207 14.99527833 14.2000497  14.48583499 14.91451292
 14.41128231 16.90258449 16.07629225 15.18166004 15.13195825 16.02659046
 17.26292247 16.30616302 17.03926441 15.55442346 12.41078529 15.74701789
 14.53553678 15.62897614 14.36158052 16.63543738 15.87127237 15.41774354
 15.45501988 15.86505964 15.10710736 16.6416501  16.6416501  16.15705765
 13.13146123 13.7527336  14.36158052 14.95178926 14.75919483 15.68489066
 16.25024851 14.5417495  15.89612326 14.23111332 15.44259443 16.41177932
 16.01416501 16.93986083 16.97092445 13.60362823 14.52932406 12.10636183
 15.20029821 14.26217694 14.88966203 15.67246521 15.08846918 16.66028827
 16.66028827 16.31237575 16.8528827  15.61033797 15.61033797 15.81535785
 14.72191849 13.79000994 16.57331014 15.13195825 13.86456262 15.68489066
 15.89612326 16.88394632 15.75944334 16.79075547 16.91500994 16.54845924
 15.03255467 15.09468191 15.23757455 13.8832008  14.50447316 16.05765408
 15.42395626 15.73459245 14.85238569 15.46744533 16.07007952 15.18787276
 13.69060636 15.97688867 17.07032803 14.06336978 13.81486083 14.68464215
 15.85263419 15.36182903 15.25       15.54821074 15.05740557 14.99527833
 16.18812127 17.0889662  17.84070577 17.12002982 16.78454274 17.53628231
 14.19383698 12.31138171 14.0944334  15.60412525 16.02037773 16.33722664
 15.75944334 16.81560636 15.54821074 14.27460239 15.44259443 15.75323062
 16.39935388 16.46769384 14.3305169  16.7472664  13.90805169 14.85859841
 14.9083002  14.79647117 14.92693837 14.12549702 15.9333996  15.26242545
 16.01416501 16.47390656 14.71570577 16.34965209 14.60387674 13.57877734
 13.42967197 14.23111332 15.90854871 15.05119284 16.0390159  14.81510934
 15.75944334 16.05144135 16.57952286 17.52385686 15.97067594 17.49900596
 16.65407555 13.47937376]",22024.44523692978
2025-06-15 01:40:00+00:00,100,2145.74,9.0,15.804787856668504,15.665444831013914,18.368787276341948,"[15.54821074 14.16277336 14.68464215 15.83399602 15.04498012 15.6973161
 15.65382704 15.66625249 16.59816103 15.21272366 16.72241551 17.00198807
 16.93364811 15.44259443 15.22514911 13.97639165 15.10710736 15.49850895
 16.34343936 17.50521869 15.9333996  16.18190855 16.12599404 14.39264414
 16.97713718 15.29970179 15.3804672  14.56038767 15.08225646 14.72191849
 15.80293241 16.52360835 16.35586481 17.07654076 15.08846918 16.34343936
 16.44284294 15.30591451 16.05144135 16.36207753 16.79696819 14.82753479
 13.51043738 15.31833996 15.41153082 16.85909543 15.34940358 15.62276342
 15.98931412 16.61058648 17.07654076 15.77186879 15.83399602 16.26267396
 17.28156064 16.62301193 14.23111332 14.05094433 15.03255467 14.75298211
 13.40482107 14.82753479 13.69060636 16.28752485 15.98310139 13.92047714
 16.31237575 15.98931412 17.40581511 16.20675944 14.85238569 12.75248509
 13.95154076 12.95750497 15.00149105 15.92097416 16.18812127 17.26913519
 16.65407555 17.87176938 15.66003976 16.76590457 17.74751491 17.72887674
 14.86481113 15.25621272 12.35487078 15.84642147 15.19408549 15.22514911
 15.64761431 16.78454274 15.67867793 14.36158052 15.93961233 16.54845924
 17.36232604 15.70352883 14.66600398 12.79597416 14.08200795 16.18812127
 15.31212724 16.47390656 16.39935388 16.59194831 16.80318091 15.82157058
 15.66003976 16.10735586 16.74105368 16.24403579 16.0390159  15.08846918
 17.10760437 15.60412525 14.10685885 14.8026839  16.0390159  16.20675944
 14.85238569 16.28752485 15.71595427 16.66028827 17.09517893 15.5916998
 15.80293241 16.90258449 14.02609344 14.42370775 14.96421471 13.89562624
 16.7721173  15.67867793 14.45477137 15.74701789 15.92718688 16.18190855
 16.24403579 13.47316103 16.6416501  12.63444334 14.87723658 14.8026839
 16.39935388 15.18166004 17.13245527 16.84045726 16.28131213 14.70328032
 16.70999006 17.44930417 17.5611332  15.47987078 18.36878728 16.0638668
 14.57281312 14.95178926 14.80889662 16.25646123 15.85263419 15.51093439
 16.22539761 15.18166004 16.08250497 16.61058648 16.7472664  16.36829026
 16.34343936 16.88394632 15.25       12.78354871 15.12574553 14.18762425
 15.61033797 15.24378728 15.98310139 15.20651093 15.37425447 16.68513917
 15.74080517 14.34915507 16.60437376 17.56734592 13.27435388 14.59145129
 13.44831014 14.41749503 15.26863817 15.86505964 15.53578529 15.00149105
 16.71620278 17.47415507 15.65382704 16.59816103 16.31858847 16.62922465
 15.90854871 14.37400596]",22766.09825327015
2025-06-15 01:41:00+00:00,101,2105.73,9.0,15.686160323801724,15.541159294234593,18.20104373757455,"[14.71570577 13.74652087 14.77162028 14.85238569 16.20054672 14.12549702
 15.722167   15.47365805 16.2750994  15.98931412 16.66028827 15.00770378
 15.10710736 15.79671968 13.70924453 14.02609344 15.4612326  15.0387674
 15.39289264 16.59816103 16.01416501 16.84666998 15.67246521 16.99577535
 17.41202783 18.20104374 15.71595427 15.31833996 15.54199801 13.82107356
 13.13767396 14.32430417 13.81486083 17.74130219 16.03280318 16.07629225
 15.66003976 16.33722664 16.41799205 17.49900596 16.70999006 15.37425447
 16.31858847 14.13170974 14.8026839  15.89612326 14.70328032 14.44855865
 16.194334   15.39289264 17.51764414 17.28777336 15.64140159 14.52311133
 15.64761431 17.17594433 14.57281312 14.49826044 14.38643141 14.8026839
 15.1443837  14.21868787 15.31212724 17.57977137 15.77808151 16.62301193
 16.08871769 16.02659046 15.84020875 14.95178926 14.00745527 15.31212724
 14.63494036 16.46769384 15.94582505 16.26888668 16.02659046 16.07007952
 16.42420477 15.02634195 14.19383698 17.04547714 15.96446322 16.7472664
 12.10636183 15.15059642 13.70924453 16.0390159  15.45501988 14.85859841
 16.41177932 16.25024851 15.57927435 15.23757455 16.33101392 15.46744533
 17.91525845 15.89612326 15.4612326  13.7527336  15.51714712 14.74676938
 14.01988072 14.93936382 14.19383698 16.10735586 16.01416501 15.33697813
 16.21918489 16.86530815 16.97092445 17.62326044 15.88369781 14.21868787
 13.8832008  15.85884692 15.81535785 15.47987078 15.05740557 14.15656064
 16.39314115 15.64761431 16.62301193 15.59791252 14.69085487 16.44905567
 16.54224652 13.34269384 15.20651093 13.79000994 15.77808151 14.99527833
 13.77137177 16.09493042 16.70999006 17.02062624 17.05168986 16.23782306
 15.88991054 16.72862823 16.11356859 14.15034791 14.38021869 15.37425447
 15.28106362 13.22465209 15.21893638 15.03255467 15.08846918 15.44880716
 16.22539761 16.56709742 15.30591451 17.65432406 15.70352883 16.5360338
 15.16923459 12.63444334 13.57877734 15.91476143 16.21918489 15.29970179
 14.95800199 15.49850895 15.98310139 14.10064612 15.93961233 16.02659046
 18.07057654 16.11978131 14.52932406 15.41153082 14.54796223 16.17569583
 13.79622266 14.40506958 14.41128231 14.80889662 14.42370775 17.05790258
 15.66625249 16.47390656 15.87748509 17.05790258 14.87723658 13.87698807
 16.05765408 12.92022863 14.71570577 15.74080517 17.05790258 16.32480119
 15.65382704 15.78429423 16.13220676 16.6167992  16.38692843 16.18812127
 16.91500994 15.45501988]",22369.217979311048
2025-06-15 01:42:00+00:00,102,2149.74,9.0,15.81548620525395,15.677870278330019,18.480616302186878,"[15.13195825 16.13841948 15.58548708 15.81535785 15.00149105 15.64140159
 14.95178926 15.3804672  16.33101392 16.21918489 18.4806163  16.0638668
 17.36232604 15.37425447 15.61033797 15.07604374 13.3054175  16.41799205
 15.32455268 13.7527336  18.05815109 16.69135189 16.63543738 15.4860835
 16.54845924 17.60462227 16.7721173  14.42992048 14.04473161 14.51689861
 15.31212724 15.79050696 16.7721173  16.39935388 14.62872763 14.24353877
 15.66003976 15.55442346 16.69135189 15.98310139 16.48011928 14.51689861
 15.79050696 14.26217694 14.83996024 15.49229622 14.78404573 15.6165507
 15.70974155 16.14463221 14.74055666 17.6916004  15.74701789 18.40606362
 16.7472664  17.26913519 12.60959245 15.08846918 13.82728628 14.88966203
 13.37375746 16.36829026 17.33747515 16.05765408 16.0390159  16.70377734
 15.84020875 17.60462227 17.23185885 16.88394632 14.18762425 14.82132207
 14.4361332  15.74701789 14.15656064 15.25       17.25670974 15.62276342
 14.52311133 16.02037773 16.4304175  17.02683897 17.25049702 18.38121272
 14.305666   15.26242545 14.21868787 16.44905567 16.07629225 15.78429423
 15.60412525 16.44284294 16.08250497 14.29945328 15.16302187 16.25024851
 16.37450298 17.79100398 17.30019881 14.5666004  15.86505964 13.75894632
 14.61008946 15.71595427 15.66625249 15.13195825 15.46744533 15.78429423
 15.8277833  15.67246521 14.85859841 16.38071571 16.56088469 15.87748509
 14.76540755 14.84617296 14.4361332  16.11356859 14.33672962 17.16351889
 13.44831014 16.08871769 16.42420477 16.9833499  16.17569583 17.29398608
 16.50497018 14.39264414 15.0139165  13.63469185 15.18787276 16.26888668
 15.22514911 16.44284294 15.0139165  17.48658052 14.94557654 14.97042744
 15.99552684 17.430666   17.6916004  14.12549702 14.42992048 15.77808151
 14.20626243 15.63518887 14.26838966 15.1443837  14.51689861 14.24353877
 16.42420477 15.57306163 15.33076541 16.93364811 16.16327038 15.88369781
 14.6722167  15.88991054 15.75323062 12.79597416 16.45526839 15.92718688
 15.8277833  15.42395626 15.07604374 16.82803181 15.99552684 16.194334
 17.46172962 17.04547714 15.00770378 14.41128231 14.9083002  14.87723658
 14.32430417 15.23136183 15.04498012 14.36779324 16.29373757 15.18787276
 15.96446322 16.96471173 14.82132207 17.64189861 16.41177932 15.0387674
 14.8834493  15.64761431 15.00770378 16.25024851 14.79647117 15.56684891
 14.69706759 16.74105368 15.98931412 16.08250497 15.21893638 17.39960239
 17.10139165 14.26838966]",22801.89064829762
2025-06-15 01:43:00+00:00,103,2114.38,9.0,15.710594475205585,15.568029324055665,18.592445328031808,"[15.28106362 14.65979125 15.45501988 16.10114314 16.67271372 13.95775348
 14.70949304 14.62251491 14.83996024 15.15059642 15.08225646 16.93364811
 16.10114314 14.8026839  14.777833   13.46073559 15.1195328  14.91451292
 14.72191849 15.62276342 14.98906561 16.23782306 16.55467197 14.83374751
 15.67246521 14.72813121 15.57927435 14.45477137 13.40482107 15.70974155
 13.78379722 17.88419483 15.21272366 15.63518887 15.24378728 15.09468191
 17.08275348 17.44930417 16.16327038 16.13220676 15.88991054 13.47937376
 14.74676938 13.18116302 14.01988072 14.82753479 15.21272366 15.18787276
 15.11332008 16.11978131 16.23161034 16.20054672 16.33101392 15.17544732
 18.48682903 16.25024851 15.15680915 14.77162028 15.33076541 13.89562624
 15.32455268 14.26217694 14.49204771 14.76540755 14.8026839  15.54821074
 16.43663022 16.74105368 17.33126243 17.86555666 16.0638668  14.3305169
 14.92693837 14.32430417 16.44284294 16.14463221 16.49875746 15.10710736
 16.16327038 15.25621272 16.0638668  17.24428429 16.4055666  16.84666998
 14.21247515 13.39860835 14.25596421 13.67818091 15.50472167 15.20651093
 15.74701789 13.2805666  14.85238569 18.59244533 15.93961233 16.14463221
 16.09493042 18.15755467 15.99552684 13.95775348 15.63518887 15.05740557
 15.6165507  16.39314115 15.81535785 14.64736581 16.43663022 15.88991054
 15.61033797 15.85884692 17.04547714 16.52982107 18.00223658 13.7278827
 14.40506958 16.46769384 15.56063618 13.84592445 15.63518887 14.10685885
 15.83399602 15.50472167 15.92718688 15.70974155 14.50447316 16.81560636
 17.97117296 14.52932406 15.3556163  14.59766402 15.05119284 15.58548708
 16.14463221 14.69706759 16.65407555 14.59766402 16.33101392 15.90854871
 15.85884692 15.86505964 16.89637177 12.35487078 13.50422465 13.08175944
 14.69085487 14.74676938 17.46172962 15.43638171 15.64761431 15.28727634
 17.0889662  16.48633201 16.96471173 17.48658052 18.40606362 17.22564612
 14.87102386 15.78429423 13.79000994 14.76540755 17.10760437 13.95154076
 16.03280318 15.91476143 16.18812127 16.47390656 17.29398608 15.95203777
 15.57927435 15.37425447 15.39910537 13.11282306 13.79000994 16.99577535
 15.05740557 15.16302187 16.15084493 16.5360338  15.06361829 15.56684891
 14.91451292 15.77186879 15.72837972 16.77833002 15.49229622 15.15059642
 13.67818091 15.52957256 16.07007952 16.09493042 16.89015905 14.46719682
 16.26267396 16.8528827  15.96446322 16.35586481 16.90258449 16.68513917
 18.03951292 14.71570577]",22450.964876247814
2025-06-15 01:44:00+00:00,104,2148.9599999999996,9.0,15.812105484448466,15.67544731610338,18.791252485089462,"[13.46694831 15.26242545 16.07007952 12.41078529 14.16277336 16.21297217
 16.2750994  15.36804175 16.37450298 17.85313121 15.37425447 17.44930417
 16.1694831  13.87698807 12.98235586 14.61630219 14.92072565 15.19408549
 16.00173956 16.8777336  15.28727634 17.15109344 15.56684891 15.50472167
 15.8277833  15.73459245 16.49875746 14.57902584 16.44284294 15.94582505
 15.96446322 14.85859841 15.30591451 16.05144135 16.6416501  15.13817097
 14.52932406 17.07654076 16.07629225 15.75944334 15.47365805 15.54199801
 16.68513917 14.77162028 14.67842942 15.9582505  16.31237575 16.59194831
 15.47365805 15.4860835  15.02012922 17.20700795 15.25       16.89015905
 17.56734592 17.26913519 13.72166998 15.04498012 16.194334   14.53553678
 17.07032803 15.02634195 15.87748509 15.0387674  16.65407555 15.24378728
 16.70999006 17.03926441 16.2999503  15.67246521 13.37997018 14.67842942
 14.59145129 16.44905567 12.20576541 17.16351889 16.13841948 15.47987078
 16.72862823 16.20054672 14.5666004  16.66650099 17.39960239 16.44905567
 14.03851889 14.37400596 13.73409543 14.35536779 13.069334   15.47365805
 16.97713718 14.28702783 15.96446322 16.15084493 16.0390159  17.52385686
 15.98931412 16.94607356 15.64761431 15.26242545 15.70352883 14.97042744
 15.98310139 15.67867793 16.5111829  15.0387674  16.59194831 17.64811133
 14.10685885 18.09542744 18.27559642 15.30591451 16.39935388 14.07579523
 15.78429423 14.20626243 16.13841948 14.82753479 15.67867793 17.02683897
 15.49229622 13.97639165 15.08846918 16.82181909 16.07007952 15.49850895
 17.44930417 16.39935388 13.92668986 15.12574553 14.99527833 16.2750994
 17.4555169  16.14463221 16.32480119 13.93290258 16.11356859 15.72837972
 16.62922465 17.52385686 17.18836978 15.90854871 17.06411531 16.21297217
 14.74055666 15.21893638 15.86505964 14.95178926 18.03951292 16.5360338
 15.21893638 14.03230616 17.0082008  17.42445328 16.54845924 16.37450298
 14.95800199 13.23707753 13.91426441 13.4917992  16.24403579 14.27460239
 14.93315109 15.43638171 16.31858847 16.44905567 16.59194831 15.33697813
 17.27534791 17.75372763 14.02609344 14.53553678 13.8583499  14.36158052
 14.07579523 13.93290258 15.07604374 16.01416501 16.30616302 13.82107356
 17.48036779 17.83449304 15.28106362 18.79125249 14.27460239 14.36779324
 15.13195825 15.71595427 15.25       16.48011928 14.4609841  15.6973161
 14.46719682 14.87102386 15.56684891 15.74701789 17.20079523 16.05144135
 17.78479125 13.9639662 ]",22790.580108770788
2025-06-15 01:45:00+00:00,105,2151.33,9.0,15.818570125395599,15.682809393638172,18.828528827037772,"[16.33722664 14.66600398 17.34368787 13.99502982 18.09542744 16.13841948
 14.92693837 16.72241551 16.33101392 15.9333996  15.98931412 15.94582505
 17.62947316 14.12549702 14.3305169  15.08846918 13.82107356 14.98285288
 15.87748509 15.43638171 15.85884692 13.77137177 14.98906561 14.91451292
 16.38692843 16.39935388 16.67892644 16.69135189 14.17519881 14.83374751
 15.31833996 15.70352883 15.84642147 15.72837972 15.19408549 15.10089463
 15.8277833  16.20054672 15.18787276 16.46769384 16.37450298 14.15034791
 15.4612326  14.70949304 14.98285288 15.47987078 14.02609344 14.78404573
 16.08871769 15.62897614 15.25       17.1945825  16.8777336  15.31212724
 17.1138171  16.98956262 13.91426441 14.777833   15.63518887 15.23757455
 15.51714712 16.07629225 16.28131213 15.67867793 14.74055666 16.39314115
 16.92122266 16.34965209 15.5916998  17.09517893 15.44259443 14.42370775
 15.29348907 15.47987078 17.26292247 15.1443837  16.55467197 14.70328032
 15.00149105 16.12599404 16.35586481 15.04498012 16.75969185 15.34940358
 15.86505964 14.42370775 16.31858847 12.93265408 16.32480119 16.04522863
 15.98310139 15.46744533 14.92693837 15.722167   15.98931412 17.16351889
 16.66650099 16.5360338  17.20700795 13.47937376 14.70949304 14.93936382
 14.19383698 16.49254473 15.16923459 13.87698807 14.95178926 17.47415507
 15.94582505 17.68538767 15.3556163  15.5916998  16.70377734 15.90854871
 14.94557654 14.72191849 13.9639662  15.23757455 15.47987078 15.55442346
 15.71595427 17.5859841  16.79696819 16.22539761 16.68513917 16.194334
 16.6167992  14.65979125 14.73434394 13.54150099 15.25       13.99502982
 16.03280318 16.97713718 16.25646123 15.88369781 14.77162028 17.18836978
 16.44284294 14.92072565 17.68538767 14.71570577 15.60412525 14.16898608
 13.09418489 16.4304175  14.26217694 14.38021869 16.57952286 15.87127237
 15.38667992 15.9333996  15.67246521 17.54249503 15.25621272 18.82852883
 13.49801193 15.67867793 14.71570577 14.42992048 15.39910537 16.02659046
 15.44259443 15.20651093 16.42420477 16.22539761 16.96471173 16.2750994
 17.15730616 15.77808151 14.2000497  14.65357853 14.94557654 14.01366799
 16.59194831 15.71595427 14.64115308 14.98906561 17.03926441 15.72837972
 17.49900596 16.66028827 17.53006958 17.59840954 15.94582505 15.60412525
 15.36182903 13.77137177 16.96471173 15.03255467 15.98310139 15.89612326
 16.08871769 15.51714712 15.75944334 16.52982107 16.03280318 17.22564612
 16.59194831 14.82132207]",22812.20821152351
2025-06-15 01:46:00+00:00,106,2134.13,9.0,15.767289600967654,15.629379970178924,18.729125248508943,"[15.22514911 15.70352883 15.25       15.66003976 14.60387674 15.02634195
 15.43016899 16.86530815 14.92693837 13.67818091 16.85909543 17.17594433
 15.84642147 13.90805169 15.75323062 14.90208748 14.80889662 16.63543738
 14.91451292 16.94607356 15.97688867 15.75323062 14.0695825  15.77186879
 16.6167992  14.41749503 16.95228628 14.24975149 14.64736581 14.03851889
 14.92693837 13.40482107 13.94532803 14.8026839  14.75919483 15.33697813
 16.39314115 14.49204771 16.7721173  16.4304175  16.01416501 14.82132207
 14.24353877 13.59120278 15.70974155 14.67842942 15.75323062 15.33697813
 14.4361332  16.75969185 15.74701789 16.5360338  15.04498012 16.49875746
 15.93961233 16.92743539 13.83349901 15.32455268 14.05094433 16.5360338
 14.99527833 15.53578529 14.74055666 16.2999503  16.13841948 16.03280318
 15.95203777 14.41128231 17.63568588 17.36232604 14.49204771 14.78404573
 14.38021869 14.86481113 15.94582505 14.36779324 13.15631213 14.11928429
 17.23807157 16.52360835 15.80293241 15.90233598 17.30641153 17.5859841
 13.70303181 15.8277833  14.89587475 13.92047714 14.39264414 16.03280318
 14.8834493  15.21272366 16.79075547 16.80318091 16.44905567 17.1138171
 17.82828032 17.03305169 16.29373757 14.78404573 15.58548708 14.72191849
 15.49229622 14.23111332 15.16302187 16.34343936 16.70377734 13.44209742
 15.6165507  15.9333996  15.722167   17.93389662 17.430666   14.35536779
 14.51068588 15.66625249 14.5417495  15.13817097 16.5360338  15.62897614
 15.42395626 14.60387674 15.49850895 16.86530815 16.79075547 18.375
 17.53628231 13.18116302 13.8832008  15.37425447 15.81535785 14.2000497
 15.08846918 14.97664016 14.53553678 15.83399602 15.57306163 16.98956262
 18.72912525 16.62922465 15.17544732 15.36182903 15.03255467 14.08822068
 14.02609344 15.56063618 14.71570577 17.1945825  16.13220676 16.54224652
 16.05144135 15.98931412 16.77833002 17.97117296 17.57355865 17.14488072
 15.44259443 14.87102386 14.9083002  15.12574553 13.89562624 15.87748509
 15.26242545 15.39289264 15.44259443 16.02659046 15.42395626 16.7472664
 16.20054672 16.79696819 15.00149105 15.18787276 15.45501988 15.31212724
 14.69085487 16.21297217 15.34319085 17.10760437 17.29398608 15.67867793
 15.85884692 16.6167992  17.00198807 15.29970179 15.50472167 14.5417495
 16.194334   15.44880716 16.66650099 16.79075547 16.61058648 16.24403579
 14.56038767 15.74080517 14.16277336 17.6916004  18.08300199 15.87748509
 16.20675944 14.93936382]",22640.644088997382
2025-06-15 01:47:00+00:00,107,2139.08,9.0,15.781381465845268,15.644756461232605,18.57380715705765,"[13.80243539 16.59816103 14.48583499 15.02634195 14.83374751 16.69756461
 15.59791252 17.26292247 14.9083002  16.49875746 17.79100398 16.59194831
 17.26292247 14.70949304 14.75919483 16.39935388 13.97017893 15.32455268
 15.20651093 14.34915507 15.67246521 15.9333996  15.24378728 15.22514911
 16.97713718 17.57355865 16.02037773 14.76540755 15.28106362 16.4055666
 14.50447316 13.95775348 13.67818091 15.67867793 16.4304175  16.67892644
 16.44284294 15.52335984 18.09542744 16.90879722 17.3250497  14.04473161
 14.74055666 13.05690855 16.74105368 14.29945328 14.00124254 15.73459245
 15.08225646 15.40531809 16.43663022 16.97713718 16.41177932 18.55516899
 17.35611332 17.97117296 15.4612326  13.71545726 15.53578529 15.24378728
 15.70974155 16.48011928 15.50472167 18.57380716 17.03926441 16.5360338
 16.41177932 17.99602386 15.73459245 16.59194831 14.69085487 15.43016899
 14.15034791 13.92668986 13.22465209 15.0139165  16.8777336  15.72837972
 15.41153082 16.69135189 17.68538767 17.20079523 16.28752485 16.17569583
 12.87673956 15.95203777 13.85213718 15.29970179 14.62872763 14.0695825
 16.14463221 17.85313121 15.82157058 15.98310139 16.90258449 14.82753479
 17.05790258 16.51739563 17.64811133 15.90233598 13.54771372 15.44259443
 15.44259443 13.19980119 14.34915507 15.60412525 16.15084493 18.04572565
 14.75919483 16.97713718 16.29373757 16.2999503  14.97664016 15.80293241
 14.66600398 14.63494036 15.04498012 15.10710736 15.05740557 15.39910537
 15.49229622 16.00795229 15.56684891 15.78429423 15.52957256 16.46769384
 16.38071571 14.19383698 15.24378728 13.61605368 15.16923459 14.38021869
 17.17594433 16.11978131 15.44880716 17.17594433 16.66650099 15.33697813
 16.33722664 15.33697813 15.72837972 14.85859841 13.13146123 16.2999503
 15.4612326  14.26217694 16.21297217 16.92743539 15.60412525 16.69135189
 16.36829026 14.77162028 15.10710736 17.80964215 16.90258449 15.84020875
 15.25       14.51068588 14.57281312 15.23136183 14.54796223 15.0387674
 14.42370775 14.93936382 16.14463221 17.1138171  16.43663022 17.5611332
 16.68513917 15.28106362 14.49204771 12.88916501 14.36779324 13.26814115
 14.85238569 15.10710736 14.29945328 14.8026839  14.69706759 16.52360835
 15.54821074 15.74701789 15.73459245 18.35014911 13.08797217 13.66575547
 15.24378728 16.62301193 15.26863817 14.28702783 15.54199801 16.08250497
 15.97688867 17.15109344 16.4304175  15.98310139 17.61083499 17.4555169
 14.87723658 13.46073559]",22687.78983213193
2025-06-15 01:48:00+00:00,108,2116.19,9.0,15.71332305340721,15.573651838966203,18.480616302186878,"[13.41724652 14.61630219 13.97639165 13.49801193 15.02012922 16.23161034
 16.33101392 15.60412525 17.48036779 16.35586481 16.79075547 17.46172962
 16.54224652 12.10636183 15.05119284 14.49826044 15.45501988 16.34965209
 13.31163022 15.10710736 16.39935388 15.54199801 16.98956262 14.26217694
 16.81560636 17.28156064 15.57927435 14.74676938 12.83946322 14.90208748
 15.1443837  14.00745527 15.70974155 15.19408549 14.34915507 16.20054672
 15.75944334 15.85263419 14.90208748 14.35536779 16.37450298 15.33076541
 15.97067594 15.20029821 15.54821074 15.0387674  15.05119284 14.21247515
 15.03255467 16.31858847 15.88369781 14.84617296 14.39885686 15.96446322
 16.52982107 16.92743539 14.0695825  13.70303181 14.37400596 13.83971173
 13.69060636 14.68464215 16.02659046 17.0082008  15.85884692 16.10114314
 14.6722167  14.9083002  17.03926441 17.44309145 15.80914513 15.88369781
 16.6167992  15.6973161  14.36158052 15.77808151 15.77186879 15.96446322
 14.92693837 17.77236581 15.98310139 14.89587475 15.84020875 17.04547714
 12.33001988 14.63494036 15.56063618 14.67842942 15.1195328  14.39885686
 15.00770378 15.6165507  16.46148111 15.77808151 16.00173956 16.29373757
 17.49279324 16.94607356 15.88369781 15.97067594 13.7527336  15.4860835
 16.01416501 16.2750994  14.79025845 16.30616302 15.21893638 16.54224652
 17.15730616 17.82206759 16.83424453 15.98310139 16.8528827  13.29920477
 13.92047714 14.98906561 16.13841948 16.60437376 15.68489066 16.59816103
 18.4806163  14.10064612 17.59840954 16.33101392 17.2194334  15.00770378
 17.66053678 13.36754473 12.39835984 15.49850895 14.73434394 15.28727634
 14.07579523 14.28081511 15.39289264 17.85313121 14.99527833 16.0390159
 17.04547714 17.91525845 16.45526839 14.69085487 13.71545726 14.01988072
 16.17569583 15.33076541 16.32480119 14.305666   15.90233598 17.0889662
 17.49900596 16.18812127 15.10710736 15.06983101 15.49850895 16.88394632
 15.52335984 13.2805666  13.92047714 14.54796223 15.66003976 14.65979125
 15.95203777 16.2999503  16.08871769 16.91500994 16.16327038 16.49875746
 16.39935388 16.92122266 14.94557654 16.16327038 13.80243539 15.98931412
 14.82132207 16.38071571 16.69135189 15.52335984 14.47962227 15.98931412
 16.25646123 16.99577535 17.30019881 16.72862823 15.20651093 13.23086481
 16.09493042 15.33076541 14.59766402 15.51093439 14.88966203 15.10710736
 14.77162028 14.55417495 16.74105368 16.44284294 18.15134195 17.67917495
 15.46744533 13.64090457]",22460.09360747916
2025-06-15 01:49:00+00:00,109,2082.17,9.0,15.612426314199377,15.467973409542742,18.54895626242545,"[14.36779324 15.56063618 15.16302187 15.08225646 15.68489066 16.30616302
 16.12599404 15.98931412 15.99552684 14.82753479 15.23757455 16.74105368
 15.45501988 14.84617296 15.13195825 14.72813121 14.61630219 16.22539761
 14.69085487 15.84020875 16.62301193 15.21893638 16.0390159  16.22539761
 14.83996024 16.28131213 17.08275348 13.79000994 13.44831014 13.33648111
 14.41128231 13.54150099 15.09468191 16.65407555 16.34965209 16.92122266
 16.41799205 18.54895626 14.90208748 17.09517893 15.85263419 15.33697813
 14.26838966 13.23086481 15.41774354 15.92718688 13.13146123 15.67246521
 16.03280318 17.49900596 14.54796223 16.56709742 15.79050696 16.78454274
 15.40531809 15.98310139 13.67196819 13.61605368 13.05690855 16.94607356
 13.26814115 15.00149105 15.62276342 14.64736581 15.07604374 16.01416501
 16.73484095 17.07654076 15.9582505  17.31883698 14.00745527 15.87127237
 14.66600398 14.8834493  14.68464215 15.57927435 16.48633201 16.75969185
 16.00795229 17.0082008  15.08846918 16.63543738 14.16277336 15.37425447
 14.95800199 14.17519881 14.26217694 13.85213718 16.7721173  15.65382704
 15.51714712 14.61630219 16.61058648 14.23732604 15.80293241 14.97664016
 15.10089463 17.02683897 15.13195825 14.02609344 15.96446322 14.78404573
 14.96421471 14.88966203 15.64140159 14.61008946 15.47365805 16.45526839
 13.2805666  15.77186879 17.21322068 15.722167   16.50497018 14.34294235
 14.08200795 15.04498012 14.15034791 15.10710736 16.34343936 15.93961233
 16.82181909 16.2750994  14.11307157 18.17619284 16.42420477 15.18166004
 17.51143141 16.00173956 14.82753479 15.51714712 14.01366799 15.06361829
 13.46694831 15.16923459 16.99577535 15.43016899 15.52335984 16.4304175
 15.10710736 15.66003976 17.53006958 16.41177932 14.8834493  13.52907555
 14.35536779 14.46719682 16.8777336  16.42420477 15.06361829 15.58548708
 14.40506958 15.39289264 15.31833996 16.26267396 15.67246521 15.41153082
 14.05715706 14.68464215 15.36182903 13.78379722 13.13767396 15.51714712
 14.3305169  16.71620278 16.10735586 15.96446322 16.93986083 17.03926441
 17.23185885 17.46172962 15.22514911 15.6165507  13.86456262 15.82157058
 15.25       16.0638668  15.11332008 14.32430417 16.61058648 14.86481113
 15.33697813 15.66003976 17.87798211 17.04547714 15.49850895 14.92072565
 13.54150099 15.26863817 16.1694831  14.03230616 17.51143141 13.24950298
 16.08250497 16.74105368 14.51068588 16.80939364 14.98906561 17.12002982
 16.92122266 12.80218688]",22122.533476785433
2025-06-15 01:50:00+00:00,110,2142.94,9.0,15.791265810467426,15.656747017892645,18.648359840954274,"[13.69060636 13.29299205 15.74080517 15.71595427 14.44234592 14.51689861
 15.8277833  14.8834493  16.76590457 15.71595427 15.66625249 15.64140159
 15.66625249 13.58499006 14.61630219 13.73409543 14.83374751 14.44855865
 16.20054672 15.75323062 15.03255467 15.79671968 16.79075547 16.02037773
 15.93961233 17.48658052 18.63593439 15.1443837  15.07604374 15.13195825
 15.16923459 16.46769384 15.16923459 15.72837972 13.31784294 17.44930417
 16.93986083 16.97092445 14.57281312 17.79100398 16.24403579 14.36158052
 15.88991054 15.06983101 15.66003976 14.38021869 14.95800199 15.51714712
 16.07629225 15.28727634 17.5611332  15.79050696 15.62276342 15.76565606
 15.8277833  16.66028827 15.75944334 14.53553678 14.31809145 17.03305169
 16.92743539 15.25621272 13.90805169 16.54224652 17.49900596 15.52957256
 16.77833002 16.61058648 17.05168986 17.28777336 14.72191849 15.74080517
 13.84592445 13.39860835 13.78379722 17.09517893 14.51068588 16.73484095
 16.90258449 17.70402584 15.46744533 15.10089463 16.57952286 17.72887674
 16.02037773 14.23732604 14.85238569 15.20029821 14.74055666 15.11332008
 13.47937376 14.83374751 15.06361829 14.79025845 16.75969185 16.23782306
 16.59816103 16.93986083 17.67296223 13.37375746 15.51714712 15.26242545
 14.98285288 14.07579523 13.95154076 14.72191849 16.75347913 16.0390159
 16.25024851 16.95228628 15.58548708 17.23185885 16.67892644 15.10710736
 15.79671968 15.92097416 13.97017893 14.66600398 14.11307157 13.80243539
 14.14413519 15.9582505  17.13245527 15.56684891 15.43016899 16.94607356
 15.47365805 16.42420477 14.94557654 14.58523857 14.48583499 14.31809145
 14.02609344 15.03255467 17.46172962 15.09468191 17.28156064 17.07032803
 16.04522863 17.15109344 15.16923459 14.62251491 15.75944334 15.21272366
 15.18166004 14.51689861 14.23732604 15.49850895 18.64835984 16.24403579
 14.65979125 15.26242545 16.90258449 17.06411531 14.93315109 13.99502982
 16.12599404 14.42992048 15.40531809 15.13817097 16.48633201 15.05119284
 17.05168986 15.39910537 14.65979125 15.41153082 14.89587475 17.49279324
 17.96496024 17.98359841 13.6222664  15.18787276 15.9333996  16.07629225
 16.11978131 15.26242545 15.53578529 15.63518887 17.35611332 15.94582505
 16.78454274 15.92097416 17.25049702 14.67842942 15.66003976 15.97688867
 15.75944334 15.96446322 15.84020875 15.17544732 15.21272366 15.4612326
 16.28131213 15.54821074 15.18787276 16.62922465 16.59194831 17.53628231
 15.78429423 15.76565606]",22720.858895499823
2025-06-15 01:51:00+00:00,111,2168.58,9.0,15.866441949257975,15.736394135188867,19.21993041749503,"[16.28752485 15.93961233 14.44234592 14.68464215 14.89587475 14.98906561
 15.10089463 16.30616302 16.59194831 16.2999503  16.42420477 18.375
 17.430666   14.83374751 13.99502982 15.39289264 15.39289264 14.83374751
 15.96446322 13.91426441 16.37450298 16.41799205 15.51093439 16.194334
 16.56088469 17.6667495  16.82803181 13.6222664  15.39910537 14.29324056
 14.3305169  14.59145129 14.82132207 15.18787276 16.20675944 17.08275348
 14.58523857 17.46794235 16.57331014 15.71595427 17.22564612 14.61630219
 15.64140159 13.47937376 15.25       14.3305169  16.76590457 15.15059642
 15.40531809 16.03280318 15.79050696 15.44259443 18.49304175 15.44259443
 16.94607356 14.63494036 14.51068588 15.88991054 14.29324056 15.11332008
 15.77186879 15.00770378 16.57952286 15.6973161  15.89612326 16.69756461
 16.1694831  17.22564612 15.41153082 17.73508946 15.73459245 15.3804672
 14.36779324 16.68513917 15.40531809 15.65382704 15.37425447 17.26913519
 14.72813121 16.26888668 15.44880716 15.86505964 18.21346918 17.36232604
 14.61630219 14.62872763 14.47962227 15.57306163 14.11307157 15.29970179
 15.94582505 15.94582505 15.22514911 14.3305169  15.76565606 16.25024851
 16.21918489 15.44259443 17.12624254 14.49204771 14.84617296 15.28106362
 15.34940358 15.41774354 15.53578529 16.61058648 14.59766402 16.56709742
 16.194334   16.15084493 16.48011928 16.17569583 16.42420477 14.60387674
 14.0695825  13.69681909 14.68464215 15.89612326 14.84617296 16.4055666
 16.93364811 16.26888668 15.9582505  16.10735586 17.4555169  15.17544732
 16.26267396 13.90183897 14.777833   14.47340954 15.51714712 14.92693837
 15.29348907 15.31212724 16.20675944 15.90854871 18.16998012 16.90258449
 15.51093439 16.79075547 15.26242545 12.65929423 14.75298211 14.66600398
 14.11307157 16.64786282 16.00173956 16.7472664  16.93364811 16.67271372
 16.84666998 16.23161034 17.02062624 16.57952286 16.49875746 18.2445328
 14.38643141 14.64115308 15.81535785 14.93936382 15.6973161  14.97042744
 15.49850895 15.18166004 16.18812127 16.39935388 18.97142147 17.01441352
 16.79696819 19.21993042 15.44880716 15.67867793 15.6973161  15.26242545
 14.92072565 14.97664016 14.81510934 14.54796223 16.16327038 16.08250497
 16.17569583 15.58548708 16.23161034 17.25049702 15.00149105 15.02012922
 15.05740557 15.47365805 13.29920477 17.00198807 15.59791252 15.07604374
 15.68489066 15.21893638 16.56709742 15.41774354 16.31858847 17.05168986
 16.37450298 15.61033797]",22972.368185437484
2025-06-15 01:52:00+00:00,112,2122.6000000000004,9.0,15.730271153889607,15.59356361829026,18.232107355864812,"[14.23732604 16.50497018 14.305666   14.60387674 16.11978131 15.57927435
 14.73434394 15.80914513 15.87127237 17.74130219 16.21297217 15.31212724
 16.07629225 15.31212724 13.36133201 15.25       13.69681909 13.8583499
 15.41153082 16.8777336  14.42992048 15.43016899 16.46148111 17.10760437
 16.4304175  17.430666   16.77833002 13.65333002 15.05119284 15.63518887
 15.84020875 14.9083002  14.40506958 17.02683897 15.44880716 17.36232604
 15.52957256 16.46148111 16.71620278 14.60387674 15.31212724 14.34915507
 13.92047714 15.15680915 14.75298211 16.70999006 14.77162028 15.9333996
 16.41799205 14.5666004  16.93364811 17.67917495 16.62301193 14.15656064
 17.38096421 16.28752485 14.29324056 13.36133201 14.24975149 16.05765408
 14.74676938 13.99502982 14.21247515 16.56088469 16.75347913 15.18787276
 17.36232604 15.34940358 16.86530815 17.18836978 15.8277833  13.83971173
 13.21843936 16.36207753 15.41153082 15.67246521 14.94557654 15.73459245
 14.51689861 16.32480119 18.23210736 15.3804672  16.42420477 15.45501988
 14.57902584 15.3556163  15.49850895 14.66600398 14.06336978 14.94557654
 14.18762425 16.194334   17.37475149 16.194334   15.18166004 16.97092445
 16.11978131 17.5859841  15.91476143 13.59120278 14.75919483 13.33026839
 15.15059642 14.86481113 16.91500994 16.60437376 15.21272366 14.9083002
 17.64189861 17.38717694 15.75323062 16.47390656 16.47390656 14.58523857
 16.36207753 15.10089463 14.11928429 15.33076541 14.79025845 15.61033797
 15.70974155 15.75944334 16.95228628 16.80939364 15.37425447 16.97713718
 15.26242545 13.99502982 14.16277336 14.63494036 14.83374751 13.92668986
 17.21322068 17.21322068 16.55467197 15.66625249 16.47390656 17.61704771
 16.48633201 15.45501988 17.13866799 15.66003976 15.41774354 13.44831014
 16.24403579 15.02012922 14.14413519 16.34965209 15.04498012 16.52982107
 16.4304175  15.76565606 16.62301193 16.71620278 18.23210736 15.93961233
 12.85810139 13.65954274 15.80914513 15.10710736 14.21247515 14.8834493
 14.02609344 13.1500994  16.89015905 16.87152087 15.91476143 15.47365805
 16.23782306 17.67296223 13.76515905 13.97017893 14.38021869 14.15034791
 15.66625249 14.89587475 14.8834493  16.75969185 18.08921471 16.44905567
 16.80939364 16.84045726 16.49254473 16.4055666  13.24950298 15.4860835
 14.10685885 14.64115308 13.7527336  14.47340954 16.02037773 15.92718688
 15.66003976 16.66028827 14.72813121 16.46148111 17.09517893 15.39910537
 17.13866799 15.93961233]",22516.795172453065
2025-06-15 01:53:00+00:00,113,2155.17,9.0,15.825911671606743,15.69473782306163,18.567594433399602,"[14.31809145 14.81510934 16.21297217 15.56684891 15.60412525 14.85238569
 15.40531809 13.57877734 16.75969185 15.39289264 16.44905567 16.89015905
 16.69135189 15.6973161  14.8026839  14.93936382 14.74055666 16.5111829
 14.19383698 14.77162028 15.70974155 15.54821074 15.24378728 18.0084493
 17.40581511 18.23210736 17.3499006  15.45501988 15.98931412 13.57256461
 15.82157058 14.70949304 15.06361829 15.39289264 17.48036779 15.36804175
 15.38667992 15.69110338 17.70402584 18.2693837  16.69135189 13.72166998
 16.31858847 13.42967197 14.69085487 15.77186879 15.43638171 15.68489066
 15.42395626 16.07629225 16.89015905 16.46769384 16.64786282 16.34965209
 17.67296223 14.89587475 16.25024851 15.94582505 14.59766402 15.29970179
 15.30591451 14.95178926 15.41153082 15.31833996 15.23136183 16.0390159
 17.14488072 17.44309145 15.81535785 16.2750994  14.60387674 14.52932406
 16.1694831  16.51739563 15.11332008 15.24378728 16.59816103 15.44259443
 15.93961233 15.59791252 16.55467197 16.57331014 14.68464215 16.24403579
 14.305666   15.10710736 13.34890656 15.08846918 15.29348907 14.01366799
 16.48011928 15.39910537 14.68464215 15.85884692 15.81535785 17.20079523
 15.87127237 16.15705765 16.83424453 14.20626243 15.69110338 14.36158052
 14.72813121 14.92693837 15.86505964 15.51093439 15.0387674  15.52335984
 16.04522863 16.74105368 15.26242545 18.08921471 17.30641153 14.84617296
 15.26242545 14.5417495  16.20675944 15.57927435 14.08822068 16.0638668
 14.94557654 16.44905567 15.97688867 17.01441352 16.73484095 17.20079523
 16.70377734 13.39239563 14.50447316 15.15059642 15.54199801 15.81535785
 13.60984095 15.60412525 16.57952286 15.36804175 14.54796223 15.72837972
 16.09493042 17.5611332  17.430666   13.90805169 13.72166998 14.08822068
 16.17569583 14.94557654 15.47987078 15.38667992 17.80964215 17.49279324
 15.64761431 15.25621272 14.12549702 17.05790258 17.10760437 16.39935388
 13.82728628 15.54821074 16.25646123 13.85213718 15.74080517 16.58573559
 15.99552684 15.97688867 14.56038767 16.91500994 15.61033797 17.02683897
 16.4055666  18.56759443 13.14388668 14.87102386 16.4304175  15.91476143
 14.73434394 14.70949304 15.53578529 15.56684891 16.2750994  14.96421471
 17.07654076 16.03280318 16.57952286 16.87152087 14.15034791 13.65954274
 15.46744533 13.16873757 16.44284294 15.30591451 15.80293241 14.71570577
 14.63494036 15.11332008 17.76615308 16.13220676 16.82181909 16.8777336
 17.41202783 15.39289264]",22836.77008852752
2025-06-15 01:54:00+00:00,114,2154.13,9.0,15.822374445845899,15.691507206759443,18.809890656063615,"[15.27485089 15.85884692 15.72837972 15.78429423 15.53578529 15.02012922
 15.87127237 17.05168986 16.54224652 17.28156064 16.12599404 17.66053678
 14.85859841 14.86481113 13.82728628 14.71570577 14.03230616 14.40506958
 16.07629225 15.65382704 17.18215706 16.21297217 15.85263419 17.42445328
 16.99577535 17.08275348 16.93986083 13.05690855 15.43638171 14.47340954
 16.76590457 15.47365805 15.39289264 14.85859841 17.80964215 15.33076541
 16.45526839 15.86505964 15.49850895 15.4612326  16.70377734 14.38021869
 15.29348907 14.42992048 13.52907555 13.4110338  14.5666004  16.25024851
 16.82803181 15.58548708 15.23136183 16.21918489 17.03926441 17.22564612
 16.67892644 16.55467197 14.15034791 15.95203777 16.11978131 14.25596421
 14.82753479 16.0638668  14.10064612 14.4609841  16.96471173 17.14488072
 16.21297217 15.92718688 16.08250497 16.03280318 12.93265408 14.0944334
 14.37400596 16.87152087 15.33076541 15.50472167 16.44284294 16.21297217
 14.61008946 15.53578529 16.79075547 16.39314115 14.99527833 18.80989066
 13.09418489 14.08822068 17.80342942 15.42395626 13.90805169 15.54821074
 15.8277833  15.94582505 16.00173956 17.27534791 15.85884692 14.78404573
 16.41177932 18.66078529 16.84045726 16.05765408 14.61008946 14.81510934
 15.52957256 14.14413519 17.38717694 15.0139165  15.98310139 14.65979125
 15.49229622 17.70402584 15.64761431 16.32480119 15.34319085 13.83349901
 15.33076541 13.75894632 13.81486083 15.74701789 15.02012922 14.69085487
 16.39935388 16.8777336  15.84020875 16.11978131 16.59194831 16.60437376
 16.14463221 15.38667992 14.80889662 16.36829026 13.60984095 16.56088469
 16.00795229 15.86505964 15.23757455 15.92718688 16.18812127 17.46794235
 17.39960239 16.96471173 16.11978131 14.27460239 14.63494036 14.94557654
 14.72191849 16.13220676 14.21868787 16.18190855 14.42370775 14.34294235
 15.67867793 16.82181909 16.39314115 15.31212724 17.25049702 16.2750994
 14.64115308 14.62872763 14.75919483 15.62276342 15.12574553 13.36754473
 15.89612326 16.39314115 16.09493042 16.02659046 17.46794235 17.05168986
 15.98310139 18.06436382 13.28677932 16.5360338  14.47340954 15.26242545
 14.36779324 15.1443837  15.02012922 17.93389662 16.63543738 15.57306163
 16.74105368 15.26242545 16.0638668  17.0082008  14.98285288 15.49850895
 14.89587475 16.52360835 15.20651093 15.78429423 15.8277833  14.25596421
 15.6165507  16.49875746 16.15705765 16.63543738 15.07604374 14.95800199
 17.33126243 15.28106362]",22824.93594602204
2025-06-15 01:55:00+00:00,115,2139.19,9.0,15.777824557587383,15.645098161033797,18.54895626242545,"[14.92072565 14.95800199 15.66625249 14.10685885 13.81486083 16.82181909
 15.25621272 14.70949304 15.64761431 16.35586481 16.21918489 17.05790258
 17.01441352 14.9083002  14.38643141 15.75944334 13.47937376 14.77162028
 16.07007952 15.0139165  15.70352883 16.41177932 14.94557654 16.86530815
 13.5166501  16.93364811 17.30641153 14.50447316 15.25621272 15.43016899
 15.61033797 15.26863817 15.95203777 14.41128231 14.83374751 15.78429423
 16.2750994  14.41749503 16.80939364 16.46769384 15.39289264 15.1195328
 15.76565606 15.13195825 14.52311133 14.58523857 14.4609841  14.67842942
 14.31187873 15.84020875 17.24428429 16.08250497 16.72862823 17.51764414
 16.32480119 17.07654076 15.64140159 16.13841948 13.82107356 16.08250497
 14.99527833 16.4304175  14.64115308 15.6165507  16.6416501  15.87127237
 16.00795229 15.13195825 15.06983101 15.29348907 14.61630219 15.42395626
 15.10710736 13.5166501  15.66003976 15.25       15.722167   18.02087475
 15.20029821 15.1195328  17.13245527 15.722167   17.20700795 17.0082008
 14.08822068 16.09493042 15.31212724 14.08822068 15.20651093 14.81510934
 14.99527833 17.10139165 16.194334   17.13866799 17.87798211 15.15680915
 15.20651093 14.37400596 15.86505964 15.00149105 14.44855865 15.04498012
 15.52957256 16.1694831  16.16327038 14.96421471 16.87152087 17.03305169
 16.25646123 16.54224652 16.11978131 15.75323062 15.78429423 14.24975149
 16.02037773 15.52335984 15.47987078 15.36182903 15.75944334 15.70352883
 14.51068588 15.98931412 16.18190855 16.07007952 15.5916998  15.71595427
 15.88991054 14.85238569 15.05119284 15.27485089 13.81486083 15.23757455
 14.98906561 15.27485089 16.74105368 17.10139165 15.19408549 16.03280318
 15.31833996 16.36207753 16.93364811 14.23111332 14.47962227 15.28727634
 14.85238569 15.26863817 16.7721173  15.69110338 14.77162028 15.98310139
 16.92122266 15.40531809 14.24975149 15.91476143 16.97092445 17.27534791
 14.34915507 14.11307157 14.82753479 15.89612326 14.61008946 14.44234592
 14.59766402 16.57331014 16.59816103 16.77833002 17.62326044 16.02037773
 17.59840954 17.49900596 14.92693837 16.01416501 13.79622266 15.62897614
 15.78429423 14.74676938 15.76565606 16.7472664  16.21918489 16.08250497
 15.84642147 18.1637674  17.12624254 15.08225646 14.97042744 15.46744533
 14.52311133 15.90233598 16.38071571 13.85213718 16.05765408 14.95800199
 16.13220676 14.91451292 16.90258449 16.21918489 15.06983101 18.54895626
 17.65432406 13.99502982]",22675.88983986435
2025-06-15 01:56:00+00:00,116,2150.55,9.0,15.810893973864083,15.680386431411529,18.940357852882705,"[15.44259443 13.70303181 14.45477137 16.66028827 13.45452286 13.87698807
 15.65382704 16.88394632 15.77808151 17.15109344 17.24428429 18.00223658
 15.40531809 13.84592445 14.78404573 14.68464215 14.59766402 15.4612326
 16.30616302 15.54199801 16.49875746 16.70999006 15.4612326  17.18215706
 16.09493042 16.8777336  16.77833002 14.2000497  14.21868787 15.0387674
 14.05715706 15.44880716 14.04473161 15.52335984 15.722167   16.59816103
 16.94607356 16.25024851 16.39935388 15.73459245 17.94632207 13.13146123
 15.69110338 15.29970179 14.3305169  16.87152087 14.14413519 13.74652087
 16.21918489 17.25049702 15.6165507  17.1138171  14.47962227 15.82157058
 17.88419483 16.14463221 14.5417495  14.61008946 16.99577535 13.71545726
 15.03255467 14.34294235 16.17569583 15.06361829 16.36207753 15.43638171
 15.60412525 15.49229622 16.89637177 17.96496024 14.10064612 14.59145129
 13.48558648 15.40531809 17.71023857 14.4361332  15.91476143 16.194334
 14.39264414 16.48633201 16.31237575 16.56088469 15.13817097 16.02659046
 13.8583499  15.97688867 14.04473161 15.52957256 15.09468191 15.13195825
 15.86505964 16.84045726 14.90208748 14.33672962 16.44905567 14.59766402
 16.33722664 16.6167992  17.20700795 14.78404573 14.8834493  14.38643141
 15.84642147 13.6222664  16.54224652 14.61630219 14.62251491 15.75323062
 15.93961233 17.12624254 16.32480119 18.94035785 16.08871769 14.36158052
 14.70949304 13.87698807 13.85213718 15.54821074 16.97713718 15.74701789
 16.95849901 18.05193837 15.07604374 15.92097416 16.10735586 15.17544732
 16.34965209 13.6222664  15.44259443 13.74030815 14.93315109 17.21322068
 16.7721173  14.24975149 15.45501988 15.66625249 18.02087475 15.92097416
 16.00173956 17.89040755 18.375      15.0387674  15.39289264 15.79050696
 14.95800199 14.67842942 14.65357853 15.16302187 16.86530815 16.15705765
 15.9333996  16.0390159  16.8777336  16.92122266 15.73459245 17.38717694
 14.81510934 13.60362823 14.34915507 13.67818091 16.9833499  16.07007952
 15.76565606 16.80318091 14.52932406 15.93961233 16.15084493 16.09493042
 16.49875746 17.02062624 14.35536779 15.39910537 15.70974155 15.36804175
 15.8277833  14.79647117 14.8026839  14.01988072 16.28752485 17.20700795
 17.03305169 16.97713718 16.62922465 17.41202783 13.9888171  15.62276342
 15.21272366 16.18190855 17.21322068 15.43638171 14.62872763 15.51714712
 15.67246521 16.36829026 16.6416501  15.39289264 16.38692843 16.9833499
 16.97092445 14.4609841 ]",22786.52687895968
2025-06-15 01:57:00+00:00,117,2104.17,9.0,15.673576987622127,15.53631336978131,18.319085487077533,"[16.00173956 13.83971173 14.5417495  14.4361332  14.26838966 14.66600398
 15.33697813 15.3804672  15.74701789 15.25621272 17.25049702 17.23185885
 14.68464215 16.21297217 13.72166998 14.74676938 16.0638668  15.80293241
 15.77186879 14.69085487 14.72813121 17.02683897 14.63494036 15.97688867
 16.50497018 16.77833002 17.6667495  13.39860835 15.20029821 14.18141153
 15.60412525 15.05119284 15.62276342 16.2750994  14.41749503 15.4860835
 15.06361829 16.58573559 16.80318091 17.16351889 16.14463221 14.95178926
 14.62251491 16.12599404 15.06983101 13.9888171  15.06361829 16.31858847
 15.3556163  15.39289264 17.10139165 15.25621272 16.08871769 16.62922465
 16.07007952 15.66625249 14.44234592 15.69110338 13.66575547 14.66600398
 15.65382704 17.02062624 15.54821074 15.5916998  16.0638668  15.19408549
 17.13866799 17.80342942 17.18215706 18.07678926 13.42345924 15.17544732
 14.40506958 14.42370775 15.97067594 15.70352883 15.4612326  15.31833996
 15.00149105 17.6916004  15.59791252 16.87152087 17.00198807 17.05168986
 14.80889662 13.63469185 15.54199801 16.8777336  13.93911531 15.0139165
 13.52907555 15.93961233 16.49254473 14.81510934 16.15705765 15.5916998
 17.60462227 15.23136183 18.31908549 14.06336978 12.68414513 15.30591451
 15.50472167 15.08846918 16.18812127 14.79647117 16.02659046 16.25646123
 15.89612326 14.85859841 16.91500994 16.23782306 16.75969185 14.20626243
 14.3305169  14.99527833 16.58573559 15.9582505  15.18787276 14.77162028
 16.15705765 17.14488072 14.05094433 16.29373757 17.16351889 16.29373757
 15.66625249 12.96371769 14.28081511 13.86456262 13.42967197 15.43016899
 16.11978131 14.05094433 17.41202783 14.5417495  15.41153082 15.00770378
 15.3804672  16.58573559 16.35586481 13.47316103 14.72813121 13.82728628
 14.17519881 15.30591451 14.08200795 14.47962227 14.26217694 17.01441352
 16.45526839 17.59219682 17.51143141 16.52360835 16.18812127 17.13245527
 14.89587475 14.03851889 15.77808151 16.10735586 14.83996024 14.56038767
 15.77808151 14.41128231 16.42420477 15.86505964 16.82803181 15.29970179
 16.55467197 15.97688867 14.39885686 14.56038767 16.25024851 15.18787276
 14.46719682 15.41774354 15.92097416 15.79050696 14.47962227 16.03280318
 17.6667495  17.64189861 15.72837972 17.98359841 14.75298211 14.82132207
 14.26217694 12.97614314 14.9083002  15.38667992 16.36207753 15.79050696
 14.38643141 15.37425447 15.21893638 14.67842942 17.48036779 15.90233598
 18.10785288 12.99478131]",22327.119169788588
2025-06-15 01:58:00+00:00,118,2140.7799999999997,9.0,15.781173992571617,15.650037276341946,18.67321073558648,"[14.97664016 15.68489066 13.59120278 15.15680915 14.15034791 17.0889662
 15.3556163  15.6165507  15.09468191 15.75323062 16.96471173 16.92122266
 16.79075547 16.5111829  13.7278827  14.82132207 13.80243539 13.82107356
 15.04498012 14.8834493  16.73484095 17.41824056 18.53653082 17.80964215
 15.81535785 16.50497018 16.11356859 13.66575547 15.33076541 15.70352883
 14.5417495  16.21297217 15.12574553 17.40581511 17.89662028 14.17519881
 15.4612326  16.11978131 17.97738569 16.46769384 16.0390159  13.02584493
 14.49204771 14.60387674 14.69706759 15.27485089 14.73434394 16.87152087
 15.77808151 14.94557654 14.89587475 15.43016899 15.89612326 16.93364811
 17.74130219 18.21346918 13.45452286 15.50472167 14.63494036 13.14388668
 15.00149105 14.78404573 15.72837972 17.67917495 17.0082008  14.3305169
 15.10089463 17.34368787 16.82181909 16.13220676 16.52982107 14.83374751
 15.07604374 15.08846918 16.79075547 15.87748509 15.19408549 15.46744533
 15.3804672  16.13220676 18.35014911 16.34965209 17.15730616 15.71595427
 15.55442346 14.93936382 15.45501988 14.87723658 14.87723658 14.56038767
 14.4609841  17.25670974 15.28727634 15.57927435 15.56063618 15.06983101
 16.67892644 18.67321074 16.38692843 13.3054175  14.39264414 15.10089463
 15.18166004 14.305666   14.08200795 15.27485089 14.01988072 15.75323062
 16.36829026 16.59816103 15.62276342 15.68489066 15.13817097 16.70999006
 14.74676938 14.06336978 13.62847913 15.54821074 15.30591451 16.5360338
 16.52982107 15.85263419 15.92097416 15.80293241 17.86555666 13.60362823
 17.49279324 14.67842942 14.03230616 14.61630219 15.10089463 14.44855865
 15.93961233 14.70328032 16.7721173  15.24378728 15.38667992 15.5916998
 17.03926441 17.35611332 18.14512922 14.31187873 15.21893638 15.51714712
 15.29348907 18.46819085 15.16302187 14.54796223 17.05790258 16.01416501
 15.0139165  16.66650099 14.37400596 16.6416501  15.49229622 16.66028827
 14.8834493  14.36158052 13.21222664 14.71570577 15.64761431 17.4555169
 14.49204771 16.16327038 15.41153082 15.26863817 17.34368787 17.05790258
 17.6916004  15.55442346 15.62276342 16.46769384 15.08846918 15.47987078
 14.26838966 15.77186879 14.06336978 15.51714712 17.25049702 16.07629225
 16.59194831 17.5611332  17.26292247 17.10760437 14.69085487 14.10685885
 13.5166501  14.53553678 14.44855865 13.95775348 15.47365805 15.5916998
 15.44880716 17.12002982 16.52360835 15.13195825 17.06411531 17.0889662
 15.97688867 13.83349901]",22687.0957095476
2025-06-15 01:59:00+00:00,119,2137.7200000000003,9.0,15.771709972252067,15.640531809145129,19.095675944333998,"[15.21272366 15.57306163 14.19383698 14.5666004  15.05119284 16.67892644
 16.1694831  16.9833499  17.15730616 15.92097416 15.50472167 18.46197813
 18.62972167 13.44209742 14.28702783 16.4055666  16.76590457 16.6167992
 14.52932406 16.20054672 14.61630219 15.23136183 16.48633201 16.01416501
 18.11406561 15.99552684 17.23185885 13.83971173 15.60412525 15.44259443
 15.37425447 15.3556163  16.42420477 15.29970179 17.46172962 16.25024851
 15.77186879 16.32480119 16.15705765 15.85884692 16.42420477 15.87748509
 15.55442346 16.81560636 13.11282306 14.35536779 14.64115308 16.25646123
 16.22539761 15.95203777 16.41799205 16.11978131 16.38692843 16.84666998
 16.49254473 16.194334   14.32430417 14.4609841  13.10661034 14.96421471
 15.9333996  15.53578529 13.31784294 14.62251491 14.76540755 16.79696819
 14.46719682 18.88444334 17.46172962 18.21968191 13.97017893 15.02012922
 15.70974155 15.80914513 13.70303181 16.61058648 17.77236581 15.84642147
 15.69110338 15.83399602 16.61058648 16.84666998 16.89015905 17.43687873
 14.33672962 14.12549702 14.42370775 13.78379722 14.42370775 16.07007952
 15.79050696 14.32430417 17.20079523 15.87127237 15.19408549 17.97117296
 15.79671968 15.00770378 16.80318091 13.78379722 16.97713718 14.11307157
 14.42370775 15.9333996  15.57306163 14.47962227 16.58573559 16.16327038
 17.39338966 15.26863817 15.85884692 17.13866799 17.30641153 14.28702783
 14.52932406 15.15680915 14.29324056 15.85263419 14.24353877 15.15680915
 16.05765408 15.05119284 16.4304175  15.71595427 16.31237575 15.75323062
 16.89637177 15.22514911 14.61008946 14.13792247 15.77808151 14.81510934
 14.35536779 15.17544732 16.14463221 16.60437376 14.95800199 16.15084493
 15.66625249 16.93364811 16.39314115 14.93315109 15.69110338 13.45452286
 13.80864811 15.28106362 16.36207753 15.44880716 15.0387674  15.29970179
 16.10114314 14.72813121 16.39935388 15.12574553 16.90258449 18.43712724
 14.5417495  15.41153082 15.85884692 14.88966203 14.51068588 14.8834493
 14.67842942 15.49850895 15.99552684 14.38021869 16.04522863 16.6416501
 16.7472664  16.66650099 14.83996024 15.32455268 13.35511928 15.33697813
 16.18812127 15.37425447 15.08846918 17.6916004  15.88991054 14.40506958
 14.82132207 15.70974155 14.51068588 17.30641153 13.94532803 14.65357853
 15.58548708 14.80889662 13.72166998 13.69681909 14.21247515 13.46694831
 16.95849901 15.96446322 17.05168986 16.4304175  14.92693837 19.09567594
 16.94607356 14.74055666]",22655.432883166515
2025-06-15 02:00:00+00:00,120,2138.4,9.0,15.773289743571022,15.642644135188867,18.0022365805169,"[15.70974155 15.97067594 17.97738569 15.31833996 15.98310139 15.64140159
 14.97042744 15.57306163 14.97042744 17.82206759 17.03926441 17.33126243
 16.56709742 15.93961233 14.37400596 14.25596421 15.19408549 16.25024851
 16.33722664 14.28702783 16.2999503  17.37475149 15.92718688 15.73459245
 17.17594433 17.54870775 15.98310139 14.13792247 15.28727634 14.11928429
 15.38667992 16.08250497 15.19408549 16.63543738 16.11356859 15.02012922
 16.51739563 17.37475149 16.50497018 16.63543738 16.1694831  14.93936382
 15.1195328  16.14463221 14.46719682 15.71595427 15.94582505 15.21272366
 15.68489066 13.18737575 16.42420477 14.41128231 15.36182903 15.51714712
 16.38692843 17.05790258 13.48558648 12.89537773 14.39264414 15.77186879
 15.23136183 14.70949304 15.30591451 15.75944334 15.90233598 15.51714712
 16.88394632 18.00223658 15.97067594 16.98956262 13.6471173  14.99527833
 15.34319085 14.98906561 15.85263419 15.74701789 13.11903579 16.01416501
 15.50472167 14.42370775 16.10735586 14.72191849 16.44284294 17.05790258
 14.4609841  14.39885686 14.76540755 15.41774354 16.45526839 15.06983101
 15.31833996 15.6973161  15.52957256 15.70352883 15.74080517 16.08250497
 16.75969185 15.97688867 16.91500994 13.91426441 14.11928429 14.3305169
 16.44284294 15.91476143 16.13841948 15.26242545 16.5360338  16.05144135
 15.11332008 15.3804672  17.44930417 17.88419483 17.94632207 13.78379722
 14.10685885 15.18166004 15.77186879 13.0444831  15.96446322 15.31833996
 16.01416501 14.11928429 14.83374751 15.92718688 17.09517893 16.2750994
 15.43016899 16.29373757 13.90183897 13.67818091 15.80914513 15.44880716
 15.67867793 14.59766402 14.39264414 17.16351889 16.30616302 16.57331014
 16.20054672 16.00173956 16.56709742 15.4860835  14.70949304 13.76515905
 13.67818091 15.3556163  16.6167992  15.99552684 15.52335984 15.93961233
 15.74701789 16.7721173  17.12624254 15.70352883 16.20054672 15.42395626
 14.5666004  16.64786282 13.43588469 16.52982107 15.43016899 15.49850895
 15.21893638 15.25       16.92122266 15.89612326 17.16351889 17.25049702
 16.10114314 17.53628231 14.31809145 14.24975149 14.34915507 14.0695825
 16.56709742 16.75969185 17.12624254 15.22514911 16.35586481 15.62897614
 16.37450298 16.68513917 15.19408549 17.25049702 14.72813121 14.777833
 14.11307157 14.93315109 14.70949304 14.9083002  14.85238569 15.21272366
 15.43016899 15.77808151 15.80293241 16.84045726 14.84617296 16.97713718
 16.90879722 14.71570577]",22660.718166091207
2025-06-15 02:01:00+00:00,121,2104.7299999999996,9.0,15.673508058692558,15.538052932405567,18.430914512922463,"[15.46744533 15.75323062 15.02634195 15.24378728 14.85859841 14.8834493
 14.64736581 15.15680915 15.92718688 15.31212724 16.60437376 17.20700795
 16.6416501  14.65357853 14.79025845 14.84617296 15.16923459 14.28702783
 15.5916998  14.85238569 14.38643141 15.87748509 17.16351889 15.15680915
 16.00795229 17.28777336 17.82828032 14.9083002  13.6222664  14.79025845
 14.42370775 15.54821074 15.43016899 14.72813121 14.44855865 14.8834493
 16.21297217 17.03305169 15.75944334 15.13195825 16.49875746 14.77162028
 14.47340954 14.25596421 15.20651093 13.95775348 15.55442346 15.62276342
 15.62276342 16.91500994 16.29373757 16.49254473 17.71023857 16.85909543
 17.12002982 17.13245527 14.24975149 15.02012922 14.68464215 15.53578529
 16.14463221 16.0390159  14.68464215 15.43638171 15.87748509 16.25646123
 15.59791252 16.15705765 16.28131213 14.75919483 13.97017893 13.66575547
 14.61630219 13.68439364 15.46744533 17.08275348 15.57927435 16.84666998
 15.6165507  15.62897614 17.12002982 15.89612326 16.48633201 17.53628231
 16.00173956 14.74676938 14.11928429 14.51068588 14.04473161 15.36804175
 15.62897614 15.66003976 16.25646123 16.44905567 15.75944334 14.66600398
 18.43091451 16.15084493 15.78429423 14.83996024 14.63494036 15.78429423
 15.52335984 13.63469185 14.54796223 13.9888171  15.46744533 16.41177932
 14.93936382 16.49875746 16.76590457 16.75347913 16.99577535 13.00099404
 13.4917992  13.69681909 14.777833   15.86505964 14.51689861 16.46769384
 16.25646123 16.56088469 15.08225646 17.63568588 15.49229622 15.88369781
 15.96446322 14.49204771 13.31163022 15.28106362 16.13841948 16.18190855
 14.3305169  15.45501988 16.24403579 16.54845924 15.13817097 15.63518887
 16.90258449 17.14488072 17.61083499 12.57852883 13.9888171  15.00149105
 15.80293241 15.23136183 15.36182903 15.82157058 13.82728628 15.23757455
 15.1443837  16.17569583 16.79075547 16.36829026 17.46172962 17.81585487
 15.97067594 14.01988072 14.65979125 15.92718688 15.91476143 15.6973161
 14.82132207 16.26888668 15.22514911 16.04522863 16.33722664 17.1138171
 16.35586481 16.34965209 12.94507952 15.10089463 14.59766402 14.46719682
 14.72813121 14.52932406 15.29348907 16.28752485 13.52286282 14.29324056
 16.08250497 15.66625249 17.10760437 16.28752485 15.15680915 14.74055666
 14.33672962 16.02037773 13.9639662  14.777833   17.18215706 14.37400596
 16.00795229 17.08275348 16.21297217 15.5916998  17.5611332  16.78454274
 15.47987078 14.68464215]",22326.888561161824
2025-06-15 02:02:00+00:00,122,2105.41,9.0,15.675101630385047,15.540165258449303,19.07082504970179,"[14.13792247 14.16898608 15.32455268 17.00198807 15.51093439 14.33672962
 16.67892644 17.96496024 16.31237575 14.77162028 16.80318091 16.38692843
 16.03280318 13.69060636 15.47365805 15.15059642 15.07604374 15.51714712
 15.5916998  15.34319085 15.60412525 14.41749503 15.66003976 15.97688867
 15.85884692 16.63543738 17.23807157 15.36804175 14.45477137 14.78404573
 13.98260437 14.90208748 12.87673956 14.06336978 15.37425447 15.97067594
 16.34343936 15.36804175 15.05740557 16.8528827  16.97713718 12.98235586
 13.6222664  13.29920477 14.16898608 15.20029821 14.26838966 14.55417495
 16.09493042 15.9333996  16.20054672 15.74080517 16.76590457 16.92122266
 17.55492048 15.41153082 15.42395626 14.64736581 14.79025845 13.86456262
 14.78404573 15.27485089 17.80342942 14.8026839  14.86481113 16.46769384
 15.22514911 15.30591451 17.91525845 16.28752485 13.92668986 15.05740557
 15.45501988 14.97042744 16.20054672 16.02037773 16.36829026 15.54199801
 14.777833   17.3499006  16.08871769 14.74055666 17.46172962 17.38717694
 13.95154076 14.21247515 15.73459245 14.38021869 16.62301193 16.21918489
 15.87748509 17.37475149 15.43638171 14.62251491 16.32480119 16.05144135
 14.19383698 16.15084493 16.59194831 14.14413519 15.20029821 16.57331014
 14.08200795 15.23136183 14.79025845 15.57927435 15.4860835  15.3556163
 14.75919483 17.28156064 16.01416501 15.62276342 17.98981113 15.74701789
 15.83399602 15.45501988 14.29324056 15.05740557 17.10760437 15.92097416
 15.20029821 17.0082008  16.98956262 16.52982107 16.77833002 17.23807157
 16.33101392 15.56063618 14.31187873 15.38667992 14.28702783 13.23707753
 15.5916998  14.84617296 14.61008946 15.07604374 15.97688867 15.63518887
 15.52957256 16.52360835 16.46148111 13.1749503  15.75944334 16.44905567
 15.26242545 13.1500994  16.58573559 16.46148111 16.72241551 16.2750994
 15.85263419 15.24378728 16.48633201 16.15705765 16.37450298 14.0944334
 15.23136183 14.49204771 13.90805169 15.08225646 16.13841948 17.33747515
 16.73484095 13.08175944 15.60412525 15.10710736 17.57977137 16.67892644
 15.54821074 17.41824056 14.45477137 15.38667992 15.51093439 13.66575547
 14.39264414 15.04498012 16.25646123 16.16327038 16.01416501 14.72191849
 17.73508946 16.38692843 15.53578529 16.80318091 14.01366799 13.90183897
 15.06361829 14.87102386 13.8832008  14.52932406 14.777833   17.41202783
 14.84617296 15.43016899 14.6722167  14.74676938 19.07082505 17.12002982
 15.31212724 13.37375746]",22332.220014616214
2025-06-15 02:03:00+00:00,123,2106.6800000000003,9.0,15.678443229933524,15.544110337972167,18.834741550695824,"[14.4361332  13.91426441 13.77758449 13.74652087 14.32430417 17.53628231
 16.58573559 15.44259443 15.6973161  16.18812127 17.02062624 18.83474155
 14.56038767 14.93315109 13.67818091 15.16302187 15.71595427 15.98310139
 15.4612326  16.2750994  17.75994036 15.98310139 15.53578529 17.430666
 15.40531809 15.28106362 17.03926441 14.34294235 13.21843936 13.52286282
 15.33076541 14.5666004  15.64761431 14.5666004  16.13220676 15.47365805
 16.02659046 16.91500994 16.6167992  16.20054672 15.30591451 14.06336978
 14.3305169  15.44880716 14.20626243 17.47415507 15.76565606 14.8834493
 14.9083002  14.52932406 16.31858847 16.69756461 16.79075547 14.93936382
 17.81585487 16.77833002 13.74652087 15.0387674  15.20029821 14.79025845
 14.65357853 14.39264414 14.10064612 13.5166501  15.21272366 16.39314115
 15.25621272 15.55442346 17.38096421 17.33126243 14.91451292 15.75323062
 14.29945328 13.08175944 14.35536779 15.4860835  15.72837972 15.21272366
 17.31262425 13.57256461 15.6165507  15.10710736 14.72813121 16.52982107
 14.18141153 14.86481113 16.10735586 14.01366799 15.722167   15.3804672
 14.47962227 16.46148111 16.2750994  17.03926441 16.33722664 16.23782306
 17.08275348 16.39314115 16.07007952 15.19408549 12.83946322 13.80864811
 14.55417495 15.49229622 15.81535785 16.2999503  15.82157058 16.79075547
 15.67246521 16.03280318 17.95874751 17.22564612 16.82181909 13.93290258
 13.90805169 13.26814115 15.45501988 13.60984095 15.08846918 16.21918489
 15.31212724 15.44880716 16.97713718 16.17569583 17.00198807 17.87176938
 16.57331014 15.08225646 15.12574553 13.49801193 14.31809145 14.97042744
 15.34319085 16.09493042 14.10685885 17.38717694 15.87748509 15.20029821
 16.85909543 16.02659046 17.57355865 14.66600398 15.21272366 13.1749503
 15.24378728 15.71595427 14.40506958 15.06361829 15.21272366 15.39910537
 15.80914513 16.23161034 16.12599404 17.23807157 17.16351889 15.66003976
 13.10661034 16.77833002 15.67246521 13.9888171  16.75969185 14.70328032
 16.80318091 15.60412525 17.38096421 14.57281312 17.2194334  14.79025845
 16.51739563 17.65432406 16.07007952 13.59741551 14.10064612 15.38667992
 14.97042744 15.6973161  16.10114314 14.92072565 16.80318091 16.26267396
 16.50497018 15.22514911 18.03951292 16.67271372 14.71570577 13.80864811
 15.51093439 15.79050696 13.01963221 15.87748509 16.95849901 15.46744533
 15.0387674  15.32455268 14.37400596 17.92147117 15.29348907 17.1138171
 16.194334   14.11307157]",22343.3996700656
2025-06-15 02:04:00+00:00,124,2143.0299999999997,9.0,15.785314363580895,15.657026590457258,18.791252485089462,"[16.18190855 15.05119284 13.3054175  15.70974155 14.20626243 14.08200795
 16.38071571 15.1443837  17.75372763 16.77833002 14.89587475 15.12574553
 18.79125249 15.6973161  14.93936382 15.96446322 15.67246521 12.98856859
 16.26888668 15.08846918 15.1195328  16.7472664  15.37425447 16.92743539
 15.70352883 17.6916004  17.98359841 15.18166004 14.47962227 14.89587475
 15.86505964 15.74701789 14.98285288 16.6167992  15.52335984 15.20651093
 15.81535785 16.73484095 17.52385686 16.16327038 15.96446322 13.67196819
 14.41749503 14.74055666 17.03305169 14.77162028 14.33672962 17.23807157
 14.58523857 14.45477137 14.67842942 16.85909543 16.39935388 15.74080517
 16.39935388 16.95849901 15.25621272 13.33648111 14.82753479 15.62276342
 14.87102386 15.23136183 16.09493042 14.68464215 16.26888668 16.7472664
 15.44259443 16.61058648 16.98956262 16.7721173  16.25024851 15.30591451
 15.56684891 14.10064612 17.54870775 12.81461233 14.97042744 15.89612326
 14.56038767 17.20700795 14.49826044 16.15084493 15.3804672  15.47987078
 14.46719682 15.96446322 13.37375746 14.25596421 14.11307157 15.9333996
 16.30616302 15.89612326 15.3804672  16.70377734 17.85934394 16.46769384
 16.79075547 16.62922465 16.83424453 13.57877734 13.6222664  14.305666
 16.52360835 16.08250497 15.36182903 15.51093439 15.1443837  17.89662028
 16.38071571 15.80293241 17.35611332 15.45501988 15.59791252 14.81510934
 14.70949304 14.56038767 15.19408549 15.99552684 16.70377734 17.30019881
 15.66003976 15.18166004 15.74701789 16.87152087 15.8277833  15.96446322
 15.39289264 14.41128231 14.62251491 13.32405567 15.10089463 16.28752485
 15.05119284 14.98906561 15.79671968 16.77833002 15.0139165  16.6167992
 17.37475149 14.75919483 15.98310139 14.64736581 15.31833996 15.47365805
 14.75919483 15.95203777 14.29324056 15.64761431 14.69085487 13.99502982
 14.2000497  17.51143141 15.47365805 16.66650099 17.7972167  17.04547714
 16.29373757 13.60362823 13.52907555 13.9888171  15.10089463 16.45526839
 15.66625249 14.8026839  15.74701789 16.77833002 16.23161034 17.10760437
 15.66625249 16.66028827 12.96371769 13.72166998 13.8583499  15.33697813
 15.1195328  17.06411531 17.02062624 15.91476143 15.87127237 16.89637177
 15.21272366 16.80939364 18.33151093 16.92122266 16.31237575 14.8834493
 14.01988072 15.36182903 14.75298211 16.21918489 15.56063618 15.98310139
 15.33076541 16.89015905 16.51739563 17.80964215 17.57355865 17.03305169
 17.06411531 13.27435388]",22700.947734796242
2025-06-15 02:05:00+00:00,125,2135.99,9.0,15.764146636841895,15.635157803180913,19.195079522862823,"[16.48011928 15.42395626 14.94557654 13.57256461 14.78404573 16.18190855
 15.02634195 15.85263419 15.85884692 16.91500994 16.46769384 19.19507952
 17.12002982 13.23707753 14.07579523 15.18166004 16.99577535 14.59145129
 15.67246521 15.13817097 13.39860835 17.24428429 14.59145129 14.64115308
 16.25024851 16.34965209 17.3499006  14.29324056 18.23832008 15.46744533
 14.94557654 14.777833   15.1443837  13.75894632 14.28081511 14.99527833
 15.31833996 16.85909543 17.53006958 17.1138171  15.6165507  13.74030815
 14.44234592 13.00720676 15.32455268 15.06983101 16.80939364 16.57331014
 14.02609344 15.71595427 13.87077535 16.75969185 15.92718688 16.61058648
 16.42420477 15.67867793 14.18762425 14.90208748 14.03851889 13.9888171
 13.82107356 15.26863817 15.33076541 16.70999006 15.04498012 15.54821074
 15.23757455 15.02634195 15.06983101 17.97117296 14.4609841  14.51068588
 14.48583499 15.34940358 13.03827038 16.77833002 15.33697813 15.56063618
 15.5916998  15.70352883 15.85263419 14.87723658 16.43663022 16.55467197
 15.07604374 15.93961233 12.74627237 14.99527833 15.61033797 14.63494036
 16.17569583 14.40506958 15.06361829 15.24378728 16.38692843 16.07629225
 16.74105368 16.69756461 17.55492048 13.76515905 14.16898608 15.4612326
 14.40506958 16.9833499  15.67867793 16.76590457 16.57952286 16.4304175
 15.99552684 15.36182903 16.31237575 17.31883698 16.5360338  14.98906561
 15.17544732 16.03280318 14.98285288 15.34940358 16.85909543 14.36779324
 16.41799205 17.12624254 16.21918489 15.11332008 16.45526839 17.3499006
 18.45576541 15.50472167 13.99502982 13.3861829  14.305666   15.57927435
 16.03280318 14.65357853 15.41774354 16.38071571 18.00223658 15.71595427
 17.51764414 17.08275348 17.47415507 14.48583499 14.08200795 15.28727634
 15.84020875 14.75919483 14.5417495  16.97092445 14.24353877 17.59840954
 17.38717694 15.43016899 15.85884692 16.81560636 17.41824056 17.51764414
 13.65333002 16.39935388 14.98906561 14.74055666 14.50447316 14.99527833
 16.77833002 14.61008946 16.36207753 16.28131213 18.77882704 16.31237575
 15.69110338 18.15134195 15.84020875 12.54746521 15.62897614 15.66003976
 15.18787276 14.74055666 13.31784294 15.1195328  16.34965209 16.34965209
 13.86456262 15.8277833  18.10785288 17.69781312 14.60387674 13.11903579
 17.15109344 14.83996024 15.77186879 15.56063618 14.89587475 16.07629225
 15.00149105 13.39860835 17.05168986 18.08300199 17.43687873 17.3499006
 16.03280318 15.33697813]",22630.128988218246
2025-06-15 02:06:00+00:00,126,2103.95,9.0,15.669209751520851,15.535629970178924,18.368787276341948,"[16.13841948 12.74005964 16.08871769 13.76515905 15.34940358 15.12574553
 16.46148111 16.194334   15.44259443 16.31237575 16.70377734 16.7472664
 16.62922465 14.13170974 14.69706759 15.69110338 14.4609841  14.49826044
 16.68513917 13.64090457 15.56063618 16.07007952 16.74105368 16.44905567
 17.3250497  16.54845924 17.902833   15.25621272 15.66003976 14.00745527
 15.6973161  14.51689861 14.70328032 14.93936382 15.71595427 14.97664016
 14.46719682 17.10139165 14.86481113 17.08275348 15.66003976 17.03926441
 14.06336978 16.2999503  14.89587475 14.49826044 14.82132207 15.13817097
 17.28156064 15.05119284 15.20651093 15.57306163 16.9833499  16.66650099
 17.67917495 17.35611332 14.51068588 14.28081511 14.49826044 15.25621272
 14.89587475 14.51068588 14.62872763 14.59145129 16.12599404 16.20054672
 16.22539761 14.56038767 16.17569583 15.58548708 15.43016899 15.68489066
 15.85263419 16.13841948 14.73434394 15.61033797 16.43663022 13.7527336
 16.03280318 16.29373757 16.46148111 15.4860835  16.09493042 16.194334
 14.81510934 12.88916501 13.95775348 14.5666004  15.80914513 16.18190855
 14.69706759 14.79647117 16.21297217 14.53553678 16.08871769 16.11356859
 15.95203777 16.36829026 17.14488072 13.31784294 15.9582505  14.39264414
 13.4917992  15.30591451 14.41749503 15.23136183 15.56063618 15.3556163
 18.36878728 16.66028827 15.27485089 14.79025845 16.60437376 15.37425447
 14.20626243 14.87723658 15.42395626 14.06336978 15.8277833  15.31212724
 15.21272366 16.46769384 16.57331014 17.52385686 17.6667495  16.87152087
 14.52932406 14.32430417 13.73409543 13.67196819 15.76565606 16.18812127
 15.13195825 15.44259443 15.06361829 16.31237575 17.57355865 16.41177932
 16.63543738 15.80914513 15.84020875 14.86481113 14.26838966 15.77186879
 13.31784294 15.59791252 14.8026839  14.2249006  14.777833   16.98956262
 17.76615308 16.34343936 14.57902584 14.52932406 15.83399602 16.2999503
 13.44209742 15.61033797 14.99527833 15.43638171 14.2000497  16.20675944
 14.50447316 17.03305169 16.07629225 17.1945825  14.0944334  15.9333996
 14.71570577 17.3499006  13.67818091 15.84642147 15.92097416 14.31809145
 15.33076541 15.00149105 13.67818091 17.15730616 15.38667992 16.21918489
 17.74751491 15.51093439 16.85909543 16.68513917 15.68489066 15.4860835
 15.10089463 15.80914513 16.05765408 14.77162028 14.26838966 14.87102386
 13.93911531 16.55467197 16.11978131 14.96421471 16.45526839 16.7472664
 15.98931412 15.9582505 ]",22312.50814468816
2025-06-15 02:07:00+00:00,127,2101.71,9.0,15.662220911775144,15.528671719681908,18.679423459244532,"[14.51068588 13.08175944 13.4110338  15.00770378 15.53578529 14.05094433
 13.59120278 15.0387674  15.31833996 15.87127237 15.05119284 15.70352883
 16.59194831 16.21918489 14.41749503 12.53503976 15.12574553 16.18190855
 14.19383698 15.04498012 17.40581511 14.26217694 15.45501988 16.5111829
 17.44930417 16.90258449 16.58573559 14.00124254 14.51068588 13.7278827
 15.22514911 14.46719682 14.17519881 15.38667992 16.07629225 14.73434394
 16.17569583 14.36158052 15.57927435 17.67917495 17.76615308 16.02037773
 13.67196819 15.77808151 14.20626243 13.91426441 15.63518887 15.02012922
 16.80939364 14.92072565 17.18215706 15.15059642 16.73484095 16.81560636
 16.57331014 17.35611332 13.52907555 15.1443837  14.24353877 16.00173956
 14.5417495  17.49279324 13.74030815 16.64786282 15.15059642 15.17544732
 15.4612326  15.74080517 15.98310139 17.72887674 13.77758449 14.76540755
 14.6722167  15.80914513 14.41128231 14.93936382 16.25646123 16.0638668
 16.48011928 18.06436382 15.75944334 17.07032803 16.65407555 15.81535785
 12.99478131 13.09418489 14.45477137 13.92047714 14.10685885 15.03255467
 15.03255467 18.00223658 16.9833499  16.44905567 16.99577535 16.08250497
 18.04572565 15.18787276 16.00173956 14.93315109 15.86505964 15.96446322
 16.02037773 16.10114314 14.6722167  15.58548708 15.92718688 17.14488072
 15.54199801 16.84666998 16.54845924 14.92693837 14.9083002  15.29348907
 13.92668986 14.20626243 14.4609841  14.78404573 14.98906561 13.47937376
 17.88419483 16.54845924 15.34319085 17.05168986 17.03926441 18.10164016
 16.1694831  14.85238569 16.17569583 15.17544732 14.47962227 16.07007952
 14.93315109 15.02012922 15.52957256 16.26267396 15.72837972 17.25670974
 16.25024851 15.64761431 16.30616302 13.95154076 13.7278827  15.56063618
 13.89562624 14.62251491 15.21893638 16.7721173  15.94582505 15.85884692
 15.16302187 15.24378728 16.34343936 16.41799205 17.13866799 18.67942346
 14.21247515 14.59766402 16.02659046 13.54771372 14.56038767 15.62897614
 15.84642147 14.59766402 14.60387674 16.92743539 16.86530815 16.87152087
 16.44284294 17.63568588 15.20029821 14.74055666 15.36182903 15.76565606
 14.41128231 14.65979125 16.81560636 13.95154076 16.23782306 15.13195825
 15.80293241 15.26242545 17.26292247 16.8777336  15.0387674  16.66650099
 15.25621272 14.31809145 14.71570577 15.07604374 14.9083002  14.23111332
 16.13841948 15.15059642 14.85859841 16.70377734 15.72837972 15.04498012
 16.56088469 14.78404573]",22289.126282434918
2025-06-15 02:08:00+00:00,128,2114.74,9.0,15.700301459303944,15.569147614314115,18.083001988071572,"[16.6416501  14.6722167  17.40581511 14.45477137 15.08225646 13.76515905
 14.9083002  14.78404573 14.31187873 15.55442346 15.89612326 15.62276342
 17.52385686 13.69681909 15.15680915 15.1443837  15.31833996 15.84020875
 16.18190855 15.18787276 14.5666004  15.98931412 15.77186879 17.07032803
 15.1195328  16.91500994 17.51764414 12.95129225 14.83374751 14.47340954
 15.20651093 13.95775348 14.9083002  15.28106362 14.59766402 15.75323062
 15.70352883 16.36207753 15.00149105 15.81535785 16.10114314 16.01416501
 14.15656064 14.42370775 15.04498012 15.49850895 16.38071571 14.77162028
 16.26888668 17.15730616 15.97688867 14.94557654 15.3804672  15.31212724
 15.56684891 16.87152087 13.72166998 15.08225646 14.03851889 16.84666998
 14.3305169  15.47365805 15.11332008 16.90879722 14.98906561 14.84617296
 15.67246521 15.73459245 17.49279324 16.57331014 13.43588469 14.86481113
 14.33672962 15.81535785 13.05069583 14.42992048 15.21893638 13.91426441
 15.68489066 17.25049702 16.99577535 15.65382704 17.81585487 16.15705765
 14.32430417 15.05740557 15.09468191 16.16327038 12.19333996 15.89612326
 15.20651093 15.21272366 17.03926441 15.51093439 14.29945328 16.68513917
 16.54845924 15.29970179 16.62922465 15.94582505 15.31212724 13.65954274
 14.69706759 14.21868787 16.4304175  17.52385686 14.64115308 16.09493042
 15.69110338 16.46148111 15.62897614 17.66053678 16.56709742 13.46073559
 15.64140159 15.50472167 15.66003976 14.54796223 15.65382704 16.8528827
 16.74105368 17.34368787 13.62847913 15.61033797 16.21918489 16.62922465
 16.89637177 12.95129225 15.0387674  13.08175944 13.72166998 15.24378728
 15.74080517 14.69706759 14.26838966 15.77186879 15.50472167 16.42420477
 17.1945825  15.75323062 17.70402584 13.7278827  15.05119284 15.17544732
 15.24378728 15.64761431 15.10710736 13.78379722 14.92693837 14.97042744
 15.57927435 17.05790258 16.21297217 18.08300199 17.56734592 16.70377734
 14.40506958 14.01988072 16.25646123 14.85859841 13.51043738 15.4860835
 15.83399602 15.06361829 15.55442346 17.16973161 15.90854871 15.16302187
 17.63568588 16.63543738 14.96421471 16.82181909 13.72166998 16.13220676
 16.1694831  15.56063618 16.11356859 17.26913519 16.11356859 16.194334
 15.32455268 17.44309145 16.31858847 16.4055666  15.68489066 15.57306163
 15.74701789 14.5666004  15.29970179 14.56038767 16.57952286 15.84642147
 15.58548708 15.37425447 15.29348907 16.10735586 18.06436382 17.74130219
 17.60462227 15.86505964]",22416.52856224728
2025-06-15 02:09:00+00:00,129,2103.15,9.0,15.665734266489228,15.533144880715703,18.30044731610338,"[13.61605368 16.17569583 15.16302187 16.39935388 15.70974155 14.36158052
 14.39885686 16.35586481 15.67246521 16.70377734 12.83946322 18.23832008
 15.75323062 15.56063618 13.9888171  15.75323062 14.11307157 15.77186879
 14.86481113 15.64761431 14.95178926 15.66003976 16.55467197 16.49254473
 16.86530815 14.84617296 16.67892644 13.19980119 15.18787276 15.08225646
 13.34269384 13.89562624 14.90208748 16.46769384 15.15059642 16.9833499
 14.29324056 16.86530815 16.98956262 16.0638668  16.25024851 12.97614314
 13.23086481 15.57927435 16.63543738 13.57256461 14.98285288 17.7972167
 16.10735586 17.24428429 17.26913519 15.83399602 15.16923459 14.62251491
 16.24403579 16.12599404 13.69060636 15.70352883 15.54199801 14.04473161
 16.194334   16.79696819 13.01963221 15.47987078 14.61008946 17.91525845
 15.85263419 15.74701789 16.29373757 14.98906561 15.88369781 14.18141153
 14.98906561 14.50447316 13.57877734 15.25621272 13.78379722 17.05168986
 17.16351889 17.00198807 15.0387674  14.23732604 16.62301193 16.08871769
 14.34294235 15.98310139 14.54796223 15.44259443 13.59120278 16.74105368
 14.02609344 14.75919483 14.15034791 15.44259443 16.59816103 16.92122266
 15.83399602 16.0390159  18.30044732 14.34915507 14.04473161 15.1195328
 14.44234592 14.57281312 14.93936382 16.02037773 14.49826044 17.10139165
 15.64761431 18.28802187 16.69756461 16.80318091 16.85909543 13.39239563
 15.88369781 13.21843936 14.66600398 15.722167   15.87127237 15.22514911
 17.05790258 15.53578529 16.38692843 16.66028827 16.93364811 15.29348907
 17.66053678 15.21893638 12.4915507  15.5916998  14.26217694 15.47365805
 16.61058648 16.41177932 15.42395626 16.85909543 16.75347913 16.55467197
 16.42420477 16.60437376 17.82828032 15.05740557 14.62872763 15.45501988
 14.88966203 15.41153082 15.74080517 15.75944334 15.88991054 16.29373757
 15.43016899 16.46148111 14.31809145 16.29373757 15.94582505 17.1945825
 14.79025845 14.56038767 12.30516899 13.77137177 14.64115308 14.4609841
 16.43663022 16.4304175  16.00173956 15.12574553 16.13220676 15.44880716
 15.15680915 16.81560636 14.38021869 14.34915507 12.80218688 16.17569583
 14.8834493  15.32455268 13.75894632 15.13817097 15.57927435 16.15705765
 15.79671968 17.34368787 16.72241551 16.02037773 14.72191849 16.34965209
 15.73459245 16.48011928 14.17519881 13.90183897 15.39910537 16.58573559
 15.39289264 17.1138171  16.31237575 16.38071571 16.13220676 15.19408549
 16.91500994 15.97688867]",22300.88056196636
2025-06-15 02:10:00+00:00,130,2099.0200000000004,9.0,15.65318882337376,15.520315606361828,18.095427435387673,"[13.18116302 16.24403579 15.41153082 14.0695825  16.84045726 15.23136183
 15.722167   14.5417495  16.10735586 16.69756461 17.6667495  13.50422465
 16.34965209 13.32405567 14.49826044 14.41749503 16.70377734 15.96446322
 14.94557654 15.3556163  14.74055666 16.5360338  15.08225646 15.66003976
 17.07032803 16.5360338  17.26913519 15.04498012 14.6722167  16.07007952
 14.36158052 14.42370775 16.52360835 16.91500994 16.52982107 15.51093439
 16.52982107 16.12599404 14.93315109 17.14488072 16.65407555 13.26192843
 13.70924453 14.70328032 14.90208748 15.21893638 16.66650099 13.80864811
 15.75944334 17.33747515 15.44880716 16.56709742 15.44880716 16.37450298
 16.02037773 15.53578529 15.3804672  15.18787276 13.03827038 15.66003976
 15.02634195 15.71595427 14.74676938 17.62326044 15.38667992 16.47390656
 15.87127237 15.54821074 17.05790258 16.76590457 14.75919483 14.80889662
 14.97664016 14.62251491 15.74701789 14.95178926 16.20054672 16.08250497
 14.49204771 15.86505964 15.80914513 15.13817097 17.12002982 16.67271372
 15.1195328  12.88916501 13.74652087 15.26242545 13.27435388 15.3556163
 15.25       15.02012922 15.1443837  16.83424453 17.74130219 15.16923459
 16.25646123 17.04547714 17.95874751 13.80243539 15.15059642 14.91451292
 14.15656064 15.9582505  15.54199801 16.86530815 14.94557654 15.60412525
 16.10735586 17.12624254 16.28131213 18.09542744 15.00770378 15.0387674
 12.88916501 15.34940358 14.71570577 15.31212724 14.83996024 15.93961233
 14.62251491 17.89662028 17.18215706 14.36158052 16.63543738 15.51093439
 15.46744533 13.13767396 15.3804672  13.69681909 14.29945328 15.25
 15.3804672  16.0390159  14.77162028 15.31833996 16.66028827 14.79647117
 15.49229622 17.79100398 13.99502982 14.4361332  15.44880716 14.73434394
 15.06983101 14.31187873 15.03255467 16.54224652 16.34343936 15.95203777
 16.60437376 15.34940358 16.80318091 14.69085487 13.79622266 15.98310139
 13.16252485 15.91476143 15.18787276 14.58523857 16.39314115 15.76565606
 16.67271372 14.10064612 15.07604374 16.96471173 17.47415507 15.27485089
 16.11356859 16.91500994 15.34319085 15.33697813 15.88369781 14.95178926
 14.8026839  16.2750994  15.10089463 17.13866799 14.9083002  16.48011928
 14.49204771 16.17569583 16.99577535 17.38096421 13.76515905 14.26217694
 13.61605368 16.84666998 14.44855865 13.85213718 14.31809145 14.98906561
 15.6973161  17.34368787 15.24378728 16.10114314 14.86481113 17.47415507
 15.84020875 15.43638171]",22258.908527479252
2025-06-15 02:11:00+00:00,131,2114.31,9.0,15.69795961986775,15.567811878727634,18.511679920477135,"[13.01341948 13.69060636 16.48633201 14.8026839  14.84617296 15.91476143
 16.36207753 16.58573559 15.80914513 16.13220676 16.48011928 15.52957256
 15.74080517 14.90208748 13.82728628 14.26217694 15.04498012 14.54796223
 13.74652087 14.81510934 16.07629225 16.35586481 15.41774354 16.2750994
 16.2750994  14.91451292 15.34940358 14.95800199 16.58573559 15.9582505
 15.13195825 12.3610835  16.14463221 16.28752485 15.10089463 16.07629225
 16.20675944 15.19408549 17.60462227 16.15705765 16.90879722 14.98285288
 14.75919483 16.1694831  14.97664016 14.79025845 16.05765408 16.42420477
 16.21918489 15.43638171 14.71570577 17.1945825  17.00198807 14.59766402
 17.71645129 14.74055666 12.60959245 16.59194831 14.83996024 15.70974155
 16.02037773 14.90208748 15.25621272 16.10114314 15.23136183 16.99577535
 14.92693837 17.36232604 16.18190855 16.43663022 13.81486083 14.64115308
 14.77162028 14.70949304 15.56684891 13.5166501  15.37425447 16.79075547
 16.20675944 15.23136183 14.54796223 15.97688867 16.22539761 16.99577535
 15.74080517 14.31187873 14.88966203 13.82107356 15.67246521 15.31212724
 14.96421471 16.25024851 16.80939364 17.23807157 14.95800199 18.51167992
 13.92047714 18.15755467 17.61704771 14.41128231 15.06983101 13.88941352
 16.52360835 13.46073559 14.13170974 15.13817097 14.83374751 16.18812127
 15.92718688 15.9582505  15.97067594 14.28081511 17.03926441 15.1443837
 15.64140159 15.34319085 15.3556163  14.94557654 17.31883698 15.11332008
 13.43588469 14.94557654 18.02087475 15.08846918 16.54224652 15.13195825
 15.62897614 14.21868787 13.58499006 14.64736581 15.9582505  14.59145129
 15.78429423 17.05168986 17.1138171  16.56088469 16.36207753 14.98285288
 16.44284294 15.88991054 17.03926441 13.47316103 14.13170974 13.95775348
 14.61630219 16.02037773 15.40531809 16.9833499  14.51068588 15.45501988
 15.722167   16.10114314 16.46769384 16.52360835 15.75944334 16.58573559
 14.34294235 14.23111332 16.2750994  15.23136183 15.0387674  14.01366799
 17.02683897 15.72837972 15.07604374 16.07629225 16.5111829  16.23161034
 16.33722664 17.75372763 15.71595427 16.08871769 16.54224652 15.77186879
 15.04498012 16.28131213 16.05765408 15.06983101 15.70352883 14.35536779
 15.55442346 17.05168986 16.03280318 15.70352883 14.18141153 16.34343936
 14.97664016 16.42420477 16.194334   15.66625249 15.52335984 14.82753479
 13.64090457 15.34319085 16.15084493 16.39314115 17.50521869 16.35586481
 14.73434394 14.65979125]",22408.693704229536
2025-06-15 02:12:00+00:00,132,2127.37,9.0,15.736156565728798,15.608380964214712,18.89686878727634,"[14.49204771 14.29945328 13.75894632 14.93936382 13.90805169 16.29373757
 16.2750994  15.24378728 16.57952286 16.13220676 17.08275348 17.33747515
 16.54224652 15.89612326 13.89562624 16.07007952 14.26838966 14.46719682
 15.57306163 15.66625249 16.44905567 16.44905567 14.59766402 15.0139165
 15.8277833  16.5360338  16.00795229 13.90183897 14.38643141 14.68464215
 15.28727634 14.69706759 15.15680915 14.60387674 15.73459245 17.23807157
 16.95228628 15.92097416 17.01441352 16.45526839 16.23161034 13.93911531
 13.75894632 14.88966203 16.00173956 16.82181909 13.91426441 17.41824056
 14.97042744 15.08225646 15.69110338 16.49875746 15.64761431 16.66650099
 15.75944334 16.10114314 14.44234592 15.26242545 16.50497018 15.24378728
 14.10064612 17.25670974 14.93315109 17.43687873 18.25074553 15.94582505
 16.85909543 15.94582505 17.15730616 15.05119284 14.03230616 14.39885686
 15.6973161  15.92097416 13.99502982 15.19408549 15.28106362 15.10089463
 14.49826044 14.08822068 18.1637674  15.88369781 16.36829026 15.95203777
 15.34319085 14.16277336 15.04498012 13.91426441 15.64140159 14.79025845
 15.722167   16.34343936 15.17544732 15.30591451 15.42395626 18.12649105
 15.85884692 16.5111829  17.63568588 14.42992048 13.90183897 15.02634195
 13.84592445 16.04522863 14.69706759 17.40581511 16.6167992  14.87723658
 16.69756461 15.10089463 14.94557654 15.84642147 17.01441352 16.6416501
 13.88941352 13.79000994 15.75944334 15.92718688 16.90258449 13.72166998
 14.62872763 14.77162028 15.87748509 16.10735586 17.64811133 17.06411531
 15.5916998  14.59766402 15.97688867 16.18190855 13.78379722 15.93961233
 17.02683897 15.1195328  16.13220676 16.30616302 16.08871769 16.31237575
 15.20029821 17.09517893 18.08921471 14.95178926 14.44855865 14.03851889
 16.14463221 12.87673956 16.44905567 14.67842942 15.98931412 16.2999503
 16.33101392 15.90854871 14.56038767 16.82181909 14.92693837 17.96496024
 14.42370775 17.07654076 14.305666   16.11356859 15.66003976 13.51043738
 14.777833   14.85238569 16.75969185 16.92743539 16.62301193 18.89686879
 14.4361332  14.93936382 14.26838966 16.32480119 15.4612326  16.0390159
 14.00745527 13.97639165 16.79075547 15.33697813 15.3804672  16.84045726
 14.90208748 17.02683897 16.8528827  15.00770378 15.21272366 15.05119284
 14.9083002  14.80889662 15.59791252 16.13841948 16.7472664  14.8026839
 14.18141153 16.28131213 15.97688867 16.33101392 16.31858847 16.07007952
 15.6165507  14.10685885]",22536.485406302265
2025-06-15 02:13:00+00:00,133,2121.5299999999997,9.0,15.71858576839482,15.590239811133202,18.387425447316105,"[14.35536779 13.63469185 13.43588469 15.96446322 13.83971173 16.58573559
 15.23136183 15.25621272 15.0139165  16.52982107 17.16351889 15.31212724
 16.12599404 15.77186879 16.67892644 15.53578529 15.33697813 15.80914513
 14.46719682 16.14463221 16.57331014 16.97713718 16.91500994 16.52982107
 17.94632207 15.96446322 16.51739563 15.68489066 14.0695825  14.25596421
 15.11332008 16.34343936 14.65979125 15.06983101 16.54845924 14.57281312
 15.06983101 14.46719682 16.6416501  15.06361829 17.08275348 15.36804175
 14.31187873 13.97017893 15.4860835  16.74105368 15.44880716 15.0387674
 15.61033797 15.92097416 15.15680915 16.15705765 16.25024851 18.38742545
 16.42420477 16.44905567 15.52335984 14.62872763 15.34940358 15.39289264
 14.92072565 16.38692843 15.50472167 17.01441352 15.26863817 15.87127237
 16.41177932 15.85263419 16.55467197 17.53006958 14.34294235 14.99527833
 15.50472167 15.20651093 15.44259443 15.62897614 16.92743539 15.90854871
 15.23136183 16.62922465 15.06983101 16.0638668  17.23807157 14.42992048
 14.11928429 17.84691849 15.29348907 15.1195328  16.47390656 14.2249006
 14.41749503 13.59120278 15.4860835  16.15084493 15.64140159 15.95203777
 17.12624254 14.88966203 17.20079523 15.07604374 14.81510934 14.66600398
 13.94532803 15.32455268 13.85213718 14.62872763 16.38071571 14.52311133
 17.5611332  14.8834493  15.47365805 17.77857853 16.59194831 13.73409543
 16.78454274 14.3305169  16.29373757 14.97042744 15.66003976 15.18787276
 15.0139165  14.11307157 15.56684891 17.16351889 17.88419483 17.97738569
 16.03280318 14.75919483 15.92097416 14.47340954 15.47987078 15.68489066
 15.34319085 17.24428429 14.2249006  16.43663022 17.16351889 17.47415507
 15.3804672  14.77162028 15.51714712 12.79597416 14.45477137 14.0944334
 16.21297217 16.48011928 16.25024851 15.41774354 15.82157058 15.85884692
 16.36207753 16.73484095 15.3804672  16.0390159  17.05168986 15.43016899
 13.66575547 15.20029821 15.44880716 14.48583499 14.64115308 14.05094433
 13.70924453 16.66028827 14.31809145 15.97067594 15.80914513 16.10114314
 17.18215706 17.03305169 14.54796223 13.15631213 15.71595427 13.76515905
 14.28702783 14.69085487 14.39264414 15.55442346 16.83424453 16.69756461
 17.75994036 16.69756461 17.54249503 15.79671968 13.93290258 15.08225646
 13.83971173 14.80889662 13.65333002 15.20029821 15.39910537 15.20029821
 16.11978131 15.13195825 14.98906561 16.8528827  17.72266402 16.52360835
 16.25646123 13.80243539]",22477.70054674171
2025-06-15 02:14:00+00:00,134,2130.32,9.0,15.74419573079701,15.617544731610337,19.157803180914513,"[16.30616302 14.83374751 14.52932406 15.10089463 14.26838966 15.70352883
 17.98359841 16.05144135 15.92097416 15.67867793 17.69781312 16.54845924
 15.3804672  14.06336978 15.41774354 14.58523857 15.36182903 15.68489066
 15.57927435 16.44905567 16.78454274 15.9582505  15.78429423 14.70328032
 17.4555169  16.69135189 17.54870775 14.77162028 12.8332505  15.47987078
 15.05119284 13.90183897 16.194334   15.39910537 15.08225646 15.1195328
 15.70352883 17.26292247 14.60387674 17.47415507 16.5360338  15.49850895
 12.54125249 13.8832008  14.11307157 15.85884692 14.46719682 15.85884692
 16.15084493 15.1195328  15.47365805 16.08871769 15.45501988 16.79075547
 17.88419483 17.10760437 15.0387674  13.05690855 15.08846918 15.80914513
 15.56684891 15.18787276 16.77833002 16.08871769 14.70328032 16.48633201
 17.08275348 17.53006958 17.26913519 17.53006958 15.4612326  14.42992048
 14.86481113 14.34915507 15.34319085 13.8832008  14.79647117 15.72837972
 15.62276342 15.5916998  14.94557654 16.33722664 17.72887674 17.64811133
 14.69706759 14.24353877 14.5666004  15.98931412 16.15084493 16.7721173
 16.29373757 16.68513917 16.34343936 16.6167992  16.44284294 15.4860835
 16.73484095 16.62922465 16.0638668  15.6165507  17.64189861 15.47987078
 14.80889662 13.87077535 14.38021869 14.94557654 16.18190855 17.62326044
 15.20029821 16.80318091 15.31833996 16.39935388 16.54224652 14.92072565
 14.83374751 15.46744533 15.22514911 14.44855865 13.76515905 15.24378728
 15.88369781 15.91476143 16.57952286 16.48011928 16.75969185 17.15109344
 19.15780318 13.42967197 12.13742545 14.93936382 14.79647117 16.11978131
 13.13146123 14.47340954 13.19980119 17.26913519 15.16302187 16.59194831
 15.18787276 16.35586481 16.7472664  14.83996024 13.8832008  14.20626243
 15.25621272 15.51714712 15.47987078 14.11928429 16.10735586 15.9333996
 15.90233598 16.56088469 16.84045726 15.92718688 15.4860835  17.82206759
 12.82703777 15.25621272 15.44880716 14.87102386 15.98931412 15.79050696
 15.27485089 15.58548708 15.69110338 18.12649105 16.51739563 15.89612326
 17.75994036 15.20029821 14.85859841 14.69706759 14.60387674 15.15680915
 14.71570577 15.20029821 16.00795229 16.75347913 14.62872763 16.0638668
 16.28131213 15.23757455 15.53578529 15.81535785 14.00745527 15.0387674
 15.23136183 15.20651093 14.47340954 15.79671968 13.82107356 15.05740557
 16.26267396 15.31212724 16.38071571 16.68513917 16.63543738 15.88991054
 16.07629225 14.33672962]",22563.381236954472
2025-06-15 02:15:00+00:00,135,2098.56,9.0,15.650147865773242,15.518886679920477,18.785039761431413,"[13.84592445 14.64736581 14.95178926 14.5417495  14.38643141 15.80293241
 15.63518887 16.13841948 17.71023857 15.58548708 17.7972167  15.04498012
 17.2194334  14.63494036 14.12549702 13.66575547 15.81535785 13.24329026
 15.64761431 14.27460239 15.68489066 17.05168986 16.39314115 16.17569583
 16.13841948 18.62972167 17.09517893 12.64065606 13.24329026 14.17519881
 15.80293241 13.64090457 15.72837972 14.24353877 15.43638171 13.9888171
 14.96421471 17.05790258 14.69085487 15.29970179 16.46148111 13.4917992
 13.069334   14.24353877 14.32430417 17.46794235 15.31833996 15.78429423
 16.88394632 16.60437376 15.45501988 16.02037773 17.38096421 14.96421471
 16.02037773 16.11978131 15.36182903 14.44855865 16.12599404 15.79050696
 15.93961233 16.47390656 14.36779324 16.11356859 16.66028827 16.03280318
 17.03926441 16.56088469 18.05193837 16.68513917 14.95178926 13.03827038
 15.67246521 14.40506958 14.6722167  16.97092445 14.85859841 15.81535785
 16.24403579 16.03280318 16.45526839 15.4860835  17.0889662  16.23161034
 12.23682903 14.98906561 15.26242545 15.62897614 16.36207753 15.08846918
 15.6973161  14.61008946 15.69110338 16.58573559 17.46794235 14.5417495
 16.28752485 17.86555666 14.9083002  13.55392644 14.65979125 14.88966203
 15.722167   14.98285288 15.92097416 15.97067594 15.67246521 12.44806163
 15.89612326 16.78454274 14.72813121 14.78404573 18.28802187 15.28727634
 15.25621272 14.91451292 15.07604374 14.16277336 15.3804672  15.84642147
 15.49850895 15.61033797 13.73409543 16.31858847 16.39935388 17.902833
 16.85909543 14.52932406 13.71545726 14.61008946 14.49826044 15.96446322
 15.97688867 15.92097416 14.88966203 16.34965209 15.87127237 16.43663022
 14.15034791 17.26913519 15.58548708 15.17544732 15.25       14.12549702
 14.11307157 14.16277336 14.51689861 15.32455268 15.57306163 16.09493042
 17.25049702 16.1694831  15.86505964 16.6416501  18.65457256 16.56709742
 13.54150099 15.00149105 14.90208748 14.03230616 16.70999006 14.87723658
 15.71595427 16.74105368 15.13817097 15.66003976 16.38692843 16.93986083
 16.76590457 16.65407555 14.06336978 14.59145129 15.58548708 14.3305169
 13.7527336  14.61630219 16.92743539 13.10661034 15.77808151 16.17569583
 16.78454274 15.95203777 15.85263419 18.78503976 14.77162028 13.83971173
 13.93290258 14.39264414 15.20651093 15.94582505 15.02012922 14.92693837
 14.88966203 15.54821074 15.83399602 15.44259443 17.03926441 16.33101392
 17.80342942 14.47962227]",22248.734699730958
2025-06-15 02:16:00+00:00,136,2098.7,9.0,15.65024529825484,15.51932157057654,18.430914512922463,"[14.00124254 13.34269384 14.93936382 14.35536779 16.97713718 14.50447316
 15.75323062 15.07604374 15.62276342 15.04498012 16.92743539 17.71645129
 17.33747515 14.44855865 14.34915507 15.15059642 14.95178926 14.11928429
 15.67867793 14.91451292 16.31858847 15.80914513 15.27485089 15.83399602
 14.47340954 17.39338966 16.49254473 15.56063618 14.28081511 12.69657058
 15.4860835  16.59194831 14.49826044 15.1443837  13.80864811 15.4860835
 16.63543738 15.98310139 14.92693837 15.1443837  16.10114314 13.65954274
 14.20626243 14.8834493  14.06336978 12.3610835  15.97067594 15.22514911
 15.722167   16.20054672 16.10114314 13.99502982 14.53553678 17.78479125
 15.75323062 17.09517893 14.15034791 14.56038767 16.08871769 13.79622266
 14.73434394 15.47987078 15.87748509 15.37425447 15.99552684 16.17569583
 15.78429423 15.17544732 14.85238569 15.26242545 14.00745527 15.19408549
 14.62872763 15.59791252 13.95775348 14.53553678 15.07604374 15.78429423
 15.08225646 18.43091451 15.59791252 15.59791252 18.35636183 16.68513917
 13.90183897 14.21868787 14.2249006  14.05094433 15.33697813 14.91451292
 14.53553678 15.36182903 16.94607356 15.57306163 16.56709742 16.92122266
 14.97042744 15.46744533 16.93364811 14.64736581 15.56063618 14.47340954
 15.34319085 15.32455268 17.44930417 16.69135189 16.2999503  14.62872763
 16.04522863 15.81535785 16.20054672 16.85909543 17.81585487 15.05740557
 14.94557654 15.52957256 14.99527833 16.78454274 14.54796223 14.72191849
 15.92718688 16.13841948 16.03280318 16.44905567 16.25024851 15.37425447
 16.30616302 13.97639165 15.47987078 13.70924453 14.10685885 15.98931412
 16.63543738 15.90854871 17.5859841  15.15059642 16.72862823 14.4609841
 15.66625249 16.52360835 16.93364811 14.28702783 14.53553678 15.4860835
 15.91476143 16.07629225 16.23161034 15.05740557 14.66600398 14.79647117
 14.19383698 17.1138171  15.6973161  17.0082008  15.44259443 17.33747515
 14.8026839  14.97042744 16.05144135 14.97664016 15.34319085 15.23757455
 15.6165507  16.07007952 15.722167   15.09468191 15.9333996  17.38096421
 17.72266402 17.18215706 15.16302187 14.5666004  15.42395626 15.10710736
 15.12574553 15.78429423 14.59766402 14.72813121 15.27485089 16.25024851
 17.23185885 15.63518887 18.11406561 17.35611332 14.31187873 14.68464215
 14.80889662 15.6165507  14.8026839  15.11332008 14.83374751 15.31212724
 16.13220676 16.69756461 16.36829026 15.13817097 17.41202783 15.70974155
 15.90233598 15.16923459]",22249.060669841387
2025-06-15 02:17:00+00:00,137,2081.94,9.0,15.600477099858898,15.467258946322067,18.1948310139165,"[15.47365805 15.44880716 14.23732604 14.60387674 15.27485089 17.3499006
 14.07579523 15.13817097 16.34965209 16.72241551 16.88394632 17.71645129
 16.7472664  13.80864811 14.38643141 14.16898608 16.64786282 14.777833
 15.32455268 14.52311133 15.33697813 14.71570577 14.10685885 16.07629225
 16.59816103 16.24403579 16.78454274 13.83349901 15.33697813 15.0139165
 14.08200795 14.44234592 14.82753479 16.45526839 16.34965209 16.21297217
 15.58548708 14.92072565 15.50472167 15.23136183 16.87152087 12.41078529
 14.41749503 14.23111332 13.87077535 15.21272366 14.80889662 15.05119284
 15.31833996 16.07007952 16.75347913 17.26913519 16.13220676 17.31262425
 16.61058648 17.28156064 12.89537773 15.73459245 15.79050696 14.84617296
 15.722167   15.44259443 15.18166004 16.39314115 15.75323062 15.99552684
 15.56684891 15.75323062 15.62276342 15.85263419 12.9140159  14.77162028
 14.39264414 12.56610338 15.33697813 14.73434394 16.72241551 13.4110338
 16.2999503  15.32455268 15.45501988 17.28777336 16.13841948 16.21297217
 14.31809145 13.89562624 15.07604374 15.1195328  13.86456262 12.8083996
 16.43663022 15.36804175 15.98931412 17.04547714 16.61058648 16.95228628
 17.41824056 16.30616302 16.34965209 14.75919483 13.95775348 15.79050696
 14.99527833 14.67842942 15.8277833  17.15730616 14.86481113 15.64761431
 16.2750994  16.14463221 17.73508946 16.0638668  16.20054672 14.26217694
 14.6722167  16.18190855 15.68489066 15.98310139 17.07032803 15.08225646
 15.88369781 16.23161034 17.07654076 15.24378728 15.70352883 16.39935388
 17.12624254 15.36804175 14.0944334  12.2306163  15.03255467 14.36779324
 14.95178926 15.94582505 15.51714712 15.80914513 14.61630219 14.9083002
 15.79671968 16.28131213 14.8834493  14.76540755 15.87748509 15.3556163
 15.61033797 16.17569583 13.48558648 16.24403579 15.00770378 15.13817097
 16.73484095 17.3250497  15.84020875 17.13245527 16.48011928 16.54845924
 16.41799205 14.2000497  15.33076541 15.13195825 14.82132207 16.46148111
 15.51093439 16.18190855 15.33697813 16.26888668 16.12599404 16.20675944
 13.80864811 18.19483101 14.96421471 15.18787276 16.33101392 15.36182903
 15.08846918 15.30591451 16.62922465 14.86481113 15.02634195 14.23111332
 15.74080517 15.82157058 14.83374751 17.07654076 12.125      13.44209742
 14.83996024 14.4361332  15.33076541 15.21272366 13.95775348 14.4361332
 15.59791252 15.28727634 14.32430417 17.1945825  15.5916998  16.98956262
 15.34319085 14.03851889]",22082.556185287925
2025-06-15 02:18:00+00:00,138,2125.79,9.0,15.729578676562124,15.60347291252485,19.176441351888666,"[14.49826044 15.56684891 15.51093439 14.6722167  15.26242545 16.25646123
 16.58573559 15.55442346 15.37425447 16.49254473 16.14463221 16.58573559
 15.9582505  14.305666   14.57902584 13.67818091 16.23782306 16.0638668
 16.13220676 16.04522863 17.07654076 17.59219682 16.26888668 15.66003976
 16.81560636 16.49875746 17.37475149 14.98285288 14.57281312 14.97042744
 13.67196819 14.06336978 13.36754473 13.7527336  14.32430417 16.54845924
 16.02037773 15.64140159 17.03305169 15.18787276 15.59791252 15.47365805
 14.4361332  14.29324056 15.24378728 13.95154076 16.30616302 15.74080517
 13.01963221 14.93936382 15.11332008 15.00770378 16.4304175  18.48682903
 16.41177932 14.40506958 15.02634195 14.07579523 15.45501988 15.02634195
 14.2000497  16.95849901 15.81535785 16.5360338  15.90854871 15.62897614
 17.56734592 15.52335984 16.84666998 15.92718688 13.81486083 13.0444831
 13.41724652 15.33076541 14.61008946 15.13195825 15.85884692 15.74701789
 14.72813121 16.36207753 16.82181909 16.38071571 16.39314115 19.02733598
 14.83374751 13.53528827 14.81510934 14.84617296 15.17544732 14.2249006
 15.95203777 14.75298211 16.31858847 14.2000497  15.3556163  18.12027833
 17.67296223 19.17644135 17.17594433 16.8777336  14.06336978 16.16327038
 14.64115308 16.67892644 14.9083002  15.21893638 14.95800199 17.3499006
 15.11332008 15.81535785 15.18166004 16.95849901 17.09517893 14.48583499
 14.00124254 13.37375746 16.67892644 15.06983101 15.58548708 16.95228628
 15.72837972 14.79025845 16.98956262 15.98310139 16.32480119 18.07678926
 16.48633201 14.11928429 13.74652087 15.56684891 16.76590457 14.89587475
 16.48633201 15.21893638 15.84642147 15.64761431 16.02659046 14.2000497
 14.97664016 14.41749503 17.27534791 15.90233598 15.0387674  16.15705765
 14.17519881 14.57902584 16.36829026 15.46744533 15.43638171 16.72241551
 15.89612326 15.57306163 15.00770378 16.33722664 15.26863817 16.58573559
 14.75298211 16.11978131 15.54199801 14.67842942 16.45526839 14.48583499
 15.51093439 14.18762425 14.45477137 15.33697813 14.26838966 16.59816103
 16.78454274 16.2750994  16.10735586 15.91476143 14.39264414 15.81535785
 16.70999006 15.80914513 15.85884692 15.12574553 15.12574553 14.58523857
 17.16973161 15.3556163  16.84666998 16.2750994  13.57256461 15.62276342
 16.51739563 14.305666   13.99502982 15.18787276 16.70377734 16.58573559
 15.72837972 16.61058648 15.25621272 15.8277833  16.48633201 18.04572565
 16.84045726 14.50447316]",22514.47842030624
2025-06-15 02:19:00+00:00,139,2111.24,9.0,15.686346318899538,15.558275347912522,18.54895626242545,"[15.42395626 14.92072565 13.9639662  14.55417495 17.1945825  15.33076541
 16.98956262 15.39910537 15.82157058 16.92122266 14.42370775 17.00198807
 15.68489066 12.94507952 14.52932406 15.27485089 16.01416501 14.94557654
 13.82107356 14.64736581 15.65382704 15.33076541 14.64115308 14.51689861
 16.17569583 17.14488072 16.8528827  12.74005964 15.09468191 14.79025845
 13.27435388 16.51739563 15.22514911 14.75919483 13.79000994 14.78404573
 16.2750994  17.3499006  15.65382704 17.5859841  16.30616302 13.26814115
 16.20675944 15.33076541 14.57902584 13.92668986 14.24975149 15.88991054
 15.1443837  16.75969185 16.13841948 17.43687873 15.56684891 17.60462227
 16.66028827 16.37450298 13.75894632 14.83374751 16.15705765 12.48533797
 14.72813121 14.39885686 16.14463221 15.51714712 17.21322068 15.98931412
 17.34368787 17.16351889 14.2249006  17.16973161 16.25024851 15.84020875
 14.4361332  14.53553678 14.42370775 14.20626243 16.59194831 15.66625249
 16.05765408 17.18215706 16.50497018 16.79696819 16.26888668 15.8277833
 16.46769384 14.79647117 13.74030815 15.62276342 13.87077535 17.22564612
 14.64736581 16.97713718 15.67246521 15.26863817 16.31237575 13.8832008
 17.6916004  15.97688867 16.26267396 14.95800199 13.95775348 15.10710736
 14.66600398 14.49204771 16.34965209 16.43663022 16.41799205 16.92122266
 16.52360835 16.37450298 16.8777336  17.06411531 15.92097416 14.59145129
 14.9083002  14.05094433 15.6973161  15.32455268 14.79025845 16.20675944
 14.74055666 13.25571571 18.54895626 16.84666998 17.25670974 16.70377734
 16.29373757 14.54796223 13.94532803 15.20029821 16.49875746 14.49826044
 13.75894632 14.80889662 15.75944334 15.3556163  16.57952286 17.10760437
 16.28131213 17.81585487 17.70402584 15.16923459 13.10039761 14.97664016
 15.32455268 13.34269384 14.79647117 16.30616302 13.90183897 16.8777336
 16.16327038 16.52982107 17.56734592 16.21297217 15.82157058 15.62276342
 14.03851889 15.29970179 13.6222664  15.74080517 15.20651093 15.45501988
 15.49229622 16.58573559 16.17569583 15.23136183 15.93961233 16.76590457
 15.28727634 17.46794235 13.5166501  15.1443837  13.67818091 15.08846918
 15.41774354 14.56038767 15.66625249 14.99527833 16.43663022 16.69756461
 17.35611332 16.194334   15.87748509 16.194334   14.57281312 14.39885686
 13.36133201 14.77162028 15.53578529 14.4361332  14.45477137 16.55467197
 15.98310139 15.4612326  17.98359841 15.76565606 15.87127237 16.34965209
 16.5360338  14.08822068]",22369.840244510295
2025-06-15 02:20:00+00:00,140,2114.6000000000004,9.0,15.695974180095572,15.56871272365805,19.288270377733596,"[13.90805169 14.54796223 14.95800199 15.39910537 16.66650099 16.52982107
 17.02062624 16.18812127 16.21918489 16.10114314 15.95203777 14.23732604
 16.44284294 14.01366799 15.85263419 15.28106362 15.22514911 15.9582505
 16.31858847 15.71595427 15.1195328  15.92097416 16.44284294 16.54845924
 17.53006958 17.0889662  16.0390159  13.0444831  15.15680915 13.67818091
 13.79622266 13.79622266 15.26863817 14.91451292 17.05168986 15.00149105
 15.59791252 15.8277833  16.66650099 15.90233598 16.05765408 14.50447316
 14.83996024 14.62872763 16.04522863 15.49850895 16.08250497 14.6722167
 14.99527833 14.91451292 15.71595427 17.07654076 16.95228628 16.64786282
 15.54821074 16.32480119 12.66550696 14.21247515 15.3556163  13.13767396
 15.51093439 15.23136183 15.722167   16.20675944 14.92072565 14.53553678
 16.18190855 16.13220676 19.28827038 18.18240557 13.42967197 15.25
 15.56063618 15.25       14.31809145 15.80914513 14.65979125 15.62897614
 15.76565606 15.23757455 14.62872763 17.28156064 15.22514911 17.33747515
 15.43638171 14.74055666 15.13817097 14.305666   15.84642147 16.36207753
 18.52410537 13.82107356 16.22539761 16.8528827  15.09468191 16.55467197
 16.41177932 17.6667495  17.34368787 14.17519881 13.1500994  15.51093439
 14.83374751 14.52311133 14.95800199 16.50497018 15.76565606 15.57927435
 15.57306163 16.41177932 15.54821074 15.80914513 14.68464215 15.13195825
 14.17519881 14.70328032 13.37375746 14.94557654 16.43663022 16.76590457
 16.24403579 16.58573559 15.722167   14.72813121 16.34965209 15.76565606
 16.60437376 14.49826044 15.00770378 15.83399602 13.61605368 13.37375746
 16.20054672 15.65382704 15.38667992 14.64736581 16.57331014 16.15705765
 15.39289264 14.20626243 15.95203777 14.89587475 12.74627237 15.09468191
 15.62276342 13.9639662  16.00795229 16.38692843 15.75323062 16.18812127
 16.62922465 17.46794235 16.13841948 17.57977137 14.84617296 18.76018887
 14.20626243 14.06336978 15.74701789 13.64090457 16.2999503  16.01416501
 16.70999006 15.52335984 15.84642147 16.20675944 14.18141153 17.13866799
 16.54224652 16.70377734 13.01963221 14.53553678 13.29920477 16.10114314
 15.6165507  15.66625249 14.15034791 15.82157058 15.75944334 15.66625249
 16.28752485 16.01416501 16.61058648 17.59219682 13.59741551 14.35536779
 13.93290258 15.26863817 14.69085487 13.99502982 15.33076541 15.97688867
 18.14512922 16.75969185 17.87798211 17.41202783 16.38692843 16.56709742
 16.61058648 14.305666  ]",22402.051216927743
2025-06-15 02:21:00+00:00,141,2104.71,9.0,15.66650774276376,15.537990805168986,18.15134194831014,"[15.67246521 15.63518887 14.0944334  16.37450298 15.68489066 15.57306163
 15.27485089 16.5111829  14.64736581 16.44284294 16.97713718 16.25024851
 16.45526839 14.00124254 17.14488072 16.24403579 15.9582505  16.95228628
 13.36133201 15.87748509 15.93961233 14.81510934 15.16302187 15.0387674
 15.27485089 14.96421471 16.31237575 15.06361829 13.97639165 14.3305169
 16.82803181 13.08175944 15.28727634 14.74676938 15.67867793 14.92693837
 14.9083002  17.05168986 15.13195825 15.42395626 16.33101392 13.94532803
 14.41128231 15.69110338 16.15084493 16.14463221 15.43638171 16.16327038
 17.10760437 15.15059642 16.14463221 15.73459245 16.70999006 16.03280318
 14.98906561 17.13866799 14.03851889 14.28081511 13.95775348 15.3804672
 15.21893638 13.83349901 15.722167   14.28702783 14.77162028 16.39314115
 16.10114314 14.34915507 16.51739563 16.57952286 13.66575547 14.51068588
 15.0139165  13.31163022 13.94532803 15.65382704 16.33101392 15.90233598
 15.36182903 17.39960239 15.75944334 16.26267396 16.28131213 17.89662028
 13.82107356 14.56038767 15.1443837  14.18141153 14.49204771 15.71595427
 16.2750994  15.84642147 15.73459245 16.75969185 14.96421471 15.76565606
 15.87127237 16.80939364 16.25646123 15.06983101 15.3556163  15.6973161
 14.70949304 15.00149105 16.45526839 16.5111829  17.07654076 16.38692843
 15.05119284 17.23807157 17.41202783 17.02683897 15.86505964 15.05119284
 13.51043738 14.77162028 15.84020875 15.15680915 15.44259443 16.0638668
 15.75323062 17.57977137 15.06361829 16.73484095 16.75347913 18.15134195
 15.27485089 14.88966203 13.80864811 13.6471173  15.04498012 15.0387674
 15.41153082 13.52907555 16.72862823 17.26292247 15.87127237 16.97092445
 17.34368787 16.21918489 16.71620278 14.38643141 15.06361829 14.13170974
 15.722167   13.54771372 13.32405567 15.20651093 13.93290258 15.90233598
 16.88394632 14.95178926 16.44284294 16.65407555 16.59816103 15.96446322
 15.25621272 14.59145129 14.777833   14.29324056 15.17544732 15.45501988
 15.85263419 16.31858847 15.43638171 16.13841948 15.80293241 14.29324056
 15.3804672  14.18141153 14.78404573 14.40506958 13.90183897 15.43638171
 14.00745527 15.33076541 15.79050696 14.84617296 16.89637177 17.35611332
 16.56088469 17.2194334  17.38717694 16.28131213 15.44259443 14.07579523
 13.87077535 14.10685885 14.11307157 15.00770378 14.6722167  15.74080517
 15.41774354 16.56088469 15.34940358 16.48633201 17.09517893 16.89637177
 17.69781312 15.42395626]",22303.468304190428
2025-06-15 02:22:00+00:00,142,2127.88,9.0,15.734609847733676,15.609965208747514,19.462226640159045,"[16.23161034 14.85859841 13.81486083 14.52932406 16.08871769 18.49304175
 16.95849901 15.16923459 17.01441352 15.97688867 16.08871769 15.74080517
 19.46222664 14.37400596 14.07579523 14.51068588 15.90854871 14.49826044
 15.87127237 15.59791252 15.20651093 18.35636183 15.82157058 16.92122266
 15.54821074 15.88991054 16.8528827  13.64090457 16.07629225 16.13220676
 15.92097416 15.02012922 15.4612326  14.98285288 17.03926441 17.34368787
 16.17569583 15.86505964 17.25049702 16.07007952 16.13841948 13.73409543
 14.59766402 14.99527833 14.65357853 15.70974155 14.89587475 15.75323062
 16.48011928 16.70999006 15.69110338 16.73484095 16.46148111 17.36853877
 15.79050696 15.20651093 15.81535785 13.95154076 15.16923459 14.85238569
 14.05094433 16.0638668  15.31212724 16.69756461 16.54224652 15.33076541
 17.26292247 15.06983101 17.54249503 17.47415507 14.86481113 16.0638668
 13.02584493 15.08846918 14.15034791 14.93936382 15.49850895 15.3556163
 15.51714712 16.20054672 15.87748509 15.56063618 15.66625249 15.85263419
 13.55392644 14.54796223 14.28081511 15.60412525 15.29970179 14.94557654
 15.94582505 15.36182903 16.62301193 14.80889662 16.31858847 16.70999006
 18.33151093 15.79671968 15.5916998  14.40506958 14.49204771 15.0139165
 16.6416501  14.42992048 14.69085487 14.94557654 16.84045726 15.28727634
 16.08250497 15.62897614 15.8277833  16.52982107 16.29373757 13.45452286
 14.24975149 16.73484095 14.8834493  15.43016899 15.92097416 15.82157058
 14.88966203 14.31187873 14.18762425 15.69110338 14.72191849 16.89637177
 16.66650099 13.92047714 14.59145129 12.72763419 15.23136183 16.09493042
 14.5666004  16.13841948 15.18787276 17.36853877 17.3499006  15.44880716
 15.79050696 16.2999503  17.96496024 13.94532803 14.70328032 14.17519881
 15.56684891 15.90233598 15.08846918 15.57306163 15.57927435 15.84642147
 16.97092445 16.02659046 14.59766402 15.73459245 16.20675944 16.86530815
 14.51068588 13.76515905 14.5417495  14.4609841  15.43638171 16.67271372
 14.45477137 17.23807157 15.9582505  13.69060636 15.88369781 15.32455268
 15.97067594 17.49279324 14.98285288 15.9333996  15.98310139 13.58499006
 13.87698807 15.70974155 15.51714712 15.33076541 15.39910537 16.71620278
 15.37425447 17.26913519 16.90258449 18.80367793 14.5666004  13.97017893
 13.64090457 13.63469185 15.52335984 16.02659046 16.34343936 15.13817097
 16.44905567 15.50472167 16.46148111 16.86530815 16.62301193 14.10685885
 16.33101392 15.31212724]",22531.310706577784
2025-06-15 02:23:00+00:00,143,2131.65,9.0,15.745468745740709,15.621676192842942,19.045974155069583,"[15.68489066 14.28702783 14.85238569 13.79622266 15.59791252 16.75969185
 13.74652087 16.52360835 15.79050696 16.2750994  17.13866799 17.12002982
 17.83449304 14.31809145 15.53578529 14.60387674 13.87077535 14.51689861
 15.96446322 14.79647117 15.25621272 15.29970179 14.72813121 17.1945825
 16.96471173 15.83399602 19.04597416 14.63494036 14.39885686 16.17569583
 16.20675944 14.21247515 13.89562624 16.10735586 16.01416501 17.20700795
 15.6973161  15.86505964 15.99552684 15.73459245 15.90854871 13.91426441
 13.20601392 15.06983101 16.26888668 15.33697813 14.75919483 15.67246521
 15.25621272 15.08846918 15.21893638 17.71645129 15.89612326 15.71595427
 16.95849901 17.3499006  14.34915507 14.72813121 14.10685885 14.75919483
 15.66003976 15.54821074 15.39910537 15.0387674  17.02683897 15.67867793
 16.6416501  16.4304175  16.31237575 15.58548708 15.8277833  15.52335984
 15.24378728 15.51714712 14.42992048 16.25024851 17.33747515 16.29373757
 12.64686879 14.98906561 17.49279324 16.62922465 17.30019881 16.33101392
 14.65979125 15.63518887 15.10710736 14.42370775 14.95178926 15.38667992
 14.76540755 14.83374751 16.56709742 17.30019881 16.82803181 16.60437376
 15.47987078 17.44930417 16.26267396 13.82107356 14.33672962 13.74030815
 15.76565606 14.70949304 14.18141153 15.59791252 15.03255467 15.29970179
 14.72191849 17.65432406 15.76565606 17.73508946 16.34965209 13.67818091
 13.47937376 14.34915507 14.28081511 15.45501988 14.05094433 16.9833499
 16.73484095 14.15034791 14.78404573 15.68489066 17.65432406 15.97688867
 17.89040755 15.82157058 15.05740557 14.49826044 17.00198807 14.2249006
 16.56088469 14.47340954 14.95178926 14.92072565 16.00795229 15.75323062
 16.03280318 16.10114314 17.80342942 14.97042744 14.91451292 15.4860835
 15.83399602 14.49204771 15.05119284 14.62251491 16.16327038 15.97067594
 16.24403579 14.73434394 15.32455268 16.54224652 16.0390159  16.21297217
 14.8834493  15.78429423 14.95800199 14.53553678 15.77808151 15.18787276
 15.34319085 14.29324056 15.9333996  17.51143141 16.66028827 16.65407555
 18.41848907 16.57952286 14.16898608 16.15084493 15.1195328  15.54821074
 15.25621272 14.64736581 14.4609841  14.34294235 16.5111829  16.07007952
 16.80318091 17.62326044 17.3499006  14.82753479 13.32405567 15.96446322
 15.33076541 15.86505964 14.61630219 16.37450298 15.23757455 14.87102386
 16.28752485 14.76540755 16.08250497 16.75969185 16.99577535 16.21297217
 17.1945825  15.22514911]",22567.640235750114
2025-06-15 02:24:00+00:00,144,2122.08,9.0,15.71696776690903,15.591948310139164,18.368787276341948,"[15.92097416 14.96421471 13.14388668 13.93290258 15.51714712 14.93936382
 14.93936382 18.14512922 16.75969185 16.10114314 15.47987078 16.51739563
 17.28156064 14.8026839  14.83374751 13.56013917 14.31809145 13.34269384
 14.47962227 15.9333996  15.93961233 16.46769384 16.194334   15.74080517
 16.48011928 16.62922465 16.8528827  14.82132207 14.4361332  14.21868787
 15.54821074 15.46744533 16.34343936 16.14463221 15.54199801 16.02037773
 14.26217694 14.5666004  17.38717694 16.80939364 16.25024851 14.37400596
 13.90183897 15.41774354 15.12574553 14.57902584 16.15084493 16.23161034
 14.73434394 14.06336978 16.4304175  16.18812127 15.93961233 15.85884692
 15.62276342 17.46794235 14.80889662 14.13792247 14.38021869 15.23136183
 15.33076541 13.44831014 14.77162028 14.92693837 18.36878728 15.88991054
 15.84020875 14.95178926 17.48036779 17.12624254 15.86505964 14.76540755
 14.10064612 13.12524851 15.54199801 15.57306163 13.90805169 15.58548708
 15.60412525 16.76590457 16.44284294 15.96446322 16.18190855 15.02634195
 16.38692843 14.90208748 14.8026839  17.25049702 15.0387674  16.16327038
 16.50497018 15.79050696 15.722167   17.05168986 16.194334   15.40531809
 16.92122266 15.61033797 15.91476143 15.76565606 13.57877734 16.33722664
 14.41749503 15.39910537 16.10735586 14.16277336 15.9582505  16.78454274
 16.7472664  15.02634195 17.43687873 16.25646123 17.89662028 15.15680915
 15.6165507  13.62847913 15.11332008 14.37400596 16.54224652 14.50447316
 18.12649105 15.46744533 17.50521869 15.70974155 15.51093439 16.08250497
 16.69135189 14.15656064 13.80864811 15.42395626 16.21918489 15.24378728
 14.90208748 17.48658052 17.21322068 13.93290258 14.93936382 16.8777336
 16.60437376 16.05144135 16.66650099 13.78379722 14.38021869 14.81510934
 16.02037773 15.97067594 15.12574553 15.39910537 16.65407555 15.92097416
 16.54224652 15.67867793 17.15730616 16.68513917 16.55467197 17.36853877
 14.60387674 14.94557654 14.89587475 14.19383698 14.15034791 15.13195825
 15.21272366 17.09517893 15.44880716 14.91451292 15.21272366 15.39910537
 16.54224652 17.51143141 14.305666   12.89537773 14.31809145 15.02012922
 15.64761431 14.65357853 14.10064612 15.27485089 15.34940358 14.88966203
 15.74701789 16.93364811 15.6973161  18.35014911 14.83996024 16.1694831
 16.61058648 13.5166501  15.58548708 12.92022863 16.42420477 15.05119284
 16.55467197 17.26292247 15.0387674  16.75969185 17.40581511 15.94582505
 15.80914513 14.64115308]",22472.287360970855
2025-06-15 02:25:00+00:00,145,2134.29,9.0,15.75274757224258,15.629876988071569,19.045974155069583,"[13.5166501  14.39264414 15.4860835  15.77808151 16.10735586 15.62897614
 15.78429423 16.59194831 15.51714712 16.81560636 14.90208748 17.3250497
 15.18166004 14.36158052 15.3804672  14.60387674 14.16898608 15.85884692
 15.56684891 15.64761431 15.81535785 16.8528827  15.67867793 16.62922465
 15.44259443 16.82181909 17.28156064 15.08846918 14.28702783 15.86505964
 16.20675944 16.1694831  15.29348907 15.84020875 14.5417495  16.21918489
 15.55442346 14.69706759 15.70352883 14.56038767 17.64189861 14.94557654
 15.18787276 15.29970179 16.52982107 14.17519881 15.51714712 15.15680915
 15.02012922 15.68489066 15.90233598 15.87127237 15.80914513 17.13245527
 15.9333996  16.05144135 14.12549702 15.29970179 14.82132207 13.94532803
 15.22514911 16.47390656 15.46744533 17.50521869 16.18190855 14.24975149
 16.2999503  17.36232604 18.19483101 16.55467197 15.11332008 16.48011928
 14.24353877 13.81486083 14.01366799 17.97738569 15.98310139 14.93315109
 14.98285288 16.49875746 19.04597416 16.46148111 16.70999006 16.29373757
 15.74701789 14.24975149 15.49229622 15.77808151 15.49850895 15.80914513
 13.78379722 15.36182903 15.0387674  16.05765408 16.38692843 16.55467197
 17.9276839  14.68464215 14.96421471 15.21893638 15.17544732 16.5111829
 15.16923459 16.11356859 15.4612326  15.25       14.16277336 15.0139165
 15.90854871 16.0638668  16.52360835 15.93961233 18.15134195 14.8026839
 13.83971173 14.42992048 15.79050696 14.75298211 15.00149105 15.41153082
 14.45477137 16.58573559 15.87748509 18.12027833 16.34965209 16.30616302
 16.46769384 15.61033797 14.63494036 15.55442346 16.6167992  13.41724652
 15.39289264 15.23757455 15.41774354 15.25       14.74055666 16.21297217
 15.98931412 15.25       16.94607356 14.10064612 15.06983101 13.60362823
 14.45477137 15.69110338 15.24378728 14.42992048 15.33697813 16.18812127
 17.22564612 16.84666998 15.64140159 14.70328032 16.2750994  15.89612326
 13.58499006 15.13195825 14.93315109 15.1443837  16.1694831  15.44259443
 17.30019881 14.86481113 16.98956262 15.05740557 18.85959245 17.54249503
 16.73484095 17.43687873 13.07554672 13.8832008  14.5666004  14.2249006
 15.4860835  16.0638668  16.194334   16.29373757 15.96446322 16.62301193
 16.52982107 16.93986083 16.32480119 15.36182903 14.18141153 13.23086481
 14.6722167  14.68464215 15.23757455 15.3556163  13.32405567 14.82132207
 16.80318091 16.97092445 15.80293241 17.5859841  14.23732604 17.31262425
 16.69135189 13.88941352]",22591.99227769478
2025-06-15 02:26:00+00:00,146,2162.58,9.0,15.835987217243254,15.717755964214712,20.418986083499007,"[15.91476143 13.4110338  15.45501988 13.05069583 15.15059642 16.2750994
 15.13817097 14.15034791 16.71620278 17.49900596 15.09468191 15.05119284
 16.74105368 16.00173956 14.93936382 13.23707753 16.5111829  13.90183897
 15.53578529 16.12599404 16.23161034 16.84045726 15.13195825 16.31237575
 15.42395626 17.09517893 17.13245527 14.4609841  15.18787276 16.82181909
 14.26217694 15.56063618 15.1443837  16.48011928 15.52335984 15.3804672
 16.92743539 16.67271372 17.30641153 17.53628231 18.36878728 14.26217694
 16.1694831  12.98856859 16.28131213 14.74055666 14.01366799 15.24378728
 16.91500994 16.39935388 17.40581511 16.08871769 18.25695825 18.31908549
 17.13245527 17.25670974 13.97017893 15.13195825 14.79025845 14.66600398
 16.18812127 16.11356859 15.20029821 15.68489066 15.06983101 15.61033797
 15.68489066 17.77236581 15.84020875 18.64835984 14.85238569 16.13841948
 14.97042744 13.8832008  13.86456262 14.93315109 14.72813121 16.90258449
 16.05765408 20.41898608 14.93315109 14.13792247 14.80889662 15.97688867
 14.31809145 13.59741551 15.90854871 15.36182903 16.11356859 14.41749503
 15.12574553 16.08250497 16.25646123 15.6973161  16.10114314 14.75298211
 16.194334   16.49875746 18.27559642 14.27460239 13.7278827  15.57927435
 13.95775348 14.5666004  14.9083002  14.72813121 16.87152087 16.02037773
 15.09468191 17.3499006  17.2194334  19.33175944 17.33747515 13.34890656
 14.47340954 15.11332008 14.46719682 16.64786282 15.10089463 15.06983101
 16.82181909 16.76590457 16.28752485 15.62897614 17.37475149 16.44284294
 17.41202783 13.13146123 14.75298211 14.64736581 15.64140159 15.33697813
 14.97042744 15.41774354 14.57281312 14.64115308 14.6722167  16.84666998
 16.41177932 14.88966203 17.2194334  14.18762425 16.23161034 15.1443837
 15.33076541 13.68439364 13.48558648 14.57281312 14.83996024 15.67246521
 15.83399602 16.60437376 15.89612326 15.45501988 16.35586481 15.57306163
 15.98931412 13.08797217 15.30591451 15.89612326 16.18812127 15.75323062
 15.10710736 17.50521869 16.21297217 15.15680915 15.26242545 16.69756461
 15.39910537 17.53006958 15.56684891 15.34319085 15.06361829 15.36182903
 15.90233598 15.31212724 14.62872763 15.77186879 16.8777336  14.66600398
 16.42420477 17.0889662  16.82181909 17.02062624 15.44880716 16.95228628
 12.47912525 16.68513917 15.21272366 15.92097416 15.9582505  14.83374751
 16.44905567 15.71595427 17.09517893 18.13270378 17.05168986 16.38692843
 18.78503976 14.70328032]",22870.478834009038
2025-06-15 02:27:00+00:00,147,2125.63,9.0,15.726707829843221,15.602975894632207,18.05193836978131,"[14.93315109 12.10636183 13.50422465 15.6165507  15.31212724 17.12624254
 15.64140159 15.21272366 17.00198807 16.78454274 16.69135189 16.95228628
 15.19408549 14.86481113 14.36779324 15.21272366 14.85859841 14.57902584
 15.42395626 14.29324056 16.00173956 15.79671968 16.5360338  14.45477137
 17.0082008  15.84020875 17.49900596 14.04473161 15.20029821 14.54796223
 14.29945328 15.16923459 15.79050696 15.43638171 14.77162028 15.61033797
 14.64736581 17.05790258 16.36207753 15.77186879 17.64811133 15.6973161
 15.00149105 14.24353877 14.65357853 14.55417495 15.25621272 14.777833
 17.23185885 16.11356859 15.54821074 14.36158052 16.07629225 14.92693837
 17.66053678 17.10139165 14.10685885 14.45477137 15.45501988 17.14488072
 16.70377734 15.69110338 16.15084493 15.73459245 16.02037773 17.59219682
 15.64140159 15.1443837  14.85859841 16.2750994  14.69085487 15.40531809
 13.55392644 15.93961233 15.92097416 15.75944334 14.31809145 15.74701789
 16.46148111 15.62897614 16.21918489 16.72241551 15.0139165  16.4055666
 13.36754473 13.51043738 14.61008946 14.52311133 16.26267396 14.89587475
 15.31212724 15.71595427 17.05790258 15.74080517 15.57927435 17.97738569
 15.92718688 17.20079523 16.99577535 14.12549702 13.80864811 15.92097416
 14.42370775 15.06361829 14.99527833 15.18166004 15.51714712 16.67892644
 15.74080517 14.92693837 15.08846918 16.94607356 17.95874751 14.45477137
 13.81486083 14.73434394 15.44259443 16.6167992  17.29398608 17.65432406
 16.05144135 17.46794235 17.22564612 16.46148111 15.36182903 15.65382704
 17.84691849 13.75894632 13.99502982 14.73434394 15.31833996 16.52360835
 15.85263419 15.54199801 14.87723658 15.28727634 14.73434394 15.43016899
 17.902833   16.0638668  16.85909543 13.05069583 14.52932406 14.28081511
 15.92097416 15.16302187 16.34343936 14.34915507 14.26217694 15.54199801
 16.00795229 15.12574553 13.48558648 17.13866799 15.50472167 16.75969185
 15.75944334 13.44831014 13.86456262 14.51068588 15.23136183 16.56088469
 14.72191849 16.69756461 15.88991054 15.99552684 15.59791252 16.24403579
 17.14488072 17.51143141 14.71570577 15.05119284 13.88941352 16.25024851
 15.23136183 16.72241551 15.1443837  16.81560636 16.48011928 15.91476143
 15.11332008 15.51714712 17.13245527 16.24403579 14.82132207 15.76565606
 14.12549702 16.33722664 14.25596421 15.78429423 14.97042744 14.83996024
 16.05144135 16.07007952 15.85263419 16.26888668 17.49279324 18.05193837
 17.26292247 14.62872763]",22504.873715523474
2025-06-15 02:28:00+00:00,148,2140.3900000000003,9.0,15.770033979689108,15.648825795228626,18.977634194831012,"[15.10089463 13.92047714 15.4612326  16.56088469 15.66625249 17.06411531
 16.46769384 17.20079523 15.47365805 15.34319085 16.0390159  14.82132207
 17.42445328 15.85263419 14.44855865 15.9333996  14.94557654 15.82157058
 16.31858847 15.3804672  14.38021869 16.88394632 15.78429423 16.04522863
 17.49900596 16.56088469 15.29970179 15.10710736 14.42370775 13.2805666
 15.45501988 16.91500994 15.75323062 16.11978131 16.52360835 15.31833996
 16.18190855 14.18141153 15.84642147 15.99552684 15.74080517 14.60387674
 13.16252485 16.43663022 17.3499006  16.65407555 15.70974155 13.83971173
 15.43016899 15.60412525 16.0390159  16.46769384 14.44855865 17.44930417
 16.73484095 15.36804175 13.03827038 16.41799205 15.47365805 15.51714712
 15.21893638 13.65954274 15.32455268 14.74676938 17.57355865 15.59791252
 16.15084493 17.430666   17.05168986 18.97763419 14.61008946 15.66625249
 14.52932406 14.89587475 15.41774354 13.37375746 15.36804175 15.16923459
 16.02659046 15.89612326 15.64761431 17.16973161 16.80939364 16.4304175
 14.87723658 15.70974155 15.98931412 14.00124254 13.93911531 15.71595427
 16.46148111 15.05740557 15.85263419 16.93364811 16.11356859 16.9833499
 18.07678926 17.04547714 15.44880716 14.51068588 13.80243539 14.8834493
 15.05740557 14.9083002  15.4612326  16.66650099 14.59145129 15.34319085
 15.69110338 15.53578529 17.10760437 14.35536779 17.78479125 16.38071571
 14.12549702 16.66650099 14.29945328 16.07007952 14.86481113 15.18166004
 16.98956262 16.95228628 15.63518887 15.30591451 16.80939364 15.49229622
 17.6916004  14.92072565 15.44880716 15.0387674  14.49204771 16.34343936
 15.27485089 15.4860835  15.10710736 17.38717694 16.17569583 17.03305169
 15.31212724 16.80939364 16.48633201 13.21222664 13.54150099 13.15631213
 14.39264414 15.3556163  15.88369781 15.97688867 16.26267396 15.67867793
 14.64736581 15.43016899 15.41153082 13.93290258 15.64761431 16.41799205
 12.42321074 14.67842942 15.96446322 15.55442346 15.02634195 15.15680915
 15.75944334 15.27485089 15.20651093 15.9333996  16.28752485 16.82803181
 15.08846918 16.26888668 14.47962227 14.62872763 15.27485089 13.9639662
 15.15059642 15.34319085 15.85263419 15.21893638 14.83996024 17.52385686
 16.52982107 17.35611332 17.95874751 17.80342942 15.04498012 14.74055666
 14.54796223 15.78429423 12.77112326 15.78429423 16.194334   16.09493042
 17.2194334  16.44905567 15.85884692 15.92097416 16.07629225 17.74130219
 16.21297217 14.28702783]",22649.82568244788
2025-06-15 02:29:00+00:00,149,2102.16,9.0,15.65699139185964,15.530069582504971,18.735337972166995,"[13.4110338  15.85263419 13.7278827  16.58573559 14.76540755 16.59816103
 14.99527833 14.52932406 14.57281312 15.23136183 15.34940358 16.00173956
 17.5611332  15.0139165  14.49204771 14.5417495  15.16302187 15.18787276
 14.49204771 17.61083499 15.15680915 15.47365805 16.92122266 17.67296223
 17.47415507 16.17569583 16.2999503  12.89537773 15.4612326  14.4609841
 12.92022863 15.25621272 16.08250497 16.04522863 16.33101392 16.80939364
 16.08871769 16.61058648 16.33722664 15.68489066 15.16923459 16.33722664
 16.42420477 15.25621272 16.00173956 13.77758449 15.54821074 15.49229622
 16.21918489 15.70974155 16.15705765 15.80914513 17.21322068 15.92097416
 15.70352883 16.59816103 15.12574553 15.55442346 13.98260437 14.80889662
 16.32480119 16.25024851 17.62326044 14.0944334  17.2194334  15.09468191
 16.09493042 14.85859841 15.28727634 14.99527833 15.75323062 14.62872763
 15.90854871 13.03827038 14.18141153 15.78429423 15.85884692 15.89612326
 15.53578529 15.87748509 15.41153082 15.38667992 17.57977137 15.80914513
 15.39289264 15.64140159 14.37400596 14.41749503 14.34294235 13.65333002
 15.98931412 15.32455268 16.12599404 16.72241551 16.87152087 15.46744533
 14.92693837 16.62301193 17.39338966 15.31833996 15.00770378 15.27485089
 14.77162028 16.56709742 14.42992048 14.85859841 15.16302187 14.5417495
 17.75372763 16.1694831  17.46172962 14.94557654 16.31858847 13.26192843
 13.83349901 14.44855865 12.69657058 14.46719682 14.8026839  16.1694831
 16.10735586 16.10735586 16.6167992  16.35586481 15.33076541 17.01441352
 16.03280318 14.90208748 15.77808151 15.66625249 14.82753479 15.08225646
 15.24378728 17.12002982 15.39289264 15.93961233 15.5916998  16.02037773
 14.72191849 15.13195825 16.52982107 16.11978131 13.95154076 14.5417495
 14.18762425 15.46744533 14.88966203 17.28156064 16.5111829  15.91476143
 14.46719682 15.15059642 16.11978131 14.64736581 16.76590457 16.58573559
 15.22514911 13.45452286 14.05715706 15.26863817 14.11928429 15.85884692
 14.99527833 14.47962227 16.59816103 15.57927435 15.57306163 15.4612326
 18.18240557 18.73533797 14.96421471 14.91451292 14.70949304 14.8834493
 14.41128231 14.61630219 16.34343936 14.60387674 16.2999503  15.65382704
 16.94607356 15.16302187 15.92718688 16.07629225 13.69060636 15.13817097
 15.87127237 15.59791252 14.95178926 15.51093439 14.01988072 16.76590457
 15.65382704 16.42420477 17.02683897 16.13841948 15.65382704 16.72862823
 16.28131213 12.67171968]",22271.63040060561
2025-06-15 02:30:00+00:00,150,2142.54,9.0,15.775937426487804,15.65550447316103,18.16376739562624,"[13.87077535 16.73484095 16.14463221 16.44905567 15.20029821 15.10089463
 16.5360338  13.68439364 17.39960239 17.00198807 15.16302187 17.57355865
 15.72837972 14.28081511 14.78404573 14.05715706 14.28702783 15.08225646
 17.12002982 14.82132207 14.57902584 15.09468191 16.21297217 15.22514911
 16.0390159  16.09493042 16.2750994  14.8834493  13.56013917 14.82753479
 14.85859841 14.87723658 16.11356859 15.80293241 17.72887674 14.87102386
 16.34965209 17.53628231 16.59194831 16.85909543 16.87152087 15.00149105
 15.6165507  16.18812127 14.73434394 15.24378728 13.72166998 15.21272366
 14.29324056 15.56063618 14.35536779 14.93936382 15.80293241 16.52360835
 16.85909543 16.62922465 14.5666004  14.59766402 13.91426441 16.20675944
 15.29348907 15.98310139 16.79696819 16.47390656 14.96421471 15.9333996
 15.46744533 16.77833002 17.77236581 16.35586481 14.38021869 15.18166004
 15.71595427 16.20675944 15.13195825 15.21893638 15.9333996  15.91476143
 16.34343936 15.4612326  16.05765408 17.83449304 16.21297217 14.98906561
 14.21247515 16.04522863 15.0139165  14.2249006  17.0889662  15.66625249
 16.39935388 15.1195328  16.01416501 17.34368787 16.28131213 15.66625249
 16.98956262 15.70974155 17.37475149 13.49801193 13.36754473 14.51068588
 14.54796223 16.70377734 15.77186879 15.81535785 16.194334   15.66003976
 16.95228628 16.80318091 18.10785288 15.84642147 17.61083499 13.87698807
 13.33648111 14.83374751 16.64786282 14.76540755 14.85859841 15.29348907
 14.73434394 18.1637674  15.41774354 17.02683897 16.54224652 14.93936382
 16.05144135 14.74055666 14.10064612 15.76565606 14.24975149 15.36182903
 16.10735586 15.16302187 16.07629225 16.25024851 15.62276342 15.06361829
 16.7721173  16.28131213 16.58573559 12.10636183 14.83374751 14.28702783
 14.34915507 16.52360835 15.82157058 16.00795229 15.41774354 16.05144135
 14.79025845 16.30616302 15.66625249 16.18190855 16.84045726 16.76590457
 14.55417495 15.56063618 15.06361829 16.55467197 16.12599404 17.56734592
 17.02062624 18.00223658 14.87102386 16.39935388 15.52335984 16.97092445
 16.97713718 16.80939364 13.46073559 14.36158052 14.21247515 16.29373757
 14.777833   15.31833996 15.32455268 15.37425447 15.18166004 16.08250497
 15.44259443 14.71570577 16.26888668 15.722167   14.07579523 15.08846918
 13.71545726 16.07007952 15.43016899 15.64140159 15.29970179 15.39289264
 16.56088469 14.69085487 16.75969185 15.98931412 17.04547714 16.39314115
 16.4304175  14.21868787]",22669.576254057596
2025-06-15 02:31:00+00:00,151,2106.85,9.0,15.670404642379054,15.544638419483102,18.250745526838966,"[14.87102386 14.5417495  15.83399602 14.81510934 13.81486083 14.5417495
 15.13195825 16.41799205 15.83399602 15.43016899 16.95849901 16.26267396
 15.63518887 13.80864811 13.00720676 15.08225646 14.65979125 14.37400596
 15.44259443 16.194334   15.46744533 17.04547714 14.75919483 16.55467197
 16.89637177 15.61033797 17.94632207 15.33076541 14.61008946 13.15631213
 14.72191849 15.87127237 14.41128231 14.82132207 15.54199801 14.62251491
 15.21893638 17.03926441 15.97688867 16.62301193 15.51714712 14.2249006
 15.15680915 13.8583499  13.06312127 16.38071571 16.94607356 15.37425447
 16.18190855 16.39314115 14.98285288 15.47365805 16.194334   17.42445328
 17.20700795 16.62922465 15.95203777 16.16327038 14.63494036 14.90208748
 15.77186879 15.05740557 15.85263419 16.20054672 16.42420477 15.42395626
 14.17519881 15.59791252 15.79671968 16.95849901 14.62872763 15.1195328
 13.98260437 17.05168986 15.00149105 13.31163022 15.67246521 16.56709742
 14.8026839  16.21297217 15.95203777 15.22514911 16.6416501  16.63543738
 13.67196819 15.17544732 16.36829026 14.92693837 15.04498012 15.31833996
 16.32480119 15.41153082 15.64761431 15.38667992 17.90904573 16.1694831
 18.18861829 18.25074553 17.05790258 13.27435388 15.59791252 15.78429423
 16.72241551 14.42370775 13.52907555 15.51093439 14.67842942 15.63518887
 16.43663022 14.67842942 16.8528827  17.07032803 17.01441352 13.31163022
 14.73434394 14.98906561 14.52311133 16.72241551 13.28677932 12.89537773
 15.16302187 16.07007952 16.12599404 14.16277336 14.34915507 17.902833
 17.38096421 14.63494036 14.23732604 15.34940358 15.26863817 15.78429423
 15.84020875 15.13817097 14.70949304 17.22564612 15.62897614 17.99602386
 15.85884692 16.26267396 15.80914513 14.3305169  15.23136183 14.00124254
 16.90879722 16.49254473 15.34319085 15.62276342 15.05740557 16.18190855
 15.52957256 15.92718688 16.23782306 16.21297217 15.15680915 16.17569583
 14.69085487 15.61033797 14.07579523 14.23111332 16.03280318 15.84642147
 15.07604374 16.4304175  14.11928429 18.08300199 14.94557654 15.92097416
 15.00770378 18.22589463 15.15680915 15.79671968 13.26814115 15.00149105
 15.722167   15.02012922 15.85263419 15.16302187 15.49850895 15.18787276
 15.05740557 16.32480119 15.36804175 16.89637177 13.57877734 14.75298211
 15.20029821 16.5360338  14.5417495  15.56684891 15.50472167 15.20029821
 15.70974155 17.18215706 15.52335984 15.92097416 16.88394632 15.4860835
 18.05193837 14.23732604]",22316.505771543358
2025-06-15 02:32:00+00:00,152,2144.7599999999998,9.0,15.782075759734902,15.662400596421469,19.22614314115308,"[14.92072565 14.34294235 15.47987078 13.44831014 15.84642147 16.7472664
 17.41202783 16.02037773 16.31237575 15.83399602 16.52982107 16.34965209
 17.28777336 14.82753479 15.31833996 15.34940358 15.80293241 15.02012922
 15.59791252 16.07629225 16.7472664  15.64140159 16.20054672 16.46769384
 17.59219682 16.4304175  18.23832008 15.44880716 13.72166998 14.66600398
 15.25621272 14.26217694 16.03280318 13.88941352 16.28752485 14.49204771
 17.72266402 16.31858847 17.63568588 16.2750994  16.23782306 14.26217694
 15.66003976 14.63494036 12.85810139 14.69085487 14.305666   16.28752485
 14.64736581 15.28727634 16.02659046 17.08275348 17.44930417 16.21918489
 16.33101392 16.89637177 14.80889662 15.26863817 15.21272366 15.76565606
 15.05740557 15.08225646 14.61008946 15.64140159 13.45452286 14.96421471
 17.80964215 15.10089463 15.74701789 15.95203777 13.70924453 13.33026839
 13.47316103 16.55467197 14.57902584 15.53578529 15.61033797 14.57281312
 16.2750994  15.99552684 15.41774354 17.50521869 18.44955268 17.99602386
 14.17519881 14.05715706 15.32455268 13.54150099 15.16302187 15.20029821
 16.39314115 15.39289264 15.16923459 16.86530815 15.37425447 14.52311133
 16.0390159  15.68489066 18.7166998  15.39910537 13.36133201 14.69706759
 12.87052684 15.58548708 12.65929423 15.53578529 13.97639165 16.11356859
 17.13866799 15.61033797 17.4555169  14.53553678 19.22614314 13.05069583
 14.06336978 15.25       14.45477137 15.19408549 15.67246521 16.5360338
 16.39935388 14.67842942 17.18836978 15.11332008 15.77186879 17.23807157
 17.15730616 13.95775348 14.13170974 15.67867793 14.92072565 14.21868787
 15.22514911 16.69135189 15.52957256 16.79075547 16.71620278 16.52360835
 15.21893638 15.33697813 16.44284294 15.43016899 14.58523857 15.57927435
 16.21918489 15.38667992 15.21893638 17.02062624 15.63518887 16.82803181
 15.82157058 16.00795229 16.00795229 15.00770378 16.54224652 15.43638171
 14.28702783 15.33076541 14.28081511 14.45477137 16.194334   15.53578529
 15.8277833  15.00149105 16.02037773 15.84020875 17.30019881 16.11978131
 15.6973161  17.48658052 14.87102386 15.75944334 15.92718688 14.4361332
 15.65382704 16.49254473 15.50472167 16.90879722 15.31212724 17.41824056
 18.15134195 16.85909543 16.54845924 16.41799205 14.57281312 15.25
 16.64786282 14.5666004  15.15059642 15.29970179 15.91476143 15.15059642
 16.30616302 14.57281312 16.51739563 15.56684891 17.87798211 17.01441352
 17.30019881 15.26242545]",22690.112661769082
2025-06-15 02:33:00+00:00,153,2130.27,9.0,15.739119271484844,15.617389413518886,18.722912524850894,"[14.87723658 16.04522863 14.39264414 14.49826044 15.62276342 16.29373757
 15.1195328  16.34343936 14.75919483 16.84045726 18.67942346 16.49875746
 15.91476143 15.13817097 15.33076541 15.00770378 15.33076541 14.78404573
 13.6222664  15.66625249 14.71570577 15.3804672  16.95228628 16.96471173
 16.62301193 15.05119284 16.68513917 13.72166998 14.77162028 14.52311133
 15.46744533 15.44259443 15.0139165  15.47987078 15.77186879 15.36182903
 16.5360338  15.52335984 14.28702783 18.04572565 16.45526839 16.35586481
 13.29299205 14.96421471 15.10710736 15.67867793 15.40531809 17.17594433
 14.92693837 16.0638668  16.08250497 16.86530815 16.80939364 15.70974155
 16.26888668 15.70352883 13.00720676 13.73409543 16.55467197 15.28727634
 14.3305169  16.67271372 15.15680915 15.23136183 17.39960239 16.33101392
 17.1138171  16.51739563 15.68489066 16.52360835 14.51689861 14.34294235
 16.38071571 15.91476143 14.72191849 13.98260437 15.88369781 16.02659046
 16.60437376 17.73508946 15.80293241 16.54845924 16.55467197 17.06411531
 14.85859841 15.57927435 13.90805169 15.9582505  14.33672962 15.16923459
 14.75919483 14.32430417 17.75994036 15.49229622 16.10114314 17.21322068
 16.29373757 16.57952286 17.69781312 14.02609344 15.80914513 14.75919483
 15.32455268 15.34319085 15.6973161  14.65979125 15.42395626 15.51714712
 17.0082008  16.39314115 16.61058648 16.59816103 16.08871769 14.70328032
 13.3861829  14.5417495  13.60984095 15.72837972 14.72813121 15.4612326
 16.38071571 15.88369781 16.46769384 15.43016899 16.81560636 18.57380716
 16.28752485 15.15680915 13.82728628 13.11903579 15.90233598 14.23111332
 14.18762425 15.60412525 15.16923459 15.39289264 16.74105368 15.23136183
 16.57331014 15.80914513 16.11978131 13.64090457 15.29348907 14.70328032
 15.85884692 14.77162028 15.21893638 14.58523857 14.33672962 14.51068588
 18.72291252 15.11332008 17.13245527 15.63518887 15.47365805 15.03255467
 15.79050696 14.69085487 17.9276839  15.50472167 15.44259443 15.32455268
 14.90208748 15.05119284 17.33126243 16.07007952 15.64761431 17.16351889
 16.28752485 16.45526839 14.47962227 14.11928429 15.50472167 13.82728628
 16.18190855 14.5666004  14.42370775 14.89587475 15.33076541 16.41799205
 17.81585487 15.86505964 16.82181909 17.23185885 15.0139165  13.8583499
 14.777833   15.02012922 15.1443837  16.2750994  15.1443837  15.23757455
 14.74676938 17.26913519 17.0082008  14.83996024 16.15705765 15.99552684
 16.9833499  14.97664016]",22546.397434679697
2025-06-15 02:34:00+00:00,154,2108.73,9.0,15.675365014856865,15.550478379721667,18.52410536779324,"[15.6165507  13.92668986 14.80889662 15.54821074 16.21297217 15.43016899
 16.20054672 15.94582505 18.0333002  17.27534791 16.5360338  16.73484095
 18.52410537 14.49204771 15.13195825 14.65979125 15.67867793 14.75298211
 16.49254473 14.35536779 16.34343936 15.97067594 17.99602386 15.74701789
 15.67246521 17.430666   16.48011928 13.85213718 13.64090457 14.70328032
 15.54199801 14.00745527 16.22539761 14.64115308 14.0944334  15.54199801
 15.75944334 17.57977137 15.74080517 15.80914513 16.1694831  14.36158052
 15.32455268 13.86456262 13.08797217 15.25       15.67867793 16.44905567
 16.97713718 17.38717694 16.6416501  15.07604374 16.51739563 16.08250497
 15.51093439 18.28802187 13.8583499  15.49850895 13.8832008  15.59791252
 13.7278827  15.12574553 15.09468191 16.41799205 16.15705765 16.10114314
 14.97042744 16.24403579 16.25646123 14.86481113 13.19980119 13.42967197
 14.75298211 16.09493042 14.0944334  16.22539761 14.5666004  17.12624254
 15.89612326 14.85859841 15.83399602 17.7972167  17.80964215 15.43638171
 14.36779324 13.51043738 15.25621272 15.4860835  14.46719682 15.6973161
 15.50472167 16.43663022 14.05715706 16.55467197 15.36182903 15.75323062
 16.68513917 15.34319085 17.41202783 12.51018887 14.16898608 15.51714712
 13.22465209 15.10089463 13.92047714 15.47987078 15.19408549 15.0139165
 16.1694831  15.43016899 16.48011928 15.51714712 15.61033797 14.55417495
 13.37375746 16.21918489 13.70924453 16.57952286 15.8277833  15.94582505
 13.95154076 16.42420477 15.85263419 14.4609841  16.33722664 17.74130219
 16.51739563 14.36779324 15.34940358 15.10089463 14.5417495  15.90854871
 16.46769384 15.33697813 15.09468191 17.10760437 14.23732604 17.1138171
 17.86555666 15.5916998  17.37475149 15.0387674  14.98906561 15.89612326
 15.25       13.75894632 14.71570577 15.45501988 15.1443837  16.23782306
 17.65432406 14.82132207 16.39314115 15.41774354 16.4304175  18.23210736
 15.33697813 14.82132207 15.29348907 13.03205765 16.28131213 15.26863817
 15.13195825 14.84617296 15.96446322 16.33722664 16.00173956 17.2194334
 17.49900596 17.53006958 14.32430417 15.74701789 16.38692843 14.24975149
 15.87127237 15.58548708 14.70328032 16.54224652 16.02659046 15.13195825
 15.52957256 15.71595427 17.49279324 14.777833   15.20651093 12.39835984
 13.7278827  15.49850895 15.74701789 15.15059642 13.71545726 17.36853877
 14.97664016 14.71570577 16.70999006 15.51093439 15.22514911 16.5111829
 16.92122266 13.72166998]",22333.10119370513
2025-06-15 02:35:00+00:00,155,2103.7400000000002,9.0,15.660457625651716,15.53497763419483,18.604870775347912,"[17.52385686 15.0387674  15.05119284 14.82132207 13.82107356 15.52957256
 16.31237575 16.07629225 15.15680915 16.35586481 15.86505964 17.4555169
 16.46148111 15.02634195 13.82728628 13.98260437 14.44234592 14.85238569
 13.5166501  14.83996024 15.90233598 14.5666004  17.83449304 15.75323062
 15.84642147 15.64140159 14.34915507 14.13792247 16.62922465 13.02584493
 13.68439364 14.74676938 15.69110338 15.52335984 14.51068588 16.99577535
 14.75919483 15.70974155 17.02062624 16.93364811 16.67892644 14.70328032
 14.35536779 14.92693837 14.4609841  14.69706759 14.95178926 14.79647117
 15.8277833  16.92743539 15.9582505  17.30641153 16.25646123 16.45526839
 16.22539761 16.11978131 13.60984095 14.33672962 15.53578529 16.23161034
 16.34343936 15.0139165  14.6722167  14.93936382 15.39910537 18.17619284
 14.63494036 16.15084493 15.63518887 17.20700795 13.23086481 15.54199801
 14.57281312 16.7721173  15.23757455 15.41153082 15.60412525 16.75969185
 16.46148111 16.39935388 16.09493042 15.34940358 16.26888668 17.3499006
 14.32430417 13.67196819 14.75298211 15.17544732 13.95154076 15.54821074
 15.60412525 14.02609344 15.85884692 14.6722167  15.4612326  16.52982107
 15.29348907 15.8277833  15.33697813 14.41128231 13.77758449 14.59145129
 15.51714712 14.64115308 14.65357853 15.22514911 14.36158052 15.65382704
 15.25621272 18.35014911 15.41774354 17.38717694 17.89662028 14.39885686
 14.48583499 14.18141153 15.32455268 14.40506958 14.60387674 15.81535785
 16.46769384 16.84666998 16.52982107 16.194334   15.12574553 17.62947316
 16.75347913 12.67793241 16.20675944 14.17519881 14.70328032 17.44309145
 14.55417495 16.08871769 16.75347913 15.75944334 16.41177932 15.98931412
 16.86530815 16.38692843 17.64811133 15.68489066 15.43638171 15.85884692
 13.43588469 13.0444831  14.8026839  14.83374751 15.10710736 15.55442346
 16.45526839 15.68489066 16.5111829  17.430666   15.86505964 16.45526839
 15.93961233 14.55417495 15.90854871 15.47987078 14.41749503 15.40531809
 16.36829026 14.93936382 15.34940358 16.99577535 16.8777336  16.57952286
 15.91476143 17.75372763 13.70303181 12.77112326 14.0944334  16.4304175
 14.45477137 14.16898608 14.65357853 14.2249006  14.64736581 17.18215706
 14.93936382 16.28131213 18.40606362 16.65407555 13.51043738 16.1694831
 15.41774354 15.63518887 15.10089463 13.92047714 15.38667992 16.31237575
 15.24378728 15.54199801 15.52335984 16.59194831 15.54199801 16.76590457
 18.60487078 16.0638668 ]",22283.227032380382
2025-06-15 02:36:00+00:00,156,2127.21,9.0,15.72954403824286,15.607883946322067,17.840705765407556,"[13.55392644 16.42420477 15.24378728 14.6722167  15.88369781 15.75323062
 16.82181909 15.74701789 15.08225646 16.56709742 17.09517893 17.05790258
 17.48036779 14.79025845 14.41128231 14.55417495 15.86505964 15.02634195
 15.52957256 15.44259443 15.18787276 16.59194831 16.52982107 16.55467197
 17.17594433 15.67867793 17.02683897 14.60387674 14.59766402 15.40531809
 15.20651093 15.68489066 13.56635189 14.74055666 14.65979125 15.9333996
 15.79671968 15.50472167 17.12624254 15.33697813 16.49875746 14.16277336
 14.48583499 15.38667992 14.87723658 15.07604374 17.80342942 16.07629225
 15.97688867 14.51689861 17.43687873 16.8777336  17.08275348 16.62922465
 16.82181909 16.99577535 14.44234592 15.74080517 15.73459245 13.66575547
 16.2750994  14.76540755 15.62276342 14.81510934 15.17544732 15.53578529
 16.30616302 16.48011928 17.05790258 17.84070577 12.39214712 15.67867793
 15.0387674  14.38021869 16.0638668  14.69085487 15.76565606 16.4055666
 16.69135189 15.00149105 14.16898608 16.56088469 16.37450298 16.15705765
 14.82132207 14.71570577 14.34294235 14.64736581 15.50472167 14.94557654
 14.42992048 16.31858847 15.37425447 17.5611332  16.4055666  17.23807157
 16.21297217 17.57355865 17.26913519 14.4609841  14.65979125 15.28106362
 15.59791252 15.77186879 15.57306163 14.99527833 14.94557654 16.2750994
 16.39935388 15.75323062 16.48633201 16.90879722 15.94582505 14.98285288
 13.72166998 14.79647117 15.64140159 15.99552684 15.08225646 15.97067594
 15.18166004 15.97067594 16.65407555 16.39314115 15.59791252 15.722167
 17.61083499 14.84617296 14.59766402 14.91451292 15.64140159 14.57281312
 15.28106362 13.67196819 15.23136183 14.87102386 14.97042744 16.18812127
 17.31262425 16.45526839 16.92122266 14.59766402 15.23136183 16.05765408
 15.6973161  15.58548708 16.11356859 14.49204771 16.49875746 13.42967197
 14.8026839  17.31262425 15.62897614 16.08871769 16.33101392 16.08250497
 13.93911531 14.06336978 13.3861829  14.75919483 14.4609841  13.03827038
 16.20054672 14.98906561 15.54821074 16.07629225 15.45501988 16.62301193
 16.78454274 17.02683897 14.27460239 14.62872763 14.70949304 15.92097416
 15.0139165  16.86530815 15.76565606 14.36779324 15.19408549 14.57281312
 15.67246521 16.07007952 16.80939364 16.70377734 14.77162028 12.62201789
 14.4361332  15.66003976 13.4917992  15.23136183 16.47390656 16.33722664
 16.10114314 16.79075547 15.62276342 16.77833002 17.03926441 16.50497018
 16.80318091 15.38667992]",22514.362534345313
2025-06-15 02:37:00+00:00,157,2073.17,9.0,15.569902151083342,15.44001615308151,18.157554671968192,"[14.51068588 14.03851889 14.72813121 16.21297217 15.44259443 15.50472167
 16.56709742 14.0695825  17.21322068 17.30019881 16.28131213 17.54870775
 15.43016899 14.95178926 15.67867793 16.15705765 17.44309145 15.34319085
 15.30591451 15.84020875 16.02659046 15.06361829 15.59791252 14.92072565
 14.98906561 16.0390159  17.27534791 12.73384692 15.79671968 14.18141153
 14.00745527 14.71570577 13.60362823 16.02037773 14.74055666 15.56684891
 16.65407555 16.68513917 16.0390159  16.52982107 15.74080517 13.77137177
 14.4361332  12.32380716 15.03255467 14.40506958 15.28106362 15.06361829
 16.38071571 16.04522863 14.76540755 17.38717694 17.01441352 16.8528827
 16.62922465 16.11978131 14.47962227 14.36158052 12.30516899 13.43588469
 14.25596421 16.31237575 16.77833002 15.91476143 16.46148111 14.65357853
 17.01441352 16.57952286 16.24403579 15.38667992 16.20054672 13.84592445
 16.05144135 12.70899602 14.83996024 15.86505964 16.05144135 14.76540755
 14.87102386 14.41128231 17.99602386 16.18812127 17.18836978 16.65407555
 14.52311133 14.75298211 13.47937376 14.62872763 13.90183897 15.88991054
 15.25621272 14.59766402 14.26217694 15.08846918 14.75919483 17.0889662
 18.15755467 16.33722664 15.84020875 13.20601392 14.8834493  14.59145129
 14.03230616 14.80889662 16.4055666  14.41128231 16.97092445 16.08871769
 16.65407555 15.96446322 17.02683897 15.47987078 17.38096421 14.83996024
 13.1500994  14.10685885 15.97067594 15.61033797 15.9333996  15.6973161
 16.61058648 16.90879722 15.43016899 15.16923459 15.31833996 17.97117296
 15.94582505 13.23707753 12.95750497 15.21893638 15.93961233 13.82107356
 16.49875746 16.16327038 14.21868787 16.10735586 14.03230616 16.03280318
 17.24428429 17.15109344 15.3804672  15.0387674  14.41128231 12.73384692
 14.84617296 15.29970179 14.62872763 15.44880716 15.05740557 16.8777336
 14.61630219 17.12624254 15.11332008 13.77758449 16.7721173  16.23782306
 13.51043738 16.07629225 16.26267396 12.98235586 14.73434394 15.87748509
 17.1138171  14.91451292 17.1138171  15.46744533 16.62301193 14.90208748
 16.76590457 15.41774354 14.3305169  14.9083002  14.2249006  15.75944334
 15.1195328  13.40482107 15.31833996 14.69706759 14.93936382 16.12599404
 16.49254473 16.6416501  17.60462227 17.60462227 14.38021869 15.63518887
 15.87127237 14.81510934 14.40506958 14.70949304 17.56734592 15.39910537
 14.64115308 13.98260437 15.64140159 15.5916998  15.54199801 16.37450298
 15.75323062 13.81486083]",21980.26463666443
2025-06-15 02:38:00+00:00,158,2130.54,9.0,15.739043150264397,15.618228131212723,18.555168986083498,"[14.74676938 14.31809145 15.21893638 15.43016899 15.93961233 15.85263419
 15.07604374 14.01988072 14.95178926 16.75969185 17.38096421 17.89662028
 17.00198807 14.79025845 13.60984095 15.44880716 15.3556163  16.01416501
 15.06361829 14.92693837 17.07654076 16.56709742 15.34940358 16.25024851
 15.92097416 17.3250497  17.77236581 15.71595427 14.47340954 13.75894632
 15.06361829 15.96446322 14.82132207 16.31237575 15.86505964 16.23161034
 15.22514911 14.67842942 16.96471173 16.24403579 16.14463221 14.42370775
 13.71545726 14.42370775 15.68489066 14.10685885 15.02634195 16.28131213
 14.41749503 16.10114314 16.15084493 16.48633201 15.88991054 16.20675944
 15.87127237 15.84020875 13.44209742 16.57331014 15.20029821 13.87698807
 14.95178926 16.83424453 16.03280318 14.94557654 15.92718688 14.6722167
 15.20651093 18.55516899 16.12599404 15.65382704 12.71520875 14.86481113
 15.52335984 15.36804175 15.5916998  15.53578529 15.23136183 16.39935388
 15.44880716 16.75969185 14.69706759 16.2750994  17.2194334  16.97713718
 13.36133201 16.09493042 16.34343936 16.84666998 15.82157058 16.35586481
 13.93290258 15.45501988 16.23782306 17.08275348 16.71620278 15.44880716
 15.83399602 17.35611332 17.26913519 14.0944334  14.87102386 15.31212724
 13.15631213 14.79025845 16.0390159  13.08797217 16.11978131 14.79647117
 15.6165507  17.04547714 16.4055666  15.86505964 17.87798211 13.90805169
 14.45477137 16.51739563 16.39314115 15.72837972 15.86505964 15.56063618
 14.12549702 15.96446322 14.71570577 16.37450298 15.28106362 17.94010934
 17.87798211 16.18190855 16.46148111 14.82753479 15.31212724 14.08200795
 16.21918489 14.5666004  13.93911531 14.37400596 15.54199801 15.61033797
 17.28777336 17.94010934 16.11356859 13.93290258 12.41078529 15.49850895
 15.12574553 15.85884692 13.93290258 15.39289264 16.24403579 16.23161034
 14.0695825  16.07007952 15.9582505  17.24428429 16.94607356 16.8528827
 15.50472167 14.57902584 15.92097416 13.43588469 15.52335984 15.87748509
 15.94582505 14.96421471 15.43016899 16.88394632 17.25670974 18.10164016
 18.21346918 16.25024851 14.11928429 15.26242545 13.70924453 15.9333996
 15.82157058 16.52360835 15.41153082 15.61033797 16.01416501 15.64140159
 14.83996024 16.7721173  16.58573559 17.53628231 16.24403579 13.54150099
 15.4612326  12.93265408 15.47365805 14.64736581 14.84617296 14.23732604
 16.05144135 16.02037773 16.63543738 14.19383698 13.74652087 16.15084493
 17.902833   14.96421471]",22546.14276352456
2025-06-15 02:39:00+00:00,159,2111.94,9.0,15.684000463292701,15.560449801192842,18.890656063618287,"[14.8026839  14.4609841  15.25       15.69110338 15.29348907 17.13245527
 16.21918489 16.17569583 16.52360835 15.91476143 15.64761431 15.73459245
 15.9582505  15.06983101 15.92097416 15.18787276 13.7527336  15.722167
 16.6416501  16.28752485 16.28752485 15.43016899 16.49875746 17.46172962
 15.51714712 16.83424453 16.82181909 14.00124254 13.45452286 16.67271372
 15.08225646 14.8026839  16.48633201 14.65357853 16.48011928 14.97664016
 14.75919483 16.59194831 15.52957256 15.13817097 15.45501988 14.07579523
 14.42992048 14.20626243 15.33076541 13.90805169 16.07629225 16.91500994
 16.44905567 14.72813121 16.5111829  16.52360835 14.38021869 15.51714712
 16.49875746 17.16973161 14.63494036 14.78404573 16.35586481 15.90854871
 16.59816103 15.02634195 14.55417495 16.4304175  16.03280318 16.46148111
 16.7721173  15.58548708 17.66053678 18.33772366 15.32455268 13.1500994
 15.83399602 15.18787276 15.57306163 14.98285288 14.6722167  14.89587475
 15.54821074 16.72862823 15.32455268 15.55442346 17.36232604 16.39935388
 13.94532803 15.21272366 15.8277833  15.47365805 12.96371769 15.77808151
 14.87102386 15.18787276 14.29945328 17.20700795 15.49850895 17.38096421
 17.1945825  17.15730616 18.12649105 14.18762425 12.10636183 13.46073559
 15.66003976 15.10089463 15.66003976 15.92097416 14.61008946 14.25596421
 16.31237575 16.39935388 16.1694831  16.99577535 17.4555169  15.09468191
 15.84020875 13.7527336  15.53578529 14.73434394 15.63518887 16.15705765
 15.64140159 15.69110338 17.35611332 17.52385686 17.82206759 15.02012922
 14.88966203 15.85263419 14.26217694 14.86481113 15.04498012 16.75347913
 15.80914513 15.49229622 15.66003976 17.55492048 15.98310139 15.40531809
 16.32480119 17.41824056 17.12624254 12.8083996  14.37400596 14.79647117
 15.10710736 13.80864811 15.09468191 14.0695825  14.66600398 14.71570577
 14.92693837 15.44880716 14.92693837 14.82132207 15.722167   17.13245527
 14.25596421 14.77162028 13.03205765 14.57902584 15.91476143 14.56038767
 15.70974155 15.88991054 15.51714712 15.54821074 15.80914513 17.72266402
 18.25695825 16.89637177 13.89562624 12.83946322 14.58523857 15.25621272
 14.51068588 13.74030815 15.52335984 14.17519881 13.73409543 16.0638668
 15.92097416 17.31262425 17.30641153 16.49254473 14.80889662 15.40531809
 15.53578529 14.28702783 16.15084493 12.68414513 14.9083002  15.25
 17.20700795 18.89065606 14.72191849 16.8528827  16.44905567 15.10710736
 16.02659046 14.17519881]",22361.991949992065
2025-06-15 02:40:00+00:00,160,2131.5600000000004,9.0,15.741753777480008,15.621396620278329,18.430914512922463,"[15.20651093 15.98931412 16.00173956 15.93961233 15.70352883 14.48583499
 16.05144135 16.72862823 16.54224652 17.50521869 17.25670974 18.06436382
 15.75944334 14.23111332 16.61058648 15.11332008 14.99527833 14.91451292
 16.15084493 17.23807157 14.4361332  17.48658052 16.09493042 15.49229622
 15.06983101 16.31858847 16.33722664 14.31187873 15.50472167 15.28727634
 14.44234592 14.85238569 15.8277833  15.75944334 15.62897614 17.25049702
 15.79050696 15.26863817 17.33747515 13.9888171  16.67892644 14.4361332
 14.49826044 14.777833   12.97614314 14.33672962 16.23782306 14.72191849
 14.8834493  14.66600398 16.15084493 15.15680915 16.43663022 15.38667992
 15.10089463 16.67892644 13.18116302 15.52957256 15.04498012 17.21322068
 15.98310139 13.46694831 14.72191849 16.69135189 16.38071571 14.96421471
 16.13841948 15.59791252 17.46172962 18.43091451 13.77137177 14.24975149
 15.43016899 16.69756461 15.25       15.54821074 15.32455268 15.9582505
 15.47365805 17.15730616 16.50497018 17.67296223 17.65432406 17.61083499
 14.83996024 14.42370775 13.88941352 14.32430417 14.34915507 16.43663022
 17.10760437 15.36182903 14.91451292 16.33722664 15.30591451 17.25670974
 17.20700795 16.28131213 17.07654076 14.64115308 14.88966203 16.82803181
 15.49229622 14.93936382 15.32455268 16.52360835 15.18787276 14.16898608
 16.28131213 15.18787276 16.62922465 16.46769384 16.20675944 12.65929423
 14.95800199 14.34915507 14.23732604 14.31187873 15.58548708 15.80293241
 17.1945825  16.47390656 14.71570577 15.94582505 16.08250497 14.95178926
 15.52957256 15.9582505  13.94532803 13.44209742 15.4612326  14.47962227
 16.4055666  16.78454274 16.12599404 16.02659046 15.93961233 13.84592445
 14.88966203 17.16973161 14.8834493  14.45477137 15.31833996 15.10089463
 15.26863817 14.55417495 15.69110338 15.38667992 16.72241551 15.85884692
 13.83971173 17.51143141 17.16351889 16.72241551 16.72862823 15.10089463
 13.92047714 14.36158052 14.98285288 14.85238569 15.65382704 14.31187873
 15.34940358 15.68489066 15.64140159 15.26863817 17.59219682 15.90854871
 15.5916998  14.8026839  15.26242545 15.46744533 14.34294235 16.36829026
 15.55442346 15.3804672  16.56709742 15.96446322 16.13841948 15.91476143
 15.43638171 15.51714712 14.9083002  17.18215706 15.02634195 16.08871769
 14.53553678 16.194334   13.06312127 15.55442346 16.81560636 15.69110338
 16.49875746 15.75323062 15.24378728 15.16923459 16.36207753 18.07678926
 16.57331014 15.0387674 ]",22555.21143793712
2025-06-15 02:41:00+00:00,161,2116.95,9.0,15.698499976821788,15.576012673956262,18.182405566600394,"[15.5916998  15.13817097 16.22539761 14.00745527 15.13195825 16.45526839
 16.92122266 16.4055666  16.41177932 16.5111829  15.93961233 17.25049702
 16.66028827 13.31784294 15.69110338 15.9582505  15.22514911 12.10636183
 15.15059642 15.06361829 15.93961233 18.18240557 14.35536779 17.02062624
 16.15084493 16.02659046 17.430666   14.94557654 14.93315109 13.36754473
 15.36804175 13.93911531 15.41774354 13.24950298 14.23111332 15.29348907
 17.39338966 15.15059642 15.21893638 16.49875746 15.77186879 14.777833
 15.61033797 15.18787276 14.56038767 15.16923459 15.56684891 14.18141153
 17.71645129 16.98956262 16.07629225 17.08275348 15.86505964 15.97688867
 16.37450298 17.76615308 15.41153082 14.92693837 14.18141153 14.61630219
 15.13817097 14.41128231 13.78379722 15.58548708 14.84617296 14.71570577
 16.49875746 15.75944334 17.40581511 17.44930417 14.07579523 13.65954274
 16.17569583 14.777833   15.43016899 13.83971173 16.75347913 15.97067594
 16.05144135 15.1443837  15.32455268 16.38071571 16.16327038 17.15730616
 13.01341948 13.95775348 13.98260437 14.74676938 14.3305169  14.00745527
 17.39960239 16.01416501 16.35586481 14.80889662 16.22539761 15.02634195
 15.09468191 17.02683897 16.64786282 14.79025845 13.79000994 15.49850895
 16.20675944 13.60362823 17.94632207 15.69110338 15.54821074 13.48558648
 16.82181909 16.60437376 15.05119284 16.88394632 17.25049702 15.83399602
 13.88941352 16.01416501 14.52932406 15.87127237 15.50472167 16.31237575
 15.3556163  17.37475149 17.53006958 16.5111829  17.59840954 15.77186879
 16.194334   13.56013917 14.29324056 13.76515905 12.51018887 14.73434394
 13.67196819 14.4609841  14.39885686 14.21868787 17.60462227 18.00223658
 17.94632207 17.74751491 16.54224652 13.4110338  15.47987078 15.8277833
 15.10089463 15.00149105 15.28106362 14.61008946 15.59791252 15.39289264
 16.31237575 16.47390656 15.06361829 17.21322068 15.8277833  17.52385686
 13.8583499  12.87052684 14.46719682 17.23185885 16.62301193 15.57306163
 15.16302187 16.61058648 14.73434394 16.13841948 16.15084493 17.0889662
 16.97713718 16.55467197 14.05094433 16.34343936 15.15059642 14.91451292
 15.09468191 16.49254473 15.03255467 15.73459245 16.2750994  16.02037773
 14.56038767 16.67271372 16.52982107 17.16973161 14.17519881 14.69085487
 14.61630219 15.70974155 15.16302187 15.05119284 15.46744533 16.39935388
 15.06983101 16.61058648 13.24950298 15.70974155 17.38096421 15.6165507
 16.67271372 16.2750994 ]",22410.50152245497
2025-06-15 02:42:00+00:00,162,2081.23,9.0,15.592956757802364,15.465053429423458,18.058151093439363,"[14.0695825  13.4917992  14.85859841 14.98285288 15.5916998  14.91451292
 17.38717694 15.6973161  14.87102386 16.64786282 16.24403579 14.36779324
 16.04522863 14.20626243 14.99527833 14.39264414 14.27460239 15.33697813
 14.91451292 15.43016899 16.23161034 15.5916998  16.81560636 16.70377734
 17.01441352 16.38692843 16.67892644 16.194334   15.90233598 14.13792247
 15.13817097 14.74676938 15.43016899 14.91451292 15.36804175 16.07007952
 16.08250497 15.82157058 16.29373757 17.13245527 16.6416501  13.69681909
 14.52932406 14.2249006  16.21297217 14.00124254 15.03255467 15.45501988
 16.5111829  13.48558648 15.66625249 15.47365805 16.49254473 16.70377734
 16.23782306 16.28131213 15.79050696 15.92718688 14.81510934 16.36829026
 16.54224652 16.52982107 16.6167992  14.92072565 15.99552684 16.04522863
 17.39960239 17.26292247 16.13841948 16.16327038 14.69085487 13.80864811
 15.08846918 15.26242545 14.82753479 14.6722167  14.89587475 14.86481113
 17.02683897 15.37425447 17.59840954 15.78429423 16.05144135 17.0889662
 14.41128231 15.12574553 14.85859841 14.48583499 15.33076541 14.88966203
 14.88966203 14.3305169  14.69706759 14.9083002  15.52335984 17.66053678
 15.17544732 17.33126243 14.96421471 14.19383698 14.42992048 15.4612326
 15.32455268 12.10636183 14.38021869 17.82206759 15.32455268 16.16327038
 15.47987078 15.51093439 15.64761431 16.37450298 15.38667992 13.41724652
 13.34269384 12.82082505 15.26863817 15.73459245 15.74701789 16.62301193
 14.21868787 14.87102386 14.5666004  16.05765408 17.76615308 16.00795229
 15.33697813 13.10661034 15.18166004 15.80293241 13.87698807 16.95849901
 15.0139165  15.46744533 14.24353877 15.81535785 17.15730616 16.85909543
 17.62326044 15.34940358 16.92122266 13.61605368 15.0139165  13.08175944
 15.67246521 14.62872763 14.97664016 16.83424453 14.51068588 15.79050696
 15.45501988 18.05815109 15.56063618 16.10114314 16.34965209 16.59194831
 13.03827038 15.4612326  14.99527833 15.07604374 13.47937376 14.57902584
 16.35586481 15.26863817 15.39289264 15.88369781 16.13220676 15.31833996
 17.0889662  15.10089463 13.25571571 14.69085487 15.20651093 13.32405567
 13.29920477 14.54796223 16.38071571 14.63494036 14.91451292 16.81560636
 16.26267396 16.44905567 16.57952286 16.45526839 14.94557654 15.3556163
 15.10710736 14.13792247 15.43016899 16.21918489 16.26888668 16.14463221
 13.18116302 14.64115308 17.13245527 14.89587475 17.25049702 17.60462227
 16.74105368 14.80889662]",22057.396128903587
2025-06-15 02:43:00+00:00,163,2123.6099999999997,9.0,15.71789717213839,15.596701043737575,19.636182902584494,"[13.87698807 14.53553678 15.97688867 16.2750994  15.73459245 15.28106362
 15.10089463 15.97067594 15.41153082 14.72813121 16.54845924 17.41202783
 16.29373757 13.98260437 14.08822068 13.56013917 14.41128231 14.82753479
 14.61008946 14.67842942 13.44831014 15.39289264 16.95228628 15.76565606
 15.84020875 16.24403579 17.52385686 14.03230616 14.89587475 13.74030815
 15.99552684 14.48583499 15.16923459 14.62872763 16.00173956 14.57902584
 15.93961233 15.24378728 14.99527833 15.18787276 16.39935388 12.54125249
 15.29348907 16.08871769 14.75919483 14.01366799 16.24403579 14.41128231
 16.67271372 14.47340954 15.49229622 16.23161034 16.47390656 18.19483101
 17.24428429 16.4055666  15.19408549 14.80889662 15.79050696 14.83996024
 14.95800199 14.94557654 14.74055666 16.36829026 16.49875746 15.65382704
 17.53628231 16.61058648 17.25670974 16.57331014 15.25       14.27460239
 14.57902584 15.28106362 14.51689861 15.10089463 15.90233598 15.87748509
 15.91476143 15.98310139 17.37475149 17.71645129 17.46794235 17.71645129
 15.0139165  15.52335984 13.95775348 13.81486083 14.64736581 16.02037773
 16.01416501 13.5166501  18.00223658 15.60412525 14.07579523 17.01441352
 15.47987078 17.09517893 16.65407555 15.20029821 15.09468191 16.2999503
 15.38667992 16.75347913 16.67892644 12.82082505 14.26217694 16.28752485
 16.71620278 16.95228628 17.61083499 16.24403579 16.84666998 13.31163022
 16.75347913 15.98310139 15.12574553 15.28106362 14.56038767 16.25024851
 15.68489066 15.4860835  16.44905567 17.38717694 16.29373757 19.6361829
 14.33672962 14.16277336 13.15631213 14.11928429 17.06411531 14.75298211
 14.24975149 17.04547714 17.4555169  16.62301193 15.50472167 16.18190855
 16.85909543 16.5360338  15.49229622 13.99502982 15.53578529 15.16923459
 16.59194831 15.41153082 15.55442346 15.39289264 14.29324056 14.49204771
 14.12549702 16.44284294 16.59194831 16.14463221 17.28156064 17.49279324
 15.34319085 16.82803181 16.31237575 14.49204771 14.90208748 15.33697813
 16.07629225 15.62276342 15.34940358 14.72813121 17.4555169  16.33101392
 17.20079523 15.41153082 13.56013917 14.51689861 14.82753479 14.97664016
 15.65382704 15.51093439 16.82181909 15.88369781 13.93911531 16.23782306
 16.57952286 16.13841948 15.1195328  15.84020875 14.34915507 15.20029821
 13.68439364 14.18762425 14.68464215 16.13841948 16.10114314 15.75944334
 16.50497018 16.30616302 14.91451292 15.13817097 15.3556163  15.53578529
 17.17594433 14.42370775]",22475.396779106195
2025-06-15 02:44:00+00:00,164,2146.51,9.0,15.78535837429372,15.667836729622262,18.77882703777336,"[13.68439364 16.16327038 15.6165507  15.33076541 17.56734592 15.74080517
 15.40531809 15.8277833  15.97688867 16.23782306 14.62872763 15.18166004
 16.55467197 14.56038767 16.15084493 14.42992048 15.49229622 15.63518887
 16.34343936 15.66003976 14.98285288 15.1443837  15.33697813 15.25621272
 16.48633201 15.67867793 16.2999503  13.70924453 15.88369781 14.74055666
 14.59766402 14.94557654 14.90208748 16.13220676 16.10114314 14.9083002
 16.70377734 15.57306163 15.26863817 15.46744533 17.0082008  14.85859841
 13.83349901 15.12574553 14.4609841  14.97042744 15.30591451 14.91451292
 14.70328032 18.02087475 16.08250497 17.23807157 16.31237575 15.57306163
 18.77882704 17.38096421 14.49826044 15.66003976 16.38071571 16.21918489
 15.16302187 15.97688867 14.99527833 17.49900596 17.12624254 14.44855865
 17.46172962 17.36232604 17.80964215 15.97067594 15.27485089 14.00124254
 15.82157058 14.79647117 16.10114314 14.58523857 16.18190855 14.97042744
 14.05094433 15.85263419 17.97117296 15.51714712 17.54870775 16.25024851
 13.23707753 15.05119284 15.16923459 14.84617296 13.76515905 16.31237575
 14.20626243 16.11978131 16.52982107 15.82157058 16.93986083 16.80318091
 16.52360835 17.80342942 14.82753479 14.11307157 14.95800199 15.9333996
 15.56063618 15.46744533 13.68439364 14.68464215 16.90258449 16.8528827
 15.18166004 17.29398608 15.84642147 16.46148111 18.77261431 12.89537773
 15.69110338 14.77162028 16.02037773 15.27485089 15.06361829 16.5360338
 14.88966203 15.34319085 17.0082008  16.62301193 15.44259443 16.79075547
 14.26838966 13.1749503  16.2750994  13.62847913 15.16302187 15.36182903
 16.88394632 15.16923459 16.96471173 15.44259443 16.46769384 15.93961233
 18.57380716 15.74080517 16.67892644 13.97639165 13.31163022 16.23782306
 17.71645129 14.91451292 15.64761431 15.99552684 17.17594433 16.01416501
 14.83374751 16.35586481 14.77162028 15.63518887 17.06411531 17.16973161
 14.39264414 14.15034791 15.02634195 14.14413519 16.36207753 15.41774354
 15.52335984 15.65382704 17.30019881 14.52311133 16.42420477 15.74701789
 16.34343936 16.43663022 14.72813121 14.60387674 15.43638171 14.5666004
 16.25646123 13.03205765 15.89612326 14.79025845 15.53578529 15.57927435
 15.15059642 16.20054672 17.13866799 16.33722664 15.43638171 13.81486083
 15.97067594 13.50422465 15.67246521 13.65333002 16.51739563 15.79050696
 16.03280318 16.00173956 13.88941352 16.26888668 17.02683897 17.02062624
 16.86530815 16.46148111]",22701.094977037064
2025-06-15 02:45:00+00:00,165,2090.51,9.0,15.619989347622502,15.493880467196819,17.964960238568587,"[15.03255467 14.95800199 14.84617296 16.45526839 15.21893638 14.19383698
 17.67917495 15.77808151 15.85263419 17.10760437 15.10710736 17.05790258
 15.51714712 13.15631213 13.8832008  15.60412525 14.72813121 14.2249006
 16.77833002 14.07579523 16.80939364 14.91451292 16.54224652 14.48583499
 16.2750994  15.77186879 15.87127237 15.26242545 13.6222664  15.29970179
 14.67842942 16.25646123 14.95178926 15.4612326  16.15705765 16.75969185
 16.92122266 15.23136183 16.26888668 17.94010934 15.73459245 13.76515905
 14.89587475 15.32455268 14.86481113 16.2999503  15.73459245 15.68489066
 15.75944334 16.36829026 17.10760437 14.777833   14.4609841  16.12599404
 16.97092445 16.48633201 14.36158052 14.63494036 13.19980119 15.4612326
 15.79671968 17.75994036 15.47365805 15.60412525 15.41153082 13.79622266
 16.09493042 17.96496024 14.65979125 17.6916004  13.62847913 14.76540755
 15.17544732 14.34915507 15.05740557 14.28702783 15.17544732 14.77162028
 15.52957256 16.90258449 15.56684891 15.93961233 16.82803181 16.84045726
 13.8583499  13.21843936 13.85213718 15.9333996  13.47316103 15.36182903
 14.93315109 14.71570577 16.6167992  13.93911531 16.69135189 14.89587475
 15.02634195 17.80342942 15.81535785 14.69085487 14.29324056 14.71570577
 13.54150099 15.22514911 14.65979125 16.67271372 15.02634195 15.46744533
 17.59840954 14.75298211 17.16973161 16.91500994 16.39314115 15.79671968
 13.55392644 14.71570577 14.10064612 14.57281312 16.39314115 15.47987078
 15.44259443 16.54845924 16.49254473 17.01441352 15.86505964 15.39289264
 16.30616302 13.57877734 13.66575547 14.02609344 13.3861829  14.76540755
 15.42395626 16.59194831 15.79050696 15.05740557 17.49900596 16.7472664
 16.89015905 17.18215706 17.20700795 14.28081511 15.13817097 14.88966203
 15.40531809 14.55417495 15.62897614 15.55442346 14.29324056 12.10636183
 16.20054672 15.44259443 17.08275348 14.59766402 16.90879722 17.0082008
 15.04498012 14.18141153 15.74080517 15.15680915 14.38021869 15.36182903
 14.72191849 15.57306163 16.37450298 16.59194831 16.71620278 17.1138171
 16.09493042 17.29398608 13.62847913 15.21272366 14.81510934 16.02037773
 15.77186879 15.13817097 16.4055666  16.10114314 14.75919483 15.4612326
 15.53578529 15.46744533 17.67917495 16.00795229 13.29920477 16.78454274
 16.76590457 14.37400596 13.37375746 16.0638668  15.08846918 15.07604374
 16.56088469 14.69085487 14.78404573 15.58548708 16.38071571 15.57927435
 16.74105368 15.6165507 ]",22147.83636140584
2025-06-15 02:46:00+00:00,166,2108.09,9.0,15.671765243335336,15.548490308151093,18.505467196819083,"[14.23732604 14.79647117 15.9333996  14.91451292 15.84642147 15.69110338
 14.79025845 15.06983101 17.37475149 17.31883698 16.32480119 16.04522863
 18.08921471 12.85810139 14.32430417 15.84020875 14.85859841 14.64115308
 15.90233598 17.0889662  15.20651093 14.777833   16.73484095 17.02683897
 16.02037773 16.84045726 17.65432406 14.26217694 13.54771372 15.29348907
 15.99552684 13.48558648 16.92743539 15.97688867 16.9833499  15.82157058
 17.59219682 15.34940358 16.76590457 15.26863817 18.13270378 15.02012922
 13.26192843 13.50422465 14.82132207 13.23086481 15.56063618 14.90208748
 16.56088469 15.45501988 16.2999503  16.35586481 16.49875746 14.74055666
 15.76565606 15.79671968 13.22465209 13.23086481 14.77162028 14.13170974
 15.99552684 13.84592445 15.36804175 14.74055666 15.9582505  16.25024851
 15.42395626 16.97092445 16.84666998 18.28802187 12.33001988 13.05690855
 14.15034791 15.90233598 14.8026839  16.79075547 14.87102386 16.20054672
 15.62276342 15.61033797 16.02659046 16.97092445 15.9582505  15.99552684
 15.63518887 14.19383698 14.03230616 14.82132207 14.18762425 13.52907555
 17.23185885 16.32480119 15.16923459 15.81535785 16.36829026 16.15705765
 16.38692843 16.73484095 17.95253479 14.2249006  14.68464215 14.2000497
 15.18787276 15.51093439 13.47937376 14.4361332  14.20626243 15.22514911
 16.76590457 16.31858847 18.5054672  16.58573559 16.75969185 14.72813121
 13.92668986 14.13792247 15.99552684 15.85884692 15.41774354 16.33722664
 14.85238569 13.79000994 17.29398608 17.52385686 15.00149105 16.69756461
 15.77808151 14.5417495  14.60387674 15.74701789 14.03851889 15.52335984
 14.64115308 15.56063618 15.11332008 16.86530815 16.7721173  16.76590457
 17.94632207 17.61083499 16.23782306 14.67842942 15.1443837  14.31809145
 15.25621272 16.65407555 15.23757455 14.92693837 15.47365805 16.7721173
 16.38692843 16.22539761 16.52360835 16.52982107 16.15705765 16.22539761
 14.49826044 16.54224652 14.08822068 14.12549702 14.23111332 15.77808151
 16.23782306 14.777833   14.38643141 14.75298211 14.21868787 16.29373757
 16.91500994 15.6973161  14.92693837 16.56088469 13.21843936 14.29945328
 14.14413519 14.55417495 16.46769384 15.92097416 16.7721173  16.79075547
 16.74105368 17.10760437 15.4860835  15.92097416 14.64736581 13.83349901
 14.59145129 14.60387674 14.97042744 15.84642147 15.53578529 15.21272366
 16.32480119 15.70974155 16.87152087 17.83449304 15.91476143 14.81510934
 16.59816103 13.76515905]",22321.057798102705
2025-06-15 02:47:00+00:00,167,2156.8,9.0,15.81541425674179,15.69980119284294,18.840954274353876,"[14.80889662 14.94557654 14.95178926 15.92718688 13.89562624 16.73484095
 15.11332008 16.36207753 16.18190855 16.74105368 16.66650099 14.86481113
 16.33722664 14.72813121 15.54821074 15.99552684 16.46769384 15.00149105
 14.64115308 14.74055666 16.89637177 17.53006958 16.90258449 15.91476143
 15.50472167 16.48633201 16.36829026 14.55417495 13.24329026 13.36754473
 16.81560636 14.12549702 14.84617296 16.4304175  17.56734592 16.50497018
 16.5360338  17.54870775 16.30616302 16.59194831 14.90208748 13.3861829
 14.27460239 14.20626243 15.76565606 14.95800199 15.13195825 14.44234592
 17.66053678 15.16923459 16.47390656 15.56063618 15.57306163 17.09517893
 15.38667992 16.87152087 14.17519881 15.68489066 15.63518887 15.17544732
 15.64140159 14.11307157 15.80293241 17.13866799 16.22539761 15.23136183
 16.56709742 14.81510934 14.92072565 17.64189861 14.12549702 16.36207753
 15.54821074 15.30591451 14.62872763 15.65382704 16.07007952 16.20675944
 16.52360835 18.375      16.20675944 14.57902584 16.02037773 16.58573559
 14.07579523 12.10636183 13.67818091 15.79671968 14.02609344 16.60437376
 14.64736581 16.54224652 15.31833996 16.77833002 18.15755467 16.80939364
 18.25695825 15.5916998  16.82803181 15.22514911 14.71570577 14.36158052
 14.21868787 14.83374751 15.29348907 16.26267396 15.79671968 15.97688867
 17.37475149 18.29423459 16.65407555 16.82803181 16.61058648 15.39289264
 15.84020875 14.20626243 15.34940358 14.65979125 14.92072565 14.98285288
 15.44259443 16.00795229 16.46769384 16.38071571 15.74080517 16.76590457
 17.36853877 16.13841948 15.00149105 14.91451292 15.10710736 14.61008946
 14.86481113 15.18166004 17.23807157 15.95203777 14.93936382 17.31262425
 15.29970179 18.84095427 16.79696819 14.93315109 13.90183897 14.20626243
 17.3250497  16.54845924 14.16277336 13.52286282 13.76515905 14.92072565
 15.70352883 15.99552684 16.70377734 15.07604374 15.71595427 15.24378728
 14.65357853 15.0139165  13.76515905 14.71570577 16.00173956 18.67321074
 15.23136183 16.7472664  14.59766402 16.36207753 18.61729622 17.14488072
 15.70352883 16.6416501  12.39835984 16.21918489 14.25596421 15.55442346
 14.24353877 14.94557654 15.44880716 15.56063618 17.10760437 15.70974155
 16.37450298 17.22564612 17.22564612 17.80964215 13.52907555 15.80914513
 13.95775348 14.79647117 15.80293241 16.75969185 14.34915507 16.13841948
 16.00173956 15.05119284 14.42370775 15.52335984 16.92122266 18.58001988
 17.37475149 15.36804175]",22801.64993735533
2025-06-15 02:48:00+00:00,168,2101.96,9.0,15.653489819099242,15.529448310139164,18.617296222664017,"[15.16302187 13.91426441 14.52932406 14.64115308 15.84642147 14.70328032
 14.28081511 15.51093439 15.79050696 15.18166004 17.69781312 17.0082008
 16.10114314 14.65357853 14.36779324 14.24353877 13.79000994 13.73409543
 16.2999503  15.37425447 16.35586481 16.36829026 16.72241551 15.85884692
 16.20054672 15.57306163 14.15034791 13.7278827  15.28727634 14.12549702
 13.79622266 15.1195328  15.37425447 13.92047714 14.83996024 13.59741551
 17.15730616 15.66003976 17.48658052 18.61729622 14.4609841  12.79597416
 15.79671968 13.76515905 14.21868787 13.58499006 14.05094433 13.76515905
 14.85859841 16.61058648 14.59145129 16.70999006 15.88369781 16.59194831
 16.18812127 16.07629225 16.0390159  12.66550696 15.06983101 16.38692843
 16.00173956 14.51068588 15.07604374 15.56063618 15.32455268 15.72837972
 14.97042744 16.58573559 16.95849901 15.41153082 14.65979125 14.05715706
 16.07007952 14.72191849 15.44880716 14.03851889 14.18141153 14.57281312
 16.9833499  16.72862823 17.31262425 18.10164016 17.36853877 16.78454274
 15.76565606 15.51714712 14.82753479 15.0387674  15.81535785 16.28131213
 15.0139165  16.09493042 16.38692843 15.62276342 16.69756461 15.07604374
 15.86505964 15.28727634 16.71620278 14.66600398 14.38021869 14.777833
 14.47340954 15.28106362 16.29373757 16.42420477 15.18166004 16.15084493
 16.34343936 15.6973161  16.26888668 16.67892644 17.10139165 13.95775348
 14.15656064 13.97639165 14.39885686 14.47340954 14.07579523 14.85859841
 15.77186879 15.84020875 16.97092445 16.91500994 17.87176938 16.46148111
 17.51143141 14.21247515 13.34890656 16.77833002 15.33697813 16.66028827
 16.9833499  14.78404573 14.92072565 15.65382704 16.31237575 17.94010934
 17.17594433 15.86505964 16.34965209 14.69706759 14.36158052 15.82157058
 14.50447316 15.26863817 13.97639165 15.6973161  16.72241551 14.88966203
 15.43016899 16.21297217 17.77857853 18.27559642 18.04572565 15.722167
 15.78429423 15.1443837  14.04473161 13.77758449 13.36754473 15.13817097
 14.08822068 15.27485089 15.55442346 17.46172962 15.81535785 15.88991054
 16.63543738 17.1138171  14.42992048 14.5417495  13.93911531 15.88991054
 15.0139165  14.75919483 15.10710736 14.53553678 16.79075547 17.13866799
 15.26863817 17.48658052 15.80293241 17.21322068 14.305666   14.39264414
 15.12574553 15.51093439 15.96446322 15.88369781 15.00149105 16.23782306
 13.77137177 15.56063618 16.51739563 18.1637674  16.20054672 16.58573559
 16.74105368 14.18762425]",22259.915538778423
2025-06-15 02:49:00+00:00,169,2098.01,9.0,15.64175112693693,15.517178180914511,18.368787276341948,"[14.31187873 15.05119284 15.97067594 12.62823062 13.67196819 15.90233598
 14.23732604 15.52957256 16.15084493 16.17569583 16.01416501 17.29398608
 14.79647117 14.44234592 14.71570577 13.86456262 15.03255467 15.34940358
 15.9582505  16.6416501  15.34940358 16.8528827  16.77833002 14.0695825
 16.79696819 18.26317097 16.36207753 15.84642147 14.24975149 15.28106362
 14.38643141 14.65979125 16.52982107 16.08250497 16.43663022 15.92718688
 15.46744533 17.14488072 15.722167   16.4304175  16.05144135 16.5111829
 13.95775348 14.98285288 14.21868787 15.10089463 14.21247515 15.73459245
 15.45501988 14.55417495 15.43638171 12.99478131 15.68489066 15.64140159
 15.6165507  15.23757455 13.95775348 15.65382704 14.23111332 16.37450298
 16.2999503  15.42395626 15.82157058 16.17569583 14.18762425 13.97639165
 16.25646123 17.84070577 15.36182903 16.31237575 15.56063618 15.62897614
 15.24378728 14.72813121 14.89587475 15.62897614 16.44284294 17.10760437
 15.77808151 16.95849901 16.44284294 17.16351889 18.36878728 17.00198807
 13.73409543 14.11928429 14.90208748 15.19408549 14.97664016 15.5916998
 13.99502982 15.88369781 15.43016899 18.18861829 16.56709742 14.84617296
 15.07604374 16.91500994 16.62301193 15.43638171 15.1195328  13.97639165
 14.03851889 15.66625249 14.8834493  15.89612326 15.41153082 15.41774354
 17.63568588 15.74701789 16.85909543 15.64140159 16.58573559 14.34915507
 13.92047714 13.98260437 15.63518887 15.52335984 16.46769384 15.38667992
 13.84592445 14.86481113 17.25670974 17.07654076 17.28777336 15.05119284
 16.16327038 15.29970179 14.91451292 13.90183897 13.10661034 15.88369781
 14.5666004  15.03255467 15.51714712 16.72241551 17.00198807 16.30616302
 14.777833   15.75323062 15.84642147 14.68464215 16.38071571 15.67246521
 15.64140159 14.32430417 15.39910537 14.94557654 15.93961233 16.25646123
 17.35611332 16.10735586 15.83399602 16.93986083 14.74676938 17.28156064
 13.2805666  15.21272366 14.61008946 15.58548708 15.97067594 16.4055666
 14.777833   16.68513917 15.43016899 14.95178926 15.00770378 16.1694831
 16.69756461 15.80914513 13.92668986 14.65979125 14.28081511 15.1443837
 13.37997018 13.89562624 15.80914513 17.10760437 15.21272366 14.10064612
 15.74701789 15.90233598 16.64786282 16.49254473 14.74055666 13.9888171
 13.40482107 14.92072565 15.54199801 16.47390656 13.87698807 15.31833996
 15.5916998  16.67271372 16.76590457 17.02683897 15.83399602 16.23161034
 16.58573559 13.65954274]",22220.642570280193
2025-06-15 02:50:00+00:00,170,2152.4399999999996,9.0,15.802301499411772,15.686257455268388,18.797465208747514,"[14.52311133 14.4609841  15.08846918 15.60412525 15.28727634 14.59145129
 15.18166004 16.0390159  17.08275348 16.01416501 15.05740557 18.79746521
 16.79696819 15.20029821 14.66600398 14.92072565 14.59766402 15.52957256
 15.92097416 14.74055666 15.92097416 16.52982107 16.67271372 16.42420477
 16.6167992  16.20054672 16.15705765 14.85238569 16.6416501  12.98856859
 15.80914513 16.83424453 15.43638171 16.01416501 16.4304175  14.91451292
 16.21918489 16.70999006 16.11978131 16.6167992  16.46148111 15.31212724
 14.74055666 14.31809145 16.05765408 14.34915507 14.99527833 16.10735586
 15.44259443 16.25024851 16.82803181 16.55467197 16.11356859 17.61083499
 16.23161034 17.88419483 13.79000994 14.82132207 14.91451292 14.65979125
 13.80864811 14.87102386 16.08871769 16.8777336  15.64140159 16.67271372
 16.87152087 16.91500994 16.7472664  17.05790258 15.44880716 14.5417495
 14.85238569 13.65954274 15.4860835  15.95203777 15.0387674  16.02659046
 14.9083002  15.34940358 15.47365805 16.55467197 16.34965209 15.80914513
 13.70924453 13.56013917 13.70924453 14.75298211 15.22514911 14.0695825
 15.94582505 16.07007952 16.80318091 15.93961233 16.35586481 15.57927435
 17.75994036 16.42420477 16.93364811 13.94532803 14.39885686 16.80318091
 15.69110338 16.50497018 15.47365805 16.39935388 13.80864811 16.2999503
 16.43663022 16.93364811 16.49254473 16.88394632 16.62922465 14.12549702
 14.67842942 17.4555169  15.58548708 14.79025845 14.02609344 15.69110338
 16.09493042 15.02012922 16.30616302 16.70999006 17.96496024 16.98956262
 17.31262425 14.8026839  13.79622266 15.30591451 14.86481113 13.89562624
 15.4612326  15.60412525 16.07629225 14.62251491 14.62251491 16.92122266
 17.36853877 15.77808151 16.98956262 14.07579523 14.81510934 14.49826044
 16.00173956 14.4361332  15.17544732 15.16923459 15.06361829 16.57331014
 16.33101392 15.47365805 17.29398608 17.0082008  18.15755467 17.92147117
 14.34294235 15.18166004 15.26242545 15.02012922 17.16973161 15.92718688
 15.57306163 15.09468191 16.41177932 15.9582505  17.3499006  15.78429423
 13.88941352 18.20725646 16.02659046 12.8332505  14.5417495  14.64736581
 15.70974155 16.36829026 16.04522863 15.17544732 15.4612326  14.85238569
 16.2999503  16.49875746 15.55442346 16.84666998 13.52907555 15.4860835
 13.21222664 13.12524851 14.38643141 15.25       15.76565606 15.66625249
 16.11978131 16.08871769 16.35586481 15.82157058 15.37425447 17.41824056
 16.92743539 15.64140159]",22757.779896432032
2025-06-15 02:51:00+00:00,171,2114.99,9.0,15.691717105942532,15.569924204771372,17.840705765407556,"[14.777833   16.69756461 15.36804175 15.05740557 16.60437376 15.39910537
 16.42420477 17.15730616 16.89015905 14.93315109 16.04522863 15.31212724
 15.90233598 14.74676938 13.70924453 15.0387674  16.59194831 13.9639662
 14.97042744 14.28702783 15.99552684 16.42420477 15.41153082 17.08275348
 15.10089463 15.86505964 15.722167   13.80243539 15.10089463 14.00124254
 14.01366799 15.55442346 15.21893638 15.0387674  15.18166004 16.26888668
 15.75323062 17.49279324 16.34965209 16.49254473 16.25646123 16.20675944
 12.30516899 13.68439364 14.00745527 16.5111829  15.15680915 13.5166501
 14.01366799 15.43638171 15.03255467 15.10710736 17.18836978 16.1694831
 17.84070577 16.84045726 14.74676938 15.49229622 12.83946322 15.45501988
 16.2750994  15.4860835  16.46769384 14.31809145 16.20054672 16.23161034
 15.94582505 17.24428429 16.0390159  15.89612326 14.9083002  14.01988072
 14.99527833 15.1195328  15.56063618 13.53528827 15.04498012 16.28752485
 13.15631213 15.94582505 15.60412525 15.87748509 15.88991054 17.01441352
 14.87102386 15.25       14.84617296 16.55467197 15.30591451 13.03827038
 14.59145129 17.1138171  15.59791252 14.97042744 15.722167   15.44880716
 16.57331014 15.56063618 17.05790258 16.44905567 14.71570577 16.60437376
 15.33076541 14.39885686 15.86505964 15.29348907 16.22539761 16.14463221
 15.20651093 17.71023857 15.63518887 16.29373757 15.49229622 14.85238569
 14.44855865 14.56038767 14.19383698 15.22514911 15.61033797 15.98931412
 14.12549702 16.02659046 17.08275348 15.44880716 14.86481113 15.88369781
 17.48036779 14.44234592 15.50472167 16.20054672 14.39885686 15.56684891
 16.89637177 13.83349901 15.34319085 15.66625249 16.56709742 16.35586481
 15.54199801 16.36207753 16.2999503  14.56038767 14.5666004  15.16302187
 14.57902584 14.92072565 15.61033797 15.79050696 14.82753479 15.41774354
 16.41177932 15.64140159 15.93961233 15.5916998  16.38692843 16.11356859
 16.31237575 14.03851889 14.38021869 15.53578529 15.61033797 16.01416501
 15.97688867 15.90233598 15.34319085 16.24403579 16.0390159  17.44930417
 17.10760437 17.39960239 14.52311133 15.39910537 14.53553678 15.18787276
 14.23111332 14.65979125 15.67867793 16.13220676 16.20054672 16.80318091
 15.39910537 17.33126243 17.12624254 15.43016899 14.36158052 14.36779324
 16.6416501  16.33722664 15.47365805 15.43016899 16.12599404 14.98906561
 16.38692843 15.89612326 16.88394632 14.77162028 16.54224652 17.67917495
 16.21297217 15.11332008]",22387.808749641328
2025-06-15 02:52:00+00:00,172,2132.24,9.0,15.7425619388738,15.623508946322067,18.915506958250496,"[13.9639662  14.75919483 13.59120278 16.04522863 14.14413519 16.14463221
 15.13817097 14.70328032 16.39314115 16.00795229 15.20651093 16.7472664
 17.2194334  14.69085487 14.88966203 14.72813121 15.07604374 16.14463221
 15.10710736 14.03230616 13.78379722 16.97713718 16.20675944 15.15680915
 16.84045726 15.80914513 17.51764414 14.2249006  14.15656064 15.42395626
 14.73434394 14.92072565 15.29348907 17.85313121 16.26267396 16.32480119
 16.4055666  15.57306163 15.31833996 17.62947316 18.1389165  15.72837972
 15.43016899 15.76565606 14.12549702 14.68464215 15.28106362 15.70974155
 14.4361332  14.69085487 16.15705765 16.72862823 15.13195825 14.82753479
 16.93986083 18.07057654 15.3556163  14.63494036 14.42370775 14.37400596
 15.20029821 15.1443837  16.4304175  15.82157058 16.36207753 16.07629225
 16.22539761 16.194334   15.13195825 17.2194334  13.02584493 17.82206759
 14.81510934 14.21247515 15.57927435 14.34915507 16.67892644 17.4555169
 16.61058648 15.42395626 15.54199801 18.91550696 16.39314115 15.91476143
 15.40531809 15.70974155 15.41153082 13.89562624 15.11332008 15.85263419
 15.23757455 16.57952286 15.26863817 16.86530815 16.36829026 16.7472664
 17.07654076 16.72241551 17.430666   12.3362326  14.10685885 14.87102386
 14.62251491 15.33697813 14.97664016 15.97067594 15.46744533 18.59865805
 14.20626243 15.4860835  14.72813121 15.46744533 16.23782306 12.26167992
 14.29945328 16.05765408 15.89612326 14.9083002  15.1443837  14.21868787
 17.00198807 16.4304175  15.29970179 15.75323062 16.8777336  15.23757455
 16.43663022 15.23757455 14.64115308 15.62897614 15.06361829 16.36829026
 15.65382704 15.52957256 15.08225646 16.36207753 17.0082008  17.69781312
 16.97092445 15.53578529 15.71595427 14.4609841  14.52932406 16.72241551
 15.18166004 14.01988072 14.19383698 15.6165507  14.97042744 14.27460239
 16.90879722 17.07032803 14.66600398 17.94632207 16.54224652 15.43016899
 14.57281312 13.74030815 15.70974155 16.08871769 15.05119284 15.60412525
 16.29373757 16.48633201 17.49900596 16.31237575 16.04522863 16.69135189
 15.05119284 16.82181909 15.02012922 13.70924453 14.60387674 16.79696819
 15.83399602 15.51093439 14.92072565 15.98931412 15.34940358 17.44930417
 15.722167   16.04522863 16.30616302 16.25646123 15.10710736 14.05094433
 14.52311133 15.46744533 14.35536779 16.38692843 15.13817097 14.16277336
 15.44880716 15.38667992 16.93364811 17.10139165 15.26863817 17.41824056
 14.64736581 14.54796223]",22557.915222696192
2025-06-15 02:53:00+00:00,173,2104.63,9.0,15.661030084847761,15.537742296222664,18.325298210735586,"[16.10114314 14.54796223 13.34890656 16.13220676 14.29324056 15.40531809
 14.83374751 17.13866799 16.67892644 16.73484095 17.0889662  15.33076541
 17.54870775 15.00149105 13.54771372 14.40506958 14.93315109 15.44259443
 15.4860835  17.67917495 15.722167   16.54224652 15.44880716 15.50472167
 16.92122266 15.93961233 16.49254473 14.04473161 15.19408549 14.44855865
 14.14413519 14.63494036 15.4860835  15.92097416 17.41824056 14.59145129
 15.05119284 16.05144135 16.00173956 16.22539761 18.16998012 16.07629225
 13.97639165 13.99502982 13.2805666  14.34915507 16.17569583 14.66600398
 15.6973161  13.83349901 14.86481113 15.49850895 15.03255467 16.20054672
 17.16973161 15.56063618 16.07629225 14.62251491 15.722167   15.54199801
 15.34319085 16.21918489 15.23136183 15.70352883 15.6165507  15.12574553
 18.16998012 14.36158052 16.87152087 17.4555169  14.15656064 14.52311133
 14.82753479 15.67867793 15.62276342 15.13817097 15.23757455 16.85909543
 15.78429423 15.84642147 15.51093439 16.34965209 17.4555169  17.42445328
 13.46694831 14.15034791 13.85213718 15.42395626 15.0387674  15.1195328
 14.0695825  15.39289264 15.90233598 16.84045726 15.62276342 16.5111829
 16.75347913 17.48036779 16.13220676 15.43016899 14.18762425 14.23111332
 14.17519881 15.4860835  15.32455268 14.99527833 15.09468191 15.37425447
 17.57977137 16.87152087 17.6667495  15.31212724 16.5360338  13.89562624
 14.65357853 13.80864811 16.56709742 15.36182903 14.93936382 16.56709742
 15.47365805 15.06361829 15.68489066 15.29970179 16.31237575 15.66003976
 16.37450298 13.87077535 14.12549702 15.6165507  15.80914513 15.88369781
 15.29970179 15.31212724 15.74080517 18.32529821 17.74130219 16.15084493
 17.14488072 15.34940358 16.44905567 13.61605368 14.11307157 13.93290258
 15.15059642 15.3556163  14.19383698 17.21322068 17.43687873 15.36182903
 15.80293241 15.66625249 17.22564612 15.92718688 17.49900596 17.22564612
 13.19980119 13.69060636 15.11332008 15.93961233 14.70328032 15.80914513
 14.24975149 13.90805169 15.66625249 16.56709742 16.80939364 16.66028827
 14.95178926 17.60462227 13.84592445 14.29945328 15.45501988 15.03255467
 14.64115308 14.15034791 15.20029821 14.29324056 13.58499006 14.3305169
 16.79075547 16.4304175  15.90854871 17.28156064 13.93911531 13.34269384
 15.27485089 15.33697813 14.73434394 13.79000994 16.43663022 16.6167992
 16.56088469 15.68489066 15.68489066 16.38071571 16.21918489 16.36829026
 17.30641153 13.0444831 ]",22285.142251866677
2025-06-15 02:54:00+00:00,174,2099.38,9.0,15.64549070492343,15.521433896620279,18.505467196819083,"[14.74055666 15.79671968 13.87698807 15.21893638 15.05740557 15.64761431
 15.23136183 14.34915507 15.67867793 16.8777336  16.84045726 15.92097416
 16.34965209 14.4361332  13.66575547 16.1694831  14.11928429 14.53553678
 13.34890656 15.41153082 17.38096421 14.74055666 16.41799205 16.37450298
 15.4612326  15.96446322 15.60412525 15.11332008 14.68464215 16.30616302
 14.24353877 15.61033797 14.56038767 15.90233598 12.58474155 15.62897614
 17.35611332 15.74080517 16.58573559 15.57306163 17.33126243 13.28677932
 13.79000994 13.54150099 13.34890656 14.42370775 17.04547714 13.92047714
 14.47340954 15.28106362 15.76565606 17.67917495 16.90258449 18.08921471
 17.15730616 15.31212724 14.10064612 15.67867793 15.22514911 14.15034791
 14.02609344 16.28131213 15.62276342 16.8528827  16.33722664 15.31212724
 15.31833996 17.71023857 18.5054672  16.11356859 14.17519881 13.47937376
 15.58548708 15.47365805 14.62251491 16.09493042 14.92072565 15.85884692
 16.94607356 15.57306163 15.24378728 15.05119284 16.67271372 14.27460239
 14.52932406 13.05690855 14.66600398 15.05740557 16.31237575 16.36207753
 16.57331014 16.28752485 16.66028827 16.10114314 15.32455268 15.93961233
 16.44905567 16.82181909 15.61033797 14.35536779 15.74080517 14.87102386
 15.57927435 15.23136183 17.03926441 14.39264414 17.03305169 15.22514911
 14.92693837 15.84020875 16.88394632 16.34343936 16.75969185 13.3054175
 13.05690855 15.66625249 14.42992048 15.46744533 15.43638171 15.66003976
 15.26863817 15.30591451 16.16327038 15.06983101 17.22564612 16.41177932
 16.61058648 14.50447316 13.87077535 13.8583499  14.69085487 14.32430417
 14.85238569 14.76540755 16.23161034 14.11307157 16.66028827 15.09468191
 16.03280318 16.45526839 16.48633201 16.15705765 14.80889662 15.42395626
 13.7527336  16.02659046 17.50521869 15.49229622 16.31858847 15.71595427
 14.85238569 16.59816103 14.72191849 16.07629225 16.63543738 18.08921471
 14.58523857 13.59120278 13.7278827  15.02012922 15.722167   15.56684891
 15.62897614 16.09493042 17.49900596 15.68489066 14.47962227 17.25049702
 17.02683897 17.20700795 13.39860835 14.70328032 15.06361829 15.06983101
 15.0139165  15.5916998  15.88991054 15.68489066 15.67867793 16.4304175
 15.47987078 17.80342942 16.48011928 16.47390656 16.5111829  14.95178926
 13.63469185 12.81461233 16.02037773 14.81510934 13.25571571 15.33697813
 15.71595427 16.93364811 16.12599404 15.57927435 16.02037773 17.59840954
 16.77833002 15.51714712]",22233.153702391828
2025-06-15 02:55:00+00:00,175,2106.1299999999997,9.0,15.665370986862927,15.542401838966203,18.517892644135188,"[13.18737575 14.14413519 14.9083002  15.04498012 15.04498012 15.28727634
 16.61058648 16.59816103 16.90258449 15.90854871 16.96471173 16.80318091
 18.51789264 16.02037773 14.40506958 15.24378728 14.31187873 14.05715706
 14.51689861 14.29945328 15.44880716 16.10735586 17.71645129 17.20079523
 15.98310139 15.97688867 16.17569583 15.10710736 14.62872763 13.58499006
 15.58548708 16.194334   15.84020875 15.69110338 14.42992048 15.27485089
 15.85884692 14.87102386 16.18812127 15.77186879 16.69756461 13.74030815
 13.6222664  14.49826044 14.01366799 15.59791252 15.40531809 15.21272366
 14.39885686 14.4361332  16.52360835 15.11332008 18.06436382 15.64140159
 17.5859841  15.03255467 14.89587475 12.98856859 15.51714712 15.10710736
 13.28677932 13.74030815 14.4361332  15.33697813 15.54199801 17.36853877
 16.07007952 16.18812127 17.0082008  17.03305169 14.60387674 16.09493042
 14.26217694 14.73434394 14.15034791 14.3305169  15.36804175 15.68489066
 15.12574553 16.57952286 14.23111332 16.18190855 15.6165507  16.77833002
 14.32430417 14.97664016 14.48583499 15.53578529 15.31212724 14.8834493
 15.86505964 14.57281312 16.70377734 16.2750994  14.39264414 16.81560636
 15.16923459 16.62922465 18.36257455 14.44855865 15.19408549 13.80243539
 13.82728628 14.24353877 15.62276342 15.32455268 17.0889662  17.93389662
 16.85909543 16.16327038 16.14463221 16.62301193 15.13817097 14.49826044
 15.24378728 16.15084493 15.98310139 15.26242545 14.5666004  16.25646123
 14.42370775 15.97688867 15.54199801 15.58548708 15.20029821 15.6973161
 17.02062624 15.21893638 14.64736581 13.76515905 15.32455268 16.01416501
 14.44234592 15.02012922 16.98956262 15.32455268 17.22564612 16.97713718
 15.86505964 17.37475149 16.68513917 13.56635189 14.11928429 12.31138171
 14.42992048 16.71620278 15.76565606 14.38643141 16.39935388 15.65382704
 15.65382704 14.73434394 17.38096421 16.00173956 16.98956262 16.85909543
 12.30516899 14.42370775 14.9083002  14.61008946 16.36207753 16.35586481
 14.83374751 15.79671968 16.0638668  17.87176938 17.10760437 16.81560636
 16.28752485 17.61704771 15.85263419 14.61008946 15.72837972 15.34940358
 17.03305169 13.21222664 16.75969185 15.722167   16.25646123 17.42445328
 17.98359841 16.21297217 16.62922465 17.60462227 14.28702783 14.06336978
 13.67818091 15.05119284 14.47962227 15.57927435 14.34915507 14.50447316
 16.49875746 15.39289264 15.39910537 14.56038767 16.62922465 15.37425447
 16.79075547 15.87748509]",22299.66517364861
2025-06-15 02:56:00+00:00,176,2128.3999999999996,9.0,15.73105860537003,15.611580516898607,18.437127236580515,"[15.1195328  14.5666004  15.18787276 14.21247515 14.95800199 16.24403579
 16.33722664 15.30591451 14.91451292 16.41799205 16.84666998 16.38692843
 17.10760437 15.62276342 14.97042744 14.29324056 15.38667992 15.82157058
 14.51068588 13.80864811 15.91476143 16.15084493 16.87152087 16.88394632
 15.56684891 15.06983101 16.34343936 13.09418489 15.41153082 14.31809145
 17.13245527 14.20626243 15.29348907 16.4304175  16.41177932 13.6222664
 17.26913519 16.09493042 17.67296223 16.66028827 14.94557654 16.89015905
 13.05690855 15.05740557 14.94557654 13.65333002 14.89587475 15.62897614
 16.18190855 15.70352883 16.82181909 16.95849901 16.75347913 17.48658052
 16.25024851 18.29423459 14.41749503 14.15034791 15.52335984 14.88966203
 13.76515905 15.27485089 16.59194831 14.51689861 16.22539761 15.54821074
 16.25646123 17.57355865 16.79075547 16.36207753 13.75894632 14.65979125
 14.60387674 15.24378728 14.61630219 15.18787276 14.37400596 15.37425447
 16.41799205 15.65382704 16.13220676 16.38071571 17.12624254 16.08250497
 14.56038767 15.24378728 15.73459245 14.38643141 14.56038767 15.52957256
 14.50447316 13.9639662  18.43712724 16.08250497 14.71570577 15.50472167
 17.25670974 16.31237575 18.15755467 15.60412525 13.26814115 14.86481113
 14.83374751 14.88966203 16.30616302 16.77833002 14.95800199 16.72241551
 16.58573559 17.23185885 17.04547714 16.08871769 16.35586481 15.79050696
 14.41749503 15.73459245 14.5666004  14.13792247 16.15705765 14.67842942
 15.97067594 17.02062624 16.69135189 15.21893638 16.8777336  17.61704771
 16.20054672 13.8583499  12.78354871 15.20029821 15.1195328  15.75944334
 14.74055666 15.88369781 16.08871769 15.16302187 16.96471173 16.38692843
 16.18812127 14.00124254 17.52385686 15.74080517 14.65357853 15.39289264
 15.54821074 14.57902584 16.90879722 15.94582505 15.16302187 17.64189861
 14.69085487 16.07007952 15.56063618 15.66003976 17.26913519 16.71620278
 14.16898608 14.17519881 15.12574553 15.0387674  15.51714712 15.25
 15.9333996  15.56684891 14.49826044 16.85909543 13.73409543 17.46794235
 17.62947316 16.46769384 13.97639165 15.28727634 16.22539761 15.67867793
 14.34294235 15.1443837  13.88941352 14.23732604 16.31858847 15.81535785
 16.82181909 15.76565606 16.49875746 16.18812127 15.26863817 14.62872763
 14.56038767 15.06361829 14.92072565 13.67818091 15.41153082 14.0695825
 15.91476143 15.3556163  16.00795229 16.31858847 16.26267396 16.66650099
 17.31883698 15.02012922]",22519.429670125974
2025-06-15 02:57:00+00:00,177,2136.8999999999996,9.0,15.75611748998281,15.637984592445328,18.70427435387674,"[14.40506958 14.38021869 15.69110338 14.08200795 16.6416501  14.75298211
 16.10735586 15.56684891 15.90854871 16.54224652 17.28156064 16.67271372
 15.52957256 14.59145129 14.24975149 15.80914513 16.65407555 14.41128231
 15.56684891 15.80293241 14.56038767 17.37475149 16.62922465 15.76565606
 17.60462227 15.51714712 15.87748509 14.10685885 14.56038767 13.00720676
 15.34319085 15.16923459 17.23185885 16.33722664 15.02012922 14.34294235
 15.28106362 15.51093439 16.94607356 17.63568588 17.44930417 14.57281312
 14.80889662 14.66600398 14.02609344 15.54199801 15.23757455 16.26267396
 16.80939364 15.16302187 16.08250497 14.98285288 17.12624254 16.89015905
 16.61058648 15.84642147 14.52311133 14.37400596 13.33648111 14.39885686
 14.6722167  15.18787276 15.56063618 14.46719682 16.81560636 17.46172962
 17.18215706 18.46819085 16.80318091 16.46148111 14.64115308 14.0944334
 12.98856859 14.88966203 14.93936382 14.85859841 16.54845924 14.08200795
 15.36182903 15.83399602 16.52360835 15.41153082 15.70352883 16.9833499
 15.25621272 14.85859841 16.21297217 15.47987078 15.6165507  15.23136183
 15.43638171 14.33672962 15.90854871 17.18215706 16.13841948 16.95228628
 17.9276839  16.23161034 15.72837972 15.722167   15.08846918 15.51714712
 14.63494036 15.54821074 16.57331014 15.3556163  14.95800199 15.85263419
 18.0084493  16.80939364 18.70427435 15.75323062 17.26913519 13.62847913
 14.13170974 15.29970179 13.9888171  14.47340954 16.20054672 16.75347913
 15.74080517 14.31187873 16.66028827 16.23782306 17.26913519 16.6416501
 16.63543738 14.90208748 13.37375746 14.33672962 15.56684891 14.03851889
 16.08250497 15.6973161  18.12649105 16.10735586 15.97067594 15.36804175
 15.40531809 14.82753479 16.15705765 13.72166998 15.39910537 14.90208748
 13.00720676 14.36779324 14.69706759 15.53578529 15.85884692 15.85263419
 15.88991054 16.78454274 15.62276342 16.09493042 16.83424453 16.94607356
 16.11356859 16.2750994  14.95800199 14.93936382 15.42395626 16.05144135
 14.42370775 16.56088469 15.10710736 16.00173956 17.07032803 16.04522863
 16.01416501 15.71595427 14.70949304 15.41774354 14.6722167  15.88991054
 15.09468191 15.38667992 16.10114314 16.34965209 15.61033797 14.39264414
 17.12002982 14.96421471 16.41799205 17.15109344 13.36754473 14.20626243
 15.18166004 16.00173956 15.43638171 16.56709742 14.305666   17.05168986
 16.11978131 14.5666004  15.43638171 15.86505964 15.98931412 17.73508946
 16.80939364 14.11928429]",22603.266674486484
2025-06-15 02:58:00+00:00,178,2066.17,9.0,15.547372318115348,15.418271620278329,19.26341948310139,"[15.66625249 15.00770378 15.18787276 14.40506958 16.28131213 15.41153082
 15.3556163  14.96421471 13.94532803 15.36804175 16.97092445 16.2750994
 16.63543738 13.54771372 13.77137177 15.51714712 14.50447316 15.31212724
 15.93961233 14.48583499 15.67867793 16.52982107 15.44259443 16.64786282
 14.84617296 15.26863817 15.08846918 14.33672962 14.76540755 15.43638171
 13.13767396 13.32405567 15.34940358 16.34965209 15.51093439 13.86456262
 15.04498012 16.79696819 15.44259443 16.23782306 17.31262425 15.96446322
 15.5916998  13.11903579 14.4609841  16.89637177 15.84642147 15.80914513
 15.97067594 14.73434394 15.70974155 15.05740557 15.51093439 17.71645129
 17.12002982 18.51167992 13.56635189 15.0387674  14.67842942 16.26888668
 14.29324056 14.55417495 14.53553678 16.26888668 15.15059642 15.4860835
 16.84666998 13.87698807 15.9582505  17.5859841  13.28677932 15.05740557
 16.6167992  16.194334   14.32430417 13.94532803 15.47987078 16.50497018
 16.35586481 17.88419483 14.38643141 15.83399602 14.62251491 15.60412525
 12.92644135 14.44234592 14.66600398 15.3804672  14.00124254 13.11903579
 14.92693837 16.80318091 15.65382704 16.56709742 14.63494036 16.49254473
 16.64786282 16.95228628 16.194334   13.31784294 13.36754473 14.84617296
 15.51714712 13.90183897 13.5166501  16.52360835 14.93315109 15.39289264
 15.45501988 16.18190855 15.69110338 16.95849901 16.90879722 14.62872763
 13.87698807 14.65979125 17.10139165 15.13817097 13.44831014 16.55467197
 16.07007952 16.1694831  15.49850895 17.09517893 17.26913519 17.97117296
 16.15705765 14.31187873 14.87102386 13.03827038 15.51714712 16.07007952
 14.06336978 14.95178926 14.75298211 15.59791252 15.52335984 15.53578529
 17.46172962 16.10114314 15.92718688 13.76515905 14.10064612 14.16898608
 14.75919483 14.24353877 16.87152087 15.40531809 16.01416501 15.31212724
 15.8277833  15.74080517 16.41177932 15.77186879 17.06411531 16.34965209
 13.67196819 14.54796223 13.98260437 15.66003976 14.72813121 15.38667992
 15.54821074 13.92668986 15.80914513 17.48658052 16.61058648 15.74080517
 16.48011928 16.75969185 14.49204771 13.92668986 15.02634195 14.11928429
 15.82157058 15.51093439 15.79050696 15.28106362 15.69110338 15.17544732
 16.2999503  15.29970179 17.53628231 16.57331014 13.47937376 14.05094433
 15.58548708 16.23161034 13.11903579 15.23136183 15.43638171 14.8026839
 15.15680915 16.10735586 15.75944334 19.26341948 16.11978131 15.39289264
 16.70999006 14.04473161]",21904.888827486713
2025-06-15 02:59:00+00:00,179,2092.4399999999996,9.0,15.62488552798022,15.499875745526838,19.87226640159046,"[15.0387674  14.55417495 16.32480119 13.55392644 14.78404573 15.62897614
 14.60387674 16.57952286 18.11406561 14.19383698 14.29324056 17.27534791
 14.92693837 14.42992048 15.44259443 13.61605368 17.28777336 14.28081511
 15.39910537 16.89015905 17.39960239 14.73434394 16.43663022 15.4612326
 17.84070577 16.23782306 17.48658052 15.53578529 13.24329026 13.92047714
 14.59145129 14.11307157 15.89612326 16.02659046 15.61033797 15.72837972
 15.25       15.31833996 17.57977137 15.80914513 16.49254473 16.82803181
 15.09468191 15.52335984 15.00149105 14.80889662 16.70377734 16.79075547
 14.79025845 16.25024851 15.0387674  16.10114314 12.53503976 16.8528827
 13.92047714 17.80342942 15.44880716 13.88941352 14.49826044 13.67196819
 15.99552684 15.96446322 15.4860835  14.87102386 14.44855865 16.90879722
 15.1443837  19.8722664  15.34319085 16.9833499  14.34915507 14.5417495
 14.52932406 16.07007952 14.41749503 14.5417495  15.28727634 14.62872763
 17.03926441 17.37475149 16.71620278 15.4860835  16.99577535 17.30019881
 14.46719682 14.98285288 12.95750497 12.73384692 14.38643141 14.9083002
 15.08225646 16.5111829  16.12599404 15.61033797 14.57281312 17.10760437
 15.63518887 17.27534791 17.16351889 14.23111332 13.93290258 13.74652087
 14.88966203 15.30591451 15.23757455 15.13817097 15.3556163  14.47340954
 17.71645129 16.55467197 16.10114314 16.7472664  16.62922465 15.97688867
 15.41774354 14.0944334  15.43638171 15.4612326  15.71595427 14.16898608
 16.26267396 14.48583499 15.25621272 16.82181909 17.07654076 16.34343936
 17.33126243 14.49826044 14.15034791 14.24353877 14.02609344 14.16277336
 14.95178926 14.5666004  15.02012922 15.52335984 16.04522863 16.66650099
 17.78479125 16.11356859 17.49900596 13.89562624 14.15034791 13.99502982
 15.45501988 14.64736581 15.4860835  15.36804175 15.25       16.31858847
 16.57952286 16.67271372 16.87152087 14.66600398 16.64786282 14.66600398
 13.82728628 14.42992048 14.4361332  15.82157058 14.52311133 15.80914513
 15.66625249 15.722167   15.72837972 14.64736581 16.30616302 16.33101392
 17.03926441 16.54845924 14.74676938 14.58523857 13.95775348 15.64140159
 15.38667992 14.58523857 15.90854871 16.08250497 16.92743539 15.43638171
 17.40581511 14.21868787 15.51093439 16.34343936 15.46744533 16.54845924
 13.6222664  14.47962227 15.60412525 14.777833   15.21272366 15.70352883
 15.26242545 15.25       15.58548708 16.98956262 14.84617296 16.75347913
 15.41153082 13.75894632]",22164.217022410623
2025-06-15 03:00:00+00:00,180,2100.24,9.0,15.647900099403579,15.52410536779324,18.735337972166995,"[14.4361332  14.0695825  15.47987078 14.76540755 15.90233598 15.06361829
 15.54199801 16.18190855 17.05790258 16.07629225 16.8777336  18.0333002
 16.68513917 16.4055666  14.51068588 14.82132207 17.72887674 16.37450298
 14.85859841 15.76565606 15.90854871 16.52982107 16.07629225 15.22514911
 16.1694831  16.14463221 17.51143141 15.64761431 16.02659046 14.00124254
 14.98906561 16.84045726 16.26888668 16.46769384 15.4860835  17.69781312
 14.49204771 16.59194831 13.67196819 16.2750994  17.34368787 14.44855865
 14.39264414 14.23732604 14.85859841 14.73434394 14.56038767 15.15059642
 15.75944334 14.5666004  16.89637177 15.13195825 16.26888668 17.98359841
 17.67917495 16.34343936 14.72191849 12.85810139 14.66600398 13.54150099
 15.57306163 15.70974155 15.16302187 15.95203777 15.88991054 14.75919483
 16.34343936 16.35586481 17.00198807 16.01416501 13.29920477 14.34294235
 15.41153082 14.39885686 13.57256461 13.00720676 15.93961233 15.77186879
 16.46148111 16.0390159  16.08871769 16.09493042 17.64189861 16.57952286
 14.38021869 13.18737575 15.44880716 14.42370775 16.56709742 15.10089463
 14.71570577 16.72241551 15.51714712 14.58523857 16.55467197 15.09468191
 16.99577535 16.72241551 17.28156064 14.99527833 15.61033797 15.29970179
 14.38643141 15.63518887 15.88991054 15.62276342 15.3556163  15.4612326
 16.78454274 15.99552684 15.44880716 16.96471173 16.05765408 14.87102386
 14.16277336 14.83374751 14.42370775 13.80243539 13.64090457 14.75919483
 15.23757455 16.16327038 14.36158052 16.61058648 15.06983101 15.28106362
 16.80318091 13.77137177 15.86505964 13.93911531 13.50422465 14.08200795
 13.87698807 16.65407555 16.0390159  16.34965209 17.53006958 16.97092445
 16.25024851 15.54821074 17.4555169  14.26838966 14.19383698 12.92022863
 14.97664016 14.16277336 13.40482107 15.51714712 15.15680915 15.70974155
 18.4806163  16.43663022 14.93936382 15.1195328  15.85884692 18.73533797
 13.13767396 14.05094433 14.77162028 15.45501988 15.16923459 15.62897614
 14.10064612 16.94607356 15.53578529 14.86481113 15.44880716 17.83449304
 16.84045726 17.02683897 14.66600398 15.70974155 15.27485089 15.5916998
 14.78404573 12.7027833  16.28131213 15.19408549 16.30616302 16.30616302
 16.66650099 16.67892644 17.05790258 15.96446322 15.32455268 13.25571571
 13.97017893 15.00149105 14.23111332 15.93961233 16.25646123 15.67246521
 14.5417495  15.89612326 15.16923459 18.4806163  15.52957256 16.48011928
 15.32455268 12.99478131]",22241.21457256461
2025-06-15 03:01:00+00:00,181,2101.09,9.0,15.650412056310241,15.526745775347912,18.157554671968192,"[15.49229622 13.72166998 13.93290258 15.41774354 13.42967197 14.70949304
 16.11978131 16.28752485 15.20651093 16.57952286 15.92097416 16.95228628
 15.27485089 16.03280318 14.24975149 15.1195328  13.64090457 15.54821074
 15.96446322 16.24403579 15.82157058 17.51764414 15.33697813 16.28752485
 16.29373757 17.63568588 15.68489066 13.65333002 14.65979125 13.95154076
 13.46694831 17.53628231 16.17569583 13.97017893 15.66625249 15.54821074
 17.30019881 15.20029821 17.06411531 14.82132207 16.74105368 14.32430417
 15.29970179 13.92668986 14.82753479 14.89587475 15.78429423 15.98310139
 15.6973161  15.61033797 15.89612326 14.69706759 15.56684891 16.07629225
 16.70377734 17.59219682 14.64736581 15.1195328  15.85263419 14.12549702
 14.777833   14.14413519 16.1694831  15.82157058 17.30019881 15.54821074
 16.99577535 17.15109344 17.3250497  15.3556163  16.2999503  14.28081511
 13.56013917 13.5166501  14.20626243 15.8277833  15.44880716 14.59766402
 15.50472167 15.57306163 18.15755467 16.9833499  18.12649105 17.53006958
 14.12549702 15.75323062 14.08200795 14.9083002  13.94532803 15.51093439
 14.13792247 16.6167992  15.13195825 15.13817097 15.6973161  14.66600398
 16.44284294 15.23757455 17.5611332  16.58573559 15.21272366 14.69085487
 14.50447316 16.34343936 15.84642147 15.37425447 15.64140159 16.75969185
 16.13841948 15.15059642 16.49875746 15.51093439 16.67892644 15.54199801
 14.39264414 15.33076541 16.33722664 16.22539761 14.49826044 15.36804175
 17.49279324 17.03926441 15.84020875 16.94607356 16.98956262 16.46769384
 15.82157058 15.27485089 13.83349901 14.34294235 15.08225646 14.05715706
 16.23161034 13.81486083 16.34965209 17.24428429 16.03280318 14.45477137
 16.09493042 17.25670974 16.05765408 13.11282306 13.57877734 14.13792247
 14.18141153 15.89612326 14.41128231 14.85238569 13.67818091 16.04522863
 13.86456262 15.00770378 16.90258449 15.15059642 16.92743539 17.48036779
 15.4612326  15.69110338 16.34965209 17.07654076 14.81510934 16.23782306
 16.41177932 14.51689861 15.55442346 15.00770378 17.09517893 16.05144135
 17.84691849 16.56709742 12.87052684 14.40506958 13.26814115 14.79647117
 14.16898608 15.21893638 15.16923459 14.13792247 16.39935388 16.28752485
 14.98285288 15.71595427 16.12599404 17.90904573 15.68489066 14.45477137
 14.69085487 14.62251491 14.91451292 14.45477137 14.81510934 15.85884692
 14.16277336 14.16898608 17.31883698 16.66650099 15.36182903 16.84666998
 16.28752485 14.35536779]",22249.618575591547
2025-06-15 03:02:00+00:00,182,2107.45,9.0,15.669191403602426,15.546502236580515,19.3006958250497,"[14.23732604 13.92047714 15.24378728 14.33672962 15.76565606 14.87723658
 17.88419483 15.32455268 17.05168986 15.23136183 15.04498012 15.90854871
 15.45501988 14.08822068 15.30591451 13.31784294 16.18812127 15.33076541
 15.21893638 15.34940358 17.17594433 16.12599404 16.7472664  17.70402584
 15.70352883 15.39289264 16.00173956 14.98285288 14.28702783 15.54821074
 14.59145129 15.73459245 13.93911531 14.68464215 17.01441352 16.1694831
 14.70949304 16.56088469 16.89015905 13.6471173  17.71645129 14.53553678
 15.33076541 14.77162028 15.97067594 14.67842942 14.65979125 15.47365805
 15.89612326 16.21918489 17.15730616 14.51068588 15.54821074 18.847167
 15.722167   14.52311133 13.26192843 15.38667992 15.41774354 15.61033797
 13.3861829  15.18166004 16.34965209 15.43016899 14.66600398 16.35586481
 16.65407555 17.03926441 16.78454274 17.26292247 15.0387674  14.3305169
 15.61033797 14.70328032 16.13841948 14.96421471 14.85238569 14.39264414
 15.16923459 15.98310139 17.48036779 15.36182903 17.60462227 17.84691849
 14.59766402 13.47937376 14.49204771 14.98285288 15.05119284 15.16923459
 15.1195328  14.39885686 15.18166004 15.51093439 15.04498012 16.44905567
 15.44259443 15.54821074 17.20079523 15.5916998  15.66625249 14.63494036
 17.73508946 14.17519881 14.51068588 14.94557654 15.63518887 16.80939364
 18.01466203 14.51689861 15.50472167 15.86505964 16.17569583 13.60984095
 15.23136183 12.9388668  15.02012922 14.15034791 15.34940358 14.93936382
 15.77186879 14.94557654 14.79025845 16.79075547 16.41177932 19.30069583
 17.16351889 14.64736581 14.68464215 13.88941352 17.04547714 14.98906561
 14.93936382 15.83399602 14.87723658 16.66028827 15.67867793 14.17519881
 15.4612326  16.49254473 19.0583996  14.59766402 14.69085487 13.22465209
 14.61630219 14.59766402 14.74055666 14.15656064 15.27485089 16.72862823
 14.2000497  17.54870775 15.02012922 17.10760437 17.10760437 16.49875746
 14.02609344 15.21272366 14.34915507 13.48558648 15.47365805 16.28131213
 15.9333996  15.51093439 15.33697813 15.76565606 17.16351889 16.10735586
 15.88991054 17.15730616 14.82132207 16.51739563 15.62276342 15.18787276
 13.93911531 14.03230616 13.21222664 17.44930417 15.84642147 16.13841948
 15.77808151 15.79050696 17.76615308 18.30666004 14.5417495  14.32430417
 14.38643141 14.11307157 16.15705765 15.66003976 17.0889662  13.84592445
 16.42420477 14.24975149 16.82803181 16.52360835 16.79075547 16.33722664
 17.12624254 15.87748509]",22312.44675989228
2025-06-15 03:03:00+00:00,183,2115.34,9.0,15.692492987000701,15.571011431411529,18.97142147117296,"[14.92693837 12.94507952 15.79050696 17.26292247 15.19408549 14.01988072
 17.03305169 15.8277833  15.33697813 15.66625249 17.49900596 18.31287276
 17.89662028 13.4917992  13.67818091 14.16277336 14.05094433 14.9083002
 15.02012922 15.57306163 14.95178926 16.69756461 14.62251491 15.34940358
 13.64090457 16.92743539 15.92097416 12.52261431 13.46073559 15.86505964
 15.722167   14.78404573 15.12574553 14.89587475 16.08871769 14.83374751
 16.41177932 16.26267396 16.30616302 18.05193837 16.89637177 13.86456262
 15.36804175 15.56684891 15.50472167 16.69756461 14.77162028 15.67246521
 15.57927435 17.31262425 16.33101392 15.43016899 15.54821074 17.2194334
 16.02037773 15.28106362 15.69110338 14.64736581 15.4860835  16.194334
 14.15656064 16.42420477 14.95178926 16.46148111 16.71620278 16.52982107
 17.07032803 16.2750994  16.00173956 16.48011928 14.6722167  15.54821074
 15.88991054 14.03851889 14.67842942 16.29373757 18.22589463 16.09493042
 15.71595427 16.01416501 15.34319085 14.92072565 14.65979125 16.07629225
 15.40531809 16.54224652 15.04498012 14.11307157 16.24403579 16.70999006
 14.36158052 15.41774354 14.37400596 17.3250497  14.89587475 17.88419483
 15.95203777 15.94582505 17.64189861 14.24353877 13.80864811 13.34269384
 14.10685885 15.23757455 15.02012922 14.82132207 15.20651093 16.03280318
 15.61033797 16.15084493 18.77882704 16.67892644 18.97142147 14.51068588
 14.64736581 14.56038767 12.93265408 14.55417495 14.40506958 15.62276342
 14.85859841 17.85934394 15.87127237 16.33101392 15.80914513 15.43638171
 16.1694831  13.82107356 14.69706759 14.81510934 15.95203777 14.46719682
 14.8834493  14.57902584 14.23111332 14.84617296 15.88369781 17.20700795
 16.84045726 16.7472664  15.03255467 14.11928429 13.65954274 14.46719682
 15.24378728 15.95203777 14.63494036 14.72191849 14.51689861 17.65432406
 16.07629225 17.77857853 14.79025845 16.93364811 15.99552684 17.08275348
 15.722167   14.35536779 15.22514911 14.62251491 16.15084493 14.29945328
 16.03280318 15.41774354 17.4555169  17.41824056 15.85263419 16.83424453
 15.87748509 16.73484095 15.33076541 13.95154076 14.64115308 15.77808151
 14.9083002  15.82157058 15.38667992 15.57306163 15.87748509 15.92718688
 14.60387674 16.56088469 17.51143141 16.80318091 15.46744533 13.97639165
 14.97664016 15.26863817 14.34915507 16.25024851 13.00720676 16.37450298
 15.62276342 16.02037773 14.59145129 15.93961233 16.22539761 17.00198807
 15.80293241 14.2249006 ]",22390.404537309543
2025-06-15 03:04:00+00:00,184,2107.98,9.0,15.670798292248758,15.5481486083499,18.629721669980118,"[13.97639165 17.34368787 15.18166004 16.21918489 15.67246521 16.51739563
 14.86481113 15.72837972 15.29348907 16.44905567 16.34965209 15.1195328
 15.92097416 15.64761431 14.39264414 15.20651093 16.01416501 16.0390159
 13.0444831  14.98906561 15.52335984 17.48036779 15.25       15.61033797
 16.92743539 16.14463221 16.10735586 14.24975149 13.59120278 14.95178926
 14.29324056 15.20651093 15.05740557 15.16923459 15.75323062 16.52360835
 15.08846918 16.36207753 16.57331014 16.23161034 17.41202783 13.42345924
 16.00795229 14.07579523 15.44259443 14.17519881 14.38021869 16.30616302
 14.69085487 14.16277336 16.17569583 17.54870775 16.33722664 16.14463221
 16.93364811 14.66600398 14.48583499 14.84617296 14.52932406 16.52982107
 14.36158052 15.71595427 14.80889662 15.45501988 15.32455268 17.10139165
 15.50472167 16.02037773 17.20079523 16.32480119 15.46744533 15.63518887
 15.13195825 14.67842942 16.00795229 16.28131213 15.52335984 17.57977137
 18.2445328  16.85909543 15.56684891 16.67892644 15.31833996 17.81585487
 15.10089463 13.99502982 15.54821074 14.6722167  16.14463221 14.59145129
 14.26838966 15.28727634 16.30616302 15.92097416 16.66028827 17.59219682
 14.69706759 15.41774354 15.56063618 14.38643141 14.80889662 14.07579523
 13.73409543 15.47365805 13.8583499  15.03255467 16.33101392 13.26814115
 13.88941352 16.68513917 16.38692843 17.77236581 16.05144135 14.65979125
 13.98260437 13.98260437 15.0387674  16.18190855 15.18166004 15.65382704
 14.4609841  15.84020875 14.29945328 16.17569583 18.62972167 15.39910537
 17.04547714 12.97614314 14.34294235 14.0944334  16.34343936 15.10089463
 14.81510934 15.64140159 13.80864811 17.10760437 17.13866799 15.18787276
 17.77857853 16.16327038 16.5360338  14.27460239 13.97017893 15.00770378
 15.87127237 17.16351889 14.81510934 15.70974155 14.72191849 15.64761431
 15.77808151 16.17569583 15.22514911 15.43638171 16.48011928 15.74080517
 15.29970179 15.43016899 14.35536779 16.16327038 16.46148111 13.39239563
 16.48011928 15.3556163  15.62276342 17.3250497  14.78404573 15.85884692
 14.98906561 15.70352883 13.19358847 14.21247515 16.21297217 14.83996024
 14.79647117 16.34965209 15.10710736 14.10685885 15.19408549 14.39885686
 15.12574553 17.4555169  15.77186879 17.73508946 15.16923459 15.50472167
 16.33101392 13.31163022 16.11356859 15.4860835  15.37425447 15.40531809
 16.28752485 16.22539761 17.31262425 16.61058648 16.09493042 16.68513917
 17.05168986 14.89587475]",22317.822766547448
2025-06-15 03:05:00+00:00,185,2131.41,9.0,15.739973372548812,15.620930666003973,18.666998011928428,"[14.20626243 15.34940358 14.85238569 15.29970179 16.36207753 15.10710736
 17.77236581 15.13195825 16.23782306 17.39960239 16.99577535 15.06361829
 18.66699801 16.194334   14.60387674 14.29324056 15.92718688 15.71595427
 15.28106362 15.51714712 16.7472664  14.90208748 14.39885686 15.44880716
 15.19408549 16.2750994  17.81585487 14.72813121 14.2000497  13.80243539
 15.94582505 15.00149105 16.32480119 15.00770378 16.34343936 16.49254473
 16.24403579 17.00198807 15.78429423 17.26292247 17.57355865 14.01366799
 13.10039761 16.33101392 13.9888171  14.69085487 15.33697813 17.48036779
 15.77186879 14.99527833 16.20675944 15.31212724 16.18812127 15.06361829
 17.37475149 16.03280318 14.08200795 13.98260437 15.13817097 15.06361829
 14.38643141 16.90258449 15.52335984 14.34294235 15.76565606 14.85238569
 17.33126243 16.5360338  16.15705765 17.41824056 13.89562624 14.87723658
 14.06336978 15.06983101 14.48583499 16.13220676 16.15705765 16.56709742
 17.08275348 17.79100398 16.89637177 16.38071571 15.33697813 17.82828032
 14.25596421 12.44806163 14.56038767 15.61033797 14.98285288 15.36182903
 14.97042744 14.73434394 15.56684891 15.51093439 15.59791252 16.99577535
 15.67867793 17.25049702 16.83424453 15.33076541 14.45477137 13.93911531
 14.9083002  14.99527833 17.08275348 16.00795229 15.31212724 16.55467197
 17.16973161 15.83399602 17.2194334  17.53006958 18.57380716 14.8026839
 13.41724652 14.24975149 15.84020875 14.77162028 14.72191849 15.00770378
 15.722167   16.83424453 15.16302187 17.33126243 17.70402584 15.42395626
 18.62350895 13.77758449 14.85859841 16.15084493 15.13195825 15.76565606
 15.16302187 15.95203777 16.07629225 16.54845924 16.22539761 14.05715706
 16.49254473 16.59194831 16.51739563 13.75894632 16.05144135 15.38667992
 14.53553678 16.36829026 15.54821074 16.09493042 14.51068588 14.51068588
 14.90208748 14.99527833 15.66003976 16.80318091 15.30591451 15.722167
 14.4609841  14.00124254 15.36182903 17.01441352 15.16302187 15.19408549
 14.96421471 13.88941352 15.55442346 14.16898608 14.71570577 15.9333996
 15.94582505 16.68513917 14.18762425 15.39289264 14.48583499 14.15656064
 15.13817097 15.02012922 13.51043738 14.57281312 16.07629225 17.03305169
 17.37475149 16.4055666  18.375      16.24403579 16.7721173  14.17519881
 15.15059642 14.71570577 15.64140159 14.85859841 14.89587475 15.04498012
 14.64115308 15.08225646 15.24378728 15.98310139 16.98956262 17.00198807
 16.67892644 15.52957256]",22549.2549151993
2025-06-15 03:06:00+00:00,186,2137.2200000000003,9.0,15.757158199953249,15.638978628230614,19.37524850894632,"[15.63518887 14.87723658 15.12574553 15.76565606 14.82132207 16.34343936
 16.37450298 16.56088469 15.10710736 16.20054672 16.44284294 15.98310139
 16.76590457 12.58474155 14.02609344 15.722167   14.98285288 13.94532803
 15.06983101 16.21297217 15.98931412 15.90854871 14.97664016 15.72837972
 16.42420477 16.02659046 17.76615308 13.71545726 15.36182903 15.26242545
 12.8083996  15.18787276 16.03280318 15.63518887 13.97017893 17.28777336
 17.48658052 16.98956262 16.4055666  15.43016899 17.26913519 13.92668986
 15.02012922 14.16898608 15.39910537 15.45501988 15.07604374 17.85934394
 15.12574553 14.74055666 15.05740557 15.13195825 16.62301193 14.92072565
 15.94582505 19.37524851 14.49204771 16.08250497 15.76565606 13.62847913
 15.6973161  15.80293241 15.40531809 14.66600398 17.06411531 16.36829026
 15.20029821 16.43663022 17.10760437 16.75347913 13.92668986 14.49204771
 14.85238569 15.92718688 14.90208748 15.82157058 16.86530815 14.62872763
 15.77808151 15.91476143 16.38071571 15.57927435 16.10114314 15.90854871
 14.34294235 16.20054672 14.57281312 16.59816103 14.6722167  15.46744533
 14.98285288 16.20675944 15.37425447 16.68513917 16.6167992  16.57331014
 16.82181909 15.67867793 16.97092445 14.90208748 12.58474155 14.44234592
 15.64140159 14.56038767 15.50472167 15.61033797 15.34940358 15.23757455
 17.68538767 18.01466203 16.0390159  16.92743539 16.59194831 14.5417495
 13.74030815 15.52957256 14.29945328 14.3305169  15.05740557 17.39338966
 16.94607356 15.16302187 15.02012922 16.55467197 16.67271372 16.97713718
 16.15084493 15.82157058 15.16302187 15.99552684 12.78976143 15.28727634
 15.22514911 14.75919483 15.16923459 16.08871769 15.9582505  16.65407555
 15.41774354 16.98956262 17.4555169  13.93911531 14.10064612 16.62301193
 14.35536779 16.0390159  14.77162028 15.38667992 15.06361829 15.16302187
 14.05715706 17.69781312 15.57306163 15.59791252 16.1694831  18.08300199
 15.31212724 14.59766402 14.39885686 14.65979125 16.07629225 15.79671968
 14.42370775 17.28777336 16.89015905 17.57977137 15.91476143 14.42992048
 15.90233598 17.06411531 15.4612326  12.4666998  16.25024851 15.0387674
 15.33076541 16.66028827 16.56088469 14.83996024 15.96446322 16.55467197
 16.47390656 17.17594433 17.66053678 15.77808151 14.57902584 15.05119284
 14.63494036 14.99527833 15.12574553 15.54199801 15.80914513 16.95849901
 15.87748509 16.54224652 15.15059642 14.8834493  15.42395626 14.9083002
 16.8777336  14.6722167 ]",22606.748473763597
2025-06-15 03:07:00+00:00,187,2133.77,9.0,15.747023499360687,15.628261679920477,18.741550695825048,"[14.13170974 15.3556163  15.29348907 14.73434394 14.36779324 16.08871769
 16.99577535 14.49204771 16.24403579 17.33126243 15.64761431 14.59766402
 16.15084493 13.82728628 14.84617296 15.28106362 14.70328032 17.09517893
 16.28752485 14.76540755 15.27485089 15.722167   15.27485089 16.23161034
 17.02062624 16.90879722 16.71620278 14.29945328 13.93911531 15.49229622
 13.16873757 15.13195825 15.3804672  16.36829026 16.49875746 16.13220676
 16.86530815 15.82157058 16.8528827  16.39935388 17.75372763 15.89612326
 13.26814115 14.80889662 16.39314115 16.68513917 15.67867793 15.30591451
 16.16327038 12.85810139 17.3250497  17.93389662 15.0387674  16.98956262
 18.06436382 16.15084493 13.34269384 16.69756461 15.11332008 15.27485089
 15.11332008 15.72837972 16.73484095 14.35536779 16.69756461 15.32455268
 15.64140159 15.58548708 16.02037773 14.8026839  15.61033797 15.1443837
 13.81486083 14.13170974 16.09493042 17.4555169  14.53553678 15.4612326
 13.97017893 17.83449304 16.39935388 17.44930417 16.56088469 15.44259443
 15.25       12.60337972 14.98906561 15.12574553 16.11978131 14.97664016
 15.81535785 16.67271372 16.14463221 15.86505964 15.97067594 16.85909543
 17.70402584 16.72241551 14.89587475 13.18116302 15.0387674  14.95178926
 15.92718688 13.97017893 14.66600398 16.14463221 15.8277833  15.90854871
 16.6416501  17.42445328 16.20675944 17.28156064 17.59219682 12.77733598
 13.61605368 15.21272366 13.90183897 14.93936382 15.66625249 16.10114314
 14.55417495 16.10735586 17.6916004  14.75298211 17.26292247 17.82206759
 16.78454274 14.96421471 13.29920477 15.21272366 15.78429423 14.95178926
 16.05765408 15.64140159 14.95800199 14.56038767 13.77758449 15.39910537
 17.12002982 15.76565606 17.17594433 13.92047714 13.89562624 13.90805169
 14.26838966 15.55442346 14.42370775 14.80889662 16.57952286 16.08250497
 14.69706759 14.79647117 17.44930417 18.7415507  16.57331014 16.07007952
 13.48558648 15.3804672  13.82728628 14.88966203 13.68439364 17.44930417
 14.73434394 14.60387674 15.46744533 18.07057654 15.06983101 16.02659046
 16.41177932 16.79075547 14.42370775 13.12524851 16.10114314 14.74676938
 15.72837972 15.52335984 14.99527833 15.8277833  15.55442346 15.6973161
 16.26267396 17.17594433 15.52957256 16.05144135 14.3305169  15.25
 15.99552684 15.94582505 14.5417495  14.18762425 15.39289264 16.0638668
 16.58573559 16.4055666  17.18215706 16.95228628 17.06411531 18.58001988
 16.89637177 15.15059642]",22572.841819461108
2025-06-15 03:08:00+00:00,188,2173.91,9.0,15.865531931418534,15.752951043737573,19.6734592445328,"[15.31833996 14.0944334  16.75347913 15.08225646 14.33672962 16.50497018
 16.46769384 18.59865805 16.02037773 15.71595427 15.02634195 17.69781312
 16.76590457 14.98906561 14.94557654 15.02634195 14.50447316 15.0139165
 15.61033797 15.71595427 16.54224652 16.35586481 15.00770378 15.42395626
 15.47365805 18.40606362 16.64786282 15.32455268 15.70974155 15.69110338
 14.77162028 15.0387674  17.07032803 16.34343936 17.40581511 15.91476143
 15.98931412 15.27485089 16.49875746 14.79025845 16.69756461 15.30591451
 15.65382704 12.10636183 14.33672962 15.75944334 14.27460239 15.5916998
 15.10710736 16.2999503  16.04522863 18.30666004 16.57952286 16.8777336
 17.5859841  16.22539761 14.59766402 13.65333002 15.64140159 15.57927435
 14.75298211 16.23782306 16.13220676 16.76590457 16.72862823 15.83399602
 15.23136183 16.68513917 17.20079523 17.05790258 15.51714712 14.95800199
 14.2249006  15.00149105 15.91476143 16.10735586 14.59766402 13.69060636
 16.4304175  15.08225646 16.55467197 14.75919483 17.86555666 18.93414513
 14.03851889 15.57306163 15.89612326 14.26838966 16.90258449 14.13792247
 14.21868787 14.77162028 14.5417495  16.80318091 16.36207753 15.92718688
 17.2194334  16.4304175  17.13866799 14.46719682 14.66600398 16.39314115
 15.64140159 15.74701789 15.66625249 14.79647117 15.19408549 16.48011928
 15.47987078 16.5360338  18.25074553 15.42395626 14.71570577 15.26242545
 12.93265408 15.19408549 14.92693837 14.78404573 15.36804175 15.4860835
 14.61008946 16.5111829  15.16923459 18.23832008 15.66625249 15.52335984
 14.95800199 14.74676938 14.68464215 14.91451292 16.8528827  16.95228628
 16.21297217 16.04522863 15.92097416 15.51714712 16.38071571 16.194334
 16.12599404 16.23161034 16.98956262 14.72813121 14.75298211 15.40531809
 16.86530815 16.32480119 14.33672962 14.42370775 15.3556163  15.80293241
 15.9333996  16.88394632 15.47987078 15.93961233 16.93986083 16.10735586
 15.74080517 14.94557654 13.95775348 13.46694831 17.05790258 14.49204771
 15.40531809 16.1694831  15.59791252 16.21297217 16.97092445 15.72837972
 16.73484095 16.194334   14.38643141 15.13195825 15.26242545 14.53553678
 15.20029821 14.74676938 16.90258449 15.28727634 16.78454274 14.49204771
 16.0638668  19.67345924 16.14463221 17.33126243 13.66575547 15.23136183
 14.5417495  16.48633201 15.52335984 15.80914513 16.17569583 14.48583499
 17.28156064 14.74055666 16.34343936 16.5111829  18.25695825 17.57977137
 16.72241551 14.88966203]",22969.323629753842
2025-06-15 03:09:00+00:00,189,2113.73,9.0,15.687998790833188,15.566010188866798,18.679423459244532,"[12.47912525 14.63494036 14.36158052 14.73434394 14.8026839  14.94557654
 16.16327038 16.48633201 15.6973161  15.34319085 17.4555169  17.97117296
 15.71595427 14.56038767 13.97639165 16.26267396 15.25       17.42445328
 15.3556163  14.76540755 15.70352883 15.70974155 16.80318091 16.33101392
 16.5111829  16.09493042 16.41799205 13.8832008  16.7721173  14.54796223
 15.49850895 15.54199801 14.68464215 14.27460239 15.54821074 14.14413519
 14.89587475 14.95178926 17.36232604 16.52360835 15.44880716 13.61605368
 13.8583499  13.87698807 13.67196819 14.4361332  14.58523857 16.80939364
 16.70377734 16.13220676 15.97067594 15.39910537 16.67271372 16.4304175
 15.94582505 15.54821074 15.85263419 14.44234592 13.10661034 15.16923459
 15.25       16.10114314 15.98931412 18.36878728 16.74105368 14.41128231
 15.21272366 16.54224652 16.31237575 16.52360835 13.94532803 13.72166998
 13.70303181 16.36207753 14.70949304 15.84642147 14.57902584 14.10064612
 13.9639662  16.16327038 18.67942346 17.10760437 16.6416501  16.00173956
 16.49875746 14.85859841 15.40531809 15.49850895 14.13792247 16.00173956
 14.16898608 16.03280318 15.6973161  15.05119284 15.32455268 15.92718688
 16.93364811 14.44234592 17.59219682 14.75298211 15.21272366 14.64736581
 15.73459245 15.52957256 15.27485089 14.63494036 14.78404573 15.84642147
 16.57331014 18.04572565 14.82132207 15.32455268 16.46148111 15.4860835
 14.42370775 14.54796223 14.59766402 15.79050696 15.91476143 14.13170974
 16.84045726 15.21272366 16.82181909 15.77186879 16.25024851 15.36804175
 17.64811133 13.67818091 13.49801193 14.73434394 14.85238569 13.77758449
 13.9888171  16.49254473 16.02659046 16.0390159  17.62947316 15.68489066
 15.08225646 16.74105368 15.07604374 13.28677932 15.63518887 16.16327038
 15.29348907 15.67246521 15.97688867 15.82157058 15.07604374 15.78429423
 17.33126243 16.08871769 16.79075547 15.41774354 15.68489066 18.02087475
 13.67196819 15.13817097 14.33672962 13.70303181 15.90233598 15.18166004
 16.14463221 17.22564612 14.39264414 16.05144135 16.41799205 16.92743539
 16.11356859 16.11978131 13.79622266 14.71570577 15.19408549 14.75919483
 16.34343936 14.41128231 16.194334   15.70352883 17.03305169 16.24403579
 16.71620278 15.85884692 15.70352883 17.43687873 15.80293241 15.20651093
 14.58523857 15.77808151 16.47390656 15.08225646 15.93961233 15.5916998
 17.36853877 15.51093439 16.36829026 18.11406561 15.13195825 15.00770378
 17.54249503 13.65333002]",22375.36875461151
2025-06-15 03:10:00+00:00,190,2107.7,9.0,15.670271802592687,15.547278827037776,18.41227634194831,"[13.59741551 16.30616302 14.62872763 14.23732604 13.48558648 14.02609344
 14.98285288 15.29970179 15.76565606 15.68489066 16.67271372 17.72887674
 16.0638668  14.71570577 14.61630219 14.4361332  16.60437376 14.78404573
 16.45526839 16.04522863 16.37450298 16.25024851 17.5611332  17.3250497
 17.54249503 17.09517893 16.86530815 14.55417495 14.21868787 15.60412525
 14.99527833 14.85859841 15.93961233 14.76540755 13.57256461 14.70949304
 16.79075547 14.62872763 15.82157058 14.58523857 16.84666998 14.8834493
 14.52311133 14.17519881 16.18190855 13.4917992  13.72166998 14.83374751
 14.76540755 15.6165507  15.42395626 14.44855865 17.71645129 16.97092445
 16.66650099 15.50472167 15.02012922 16.41177932 15.722167   15.69110338
 17.72266402 15.11332008 14.60387674 15.31212724 14.8026839  15.88991054
 16.50497018 16.92743539 17.48658052 16.59816103 15.62276342 14.27460239
 15.69110338 16.0390159  13.87077535 15.19408549 15.71595427 15.05119284
 16.21297217 16.15705765 16.38071571 18.41227634 16.89637177 15.96446322
 14.2000497  13.48558648 15.16923459 13.31163022 14.51068588 15.1195328
 13.69681909 13.54771372 14.34915507 16.5111829  16.14463221 16.72862823
 16.52360835 17.20700795 17.39960239 14.83996024 14.67842942 15.46744533
 15.51093439 14.55417495 17.1945825  15.91476143 15.84020875 15.77186879
 15.75323062 16.82181909 15.53578529 17.59219682 16.20675944 14.50447316
 14.89587475 15.55442346 14.79025845 13.82107356 15.38667992 15.29348907
 15.1195328  15.63518887 15.60412525 15.60412525 16.64786282 16.47390656
 18.01466203 13.84592445 13.58499006 14.57281312 13.97639165 14.49204771
 15.72837972 16.194334   14.75919483 15.86505964 13.12524851 16.75347913
 15.57927435 16.79075547 15.82157058 16.07007952 15.21272366 14.54796223
 16.49254473 15.42395626 14.5417495  16.07007952 15.83399602 15.53578529
 17.01441352 15.15059642 16.69135189 18.36257455 17.57977137 17.37475149
 16.03280318 14.59145129 13.7527336  12.10636183 16.44905567 15.28106362
 15.18787276 16.25646123 14.96421471 15.41153082 15.92097416 14.57902584
 16.49875746 16.98956262 13.20601392 14.77162028 14.95178926 14.97664016
 16.17569583 14.97664016 15.05119284 15.17544732 14.34915507 16.84666998
 14.4609841  15.36804175 17.07032803 16.16327038 15.44259443 14.07579523
 15.28727634 15.09468191 15.59791252 15.61033797 15.1195328  18.09542744
 15.52957256 16.67271372 14.07579523 15.47365805 16.44905567 17.46172962
 16.94607356 13.77758449]",22316.061342754092
2025-06-15 03:11:00+00:00,191,2140.9700000000003,9.0,15.768527965903132,15.650627485089462,18.741550695825048,"[14.98906561 12.67171968 15.68489066 14.17519881 14.72813121 15.03255467
 16.4304175  15.29970179 16.90879722 15.6973161  16.04522863 16.16327038
 17.77236581 12.10636183 15.98310139 13.99502982 15.85884692 15.36182903
 14.03851889 15.09468191 14.24353877 14.72191849 15.00770378 18.49304175
 15.41774354 18.38121272 15.47365805 14.20626243 14.68464215 13.16252485
 15.65382704 14.19383698 15.97688867 13.39860835 15.55442346 16.60437376
 15.27485089 17.39960239 17.81585487 16.4304175  16.29373757 12.84567594
 15.05740557 13.8583499  14.75919483 15.66003976 15.96446322 15.27485089
 16.76590457 15.15059642 17.97738569 14.64115308 18.08921471 15.39289264
 16.0638668  15.87748509 14.777833   13.99502982 14.34915507 14.81510934
 15.89612326 15.99552684 14.72191849 15.70352883 15.73459245 14.62251491
 18.7415507  16.92743539 18.25074553 17.51143141 14.75298211 14.38643141
 15.43638171 14.38021869 14.94557654 15.10089463 15.36182903 15.51714712
 16.45526839 16.28752485 16.6416501  14.05094433 15.74701789 17.49900596
 14.75298211 14.63494036 15.53578529 15.1443837  16.56709742 15.47987078
 15.41153082 16.48011928 15.10710736 15.28727634 16.29373757 15.49850895
 18.07678926 16.23782306 16.21918489 15.28727634 17.67917495 15.25
 13.8583499  14.82132207 15.98931412 14.83374751 16.38692843 16.63543738
 18.29423459 17.10760437 14.95800199 16.26267396 15.47365805 13.61605368
 15.62897614 15.44259443 15.9582505  16.90879722 15.58548708 14.62251491
 16.2750994  17.05790258 17.29398608 16.67271372 15.75944334 17.10139165
 17.33126243 14.57902584 14.5417495  14.97664016 16.42420477 13.55392644
 16.28752485 15.9333996  16.51739563 16.21918489 15.60412525 18.36257455
 14.69706759 16.59816103 16.44284294 13.52907555 15.20029821 16.24403579
 15.44259443 13.88941352 14.53553678 13.57877734 15.66625249 15.20651093
 15.92097416 17.30019881 15.96446322 16.57952286 15.00149105 18.54274354
 15.45501988 15.36804175 15.54199801 14.68464215 14.57281312 14.94557654
 15.62276342 14.36158052 14.62872763 15.0387674  16.17569583 17.14488072
 17.59840954 16.25646123 15.28727634 16.48633201 15.19408549 15.15680915
 15.36804175 14.65979125 15.02634195 15.81535785 17.13245527 15.46744533
 15.93961233 17.36853877 16.0638668  14.95800199 15.13195825 15.64140159
 14.777833   14.12549702 13.79000994 14.60387674 15.25621272 17.36232604
 17.77236581 15.56063618 15.3804672  15.88991054 17.3499006  15.79671968
 16.4304175  15.36804175]",22644.787162725523
2025-06-15 03:12:00+00:00,192,2105.85,9.0,15.664969379238405,15.541532057654074,18.44955268389662,"[14.81510934 13.73409543 15.61033797 14.81510934 16.59816103 15.33076541
 15.24378728 15.27485089 15.95203777 14.53553678 16.18812127 16.54224652
 18.19483101 14.11928429 13.32405567 15.04498012 14.52932406 14.23732604
 15.93961233 13.77758449 15.05119284 15.95203777 15.19408549 16.00173956
 16.24403579 17.0082008  16.97713718 14.75919483 14.18141153 14.69706759
 15.78429423 15.96446322 14.34915507 15.79671968 15.97067594 14.85859841
 15.62897614 15.23136183 17.47415507 16.89015905 15.52957256 13.77137177
 15.0387674  14.41749503 15.18166004 14.67842942 14.05715706 14.79025845
 15.8277833  16.72862823 16.62301193 15.25       16.38071571 16.31858847
 16.82181909 15.78429423 15.06361829 14.07579523 15.85263419 15.92097416
 15.77186879 14.54796223 15.90854871 14.07579523 15.71595427 14.6722167
 16.6167992  15.4860835  17.26913519 16.90258449 14.3305169  15.66625249
 16.86530815 14.55417495 15.90233598 15.29348907 14.85859841 16.44905567
 17.10139165 14.13792247 18.44955268 17.13866799 18.01466203 16.58573559
 14.17519881 13.79000994 15.47987078 14.78404573 14.84617296 16.57952286
 15.74080517 14.20626243 16.35586481 15.36182903 16.28131213 15.79671968
 15.40531809 17.41824056 14.46719682 14.70949304 14.57281312 16.43663022
 14.96421471 16.0638668  14.6722167  16.74105368 13.52286282 16.25024851
 17.33747515 15.69110338 16.79696819 18.22589463 15.77808151 12.21819085
 16.70999006 14.89587475 13.13146123 18.41848907 17.18836978 14.13792247
 15.93961233 14.44234592 17.13866799 17.97117296 15.20029821 16.69756461
 16.21918489 12.93265408 13.44831014 15.00149105 14.0695825  13.43588469
 13.03827038 15.49229622 12.93265408 14.81510934 16.95849901 14.55417495
 16.15084493 15.10089463 15.75323062 14.85859841 14.8026839  16.87152087
 15.36182903 14.01366799 15.39289264 14.83374751 14.2000497  16.05144135
 15.49850895 17.15730616 15.22514911 15.15059642 18.19483101 16.32480119
 14.23732604 16.11356859 17.15109344 15.722167   14.45477137 14.8026839
 16.23161034 16.21918489 13.9888171  16.2750994  15.06983101 16.57952286
 17.20079523 17.50521869 13.83349901 15.0387674  16.07007952 14.95800199
 13.43588469 16.75347913 14.72813121 16.01416501 16.67892644 14.85238569
 16.41799205 15.49229622 16.57331014 16.8528827  14.18141153 14.85859841
 13.83349901 15.41774354 16.31858847 15.77186879 15.62897614 15.84020875
 15.67246521 15.75944334 16.69135189 16.50497018 16.88394632 15.9333996
 16.72862823 14.39885686]",22298.32155518001
2025-06-15 03:13:00+00:00,193,2145.82,9.0,15.78301179650322,15.665693339960237,19.18265407554672,"[15.15059642 16.44905567 14.8834493  15.78429423 16.60437376 15.45501988
 15.38667992 14.34915507 15.90854871 16.95228628 15.98310139 16.39935388
 15.80914513 15.36804175 13.92668986 15.87748509 16.00795229 16.08871769
 16.1694831  17.1138171  15.03255467 16.18190855 16.04522863 19.01491054
 15.18166004 16.17569583 18.67321074 14.39885686 14.47340954 16.87152087
 14.61630219 14.9083002  15.75323062 15.71595427 16.26267396 14.16277336
 14.08200795 15.33076541 19.18265408 16.10114314 15.87127237 13.8832008
 13.69681909 15.16923459 14.45477137 14.82753479 13.34269384 14.4609841
 16.13220676 14.68464215 16.18190855 17.09517893 17.25049702 15.43638171
 17.13245527 16.21297217 15.1443837  15.64140159 14.08822068 15.74080517
 14.41128231 15.47365805 13.99502982 15.19408549 16.51739563 16.25024851
 16.79696819 14.96421471 17.25670974 15.92097416 15.58548708 15.92097416
 16.05144135 14.95800199 15.52957256 14.45477137 14.06336978 17.41824056
 15.51093439 16.51739563 14.98906561 16.89015905 17.59219682 18.09542744
 14.01366799 13.9639662  14.95178926 13.84592445 14.92072565 14.79025845
 16.85909543 15.18166004 15.84642147 14.85238569 17.22564612 15.25
 17.24428429 15.79671968 17.65432406 12.96371769 15.24378728 15.17544732
 14.08200795 15.06361829 15.9333996  16.48633201 15.64140159 17.52385686
 15.08225646 17.07032803 16.5360338  16.59194831 15.32455268 15.8277833
 14.96421471 13.62847913 16.57952286 13.43588469 14.9083002  15.90854871
 15.66625249 15.40531809 15.72837972 16.75969185 16.1694831  16.22539761
 16.83424453 14.50447316 16.39935388 15.73459245 14.55417495 15.24378728
 16.43663022 15.98931412 15.85884692 15.1195328  15.56063618 15.16302187
 16.86530815 16.39935388 15.85263419 15.29970179 15.64761431 15.52335984
 15.07604374 15.95203777 16.46148111 15.64761431 14.2000497  17.20700795
 15.78429423 15.87127237 16.8528827  16.93364811 16.25646123 17.60462227
 15.83399602 12.78976143 15.43016899 15.39910537 15.47365805 15.46744533
 15.41774354 15.36804175 15.32455268 15.13195825 15.80914513 16.17569583
 17.3499006  16.4055666  16.10735586 14.16898608 14.93936382 14.99527833
 16.52360835 14.81510934 14.48583499 12.55989066 16.44905567 15.87127237
 16.54224652 18.02087475 15.15059642 16.78454274 16.18190855 15.11332008
 15.08225646 14.64736581 15.67867793 14.75298211 15.6973161  16.08250497
 16.97092445 13.62847913 15.68489066 15.88991054 17.92147117 14.87102386
 16.42420477 13.92668986]",22693.244266381174
2025-06-15 03:14:00+00:00,194,2123.96,9.0,15.718598307450646,15.597788270377732,19.18886679920477,"[15.6973161  14.79647117 15.29970179 16.11356859 15.21272366 16.97713718
 14.87102386 16.2999503  16.68513917 17.39338966 17.9276839  14.52311133
 16.58573559 15.37425447 14.38021869 13.11282306 15.20029821 14.83996024
 16.05144135 14.21868787 17.27534791 16.15084493 16.81560636 15.9333996
 17.02683897 16.89015905 16.66650099 14.83996024 16.34343936 16.26267396
 13.39860835 13.81486083 16.95849901 15.05740557 14.16277336 16.75969185
 16.50497018 16.89015905 16.59194831 14.8026839  16.38692843 13.72166998
 16.00173956 14.0695825  16.20054672 15.06361829 13.68439364 16.31237575
 15.52957256 16.84045726 16.60437376 15.49229622 15.87748509 17.18215706
 16.8528827  16.23782306 13.87077535 16.44905567 14.92072565 14.11928429
 16.18812127 14.40506958 15.18787276 14.79025845 17.02062624 16.97713718
 14.36158052 16.43663022 17.62326044 15.62897614 15.37425447 16.02659046
 15.18787276 15.28727634 13.54150099 14.65979125 15.74080517 15.8277833
 15.99552684 15.9333996  17.1138171  16.80318091 16.64786282 15.81535785
 14.69085487 14.47962227 15.30591451 15.90233598 13.37997018 14.72813121
 15.30591451 15.85884692 15.66625249 16.69135189 17.74751491 15.08846918
 16.32480119 17.07654076 17.4555169  14.45477137 15.31833996 15.65382704
 15.11332008 15.05119284 13.9888171  15.20651093 15.91476143 15.60412525
 16.32480119 15.59791252 15.70352883 15.34319085 18.60487078 14.28081511
 14.08822068 15.23136183 12.81461233 13.18116302 15.84642147 15.64761431
 17.05168986 16.41177932 15.75944334 15.75944334 17.51764414 18.12649105
 19.1888668  14.57281312 14.44234592 14.49204771 14.81510934 14.9083002
 13.33648111 15.02634195 15.79050696 16.65407555 14.57902584 16.35586481
 16.5111829  17.97117296 16.81560636 13.52907555 14.48583499 13.35511928
 14.74055666 15.52335984 14.87723658 15.51093439 17.1945825  16.13220676
 15.55442346 16.22539761 16.73484095 15.49850895 16.57952286 16.26888668
 14.4609841  12.79597416 15.89612326 15.07604374 14.50447316 15.4860835
 13.01963221 15.58548708 15.20651093 16.77833002 15.21272366 16.16327038
 14.84617296 16.84666998 13.52286282 15.10710736 14.34915507 13.82107356
 16.10114314 16.79075547 14.84617296 15.42395626 15.41153082 15.73459245
 16.7721173  18.49925447 16.01416501 16.33722664 13.79622266 15.39910537
 15.18166004 15.74080517 14.45477137 15.33697813 13.88941352 16.41799205
 16.4055666  15.52957256 15.33697813 14.42370775 16.22539761 16.18812127
 16.63543738 14.31809145]",22477.742497406878
2025-06-15 03:15:00+00:00,195,2112.8500000000004,9.0,15.685915664719916,15.563276590457258,17.921471172962228,"[13.32405567 13.97017893 15.57306163 13.90183897 14.28081511 14.39885686
 14.2000497  14.90208748 17.20079523 16.12599404 17.54249503 17.28156064
 17.49279324 15.87748509 14.79025845 14.5417495  15.10710736 15.5916998
 16.52982107 15.6165507  16.52360835 16.04522863 16.11356859 15.92718688
 17.18215706 16.89015905 15.77186879 13.28677932 14.56038767 13.87077535
 14.98906561 15.46744533 17.03305169 14.2249006  14.20626243 14.46719682
 15.36804175 15.54821074 14.72813121 17.69781312 16.62301193 13.44209742
 12.33001988 16.13841948 13.52907555 16.02659046 14.19383698 16.92743539
 16.94607356 15.02634195 13.83971173 17.87176938 16.82181909 17.04547714
 17.4555169  16.61058648 12.42942346 14.87102386 15.34940358 13.83971173
 16.03280318 17.07032803 14.4609841  16.99577535 17.92147117 15.94582505
 15.62276342 16.82803181 15.60412525 15.89612326 16.07007952 13.95154076
 15.722167   13.1749503  15.86505964 14.48583499 16.94607356 16.66650099
 16.95228628 15.29970179 16.02659046 16.75347913 16.7472664  16.72862823
 15.38667992 14.64736581 13.69681909 14.6722167  17.54870775 15.15680915
 15.52335984 17.07032803 16.20054672 14.80889662 17.59219682 15.81535785
 16.36207753 16.90879722 16.49875746 13.80243539 14.17519881 14.11928429
 14.74055666 13.99502982 16.18190855 14.50447316 16.41799205 15.28727634
 14.38021869 15.4860835  16.39935388 17.430666   16.91500994 13.79622266
 13.44209742 15.11332008 16.68513917 15.73459245 14.87723658 16.59816103
 15.70352883 16.56088469 17.07032803 16.26267396 16.12599404 16.44905567
 17.2194334  13.68439364 12.44184891 17.20700795 17.20700795 15.19408549
 17.30641153 16.08250497 16.18190855 13.87698807 16.90879722 16.99577535
 17.02062624 16.07629225 15.82157058 14.47962227 14.88966203 15.88991054
 15.10710736 13.93911531 15.5916998  16.13841948 14.75298211 16.48633201
 14.27460239 16.05144135 15.42395626 16.68513917 16.57952286 16.87152087
 13.72166998 12.47912525 14.35536779 15.67246521 14.98906561 15.59791252
 15.73459245 16.20054672 15.45501988 16.10114314 15.15680915 16.7721173
 15.28727634 14.36779324 13.66575547 15.89612326 16.75347913 16.84666998
 14.13170974 14.3305169  16.4304175  14.72813121 15.98931412 16.08250497
 16.11978131 14.5666004  16.62301193 16.74105368 14.06336978 12.92644135
 13.46694831 15.00770378 15.83399602 15.46744533 15.78429423 15.55442346
 14.62251491 16.48011928 16.4304175  15.6973161  16.56088469 15.53578529
 16.57952286 14.08200795]",22368.39944788695
2025-06-15 03:16:00+00:00,196,2133.4700000000003,9.0,15.746876763955745,15.62732977137177,18.12649105367793,"[14.92072565 13.72166998 16.03280318 14.4609841  14.33672962 15.91476143
 16.04522863 15.34319085 15.56063618 15.98931412 15.12574553 17.85934394
 15.97067594 13.98260437 15.60412525 15.15680915 14.777833   15.33076541
 16.03280318 15.88991054 15.85263419 15.39289264 14.73434394 16.34343936
 16.20675944 16.86530815 15.94582505 13.57256461 15.1195328  13.69681909
 15.6973161  14.56038767 15.15680915 16.05144135 14.9083002  18.12649105
 15.10710736 17.27534791 16.96471173 16.84045726 16.54845924 13.62847913
 17.08275348 14.27460239 14.49826044 17.3499006  14.80889662 15.26242545
 16.72241551 15.97067594 15.71595427 16.47390656 15.84020875 17.78479125
 17.0889662  14.64115308 15.34319085 15.34940358 13.87077535 14.70949304
 14.63494036 15.722167   17.0889662  15.45501988 15.93961233 16.10735586
 17.15730616 17.79100398 16.54845924 17.33126243 13.19980119 14.51689861
 14.92693837 16.36207753 13.95154076 16.36207753 14.9083002  16.79075547
 15.69110338 15.44880716 16.23782306 16.31237575 16.58573559 15.93961233
 15.51714712 12.8332505  15.67246521 14.52311133 15.02634195 15.52957256
 14.90208748 15.60412525 16.29373757 16.07629225 15.49229622 17.64811133
 14.61008946 15.15680915 17.06411531 15.62897614 13.19358847 16.84045726
 13.92668986 15.33076541 16.28131213 14.21247515 16.23782306 15.80293241
 16.71620278 17.90904573 16.15705765 16.44284294 14.41128231 12.67171968
 13.93911531 14.65357853 13.70303181 15.18166004 14.92693837 15.59791252
 15.33697813 14.95800199 16.94607356 16.89015905 15.30591451 14.87723658
 15.53578529 12.81461233 15.15059642 14.00745527 12.30516899 14.6722167
 15.92097416 16.66028827 16.51739563 16.194334   16.82181909 15.81535785
 17.87798211 16.57952286 18.07057654 13.34890656 12.56610338 14.70949304
 16.79696819 15.87748509 14.96421471 15.43638171 15.49850895 15.18787276
 16.56088469 17.29398608 15.43638171 17.16351889 17.71645129 16.89015905
 15.4612326  15.17544732 15.75323062 16.02659046 16.23782306 16.12599404
 16.194334   12.81461233 15.25       16.25024851 16.50497018 16.4304175
 16.79075547 17.82828032 15.67867793 14.70328032 15.97067594 13.42967197
 15.05119284 17.35611332 16.66028827 15.54199801 17.46794235 16.44905567
 18.0084493  15.63518887 15.86505964 16.49875746 13.01963221 15.45501988
 12.76491054 14.44234592 13.64090457 15.67246521 15.65382704 15.84642147
 16.05144135 16.13841948 17.51143141 16.21297217 15.55442346 17.03926441
 16.62922465 13.80243539]",22572.350901490343
2025-06-15 03:17:00+00:00,197,2125.0600000000004,9.0,15.722176185557872,15.601205268389663,18.493041749502982,"[14.16898608 16.10735586 15.85884692 14.52311133 15.12574553 14.95178926
 16.79696819 16.04522863 14.36158052 15.5916998  16.6416501  17.63568588
 17.87798211 13.90183897 13.62847913 16.67271372 15.04498012 15.62276342
 13.68439364 16.44284294 14.59145129 15.66003976 15.53578529 18.08300199
 15.16302187 18.49304175 14.37400596 14.6722167  15.722167   15.57306163
 13.60362823 15.67867793 15.18166004 16.01416501 17.38096421 15.45501988
 15.49850895 15.30591451 16.97092445 17.25049702 14.66600398 12.98856859
 14.59145129 15.3804672  16.87152087 16.72862823 15.61033797 15.97688867
 15.88369781 14.92693837 16.60437376 15.26863817 16.01416501 16.48633201
 16.49875746 16.86530815 15.51093439 14.11307157 14.6722167  14.11928429
 16.46769384 14.41128231 15.03255467 16.57952286 15.09468191 16.52982107
 17.13866799 17.20700795 15.1443837  16.79696819 14.97664016 13.95775348
 16.25646123 16.41799205 14.75298211 14.64736581 15.38667992 16.84045726
 14.9083002  16.45526839 15.20029821 15.52335984 17.44309145 16.97713718
 15.43638171 15.73459245 14.05715706 15.07604374 14.92693837 15.3556163
 14.8026839  17.07654076 16.65407555 16.61058648 14.13170974 17.05168986
 16.51739563 17.53006958 16.10735586 14.42370775 14.78404573 15.39910537
 15.40531809 16.33101392 15.39289264 14.41749503 16.28752485 16.54845924
 16.75969185 15.54199801 15.39289264 16.52982107 14.87723658 13.77137177
 15.02012922 14.82132207 14.44234592 15.87127237 15.20651093 16.68513917
 14.92072565 15.54199801 13.87698807 16.28752485 15.84020875 14.79025845
 15.80914513 14.02609344 13.34890656 14.96421471 15.91476143 15.15680915
 15.65382704 15.57927435 16.04522863 14.92072565 15.74701789 17.02062624
 16.85909543 15.34940358 15.90233598 14.74676938 14.84617296 13.58499006
 14.98906561 15.00770378 14.44234592 14.84617296 14.72813121 16.82803181
 16.46148111 15.49229622 18.2693837  15.62276342 16.56088469 17.03305169
 13.44209742 14.89587475 14.76540755 15.97688867 14.14413519 13.81486083
 15.26863817 13.8583499  15.54199801 15.57927435 17.08275348 14.50447316
 15.8277833  18.26317097 15.44880716 15.67867793 13.77758449 14.65357853
 16.26888668 14.4361332  15.62897614 15.36182903 15.90233598 15.36182903
 18.375      18.12649105 15.33697813 17.77236581 12.88916501 15.76565606
 15.75944334 15.23757455 14.13170974 14.26838966 13.76515905 16.75347913
 16.89015905 14.64115308 17.24428429 17.02062624 16.39314115 17.90904573
 15.31212724 16.35586481]",22489.712646402415
2025-06-15 03:18:00+00:00,198,2164.58,9.0,15.838926253329202,15.723968687872762,19.14537773359841,"[14.25596421 15.21893638 18.01466203 14.83374751 15.99552684 15.16302187
 15.26863817 17.01441352 15.56063618 17.51143141 15.26863817 18.30044732
 15.74080517 12.69657058 15.44880716 15.16302187 15.40531809 16.20675944
 13.53528827 15.6165507  18.38742545 17.31883698 17.10139165 16.26267396
 15.74701789 14.66600398 17.28156064 16.14463221 15.61033797 14.13792247
 14.81510934 14.29324056 13.67818091 14.28702783 14.81510934 15.82157058
 16.49875746 15.86505964 16.25646123 16.79075547 16.14463221 15.1195328
 16.93986083 14.19383698 14.79025845 13.3054175  15.5916998  15.98931412
 15.722167   15.34319085 16.56709742 15.722167   16.47390656 18.42470179
 16.6167992  19.14537773 16.12599404 16.47390656 14.15034791 15.23757455
 14.72813121 14.76540755 15.73459245 17.16351889 16.74105368 17.16973161
 15.60412525 17.1945825  14.62872763 17.57977137 13.16873757 14.67842942
 14.53553678 16.42420477 14.64736581 17.0889662  14.47340954 15.82157058
 15.70974155 17.29398608 15.55442346 16.76590457 16.07629225 16.26267396
 15.49229622 13.49801193 13.41724652 14.86481113 14.77162028 16.42420477
 16.45526839 15.66625249 16.85909543 15.10710736 16.2999503  16.36207753
 15.34319085 16.05765408 16.59194831 15.13195825 13.5166501  14.83996024
 15.07604374 16.13841948 15.36182903 16.02659046 14.74055666 15.86505964
 13.67818091 16.11978131 14.79025845 16.83424453 18.53031809 14.15034791
 15.16923459 15.87127237 15.78429423 15.55442346 14.56038767 16.41177932
 14.86481113 15.46744533 16.66028827 15.23136183 16.2750994  17.21322068
 18.6110835  14.33672962 14.37400596 15.18166004 15.9333996  16.41177932
 14.82132207 17.49279324 15.39289264 17.25049702 15.74080517 16.15705765
 16.41177932 15.4860835  16.39935388 14.14413519 14.47340954 13.52286282
 14.3305169  14.59145129 14.8026839  16.33101392 15.57306163 14.38021869
 15.80293241 16.89015905 17.27534791 16.52982107 18.05815109 16.69135189
 15.36182903 15.51093439 15.26242545 15.23136183 16.04522863 15.77186879
 15.26242545 15.3804672  15.65382704 15.70352883 16.12599404 17.94010934
 17.59840954 16.49875746 14.71570577 15.69110338 15.13195825 14.93936382
 16.87152087 15.97688867 14.26217694 16.09493042 17.2194334  15.4860835
 14.74055666 14.64736581 15.97688867 17.05790258 13.90805169 14.82753479
 14.74055666 16.31237575 15.33697813 12.51018887 16.01416501 16.21297217
 17.10760437 17.84691849 14.95178926 16.28131213 16.38071571 17.66053678
 15.45501988 14.72813121]",22880.31167313818
2025-06-15 03:19:00+00:00,199,2068.16,9.0,15.554518552865524,15.424453280318092,18.256958250497018,"[15.20029821 13.15631213 15.13195825 16.49254473 14.31187873 15.43638171
 15.03255467 17.15109344 15.29348907 15.15059642 15.09468191 15.30591451
 17.10139165 15.66003976 15.56684891 15.56684891 14.5417495  15.74080517
 16.47390656 14.24975149 15.03255467 15.64761431 15.11332008 16.11978131
 18.25695825 16.15705765 16.97092445 14.94557654 15.20029821 13.37997018
 15.93961233 15.24378728 15.67867793 15.24378728 14.64736581 15.05119284
 17.02683897 17.96496024 14.69706759 16.99577535 18.05815109 12.10636183
 15.44880716 14.52932406 14.59766402 15.66625249 15.59791252 15.33076541
 14.84617296 14.76540755 15.9582505  15.70974155 15.55442346 15.24378728
 16.89637177 15.9582505  14.29945328 14.93936382 15.64140159 13.69060636
 15.78429423 14.66600398 15.17544732 15.31833996 16.39935388 14.4361332
 16.31237575 15.79050696 15.722167   16.52982107 13.58499006 13.90183897
 16.15084493 13.87698807 14.40506958 13.95154076 15.71595427 15.43016899
 16.28131213 15.98931412 16.72241551 16.88394632 15.11332008 16.51739563
 15.61033797 13.46073559 15.23136183 16.15084493 17.1138171  15.31212724
 16.77833002 14.44855865 14.82753479 16.7721173  16.66028827 17.29398608
 15.06361829 15.06983101 16.15084493 13.23707753 15.71595427 14.41128231
 14.31809145 13.7527336  15.47987078 14.97664016 16.90258449 15.13817097
 15.43638171 16.2999503  18.07678926 17.42445328 17.07032803 15.15059642
 15.00149105 13.74030815 15.92718688 16.20054672 14.39264414 15.85263419
 15.82157058 16.22539761 16.50497018 15.55442346 15.90854871 15.87748509
 16.7472664  14.03230616 14.39885686 13.93911531 14.65979125 17.57355865
 13.07554672 14.3305169  15.6973161  14.87102386 15.02012922 15.08846918
 16.17569583 16.4055666  14.6722167  13.46073559 15.3556163  13.36133201
 13.6222664  15.54199801 15.81535785 14.5666004  16.80318091 15.10089463
 15.18787276 16.49875746 16.03280318 16.13220676 15.64761431 14.95800199
 14.777833   15.05119284 16.25646123 14.13792247 15.57927435 15.21272366
 14.52932406 15.49229622 16.91500994 16.00173956 15.52957256 15.98931412
 16.93986083 15.87748509 12.64686879 15.54821074 13.59741551 13.84592445
 14.96421471 13.91426441 16.18812127 13.29920477 15.75323062 15.66625249
 16.04522863 17.03926441 16.84666998 16.62922465 15.38667992 14.54796223
 14.07579523 15.68489066 14.75919483 14.29945328 14.26838966 16.25024851
 16.02659046 13.80243539 15.41774354 17.03926441 16.59816103 17.05790258
 16.07629225 13.74030815]",21928.7972704669
2025-06-15 03:20:00+00:00,200,2117.1400000000003,9.0,15.699199726784183,15.576602882703778,18.461978131212724,"[14.24353877 16.4055666  14.54796223 16.07629225 15.30591451 15.72837972
 15.74080517 14.38021869 16.05765408 16.51739563 16.77833002 14.61008946
 15.39910537 15.17544732 15.76565606 15.83399602 13.80243539 13.77758449
 16.2750994  13.99502982 16.47390656 15.57927435 17.16351889 14.54796223
 16.66028827 18.22589463 17.27534791 14.53553678 15.20029821 14.25596421
 14.96421471 15.13195825 14.15656064 15.52957256 14.4609841  14.46719682
 16.32480119 16.6167992  17.81585487 15.76565606 15.97688867 15.0387674
 15.02634195 14.92072565 15.46744533 14.26217694 16.1694831  16.29373757
 15.91476143 17.51764414 15.09468191 16.2750994  16.66650099 16.56088469
 14.82753479 17.16351889 13.65333002 13.62847913 13.95154076 15.38667992
 15.57306163 16.56709742 16.48633201 15.56684891 17.96496024 16.45526839
 15.9582505  16.5360338  15.25621272 16.9833499  15.37425447 13.02584493
 15.92718688 16.49254473 14.97664016 15.30591451 14.95800199 14.70328032
 14.34915507 15.81535785 14.98906561 16.65407555 15.36182903 16.56709742
 14.4361332  15.27485089 14.23732604 15.722167   14.2000497  15.09468191
 14.23111332 12.73384692 15.08846918 16.16327038 13.88941352 16.22539761
 16.60437376 18.46197813 17.88419483 14.16898608 12.88295229 15.63518887
 14.98906561 16.93364811 14.65357853 15.08225646 17.95253479 17.87176938
 17.04547714 14.86481113 16.58573559 17.53006958 17.48658052 15.64140159
 15.45501988 15.18787276 13.59120278 15.68489066 16.07629225 15.3556163
 13.69681909 15.3804672  16.31858847 16.87152087 16.71620278 15.79050696
 15.29348907 13.37375746 15.13195825 13.1749503  14.32430417 14.34915507
 14.57281312 15.85884692 14.36158052 15.21272366 16.79075547 17.59219682
 16.36829026 16.87152087 17.39960239 13.90805169 14.83374751 17.41824056
 15.49229622 15.43016899 16.54224652 14.23111332 15.98310139 15.90854871
 15.69110338 14.61630219 15.33076541 17.22564612 17.29398608 16.82803181
 14.28081511 14.82132207 14.15656064 15.36804175 14.93936382 15.17544732
 14.5666004  17.07654076 16.24403579 16.18812127 16.26888668 15.05740557
 17.41824056 16.07629225 14.12549702 14.50447316 15.6973161  14.01988072
 17.46172962 16.45526839 16.36207753 17.03926441 15.50472167 15.90854871
 14.85859841 15.0387674  15.20651093 17.25670974 13.34890656 13.27435388
 12.83946322 14.6722167  15.51093439 14.57902584 17.17594433 16.56709742
 14.42992048 16.59194831 16.96471173 16.8528827  15.88991054 16.69135189
 16.31237575 14.2249006 ]",22412.842605929163
2025-06-15 03:21:00+00:00,201,2144.3900000000003,9.0,15.779761832576996,15.661251242544731,19.14537773359841,"[16.69135189 14.92693837 13.89562624 15.4612326  16.89637177 15.84020875
 15.68489066 15.02634195 18.0084493  19.03976143 17.6667495  16.62922465
 15.23757455 14.71570577 13.46694831 14.08200795 14.84617296 14.62872763
 15.58548708 15.50472167 16.03280318 15.97688867 17.49900596 16.80318091
 16.59194831 16.17569583 15.96446322 15.45501988 13.16873757 15.44259443
 14.47340954 13.95775348 14.59766402 14.67842942 15.41774354 18.1389165
 14.98906561 15.31833996 17.30019881 14.8834493  17.13866799 14.19383698
 13.77758449 15.71595427 15.05119284 15.1195328  16.34343936 14.11307157
 15.66003976 16.46148111 15.54821074 15.71595427 17.51143141 18.04572565
 14.98906561 16.8528827  15.33076541 14.99527833 14.39264414 16.36207753
 14.69706759 15.63518887 14.39264414 14.66600398 15.81535785 15.29348907
 15.93961233 15.67246521 16.60437376 16.2750994  14.42370775 14.65979125
 15.80914513 15.92097416 14.65357853 16.12599404 15.41153082 16.07007952
 17.64811133 15.57306163 17.17594433 17.08275348 16.5360338  15.74701789
 12.73384692 16.49875746 15.98931412 16.76590457 14.95800199 15.30591451
 15.50472167 14.32430417 15.81535785 16.96471173 17.46172962 15.21893638
 17.95874751 18.69184891 16.88394632 15.31833996 14.73434394 15.42395626
 14.98285288 14.01988072 15.70974155 14.52932406 14.83996024 15.42395626
 16.56709742 16.00795229 16.98956262 16.56088469 16.72862823 14.70949304
 14.05715706 15.20029821 14.4361332  13.69060636 15.29348907 15.23136183
 16.94607356 14.82132207 16.93986083 17.89040755 18.10164016 16.96471173
 15.56063618 14.19383698 15.23136183 16.21297217 13.43588469 14.92693837
 13.63469185 14.59766402 15.62276342 15.58548708 14.54796223 16.79696819
 15.67246521 15.79671968 15.56684891 14.39264414 14.63494036 14.94557654
 15.73459245 15.41153082 16.18812127 16.45526839 14.21868787 16.5111829
 17.17594433 15.53578529 19.14537773 15.87127237 16.42420477 16.8528827
 15.08846918 15.02634195 16.33722664 16.70999006 15.15680915 12.59095427
 15.70352883 16.46148111 17.52385686 17.15730616 15.69110338 18.52410537
 15.67246521 16.79696819 13.45452286 15.66003976 13.43588469 14.91451292
 15.41774354 16.36829026 15.57306163 16.64786282 14.83374751 15.3556163
 16.36829026 16.31237575 17.35611332 14.31187873 13.90805169 15.58548708
 13.59120278 14.64736581 15.08846918 14.9083002  15.67867793 16.07629225
 15.90233598 15.28106362 15.39910537 15.17544732 16.67892644 15.79050696
 16.4055666  13.75894632]",22682.3711870696
2025-06-15 03:22:00+00:00,202,2123.7799999999997,9.0,15.719094094598391,15.597229125248509,18.406063618290258,"[15.19408549 16.16327038 15.30591451 14.33672962 15.68489066 14.77162028
 16.1694831  16.57952286 14.40506958 17.67917495 17.03305169 17.48658052
 17.14488072 14.08822068 14.51068588 15.79050696 14.98906561 15.92097416
 16.57952286 15.37425447 15.31833996 14.98285288 16.07629225 16.46769384
 17.57355865 17.12624254 16.91500994 14.38643141 14.48583499 13.60984095
 15.15680915 14.53553678 14.61008946 14.96421471 16.51739563 15.99552684
 16.31237575 15.61033797 16.0390159  15.16923459 17.07654076 14.65979125
 12.10636183 12.74627237 14.35536779 15.64140159 15.69110338 16.4304175
 15.07604374 14.15656064 16.15705765 16.26267396 15.6973161  16.67892644
 17.46172962 16.79075547 13.40482107 16.71620278 14.95178926 12.98235586
 15.10710736 15.5916998  14.41128231 15.06361829 16.43663022 16.30616302
 16.7472664  17.34368787 15.4612326  15.75323062 15.12574553 13.4110338
 16.66650099 14.31187873 15.22514911 14.19383698 15.31212724 15.80293241
 17.56734592 16.78454274 16.56088469 16.31237575 15.98931412 16.2999503
 15.86505964 14.24975149 16.38692843 15.20651093 14.91451292 15.39289264
 13.88941352 13.46694831 15.36182903 15.27485089 16.23782306 15.52335984
 16.76590457 15.56063618 17.07032803 12.82082505 15.5916998  16.5360338
 14.82132207 14.16898608 14.42370775 15.57927435 16.78454274 14.65357853
 16.41177932 18.40606362 16.28752485 16.1694831  16.97092445 14.38021869
 14.31809145 15.90854871 14.81510934 15.84020875 15.6973161  12.86431412
 14.69706759 15.37425447 16.87152087 15.92718688 16.1694831  15.77808151
 17.00198807 14.8026839  14.65979125 14.5666004  15.64761431 13.45452286
 14.27460239 15.64140159 14.42370775 14.93315109 15.71595427 15.4860835
 18.00223658 18.12027833 15.71595427 15.55442346 14.56038767 14.86481113
 16.25024851 15.58548708 15.53578529 15.64140159 14.57902584 15.56684891
 15.90854871 15.26863817 15.68489066 14.59766402 15.74701789 16.7472664
 14.15656064 14.60387674 15.5916998  15.43016899 15.28106362 15.17544732
 15.88991054 17.49900596 16.49254473 16.59194831 16.56088469 15.92718688
 15.56684891 17.39338966 14.38643141 14.61630219 14.59766402 15.34319085
 17.57977137 15.98310139 15.9582505  14.72813121 15.49229622 15.47987078
 15.84020875 16.89637177 16.84666998 16.20675944 14.92072565 15.89612326
 16.00795229 15.57306163 15.67246521 15.11332008 16.23782306 14.50447316
 14.08200795 15.26242545 16.49254473 15.55442346 18.26317097 17.51764414
 16.52360835 15.84642147]",22479.401202888374
2025-06-15 03:23:00+00:00,203,2146.2799999999997,9.0,15.785652958737417,15.667122266401591,18.399850894632205,"[16.00173956 15.62276342 15.16923459 14.99527833 14.8834493  15.66625249
 15.46744533 15.89612326 16.00173956 15.31833996 15.96446322 15.38667992
 15.75323062 14.21247515 15.0387674  14.3305169  14.24975149 13.40482107
 15.66003976 17.85934394 15.37425447 16.18190855 15.50472167 16.50497018
 18.02708748 18.34393638 18.39985089 14.8834493  13.83971173 14.39264414
 15.47987078 15.61033797 15.93961233 14.84617296 16.97092445 16.46769384
 15.6165507  16.65407555 16.15084493 16.25024851 16.10735586 14.82132207
 16.0390159  13.13146123 15.81535785 13.58499006 16.7472664  17.46794235
 15.16923459 15.79671968 16.36829026 15.36182903 15.57306163 15.67867793
 16.20054672 17.30019881 16.13220676 15.22514911 15.28106362 17.62326044
 16.05765408 15.12574553 15.41774354 16.34343936 16.51739563 16.50497018
 14.73434394 16.30616302 17.67296223 16.8777336  14.92072565 14.97664016
 14.2000497  15.61033797 15.8277833  15.75944334 14.15034791 15.47987078
 15.70974155 16.8528827  17.72266402 15.94582505 16.57331014 17.33126243
 12.64686879 12.60959245 15.3804672  14.29324056 14.79647117 13.80864811
 16.31858847 15.31833996 15.70352883 14.59145129 17.1138171  16.64786282
 16.57952286 14.51689861 17.38096421 14.65979125 15.64140159 14.91451292
 14.33672962 16.25646123 14.18141153 15.18166004 15.57927435 15.97067594
 14.52932406 15.19408549 16.39314115 16.29373757 17.15730616 14.4361332
 15.90854871 14.72813121 15.92097416 16.63543738 14.06336978 15.82157058
 15.91476143 15.1195328  16.76590457 16.67892644 16.60437376 16.92743539
 15.92097416 13.62847913 17.36232604 13.84592445 14.82753479 13.74652087
 14.64115308 16.41799205 15.57306163 14.4609841  16.60437376 14.95178926
 16.39935388 15.89612326 16.65407555 14.49826044 15.86505964 12.90159046
 15.30591451 15.0387674  15.90854871 15.54199801 15.75323062 14.9083002
 15.70974155 16.95228628 16.03280318 17.07654076 16.88394632 15.26242545
 14.17519881 13.21843936 16.39935388 16.38692843 17.22564612 14.50447316
 15.3556163  15.98310139 15.50472167 17.1945825  14.74676938 18.19483101
 16.79696819 16.59816103 13.12524851 13.23707753 16.30616302 14.80889662
 14.5417495  16.1694831  16.44905567 15.4860835  16.24403579 15.722167
 15.65382704 16.46148111 16.43663022 17.5859841  16.38692843 15.89612326
 13.8583499  14.18141153 15.78429423 15.00770378 16.49875746 15.99552684
 15.67867793 16.91500994 16.01416501 16.5111829  16.91500994 15.74701789
 16.31858847 14.74676938]",22702.080538751907
2025-06-15 03:24:00+00:00,204,2125.0,9.0,15.72302223158282,15.601018886679922,18.70427435387674,"[15.65382704 15.26242545 15.50472167 15.99552684 14.34915507 17.30019881
 16.11978131 17.18215706 16.62301193 17.62947316 15.80293241 16.71620278
 16.78454274 14.73434394 13.99502982 14.49204771 15.8277833  15.56063618
 15.16302187 15.13195825 15.71595427 18.40606362 15.34319085 15.5916998
 15.19408549 16.12599404 15.6973161  14.15034791 14.16277336 14.38643141
 15.85884692 13.8832008  13.81486083 14.0944334  17.67296223 16.13220676
 16.13841948 13.82728628 16.91500994 17.49900596 15.13195825 12.36729622
 14.18762425 14.94557654 15.54199801 13.58499006 15.96446322 15.1443837
 15.41153082 16.67892644 16.90258449 15.69110338 16.15705765 17.57977137
 16.20675944 17.16973161 15.50472167 14.01366799 15.16302187 14.88966203
 14.63494036 14.14413519 17.75994036 15.67867793 15.89612326 18.70427435
 17.38096421 16.07629225 17.09517893 17.54249503 15.72837972 14.79025845
 15.66625249 14.24975149 15.53578529 15.67867793 15.0139165  16.34343936
 16.16327038 15.36182903 14.32430417 15.97067594 16.09493042 17.38096421
 15.05740557 14.66600398 16.46148111 14.10064612 14.18762425 15.02634195
 15.67246521 15.19408549 15.80293241 15.45501988 16.96471173 14.85238569
 14.82132207 16.28752485 17.46172962 16.26267396 15.32455268 13.4110338
 16.4055666  14.00124254 15.30591451 15.69110338 15.1195328  16.15084493
 17.42445328 16.33722664 16.41799205 16.83424453 15.64140159 14.0944334
 16.20675944 15.03255467 14.34294235 14.39264414 14.92072565 15.80914513
 15.54199801 15.51714712 16.31237575 15.80293241 16.47390656 16.50497018
 16.21918489 14.51068588 13.42345924 15.13817097 15.74080517 15.02634195
 15.97688867 15.0387674  16.31858847 15.49229622 16.67892644 15.10089463
 16.74105368 16.4055666  16.194334   15.47365805 14.91451292 13.75894632
 14.17519881 14.83374751 16.31237575 16.36829026 14.54796223 14.59145129
 15.1443837  16.84666998 15.25       15.59791252 16.01416501 16.8528827
 13.46073559 15.77808151 15.09468191 16.50497018 15.67867793 17.71645129
 16.55467197 15.34319085 17.20700795 16.39314115 15.9333996  16.0638668
 16.37450298 16.44284294 13.1749503  15.52335984 13.79622266 12.67793241
 15.80914513 14.98285288 15.16923459 14.91451292 16.81560636 16.10735586
 14.31187873 16.08871769 17.18215706 17.61704771 13.54150099 14.57902584
 14.65357853 14.57902584 14.44855865 14.5417495  16.98956262 14.90208748
 14.90208748 15.04498012 15.97688867 16.2750994  16.16327038 16.0390159
 16.85909543 16.11978131]",22492.543177983483
2025-06-15 03:25:00+00:00,205,2145.58,9.0,15.783929295631838,15.664947813121271,18.437127236580515,"[13.33648111 15.44259443 15.21893638 15.91476143 16.02037773 15.74080517
 18.43712724 17.26913519 16.17569583 16.54845924 15.5916998  17.6916004
 16.33722664 12.88295229 14.69085487 14.33672962 15.33697813 15.49850895
 16.38071571 15.49850895 16.18190855 15.57306163 15.32455268 16.39935388
 14.4361332  16.02037773 16.64786282 12.96993042 14.35536779 15.51093439
 17.07654076 14.65357853 15.56063618 14.52932406 14.93936382 17.67917495
 16.28752485 16.09493042 17.03926441 16.97713718 15.3804672  14.17519881
 14.03851889 15.1443837  14.80889662 14.95178926 13.9639662  15.0387674
 16.13841948 15.26242545 15.63518887 15.98310139 15.81535785 17.71645129
 15.05740557 16.96471173 15.28106362 14.11307157 14.98285288 14.96421471
 14.92072565 15.31212724 14.54796223 13.68439364 16.74105368 15.34940358
 15.05740557 15.27485089 16.15084493 16.00795229 16.10735586 14.12549702
 15.28727634 16.0390159  15.32455268 15.62276342 15.88369781 17.02062624
 17.96496024 16.44284294 15.51093439 16.11978131 17.09517893 14.97664016
 15.51714712 15.18787276 14.36779324 13.90805169 15.86505964 17.18215706
 15.54199801 14.36158052 16.22539761 17.39338966 16.93986083 16.28752485
 16.37450298 16.51739563 17.65432406 13.89562624 14.68464215 14.15034791
 15.3556163  15.47365805 15.17544732 16.49254473 14.40506958 15.15059642
 16.50497018 17.55492048 14.95178926 17.46794235 16.89015905 15.18166004
 14.50447316 13.52286282 15.44259443 14.82132207 13.91426441 15.62276342
 14.56038767 15.40531809 14.69085487 17.6667495  16.00173956 15.98310139
 16.21297217 13.41724652 15.21272366 14.93315109 15.30591451 16.15705765
 14.16277336 16.20054672 15.65382704 16.59194831 16.8528827  15.56684891
 15.33697813 16.31237575 17.21322068 15.33076541 14.46719682 14.6722167
 16.03280318 16.82803181 14.8026839  14.36158052 16.34343936 16.10735586
 17.12002982 16.2999503  15.22514911 16.96471173 17.07032803 17.71023857
 14.60387674 15.99552684 15.1195328  16.36829026 14.57902584 16.52982107
 15.79050696 17.23807157 16.96471173 16.44284294 17.51143141 18.30666004
 16.92122266 17.60462227 14.9083002  14.55417495 14.06336978 15.3804672
 14.57902584 14.93315109 15.67246521 14.41749503 15.722167   15.28727634
 16.70377734 16.18190855 15.24378728 17.12002982 14.83996024 13.73409543
 15.0387674  14.64736581 13.33026839 16.08871769 16.23161034 14.18762425
 17.35611332 18.41227634 16.47390656 15.41153082 16.09493042 16.46769384
 15.92718688 14.15034791]",22696.313851465875
2025-06-15 03:26:00+00:00,206,2151.52,9.0,15.80164017638768,15.683399602385684,18.62350894632207,"[15.1195328  14.99527833 14.95800199 14.87102386 16.52982107 17.13245527
 16.49875746 15.88369781 18.16998012 17.85934394 16.5360338  16.33722664
 15.24378728 13.93290258 15.50472167 15.70352883 14.72191849 15.9582505
 16.02037773 17.08275348 13.23707753 15.13195825 15.67867793 16.31858847
 17.82828032 15.74080517 17.3499006  15.22514911 14.85238569 14.76540755
 13.61605368 15.92718688 14.26217694 14.59145129 15.45501988 16.08871769
 16.02659046 17.30019881 16.46769384 16.21297217 15.9333996  15.25
 15.45501988 15.19408549 13.6471173  14.68464215 16.18190855 15.16302187
 16.21297217 15.44880716 15.93961233 17.59840954 16.70999006 15.55442346
 18.14512922 17.6667495  14.4609841  15.36804175 13.81486083 15.16302187
 14.0695825  15.39910537 14.21868787 15.1443837  15.71595427 16.85909543
 16.21918489 16.70999006 18.62350895 16.31237575 13.069334   14.54796223
 14.08200795 15.29348907 16.59816103 13.90805169 15.9582505  16.8528827
 16.07007952 15.9582505  16.63543738 16.83424453 17.33126243 16.64786282
 15.08846918 13.7278827  15.22514911 15.12574553 13.99502982 15.41774354
 14.2249006  14.49204771 14.76540755 15.31212724 16.93364811 16.66028827
 16.47390656 16.62922465 16.89015905 16.05765408 14.8834493  15.43638171
 14.89587475 15.86505964 16.16327038 12.72763419 15.68489066 15.64761431
 16.20675944 16.90258449 15.66625249 15.8277833  17.61083499 13.79000994
 16.20054672 14.94557654 14.24353877 16.8528827  16.2999503  15.59791252
 16.44905567 14.80889662 14.26217694 15.00149105 17.41202783 16.50497018
 16.48011928 13.39239563 14.19383698 14.36158052 15.39910537 15.36804175
 15.11332008 15.98931412 14.74676938 15.95203777 15.72837972 16.96471173
 18.15134195 16.95849901 15.76565606 15.0139165  13.90183897 15.55442346
 14.28702783 15.00149105 15.46744533 15.70352883 17.60462227 15.87748509
 14.35536779 16.11356859 17.08275348 16.41177932 18.375      17.430666
 15.6165507  14.65357853 13.58499006 14.85238569 15.93961233 15.16302187
 16.4304175  15.98931412 16.13220676 14.50447316 17.75372763 15.58548708
 14.40506958 18.04572565 14.34915507 14.36158052 13.36133201 17.2194334
 14.27460239 15.66625249 15.67246521 15.1195328  15.57306163 16.84666998
 14.97042744 15.44259443 16.79075547 16.84045726 14.82132207 16.15084493
 16.15084493 13.90805169 16.80939364 13.39239563 15.04498012 16.33722664
 15.95203777 15.22514911 16.29373757 15.3556163  17.00198807 18.07678926
 16.82181909 14.75298211]",22755.567374122624
2025-06-15 03:27:00+00:00,207,2089.38,9.0,15.618451093055421,15.490370278330019,19.96545725646123,"[15.38667992 16.67271372 13.42967197 14.73434394 14.85238569 16.90879722
 16.90258449 15.51714712 15.8277833  16.41799205 15.85263419 14.777833
 16.48011928 13.12524851 13.13146123 14.71570577 14.76540755 15.15680915
 16.38071571 16.34343936 16.59194831 18.29423459 17.05168986 15.72837972
 16.29373757 16.92743539 16.94607356 13.60362823 16.25024851 13.75894632
 15.8277833  14.18141153 15.66003976 15.05119284 15.56063618 14.51689861
 16.86530815 15.24378728 15.98310139 15.722167   16.93364811 14.31187873
 15.45501988 16.17569583 14.64736581 16.88394632 14.46719682 16.98956262
 14.59145129 14.95800199 16.82803181 15.55442346 15.722167   17.16351889
 17.49279324 15.46744533 12.3610835  14.92072565 16.12599404 15.51093439
 16.00795229 15.05740557 17.18836978 13.77758449 15.51714712 16.15084493
 15.99552684 15.93961233 16.68513917 15.9333996  14.59766402 15.74080517
 13.92668986 15.08846918 14.28081511 15.39289264 14.23111332 14.95800199
 15.9582505  16.44284294 16.84666998 16.08250497 15.61033797 15.98931412
 13.24329026 14.87102386 13.97017893 15.09468191 12.597167   16.0638668
 15.52335984 15.38667992 15.10089463 15.41153082 15.07604374 14.40506958
 15.15059642 16.26888668 15.97688867 12.72142147 15.3556163  16.93986083
 14.17519881 15.06983101 14.58523857 15.05740557 15.63518887 16.34343936
 15.62276342 15.38667992 16.22539761 17.69781312 15.70352883 15.02012922
 15.6165507  14.79647117 15.79671968 14.36779324 14.37400596 15.63518887
 15.32455268 15.68489066 16.45526839 16.02659046 16.03280318 15.71595427
 18.10164016 14.83996024 13.73409543 13.91426441 14.33672962 13.61605368
 15.25       16.21297217 14.63494036 16.05144135 15.46744533 16.67892644
 16.11978131 15.38667992 16.32480119 14.61008946 14.07579523 15.65382704
 14.23111332 14.13792247 15.20029821 15.722167   15.41153082 16.10735586
 14.93315109 15.23136183 17.05790258 16.01416501 17.57355865 16.76590457
 15.13817097 15.75323062 15.37425447 14.59145129 13.24950298 16.54224652
 15.17544732 15.39910537 16.84045726 15.34319085 15.4860835  15.43016899
 16.48011928 16.67892644 14.33672962 13.80864811 15.79050696 15.75323062
 14.85238569 14.74676938 15.90854871 14.41128231 16.74105368 15.88369781
 17.82206759 15.73459245 19.96545726 14.98906561 12.87052684 14.83996024
 15.03255467 13.26814115 15.27485089 14.89587475 17.04547714 15.42395626
 16.62922465 16.31237575 14.83374751 17.0889662  16.24403579 14.77162028
 15.93961233 15.07604374]",22142.689976926216
2025-06-15 03:28:00+00:00,208,2114.56,9.0,15.69295423886015,15.56858846918489,18.468190854870777,"[14.81510934 15.56684891 14.47962227 14.98906561 14.71570577 15.40531809
 16.194334   15.68489066 16.194334   15.74080517 15.85884692 15.34940358
 16.50497018 14.63494036 14.67842942 15.79050696 15.29348907 14.47962227
 15.11332008 15.52957256 15.31212724 16.69756461 15.722167   18.46819085
 16.33101392 17.20700795 15.87127237 14.15656064 15.00149105 15.08225646
 14.41749503 15.25621272 16.41799205 14.70328032 16.46148111 14.60387674
 16.79696819 15.1443837  17.93389662 15.18166004 16.66650099 14.5417495
 15.97688867 14.97042744 15.02012922 15.24378728 15.27485089 16.33101392
 16.8777336  15.95203777 15.11332008 16.64786282 16.00173956 16.52360835
 17.6916004  16.16327038 14.98285288 14.29324056 15.05740557 14.24975149
 15.26242545 15.21893638 15.20651093 17.97738569 17.05168986 15.43638171
 15.51714712 17.61083499 16.33101392 16.18190855 13.6471173  15.1195328
 15.59791252 13.87698807 15.62276342 16.22539761 17.49900596 14.49204771
 14.16898608 15.19408549 16.36207753 15.67246521 16.93986083 15.74701789
 14.89587475 13.94532803 15.02012922 15.28727634 14.92693837 16.92743539
 13.16873757 16.37450298 17.38717694 16.87152087 15.63518887 14.05715706
 17.75372763 15.39289264 18.11406561 13.7527336  15.64761431 15.21893638
 15.66003976 15.4860835  15.06361829 15.47987078 14.59766402 14.3305169
 15.34319085 16.26267396 16.7721173  17.39960239 16.99577535 13.95775348
 14.03851889 14.11928429 14.41749503 13.28677932 15.0387674  17.02683897
 16.62301193 16.81560636 17.4555169  16.75347913 14.85238569 16.09493042
 15.4612326  15.21893638 13.92047714 15.1195328  16.76590457 15.74080517
 16.75969185 14.92072565 14.54796223 14.80889662 14.69085487 16.03280318
 17.37475149 15.56063618 17.83449304 12.10636183 13.68439364 16.21297217
 14.8834493  15.67246521 13.60362823 13.66575547 13.99502982 16.48633201
 14.08200795 15.68489066 16.69135189 15.13195825 13.73409543 16.77833002
 15.90854871 15.51093439 15.57927435 12.10636183 14.89587475 16.80318091
 16.03280318 13.9639662  15.90854871 17.60462227 16.34343936 15.31833996
 16.44905567 17.07032803 15.06361829 14.07579523 13.4917992  16.34965209
 15.54199801 14.98285288 15.3804672  17.21322068 15.43016899 15.25621272
 15.9582505  17.75994036 16.75347913 16.77833002 13.44209742 13.70303181
 14.51068588 14.59766402 13.95775348 14.13170974 14.70949304 16.6167992
 15.9582505  16.90879722 15.31212724 17.70402584 16.50497018 17.38717694
 16.62922465 15.36804175]",22391.94770153052
2025-06-15 03:29:00+00:00,209,2138.8199999999997,9.0,15.764749510669311,15.643948807157056,18.903081510934392,"[15.96446322 14.63494036 15.06361829 17.1945825  15.45501988 14.38021869
 15.44880716 15.21893638 17.26913519 16.33722664 17.41202783 18.29423459
 16.70999006 14.08200795 13.39239563 16.52982107 16.1694831  14.85238569
 15.43016899 17.42445328 15.34319085 16.33722664 16.25024851 16.20675944
 16.39935388 15.16923459 16.70377734 13.84592445 15.15059642 16.00795229
 15.34940358 14.78404573 16.4055666  14.58523857 15.72837972 14.90208748
 14.73434394 17.87176938 17.99602386 16.36207753 17.20700795 13.92668986
 13.67818091 14.777833   13.73409543 16.84045726 14.62251491 15.22514911
 16.25024851 15.67246521 15.9582505  17.29398608 16.14463221 16.74105368
 15.79050696 16.31237575 15.64140159 14.51689861 14.26838966 15.84642147
 13.24950298 16.14463221 15.78429423 14.57902584 16.72241551 14.91451292
 15.20651093 15.91476143 16.24403579 14.93936382 14.55417495 15.67867793
 15.28106362 16.33101392 16.2999503  15.87127237 14.67842942 16.01416501
 14.6722167  14.52932406 15.80914513 15.59791252 16.5111829  15.30591451
 14.24975149 12.87052684 14.8026839  14.0944334  13.90183897 15.94582505
 15.04498012 14.78404573 13.82107356 16.32480119 16.95228628 15.722167
 17.98359841 15.95203777 15.87127237 14.53553678 13.94532803 15.15059642
 15.39289264 14.0944334  15.87748509 15.65382704 13.78379722 16.05765408
 15.79050696 15.79050696 16.34965209 18.18861829 16.44905567 14.38021869
 13.94532803 15.03255467 13.86456262 14.5417495  16.30616302 13.6471173
 15.64140159 18.90308151 16.20675944 16.68513917 17.10139165 17.54249503
 16.57952286 16.46769384 14.47962227 16.20675944 15.0139165  15.56684891
 13.26814115 15.66625249 14.73434394 14.51689861 16.2999503  16.11356859
 16.8528827  16.66028827 14.97042744 15.66003976 12.69657058 13.18116302
 15.76565606 15.49850895 15.49229622 14.74676938 16.28131213 16.44284294
 17.50521869 15.85263419 15.15680915 17.25049702 16.50497018 17.05790258
 15.96446322 14.97664016 14.98906561 15.62276342 14.72191849 16.11356859
 16.98956262 15.5916998  15.43016899 15.90233598 15.39289264 14.52932406
 16.5111829  16.52982107 16.02659046 14.71570577 16.46769384 15.89612326
 15.23136183 15.722167   16.14463221 16.66028827 17.51764414 16.49254473
 15.78429423 16.31858847 16.32480119 14.72813121 14.28081511 13.90805169
 15.90233598 14.57902584 15.88369781 15.39289264 14.15034791 15.12574553
 16.65407555 16.54224652 16.51739563 18.02087475 15.85884692 18.26317097
 16.73484095 15.33076541]",22632.145962895243
2025-06-15 03:30:00+00:00,210,2118.26,9.0,15.70428608453949,15.580082007952287,18.132703777335983,"[15.41774354 15.51093439 15.15059642 14.9083002  14.10685885 15.9333996
 14.69706759 15.9333996  14.777833   15.95203777 16.79696819 16.74105368
 16.93986083 14.75298211 15.36804175 15.9333996  14.29945328 15.16302187
 13.72166998 13.97017893 15.38667992 15.77186879 16.32480119 16.41177932
 17.12002982 16.80939364 15.84642147 15.1443837  15.31833996 14.08822068
 14.3305169  16.28131213 14.44855865 15.70974155 14.00124254 14.72191849
 16.17569583 15.4860835  14.97042744 15.07604374 16.07007952 15.56063618
 14.49204771 14.01366799 13.65954274 15.17544732 17.41824056 16.66028827
 16.23161034 14.305666   15.64140159 14.85859841 15.15059642 15.29970179
 17.62326044 16.30616302 12.78354871 14.26217694 14.62251491 15.64140159
 15.28727634 15.39289264 15.26863817 16.28752485 15.79671968 16.66028827
 16.03280318 18.05815109 17.26292247 18.13270378 14.5417495  14.61630219
 16.13841948 16.89015905 14.3305169  15.4860835  14.89587475 15.85263419
 15.47987078 14.72813121 16.69135189 14.75298211 17.29398608 17.14488072
 13.6222664  14.46719682 16.23782306 16.05765408 16.83424453 17.38717694
 15.6165507  16.18190855 16.1694831  14.89587475 17.50521869 17.15109344
 16.83424453 17.40581511 16.8528827  15.26863817 16.2999503  15.19408549
 17.1945825  15.96446322 16.41799205 14.97042744 17.39960239 15.59791252
 16.194334   16.194334   17.23185885 15.81535785 15.39910537 15.1443837
 15.94582505 15.85263419 14.2249006  15.16923459 15.1443837  14.85859841
 15.02012922 16.32480119 16.49254473 15.24378728 15.91476143 16.52982107
 16.94607356 14.81510934 14.28081511 15.05740557 13.13767396 14.34294235
 17.07032803 15.05740557 18.07678926 13.24329026 17.98981113 14.63494036
 16.69135189 16.18812127 15.51714712 16.30616302 12.85810139 14.93936382
 14.57902584 15.19408549 15.15059642 15.44880716 14.82132207 16.33101392
 15.44880716 15.47987078 17.98359841 16.30616302 17.40581511 17.34368787
 14.72813121 16.61058648 15.40531809 14.21247515 14.65357853 15.11332008
 13.02584493 16.22539761 15.41153082 16.69756461 15.33076541 16.66028827
 15.4612326  16.07007952 14.00124254 13.27435388 15.08225646 14.38643141
 15.5916998  14.52932406 13.95775348 16.93986083 17.27534791 16.29373757
 17.46794235 16.08250497 15.6165507  15.3556163  15.17544732 14.75919483
 14.47962227 13.0444831  14.29945328 16.34965209 16.36829026 15.98310139
 15.53578529 15.62897614 15.10710736 15.00149105 14.78404573 15.02634195
 16.56709742 13.27435388]",22429.85952443532
2025-06-15 03:31:00+00:00,211,2115.5699999999997,9.0,15.696564888380516,15.571725894632207,18.306660039761432,"[14.85238569 15.55442346 14.4361332  14.35536779 14.54796223 15.59791252
 15.40531809 15.67867793 17.15730616 16.92743539 14.77162028 14.5417495
 15.90233598 15.70352883 15.1195328  14.3305169  15.29970179 13.59741551
 15.74701789 15.77186879 15.72837972 14.42370775 13.80864811 14.96421471
 16.46769384 16.38692843 17.25049702 15.87748509 13.82728628 14.76540755
 14.65357853 14.23732604 16.95228628 16.0390159  15.80914513 15.67246521
 16.99577535 15.62276342 16.04522863 16.75347913 15.88369781 14.33672962
 15.12574553 16.39314115 15.12574553 15.76565606 14.94557654 15.54821074
 16.70999006 15.71595427 14.6722167  16.52982107 16.32480119 14.29324056
 16.44284294 17.23185885 15.1443837  14.29945328 14.57902584 14.04473161
 16.23782306 16.68513917 14.75919483 15.74080517 16.80318091 16.14463221
 15.69110338 16.34965209 16.18190855 16.2750994  13.02584493 14.40506958
 14.62872763 14.96421471 14.90208748 14.01988072 14.75298211 15.22514911
 15.31212724 16.24403579 16.07007952 16.0390159  16.18190855 17.30019881
 14.68464215 13.74030815 12.9140159  15.71595427 15.42395626 17.10139165
 15.87127237 16.64786282 16.8528827  17.09517893 17.20700795 14.52932406
 15.67246521 17.16973161 16.67271372 15.28727634 15.53578529 15.51714712
 15.54199801 14.70328032 16.30616302 15.05119284 15.39910537 16.37450298
 16.13841948 15.41774354 16.89637177 15.75323062 17.35611332 12.41699801
 15.62897614 15.67867793 15.84020875 15.54821074 14.65979125 15.67867793
 15.47365805 15.3556163  15.21272366 15.88991054 16.18190855 16.31237575
 16.07007952 13.88941352 14.03230616 14.18762425 15.51093439 14.65357853
 14.73434394 16.44905567 16.55467197 16.05144135 15.55442346 17.07032803
 16.07629225 17.07654076 16.36829026 14.03230616 14.32430417 14.83996024
 14.26217694 14.93936382 14.8026839  16.03280318 16.50497018 17.60462227
 16.31237575 14.01366799 15.73459245 16.97713718 18.05815109 16.26888668
 13.65333002 14.50447316 15.47987078 15.10089463 14.74055666 15.89612326
 16.29373757 16.30616302 16.24403579 15.31212724 16.75347913 16.79696819
 17.77236581 17.62947316 14.37400596 14.46719682 15.9582505  15.81535785
 14.51689861 15.47365805 14.59145129 14.56038767 16.30616302 16.24403579
 14.61008946 15.49850895 16.6167992  18.30666004 13.70924453 14.52932406
 16.24403579 14.79647117 14.8834493  14.82753479 14.93936382 15.67867793
 14.75298211 16.31237575 16.74105368 16.75969185 14.5666004  14.12549702
 17.34368787 16.23782306]",22404.02749056585
2025-06-15 03:32:00+00:00,212,2083.2200000000003,9.0,15.60132280921197,15.471235089463221,18.493041749502982,"[15.98310139 14.93936382 14.74676938 14.5417495  13.35511928 15.71595427
 15.68489066 17.93389662 16.65407555 16.21297217 17.03305169 14.14413519
 16.7472664  13.27435388 15.33697813 15.87127237 15.92718688 15.44259443
 15.94582505 14.38643141 15.74080517 15.00770378 15.99552684 15.92097416
 16.08250497 15.8277833  15.92718688 14.87723658 15.22514911 13.60984095
 12.69035785 14.31187873 13.18116302 15.13195825 15.76565606 17.69781312
 15.70352883 16.6416501  13.90805169 17.85934394 15.76565606 14.13792247
 13.26814115 14.38643141 15.75323062 15.87127237 15.10710736 15.36804175
 15.57306163 15.73459245 15.59791252 16.59816103 15.09468191 16.11356859
 15.64761431 17.39960239 14.00745527 14.79025845 14.59145129 13.26192843
 16.35586481 17.05168986 15.66625249 15.69110338 18.30044732 17.17594433
 14.25596421 15.82157058 15.15680915 17.37475149 15.09468191 14.4361332
 14.55417495 13.9888171  16.03280318 15.00770378 16.04522863 16.12599404
 14.31809145 18.07057654 17.25049702 16.80318091 15.52335984 16.24403579
 15.20029821 13.42967197 15.84642147 16.03280318 14.70328032 14.88966203
 15.98310139 14.47340954 17.02062624 14.16898608 15.5916998  15.43638171
 15.62897614 17.96496024 16.84045726 15.80914513 14.47340954 14.01366799
 13.57256461 14.64115308 14.63494036 14.6722167  15.26242545 15.29970179
 15.47365805 17.3499006  16.8528827  16.70377734 16.79696819 13.86456262
 14.74676938 15.74080517 14.16898608 15.05119284 15.64140159 15.06983101
 15.0139165  15.77186879 15.47365805 16.54224652 15.05119284 16.36207753
 16.93986083 14.23111332 13.94532803 14.29945328 16.11978131 14.83996024
 15.17544732 15.59791252 14.81510934 14.85238569 17.22564612 16.8777336
 15.0139165  15.50472167 18.49304175 14.20626243 15.97067594 13.069334
 14.63494036 16.03280318 14.05715706 14.8834493  15.72837972 15.97067594
 14.32430417 16.4304175  14.82132207 16.32480119 16.28131213 16.02659046
 15.79671968 13.01963221 15.19408549 15.21893638 17.44930417 14.67842942
 14.98285288 15.78429423 15.55442346 17.62326044 15.70352883 17.7972167
 16.41799205 17.38717694 15.16923459 13.6471173  15.10710736 15.52335984
 16.11356859 14.72813121 14.26838966 16.55467197 17.21322068 13.77758449
 15.54199801 16.32480119 16.77833002 16.66650099 14.3305169  14.47340954
 14.60387674 15.00149105 14.11928429 14.80889662 17.02062624 13.78379722
 14.11928429 13.42345924 14.75298211 16.72241551 15.70974155 15.49850895
 15.29348907 17.20700795]",22085.385590499565
2025-06-15 03:33:00+00:00,213,2129.17,9.0,15.737154524674231,15.613972415506959,18.57380715705765,"[16.0390159  14.01366799 15.74701789 14.52932406 16.79696819 15.77186879
 15.51714712 17.5859841  16.0390159  16.15705765 15.64761431 17.67917495
 17.94010934 15.57306163 14.29945328 15.21893638 14.79647117 14.4361332
 14.47962227 14.38643141 15.97688867 14.4609841  18.49925447 16.23161034
 15.64140159 17.49279324 18.57380716 14.97042744 14.16277336 14.97042744
 14.41749503 13.60984095 17.38717694 16.15084493 16.00795229 14.8026839
 15.40531809 16.1694831  16.02659046 17.47415507 16.38071571 15.33076541
 16.83424453 14.07579523 16.00173956 14.69085487 15.00149105 15.84642147
 15.3556163  15.69110338 14.5417495  14.82132207 16.11356859 16.16327038
 16.20675944 15.81535785 14.44234592 15.74701789 13.90805169 14.03851889
 13.47937376 15.31212724 15.91476143 15.37425447 15.6165507  15.52957256
 17.7972167  16.50497018 14.75919483 15.9333996  13.8832008  14.84617296
 15.00149105 14.01988072 13.8832008  14.85859841 15.90854871 16.66028827
 14.96421471 16.08250497 14.70949304 16.7721173  15.98310139 17.31262425
 13.7527336  15.05119284 13.92047714 15.722167   17.41824056 15.63518887
 15.49229622 14.87102386 16.80318091 15.71595427 16.55467197 17.07654076
 17.20079523 15.79050696 16.95849901 14.75919483 15.54821074 15.18787276
 14.97042744 16.56088469 15.0139165  16.15084493 15.43016899 17.14488072
 15.32455268 17.21322068 14.69706759 14.62251491 16.46769384 15.52957256
 14.58523857 15.31212724 14.73434394 14.3305169  14.61008946 16.86530815
 15.81535785 16.4304175  17.22564612 16.48011928 16.10114314 16.86530815
 17.05168986 14.65979125 14.27460239 15.10089463 13.9888171  14.91451292
 16.25646123 14.49826044 14.92693837 16.76590457 16.57952286 17.15730616
 17.55492048 15.92718688 16.65407555 16.59194831 14.81510934 15.06361829
 14.41128231 14.18762425 16.25646123 15.16923459 16.54224652 16.33101392
 16.84666998 14.93315109 15.19408549 17.39338966 14.40506958 17.26292247
 14.65979125 15.00149105 14.76540755 16.33722664 16.45526839 15.38667992
 15.26242545 16.16327038 16.44284294 16.44284294 15.6973161  15.23136183
 16.41177932 17.38096421 12.55989066 13.16873757 14.46719682 15.99552684
 14.79025845 14.25596421 14.2000497  14.91451292 15.00149105 16.4304175
 16.02037773 14.85859841 15.41153082 16.44905567 13.68439364 14.82132207
 14.62251491 13.82728628 15.84020875 15.54199801 16.56709742 16.23161034
 15.39289264 15.51093439 17.39960239 16.84045726 17.20700795 15.28106362
 16.60437376 14.40506958]",22539.824177750113
2025-06-15 03:34:00+00:00,214,2099.1899999999996,9.0,15.648920554718408,15.520843687872764,19.51814115308151,"[14.14413519 16.13841948 15.70974155 15.95203777 14.40506958 16.59816103
 15.38667992 15.90233598 18.56759443 14.52932406 14.26838966 16.11356859
 17.85934394 13.95154076 12.31138171 14.28081511 13.8832008  15.6165507
 14.01988072 16.84666998 16.14463221 16.15084493 15.33076541 16.09493042
 15.62897614 16.50497018 16.95228628 14.15034791 13.23086481 14.62872763
 13.75894632 16.83424453 16.47390656 16.42420477 15.88369781 13.00099404
 15.25621272 17.41824056 16.78454274 18.06436382 16.49254473 14.13792247
 14.59766402 13.99502982 14.4609841  16.08250497 16.62922465 14.62251491
 17.27534791 15.67246521 14.34294235 16.41177932 15.21272366 18.16998012
 16.45526839 17.1945825  14.82132207 14.15034791 14.5666004  15.05119284
 15.49229622 16.36829026 13.97639165 13.95154076 16.90879722 17.13866799
 17.05790258 16.59816103 16.86530815 14.8834493  13.16873757 15.80914513
 14.74055666 15.62276342 15.13195825 15.26863817 14.05094433 13.68439364
 15.77186879 13.49801193 16.52360835 17.74751491 16.1694831  16.84666998
 13.97639165 14.95800199 15.25       13.65333002 13.4110338  15.32455268
 15.23757455 15.96446322 15.41774354 14.05715706 15.9333996  17.57355865
 16.10114314 14.34294235 16.99577535 14.24353877 15.16302187 15.3556163
 14.24975149 15.98310139 16.84666998 15.96446322 15.93961233 15.10710736
 15.43638171 16.90258449 15.33076541 15.37425447 17.95874751 12.10636183
 14.00745527 16.03280318 15.34319085 15.64761431 16.14463221 15.69110338
 15.52957256 14.96421471 16.26267396 15.52957256 16.49254473 14.51689861
 19.51814115 13.77137177 14.57902584 14.75298211 14.21247515 15.98931412
 14.4609841  14.81510934 15.93961233 15.32455268 15.8277833  17.21322068
 17.15730616 16.6416501  14.74676938 13.66575547 15.26242545 14.73434394
 13.77137177 17.05790258 14.34294235 16.05765408 15.29348907 15.56063618
 16.05144135 14.88966203 17.18215706 15.52957256 16.69135189 15.94582505
 14.85859841 13.52907555 16.70999006 15.54199801 14.98285288 14.31187873
 17.21322068 15.25       16.95849901 14.31187873 17.48658052 16.37450298
 16.46148111 16.194334   14.47962227 14.64115308 14.77162028 14.87723658
 15.13817097 17.25670974 15.18787276 15.96446322 15.87127237 15.82157058
 14.62251491 17.23185885 15.98931412 17.30019881 13.39860835 13.90183897
 15.04498012 14.89587475 14.18762425 15.96446322 14.44234592 16.34965209
 16.79075547 14.76540755 15.9582505  15.70974155 16.70377734 17.09517893
 16.74105368 14.75298211]",22244.628607865903
2025-06-15 03:35:00+00:00,215,2127.0299999999997,9.0,15.731322994707789,15.607324801192842,18.00844930417495,"[13.59120278 15.74701789 13.39239563 14.38643141 16.23782306 13.93911531
 13.95154076 16.22539761 15.99552684 15.50472167 16.41799205 15.68489066
 17.92147117 15.18787276 15.28106362 13.15631213 15.54199801 15.1195328
 17.03305169 16.05144135 15.24378728 15.70352883 16.25646123 15.56684891
 14.99527833 16.02037773 18.0084493  13.69060636 14.46719682 16.2750994
 15.49229622 15.6973161  15.05740557 15.90233598 15.53578529 17.03926441
 16.28131213 16.72241551 17.12624254 17.5859841  16.64786282 14.12549702
 15.19408549 14.86481113 12.84567594 15.79671968 15.90233598 16.6167992
 16.30616302 16.90258449 15.23757455 17.22564612 16.8528827  15.36182903
 16.4055666  16.05765408 14.62251491 15.26242545 14.47340954 15.85884692
 14.50447316 14.56038767 14.47962227 16.35586481 16.98956262 15.13195825
 15.94582505 17.84691849 16.7472664  15.94582505 15.44259443 13.9888171
 16.6416501  14.61008946 15.85884692 14.56038767 16.07629225 15.38667992
 16.48633201 16.28752485 16.11356859 16.29373757 15.23757455 16.90258449
 12.9140159  15.86505964 14.80889662 15.26242545 14.51068588 15.33076541
 17.21322068 17.31262425 14.18762425 16.75347913 16.26888668 16.55467197
 16.36207753 14.51689861 16.93364811 15.1443837  15.23757455 15.55442346
 14.11307157 14.55417495 14.38643141 15.74080517 14.59766402 16.20675944
 15.96446322 14.777833   16.7472664  17.56734592 17.61083499 14.91451292
 14.2249006  14.5417495  17.26913519 15.06361829 15.722167   15.02012922
 15.59791252 15.45501988 13.8583499  16.15705765 16.57331014 16.9833499
 15.07604374 17.03926441 13.83971173 15.52335984 16.18190855 15.34319085
 14.72191849 13.45452286 15.74080517 15.53578529 15.87127237 15.70352883
 16.21297217 16.80318091 15.80293241 16.39935388 15.68489066 17.29398608
 14.91451292 15.98310139 15.05119284 15.49229622 14.89587475 14.58523857
 16.1694831  17.49900596 17.42445328 15.58548708 16.11978131 17.33126243
 15.75944334 13.93911531 14.42370775 14.64736581 14.56038767 14.56038767
 17.13245527 17.07032803 16.60437376 15.10710736 16.92743539 14.55417495
 16.92743539 16.194334   13.40482107 14.51689861 15.66625249 14.68464215
 14.08200795 14.25596421 15.92718688 14.44855865 14.96421471 17.30641153
 14.78404573 15.56684891 15.88991054 17.53006958 14.16277336 14.48583499
 14.59766402 14.38021869 15.49229622 14.28702783 15.67867793 17.1138171
 15.6973161  15.78429423 14.90208748 16.38692843 16.66650099 16.32480119
 15.17544732 15.24378728]",22520.31421109438
2025-06-15 03:36:00+00:00,216,2128.4700000000003,9.0,15.735824936392131,15.611797962226639,18.26938369781312,"[13.95775348 14.88966203 14.74676938 14.53553678 15.08846918 14.02609344
 16.35586481 17.0082008  15.9582505  16.90879722 15.46744533 17.53006958
 16.8777336  14.3305169  14.10064612 14.15656064 16.18190855 16.52360835
 13.21843936 16.08250497 15.70352883 15.82157058 16.80318091 17.68538767
 15.92718688 15.68489066 17.0889662  13.16873757 14.52932406 16.11356859
 15.41153082 13.65333002 16.73484095 16.05144135 14.59145129 16.91500994
 16.2999503  16.82803181 17.15730616 16.86530815 15.78429423 14.97042744
 14.46719682 14.59145129 14.2000497  14.11928429 15.22514911 15.70974155
 15.21272366 16.61058648 15.20029821 16.13841948 15.57927435 16.72862823
 17.53006958 15.21272366 14.26838966 15.26863817 14.83374751 14.84617296
 14.42992048 17.0082008  15.47365805 15.18787276 15.56684891 16.21297217
 16.96471173 16.28752485 17.7972167  17.16973161 15.75944334 13.69060636
 15.3556163  14.0695825  14.05715706 16.93986083 15.33697813 15.05740557
 16.74105368 16.84666998 15.22514911 17.84070577 15.86505964 16.99577535
 15.55442346 13.93290258 15.47987078 14.39885686 14.777833   13.03205765
 15.43016899 15.00149105 16.31858847 15.89612326 16.69135189 15.52335984
 15.76565606 16.18812127 16.42420477 14.47340954 13.52907555 15.39910537
 14.51068588 15.74080517 14.08200795 15.50472167 15.88991054 15.69110338
 17.55492048 16.0390159  16.00173956 16.62922465 17.03926441 14.61630219
 15.18166004 14.97042744 17.48658052 15.17544732 15.21893638 15.4860835
 14.63494036 16.67271372 16.4055666  16.00795229 16.25024851 15.41774354
 16.36829026 13.15631213 15.3556163  14.92072565 15.25621272 15.26863817
 16.76590457 15.16923459 14.28702783 16.32480119 15.37425447 14.71570577
 16.98956262 14.48583499 16.70999006 14.64115308 14.01988072 14.49826044
 14.70328032 14.15034791 15.93961233 15.66625249 15.80293241 15.97688867
 17.65432406 16.51739563 15.97688867 15.80914513 17.40581511 16.8777336
 14.69706759 14.08200795 14.13170974 15.89612326 14.42370775 15.5916998
 15.40531809 15.80293241 13.65333002 17.04547714 15.89612326 16.70999006
 17.35611332 17.42445328 14.29945328 14.96421471 13.84592445 15.68489066
 16.23782306 16.34343936 16.44284294 15.20651093 15.67246521 15.66003976
 16.34343936 15.15680915 18.2693837  18.21968191 14.73434394 14.8834493
 14.64115308 14.39264414 14.82753479 13.4917992  15.3804672  17.15730616
 15.21893638 15.44259443 16.51739563 16.34965209 17.90904573 14.70328032
 17.4555169  14.62251491]",22535.375907193513
2025-06-15 03:37:00+00:00,217,2094.1099999999997,9.0,15.634686563832158,15.505063369781313,18.312872763419485,"[14.38643141 13.86456262 15.87748509 14.94557654 16.43663022 16.55467197
 14.62251491 15.90233598 16.5111829  16.44284294 15.61033797 16.84045726
 18.01466203 14.79647117 14.10064612 16.46148111 15.00770378 14.39264414
 16.46148111 15.64761431 15.62276342 15.5916998  14.92072565 15.27485089
 17.42445328 17.62947316 16.73484095 15.15680915 15.99552684 15.1443837
 16.0638668  14.56038767 14.61008946 14.45477137 15.97688867 14.05715706
 15.5916998  15.88369781 16.52982107 14.68464215 16.63543738 14.2249006
 13.42967197 13.97017893 16.25646123 16.25024851 15.90854871 14.63494036
 14.79025845 12.87052684 14.73434394 15.34940358 16.9833499  15.28727634
 15.54821074 16.6167992  15.77186879 13.81486083 14.24353877 16.11356859
 16.2750994  14.62872763 15.75944334 15.00149105 16.38071571 17.38717694
 16.41177932 15.87127237 15.31212724 17.26913519 13.36754473 14.82132207
 14.50447316 13.7278827  16.24403579 13.90805169 16.41177932 14.92072565
 15.99552684 15.79671968 17.57355865 16.97713718 15.08225646 16.02037773
 14.12549702 13.62847913 15.0387674  14.39885686 15.0139165  14.19383698
 14.31187873 15.6165507  15.23136183 15.05119284 15.94582505 16.24403579
 17.84691849 16.60437376 18.31287276 16.34965209 13.08797217 14.86481113
 14.8026839  14.93936382 14.72813121 13.7278827  16.28752485 17.3499006
 17.07032803 16.16327038 16.89015905 17.61083499 15.91476143 13.07554672
 13.37997018 16.00795229 14.59766402 15.54199801 16.85909543 16.36829026
 16.7472664  15.21272366 17.48036779 15.85263419 15.92718688 15.66003976
 17.16973161 13.69681909 15.52957256 13.99502982 16.46769384 13.40482107
 14.89587475 15.67246521 17.67296223 17.04547714 15.90233598 16.09493042
 16.29373757 16.65407555 15.36182903 13.87077535 12.90159046 12.10636183
 14.0944334  15.76565606 15.26242545 15.22514911 14.91451292 15.62276342
 16.11978131 15.44880716 15.06361829 15.722167   16.02659046 17.48036779
 14.15656064 13.43588469 14.75919483 15.04498012 15.02012922 14.51689861
 15.31833996 15.66003976 17.56734592 16.42420477 17.39960239 16.72862823
 16.24403579 16.59194831 14.08200795 14.24353877 16.23161034 15.43016899
 15.28727634 13.57256461 13.97017893 17.6916004  15.13195825 16.69135189
 15.67246521 17.902833   15.13195825 15.84020875 14.74055666 12.84567594
 14.71570577 15.91476143 14.41128231 15.83399602 15.04498012 14.41128231
 15.77808151 14.69085487 17.07654076 16.05765408 16.80939364 16.83424453
 16.43663022 14.24975149]",22197.007367956874
2025-06-15 03:38:00+00:00,218,2083.91,9.0,15.604852454592523,15.473378479125246,18.288021868787276,"[15.38667992 14.42370775 15.52335984 14.78404573 14.66600398 15.58548708
 16.21297217 15.92718688 17.00198807 15.86505964 16.05144135 18.2693837
 15.85263419 12.15606362 14.79647117 13.86456262 14.92072565 15.3556163
 14.85859841 14.21247515 16.25024851 15.98310139 14.66600398 16.21297217
 16.92122266 18.28802187 16.15084493 15.36182903 13.79622266 13.72166998
 15.36182903 15.56684891 14.64736581 16.79075547 15.64140159 16.97713718
 16.55467197 16.25024851 15.71595427 16.11978131 15.41774354 14.46719682
 13.77758449 15.07604374 13.10661034 16.48633201 16.21918489 14.13792247
 15.41153082 16.07007952 15.6165507  16.72862823 15.41153082 13.93911531
 16.28752485 17.94632207 14.57902584 14.74676938 15.13195825 15.23757455
 13.69060636 14.92072565 15.39289264 15.07604374 14.07579523 15.56684891
 16.70999006 16.81560636 17.6667495  18.13270378 12.7027833  14.63494036
 14.81510934 15.41774354 15.17544732 15.19408549 15.40531809 15.45501988
 14.75919483 16.21297217 14.4609841  16.08250497 15.28727634 18.17619284
 13.49801193 15.33697813 13.85213718 14.95800199 14.35536779 17.10760437
 16.07007952 15.79671968 14.4609841  15.10089463 15.56063618 14.38021869
 16.21297217 15.60412525 16.44905567 14.19383698 15.25       15.81535785
 15.60412525 14.37400596 15.22514911 15.62897614 15.56063618 17.2194334
 16.20675944 16.00795229 16.33722664 16.34965209 17.35611332 13.60984095
 14.15656064 16.42420477 14.50447316 15.84020875 15.59791252 15.8277833
 14.87102386 15.67867793 14.36158052 15.72837972 17.87798211 15.40531809
 15.23757455 13.07554672 15.4612326  13.68439364 14.26217694 15.36804175
 15.76565606 16.64786282 15.87748509 15.89612326 16.03280318 16.88394632
 15.91476143 16.57952286 16.09493042 13.82728628 14.83996024 16.21918489
 15.15059642 16.46769384 14.62251491 15.66003976 15.75323062 14.41128231
 14.59145129 14.82753479 15.23136183 16.31858847 16.81560636 18.21968191
 13.74652087 14.10685885 14.88966203 14.60387674 14.91451292 14.04473161
 16.05144135 16.79075547 16.6167992  16.08250497 15.06983101 15.60412525
 14.89587475 16.28752485 14.85238569 15.19408549 12.98856859 16.34343936
 15.46744533 15.4860835  17.82206759 15.29970179 17.12002982 17.07654076
 14.62251491 16.37450298 17.38717694 14.67842942 14.11928429 14.83996024
 13.36754473 16.31237575 15.88991054 14.48583499 14.64115308 14.83996024
 16.194334   16.60437376 15.92097416 14.45477137 16.10114314 16.95849901
 15.69110338 14.02609344]",22097.19437208475
2025-06-15 03:39:00+00:00,219,2150.0600000000004,9.0,15.800337576262764,15.678864314115309,19.36903578528827,"[14.04473161 16.17569583 16.20054672 14.57281312 15.15059642 16.29373757
 14.97664016 17.10139165 16.90879722 15.40531809 17.03926441 18.34393638
 16.92122266 15.20651093 17.49900596 14.50447316 14.85859841 15.06361829
 15.87127237 16.00173956 14.94557654 15.25621272 17.2194334  16.50497018
 15.63518887 16.95849901 16.87152087 15.88369781 14.47962227 14.16898608
 16.18812127 15.77186879 15.6165507  16.47390656 14.38643141 16.05144135
 17.23807157 16.0390159  16.69135189 15.04498012 16.23161034 13.37375746
 14.94557654 14.63494036 16.28131213 15.64761431 14.81510934 14.9083002
 17.66053678 15.22514911 15.76565606 16.87152087 16.72241551 17.42445328
 15.4860835  15.90854871 14.54796223 15.4612326  15.42395626 15.37425447
 15.41774354 14.19383698 16.58573559 16.54224652 15.88369781 14.56038767
 16.71620278 17.02683897 14.51068588 17.21322068 14.81510934 16.43663022
 15.43016899 15.16923459 14.29945328 16.41799205 14.49826044 14.28702783
 14.88966203 16.31858847 15.34319085 16.57952286 18.07678926 16.62922465
 15.03255467 16.0638668  12.75869781 15.15059642 13.82728628 13.78379722
 15.19408549 15.82157058 16.10735586 17.73508946 16.90879722 19.36903579
 16.95228628 16.82181909 16.72862823 15.33076541 16.32480119 14.85238569
 15.89612326 15.77808151 15.60412525 16.82803181 14.36779324 16.44905567
 15.34319085 15.34319085 16.57331014 14.8834493  17.49900596 15.72837972
 14.13792247 14.06336978 14.66600398 15.07604374 13.92668986 15.26242545
 15.02634195 14.4361332  15.67246521 16.21297217 15.77186879 16.95849901
 16.84666998 14.36158052 13.93290258 14.83996024 15.75323062 15.60412525
 16.77833002 15.70352883 17.02062624 16.35586481 16.49254473 16.90879722
 15.65382704 16.39935388 17.0889662  13.75894632 12.90780318 13.52286282
 15.40531809 14.2000497  15.25621272 17.10760437 14.58523857 15.36804175
 15.36804175 16.55467197 16.75347913 16.97713718 18.13270378 16.69135189
 14.45477137 15.16302187 15.13817097 15.74080517 16.37450298 14.24353877
 13.93911531 15.37425447 15.09468191 16.44905567 16.80318091 14.87102386
 17.08275348 16.54224652 14.74055666 16.03280318 13.91426441 15.1195328
 13.6471173  15.76565606 14.5417495  17.10760437 17.42445328 16.11356859
 14.01988072 15.06361829 16.55467197 14.15656064 14.47962227 15.64140159
 14.18141153 14.38021869 14.47962227 15.74080517 15.98310139 15.3804672
 16.93364811 16.2999503  15.31833996 16.57331014 17.23807157 15.85884692
 15.85884692 15.23757455]",22751.209395144702
2025-06-15 03:40:00+00:00,220,2086.88,9.0,15.614171247690003,15.482604373757454,19.692097415506957,"[14.57902584 14.29945328 14.2249006  13.87698807 15.47365805 15.44259443
 17.13245527 15.36804175 14.47340954 16.52360835 16.75969185 16.13220676
 15.99552684 14.777833   14.76540755 16.01416501 15.45501988 14.8834493
 16.04522863 14.76540755 16.18812127 15.13195825 15.74701789 15.52957256
 15.54199801 15.38667992 16.62922465 14.69085487 15.21893638 13.6471173
 13.92668986 13.43588469 15.34940358 16.2750994  15.39289264 17.57977137
 16.05765408 15.80293241 13.98260437 14.41128231 16.48633201 16.38071571
 14.6722167  13.97639165 13.91426441 15.61033797 14.67842942 13.54150099
 13.87077535 14.13792247 15.71595427 15.84642147 16.00795229 15.47987078
 17.92147117 15.56684891 15.08846918 14.49826044 15.38667992 15.90854871
 14.76540755 15.46744533 14.56038767 16.0390159  13.6471173  16.29373757
 17.86555666 17.34368787 17.89662028 18.01466203 15.34940358 15.94582505
 15.34940358 17.09517893 15.54199801 14.75919483 14.41128231 15.4612326
 15.98310139 16.04522863 15.722167   15.80293241 17.73508946 17.27534791
 15.18787276 15.28106362 15.78429423 13.85213718 14.39885686 15.64140159
 15.00770378 14.76540755 15.58548708 14.80889662 14.75298211 15.54821074
 14.32430417 16.8528827  17.4555169  15.92097416 14.15034791 14.89587475
 12.61580517 15.78429423 15.05740557 15.20029821 14.36158052 15.9333996
 16.95228628 15.45501988 13.82107356 17.54249503 15.80293241 14.78404573
 13.44831014 15.31833996 13.81486083 15.0387674  14.84617296 15.63518887
 14.80889662 16.07629225 17.0889662  18.22589463 17.57977137 16.46148111
 19.69209742 15.57927435 14.777833   14.21868787 15.00770378 14.47340954
 14.63494036 15.71595427 15.25       18.83474155 14.07579523 16.36829026
 16.36829026 14.03851889 16.14463221 15.10089463 16.43663022 14.66600398
 16.05144135 14.70949304 15.64140159 14.6722167  14.05094433 16.29373757
 16.90258449 15.86505964 17.24428429 16.56088469 15.10710736 14.64115308
 13.18116302 13.64090457 15.19408549 15.32455268 16.36207753 13.7278827
 15.32455268 16.36207753 16.1694831  16.90879722 15.93961233 17.17594433
 18.33772366 16.52982107 15.18166004 14.49826044 14.31187873 13.56013917
 15.06361829 14.75298211 15.4612326  15.40531809 17.02062624 17.89040755
 15.80914513 15.33076541 16.6167992  15.3804672  14.13170974 15.82157058
 13.35511928 13.83349901 15.23757455 13.71545726 14.77162028 15.722167
 15.45501988 14.9083002  15.3556163  17.13866799 16.28131213 15.6973161
 16.83424453 14.83374751]",22128.37132627167
2025-06-15 03:41:00+00:00,221,2151.9700000000003,9.0,15.80654233033095,15.68479746520875,18.63593439363817,"[16.08871769 13.90805169 15.23136183 16.00795229 13.81486083 16.89015905
 16.04522863 16.75969185 14.95178926 16.41177932 15.33076541 14.07579523
 16.82803181 15.6165507  14.81510934 16.1694831  16.33722664 12.87052684
 15.0387674  16.25024851 14.00124254 14.92072565 16.92743539 16.33722664
 17.81585487 16.05144135 17.03926441 12.67793241 14.73434394 13.60984095
 14.36779324 14.4609841  15.25       15.26863817 17.46794235 18.0333002
 15.5916998  17.3499006  17.30019881 15.25621272 18.08300199 15.37425447
 14.52311133 15.4860835  15.29348907 16.62301193 15.04498012 15.19408549
 14.72191849 15.10089463 16.1694831  15.87127237 15.67246521 16.08871769
 14.6722167  16.95849901 16.33722664 15.92097416 14.99527833 15.56063618
 14.28081511 14.76540755 14.05715706 14.79025845 14.39885686 15.02012922
 17.04547714 16.57331014 17.89040755 16.69756461 14.98906561 12.16227634
 13.23707753 13.46694831 14.18141153 15.3804672  12.95129225 16.75347913
 17.02683897 16.46148111 15.94582505 16.46148111 16.52360835 17.42445328
 14.68464215 14.57281312 15.33076541 14.32430417 15.84642147 15.19408549
 15.28727634 15.68489066 16.29373757 14.42370775 17.47415507 17.53006958
 16.10114314 18.63593439 14.95178926 15.6165507  14.12549702 14.92693837
 16.61058648 16.38692843 17.37475149 17.41202783 15.63518887 16.71620278
 15.1195328  15.20651093 15.49229622 15.67867793 16.75347913 13.47316103
 14.65357853 14.41128231 12.9388668  17.15730616 16.59816103 14.40506958
 17.44930417 16.38071571 16.07007952 16.93364811 15.3556163  16.54845924
 17.80964215 14.13792247 16.42420477 15.0139165  14.14413519 16.02659046
 14.69085487 15.29970179 14.01988072 16.98956262 17.902833   15.98931412
 17.24428429 16.36207753 16.16327038 14.38021869 16.31858847 15.73459245
 15.21893638 14.50447316 15.24378728 15.23757455 15.09468191 16.16327038
 15.50472167 17.31883698 17.57977137 16.25024851 17.41202783 16.05144135
 14.60387674 14.76540755 14.66600398 14.92072565 15.66625249 15.77808151
 15.92718688 16.94607356 16.08250497 15.98310139 16.49254473 17.97738569
 15.9582505  17.49900596 14.87723658 15.37425447 16.02659046 14.9083002
 15.10089463 14.12549702 17.16973161 15.28106362 14.00745527 15.51714712
 15.74701789 17.49279324 17.38717694 16.88394632 13.08797217 14.16277336
 13.6222664  17.31262425 15.88991054 15.82157058 15.37425447 15.05119284
 15.39910537 17.68538767 17.12624254 15.41774354 14.83996024 17.0889662
 17.48036779 14.35536779]",22771.968020355223
2025-06-15 03:42:00+00:00,222,2134.43,9.0,15.755075694454769,15.630311878727634,18.753976143141152,"[15.90233598 15.54821074 15.23757455 15.82157058 15.43016899 15.58548708
 14.11307157 15.74701789 16.88394632 16.62301193 16.49875746 15.44880716
 16.194334   13.32405567 14.305666   14.06336978 16.01416501 15.67246521
 16.0390159  14.29324056 16.20675944 15.10089463 16.194334   15.96446322
 16.11978131 15.92097416 16.56709742 15.722167   16.26267396 15.1443837
 14.4609841  14.10685885 16.12599404 15.39289264 16.61058648 15.17544732
 15.23757455 15.31212724 16.59816103 15.20651093 17.09517893 13.37375746
 14.6722167  14.95178926 14.31809145 15.27485089 15.51714712 15.56684891
 17.18836978 15.40531809 14.777833   16.78454274 15.92718688 17.21322068
 16.18812127 15.75944334 12.31138171 14.42370775 15.41153082 15.32455268
 16.67892644 15.13195825 14.74055666 16.79696819 15.99552684 15.94582505
 16.51739563 16.47390656 17.6916004  17.54249503 14.41128231 14.31187873
 14.87723658 14.95178926 16.25646123 15.10089463 14.5417495  16.82181909
 17.21322068 17.12624254 16.62922465 16.194334   16.71620278 17.28777336
 14.5666004  14.5666004  14.66600398 14.19383698 14.74055666 16.00173956
 16.51739563 14.64115308 15.1443837  16.47390656 15.84642147 16.54224652
 16.15705765 18.75397614 15.97688867 13.31163022 14.2000497  13.48558648
 14.13170974 14.83374751 17.03926441 16.23782306 14.6722167  14.99527833
 16.42420477 16.56709742 16.33101392 17.62326044 16.28752485 14.71570577
 15.29348907 14.32430417 15.55442346 15.07604374 15.34319085 15.25
 14.95800199 16.30616302 16.09493042 14.00745527 16.00795229 16.68513917
 17.87798211 15.68489066 13.3861829  15.57927435 14.85238569 15.51714712
 14.9083002  14.19383698 15.96446322 15.79050696 15.78429423 15.47987078
 16.11978131 15.98931412 14.93315109 14.92693837 14.13170974 15.52335984
 16.2750994  14.97664016 15.74701789 15.08225646 14.29324056 15.33697813
 16.5111829  16.00795229 15.80293241 16.38071571 16.59816103 17.47415507
 15.00149105 14.34915507 13.33026839 14.98906561 15.09468191 16.62922465
 18.00223658 16.59816103 12.78354871 15.77808151 15.98310139 14.74055666
 18.01466203 16.80318091 13.64090457 15.62276342 16.07007952 14.13792247
 15.0139165  16.44905567 16.54224652 16.13841948 15.1443837  16.47390656
 15.58548708 16.49875746 17.54870775 16.80939364 14.76540755 15.32455268
 16.84045726 13.88941352 15.56063618 14.49204771 17.49279324 16.72241551
 15.15680915 16.76590457 16.84666998 15.44259443 17.40581511 14.95800199
 16.15084493 15.18166004]",22599.781243367874
2025-06-15 03:43:00+00:00,223,2093.36,9.0,15.634178019341999,15.502733598409543,18.219681908548708,"[13.55392644 14.50447316 14.74055666 13.61605368 15.87748509 16.4055666
 15.73459245 16.69756461 16.74105368 17.02062624 16.92122266 17.10760437
 16.59194831 15.66003976 15.9333996  14.23732604 14.72191849 15.05119284
 16.37450298 17.17594433 14.67842942 14.93315109 15.44259443 16.30616302
 16.15084493 16.89015905 15.75944334 13.29299205 15.13817097 15.44880716
 14.41749503 16.0638668  15.36182903 12.7027833  15.65382704 16.56088469
 17.74751491 15.63518887 16.86530815 17.12624254 16.90879722 14.56038767
 15.77186879 16.15084493 14.95800199 15.25       15.51093439 15.64140159
 14.01366799 16.54845924 16.20675944 16.76590457 15.19408549 16.62301193
 15.94582505 15.4612326  15.43016899 14.51689861 14.21247515 13.93290258
 15.06983101 13.4110338  15.72837972 15.65382704 15.33076541 15.18787276
 16.11356859 15.15059642 14.75298211 17.95874751 13.29299205 14.87723658
 16.97092445 14.53553678 14.87102386 14.50447316 15.0139165  14.76540755
 15.87748509 15.60412525 16.17569583 16.46148111 15.52335984 16.94607356
 14.13792247 15.88369781 13.40482107 15.3804672  14.94557654 14.69085487
 14.42370775 15.16302187 16.71620278 15.5916998  17.18215706 15.56684891
 16.25024851 17.37475149 15.85884692 13.21222664 14.41749503 14.53553678
 15.49229622 15.52335984 16.36829026 14.08822068 16.70377734 13.57877734
 15.98310139 15.69110338 17.23185885 16.28752485 16.09493042 14.24975149
 13.47937376 13.21222664 15.31212724 16.32480119 15.58548708 14.87723658
 17.18215706 17.1138171  16.93986083 15.85263419 14.777833   17.51764414
 17.41824056 13.75894632 13.7527336  12.96371769 14.05094433 15.69110338
 14.84617296 15.49850895 17.31262425 15.74701789 14.20626243 15.15680915
 16.39935388 15.98931412 14.59145129 14.51068588 15.45501988 15.65382704
 15.85884692 14.52311133 14.85859841 16.21918489 16.41177932 15.29970179
 16.23161034 16.78454274 16.69756461 18.21968191 16.42420477 15.93961233
 14.88966203 13.60984095 16.33722664 14.85859841 15.10089463 13.55392644
 13.92047714 16.26267396 14.70949304 16.2999503  16.0638668  16.52360835
 16.08871769 15.90233598 14.05094433 13.44209742 17.13866799 16.0390159
 15.80293241 14.37400596 14.97664016 15.08846918 17.2194334  16.5360338
 16.87152087 14.87102386 16.00795229 16.28752485 14.2249006  15.25621272
 14.29324056 14.55417495 13.31163022 16.76590457 15.17544732 16.72862823
 13.10661034 17.9276839  15.63518887 16.37450298 15.47365805 16.43663022
 15.23136183 14.32430417]",22195.305981510595
2025-06-15 03:44:00+00:00,224,2136.58,9.0,15.762030835034164,15.63699055666004,18.238320079522865,"[14.4609841  13.59120278 14.777833   16.20054672 15.16302187 16.49254473
 17.22564612 15.6165507  15.70352883 16.54845924 17.50521869 15.66625249
 16.75969185 15.84642147 15.5916998  15.52957256 15.38667992 14.11307157
 14.89587475 16.49875746 15.9582505  15.4612326  16.18812127 16.97713718
 15.00770378 15.1195328  15.8277833  15.58548708 13.56013917 14.05094433
 15.98931412 15.33076541 15.36804175 15.13817097 16.67271372 14.95800199
 16.60437376 14.97042744 14.56038767 18.19483101 16.78454274 14.46719682
 14.16277336 14.8026839  15.31833996 14.89587475 12.9140159  15.84642147
 15.20029821 15.50472167 16.43663022 17.26292247 15.59791252 17.18836978
 16.7721173  16.93986083 13.46073559 15.93961233 15.3556163  14.75919483
 15.46744533 15.0139165  14.23111332 15.95203777 15.3556163  16.66650099
 17.02062624 15.90854871 17.85313121 15.85263419 14.49826044 14.01988072
 14.44234592 16.02659046 15.51714712 15.72837972 15.60412525 15.92718688
 16.67892644 16.4055666  16.92122266 15.76565606 15.5916998  16.86530815
 14.64115308 14.90208748 15.4612326  13.69681909 14.93315109 14.16898608
 14.29945328 16.23161034 15.1195328  16.13220676 16.20675944 16.46769384
 13.84592445 15.29970179 18.23832008 14.3305169  13.92047714 16.14463221
 15.67867793 15.18787276 15.77808151 16.36829026 17.2194334  15.88991054
 17.94632207 16.71620278 15.36804175 17.38096421 15.9582505  13.11903579
 14.0944334  15.85263419 14.98906561 16.56709742 16.00173956 16.17569583
 15.03255467 15.47987078 17.2194334  17.0889662  16.84045726 14.9083002
 16.54224652 14.26838966 13.66575547 14.34915507 14.95800199 14.34915507
 16.20675944 15.15059642 15.64140159 16.38692843 16.194334   15.70974155
 17.29398608 16.20054672 17.24428429 15.07604374 14.10685885 14.44855865
 14.72813121 14.98906561 14.39264414 15.28727634 16.22539761 16.10114314
 16.11978131 15.3556163  16.33722664 16.61058648 17.48658052 14.93936382
 14.88966203 16.32480119 15.86505964 15.33076541 15.4612326  15.82157058
 14.26838966 15.96446322 17.64811133 15.43016899 17.21322068 15.71595427
 16.39935388 15.60412525 14.19383698 15.79050696 14.52311133 15.22514911
 15.56063618 12.65929423 15.10089463 14.66600398 16.49254473 15.21272366
 16.38692843 17.37475149 16.69135189 16.39935388 15.80293241 15.64761431
 15.63518887 15.12574553 14.64115308 14.14413519 16.51739563 15.21272366
 14.17519881 17.74751491 16.71620278 17.0889662  16.0390159  17.21322068
 17.2194334  12.96993042]",22623.050361690293
2025-06-15 03:45:00+00:00,225,2136.6,9.0,15.762405569550578,15.637052683896618,18.82231610337972,"[14.18141153 15.31833996 15.3556163  15.92097416 14.99527833 14.70328032
 15.71595427 16.12599404 17.23185885 14.44234592 16.14463221 15.5916998
 15.47365805 15.4612326  14.3305169  15.57306163 14.3305169  15.32455268
 14.68464215 14.49204771 16.11356859 15.99552684 17.03305169 15.23757455
 17.13866799 16.91500994 17.39960239 13.10661034 14.11928429 16.09493042
 15.44880716 15.36804175 14.5417495  14.83374751 15.69110338 14.44234592
 15.43016899 16.69135189 16.0390159  16.29373757 16.77833002 13.83971173
 14.36158052 14.81510934 14.21247515 14.4361332  15.46744533 15.30591451
 16.39935388 15.79671968 16.21918489 14.33672962 16.30616302 17.41202783
 17.15730616 18.15755467 13.9639662  15.16302187 13.57256461 17.57977137
 14.58523857 15.83399602 15.65382704 13.74030815 16.13220676 15.74080517
 14.47340954 15.21272366 16.11356859 17.51764414 14.67842942 16.5111829
 14.33672962 14.04473161 15.57306163 15.52335984 15.92097416 14.62872763
 16.46148111 16.54224652 15.79671968 14.93315109 17.52385686 18.8223161
 15.57306163 15.20651093 16.26888668 14.40506958 16.34343936 16.59816103
 15.97688867 16.2750994  15.42395626 15.8277833  14.54796223 16.82803181
 14.29324056 16.87152087 17.55492048 15.06983101 14.50447316 14.39885686
 14.16898608 13.60362823 17.00198807 14.78404573 16.62301193 15.20651093
 16.48633201 15.68489066 15.36804175 16.9833499  16.0638668  14.28081511
 14.5417495  14.60387674 15.53578529 16.80939364 15.72837972 16.55467197
 14.64115308 16.66028827 15.20651093 17.2194334  16.70377734 17.33126243
 15.74080517 14.35536779 13.48558648 14.67842942 16.20054672 15.30591451
 14.70328032 15.80293241 16.21297217 15.88369781 18.07057654 18.78503976
 16.90258449 16.49254473 15.16302187 15.36182903 14.23111332 16.62301193
 14.05094433 14.27460239 15.31212724 16.07007952 15.80914513 15.04498012
 15.63518887 15.47365805 15.22514911 16.56709742 17.33747515 18.28180915
 14.63494036 15.28727634 15.46744533 15.79050696 15.02634195 14.28081511
 15.31833996 16.88394632 15.79050696 17.1138171  14.53553678 17.30019881
 15.3556163  15.70974155 14.65357853 12.4666998  14.60387674 13.11903579
 14.64736581 15.28727634 14.97042744 16.95849901 16.76590457 17.81585487
 18.62972167 17.78479125 17.07654076 15.49850895 16.07629225 15.87127237
 14.46719682 15.13195825 13.87077535 15.26863817 13.8832008  15.54199801
 14.79647117 15.22514911 16.26267396 16.32480119 16.66028827 17.48036779
 16.97713718 15.04498012]",22624.304073488413
2025-06-15 03:46:00+00:00,226,2155.87,9.0,15.819594898292038,15.696912276341948,18.92171968190855,"[14.64736581 15.68489066 15.34940358 14.70328032 14.93315109 16.11356859
 15.19408549 16.31237575 17.01441352 17.28777336 16.21297217 15.97067594
 17.03926441 14.26838966 14.34915507 15.64761431 15.20029821 15.41774354
 16.4055666  16.24403579 14.24975149 15.06983101 16.84666998 18.15134195
 15.49850895 16.79696819 17.83449304 15.18787276 13.8832008  16.04522863
 15.0387674  14.79025845 16.23782306 15.4860835  15.74701789 15.0139165
 15.26242545 15.66003976 16.76590457 16.82181909 15.08225646 15.20651093
 16.11978131 14.80889662 14.36158052 15.96446322 15.99552684 14.305666
 14.29945328 16.59816103 16.79075547 15.47987078 16.63543738 16.33101392
 18.32529821 17.77236581 14.60387674 14.777833   15.73459245 16.2999503
 16.28131213 16.36207753 13.08797217 15.11332008 15.43016899 16.79696819
 17.0889662  16.66650099 16.75969185 17.87798211 13.93911531 13.71545726
 16.47390656 14.96421471 16.1694831  15.12574553 15.40531809 14.67842942
 16.42420477 15.3556163  14.99527833 15.24378728 18.54895626 17.6916004
 13.19980119 15.82157058 13.97017893 14.4609841  15.08225646 14.76540755
 13.51043738 17.44930417 14.6722167  15.39289264 16.51739563 14.90208748
 16.80939364 16.02037773 15.97688867 13.25571571 15.20029821 16.23161034
 15.83399602 15.10089463 16.16327038 16.14463221 15.29348907 16.08250497
 14.49204771 16.52360835 16.17569583 15.81535785 16.87152087 14.91451292
 15.00149105 15.57927435 15.45501988 15.08846918 15.08846918 14.28702783
 13.18116302 16.15705765 17.26292247 16.98956262 16.71620278 15.33076541
 17.26913519 14.12549702 14.93936382 15.79050696 16.07629225 15.94582505
 14.54796223 14.98285288 15.72837972 16.97713718 17.46172962 16.25646123
 16.37450298 17.49279324 17.39960239 14.56038767 14.52932406 13.94532803
 15.722167   14.91451292 14.69085487 15.69110338 15.21272366 15.05119284
 16.12599404 17.48658052 17.46794235 16.10114314 18.92171968 16.1694831
 15.26863817 14.15034791 15.43638171 14.777833   14.61630219 16.194334
 16.28752485 16.14463221 15.66625249 18.87823062 16.24403579 17.67296223
 14.51068588 16.59816103 14.305666   15.06983101 15.20029821 13.8832008
 16.54845924 15.00149105 16.05144135 16.39935388 14.63494036 15.67867793
 14.90208748 14.70949304 16.41799205 18.23210736 14.23732604 14.08822068
 13.99502982 14.88966203 13.75894632 15.6165507  13.42967197 16.7472664
 17.31883698 15.73459245 15.51093439 15.29348907 17.74130219 17.36232604
 16.21297217 15.1443837 ]",22815.636691725842
2025-06-15 03:47:00+00:00,227,2102.52,9.0,15.662486426943529,15.531187872763418,18.406063618290258,"[14.38643141 14.62872763 14.83996024 15.89612326 15.02012922 15.76565606
 15.95203777 16.9833499  14.54796223 16.87152087 15.1443837  17.26913519
 16.92122266 14.21868787 16.10114314 15.88369781 14.72813121 15.80914513
 15.16923459 15.56063618 15.6973161  14.18141153 16.44284294 15.36182903
 17.28777336 17.00198807 16.6416501  14.5666004  13.01963221 13.53528827
 14.48583499 15.62276342 15.69110338 15.67246521 16.04522863 14.12549702
 14.42992048 15.08225646 15.79671968 15.65382704 16.66650099 13.92668986
 13.75894632 14.2000497  15.1195328  15.32455268 16.08871769 15.93961233
 15.31833996 15.51714712 15.92097416 15.62897614 15.50472167 17.09517893
 17.73508946 16.12599404 14.00124254 16.02659046 13.54771372 14.52932406
 14.48583499 15.40531809 17.0082008  14.44855865 15.45501988 15.6973161
 15.722167   16.8777336  18.34393638 18.40606362 14.48583499 14.70949304
 14.49826044 15.26863817 16.26888668 16.26888668 14.01988072 15.25621272
 16.07629225 15.84642147 15.30591451 15.67246521 17.06411531 15.75323062
 14.26217694 15.60412525 15.33697813 13.7527336  14.75919483 15.07604374
 16.92743539 17.18215706 15.78429423 14.63494036 15.34319085 16.8528827
 16.33722664 15.9333996  16.34343936 15.29348907 13.60362823 14.85238569
 15.88369781 17.28777336 16.16327038 16.59816103 14.71570577 16.37450298
 17.49900596 15.06361829 16.62922465 17.37475149 16.26267396 13.21222664
 14.36158052 14.55417495 13.50422465 13.9888171  14.65979125 15.65382704
 14.27460239 17.48036779 15.60412525 14.85238569 16.82803181 17.15730616
 14.97664016 12.26167992 14.85859841 16.22539761 15.28727634 16.03280318
 14.87723658 15.45501988 15.17544732 15.89612326 16.26888668 15.27485089
 16.59194831 17.72887674 15.91476143 13.95775348 15.85884692 14.57902584
 16.4304175  14.32430417 14.17519881 15.96446322 14.75298211 15.00770378
 15.20651093 15.00149105 15.56684891 16.23161034 16.96471173 15.51093439
 14.38021869 13.27435388 14.05715706 14.93315109 14.87723658 15.02634195
 14.26217694 14.99527833 15.95203777 15.23757455 16.33722664 17.13866799
 16.08250497 16.48633201 14.69706759 14.97042744 14.80889662 16.48633201
 15.39910537 15.28727634 14.02609344 16.69135189 17.04547714 17.60462227
 13.95154076 15.58548708 16.21918489 16.63543738 16.05765408 14.85238569
 15.53578529 16.11356859 13.69060636 15.41153082 17.08275348 15.51714712
 15.97688867 16.60437376 15.20651093 16.46769384 17.08275348 15.00149105
 17.71645129 14.88966203]",22290.014589982275
2025-06-15 03:48:00+00:00,228,2111.71,9.0,15.689943220798382,15.559735337972166,18.430914512922463,"[16.6167992  14.47962227 13.91426441 14.68464215 14.79647117 16.80318091
 15.93961233 15.88369781 15.79671968 15.37425447 17.20700795 14.66600398
 16.14463221 14.00124254 12.95129225 14.98906561 15.75944334 15.02012922
 15.49229622 15.10089463 15.56063618 15.10089463 15.92097416 15.83399602
 16.83424453 16.65407555 16.82803181 14.73434394 15.15059642 15.44880716
 15.00149105 14.49204771 15.87748509 15.56684891 15.51714712 15.52335984
 16.03280318 15.70974155 14.39885686 17.16351889 17.08275348 13.54771372
 14.36779324 14.55417495 14.41128231 15.82157058 16.00173956 16.17569583
 16.07007952 16.93364811 15.86505964 18.43091451 15.16302187 16.4304175
 16.66028827 15.91476143 15.23757455 14.38643141 15.47987078 15.73459245
 15.78429423 17.00198807 15.58548708 17.68538767 15.08225646 15.1443837
 15.64761431 17.75994036 16.21297217 16.84666998 15.05740557 14.36158052
 14.6722167  15.59791252 15.63518887 15.4860835  15.71595427 15.79050696
 15.54821074 16.11356859 15.26863817 14.90208748 15.65382704 15.33076541
 14.54796223 14.36779324 13.75894632 16.09493042 15.24378728 18.32529821
 15.85884692 15.39289264 14.69706759 16.02659046 18.04572565 14.51068588
 16.84045726 18.00223658 15.47365805 12.80218688 14.66600398 14.63494036
 15.15680915 13.46073559 15.78429423 15.32455268 15.6165507  15.3556163
 17.33747515 16.00795229 15.97067594 16.45526839 16.56709742 14.64736581
 14.14413519 15.10089463 15.3556163  15.74701789 14.45477137 15.34940358
 17.05168986 15.75944334 16.29373757 16.41799205 16.39935388 16.28131213
 17.34368787 12.45427435 15.70974155 16.36207753 16.00795229 14.55417495
 17.72887674 13.37997018 14.75298211 13.93911531 16.01416501 15.60412525
 17.16351889 15.04498012 14.77162028 15.03255467 14.65357853 15.63518887
 14.42370775 16.36207753 16.29373757 14.69085487 15.21893638 14.95800199
 16.76590457 15.51714712 16.59816103 17.24428429 15.54821074 16.0638668
 13.93290258 15.21272366 15.41774354 15.10089463 14.47962227 15.3556163
 15.29970179 15.46744533 17.05168986 16.58573559 15.66625249 15.84020875
 16.79075547 16.69135189 13.65954274 13.60984095 14.19383698 14.38021869
 14.03851889 15.46744533 14.98906561 16.13220676 15.15680915 17.00198807
 14.71570577 14.60387674 16.56709742 16.44284294 15.08846918 13.75894632
 15.17544732 17.00198807 15.47987078 16.11356859 17.15730616 15.45501988
 16.50497018 15.67867793 15.20029821 14.63494036 15.98310139 15.43638171
 15.74080517 15.39289264]",22381.87403950307
2025-06-15 03:49:00+00:00,229,2141.24,9.0,15.777431227720633,15.651466202783302,18.909294234592444,"[14.54796223 14.24975149 13.9639662  14.81510934 15.15059642 14.04473161
 15.77186879 15.88991054 18.38121272 14.97664016 15.74080517 14.61630219
 17.94632207 13.88941352 14.34915507 14.14413519 14.36779324 16.8777336
 14.83374751 15.53578529 15.36804175 15.93961233 17.18836978 17.08275348
 15.66003976 14.777833   14.19383698 15.0139165  14.39885686 14.29324056
 14.79647117 14.12549702 14.69085487 16.59194831 16.69756461 16.98956262
 15.9333996  14.8026839  17.33747515 16.00795229 16.41177932 14.34294235
 15.17544732 14.70949304 14.76540755 14.67842942 16.5111829  15.84642147
 16.64786282 16.90258449 16.4055666  16.24403579 16.25024851 15.13817097
 16.95849901 17.47415507 14.96421471 13.99502982 13.34890656 16.96471173
 15.56684891 15.90854871 15.8277833  15.80293241 15.9333996  15.0387674
 17.40581511 15.74701789 16.85909543 18.08300199 14.66600398 14.14413519
 15.56684891 15.55442346 14.10064612 15.76565606 15.12574553 15.34940358
 16.20054672 16.62922465 17.1138171  17.84691849 16.66028827 17.49279324
 15.12574553 14.07579523 15.36182903 16.11356859 14.47962227 15.97067594
 15.11332008 16.04522863 15.26242545 15.65382704 16.8528827  15.92718688
 15.41153082 15.86505964 16.66028827 13.78379722 14.28702783 16.38692843
 12.97614314 15.25       15.4612326  14.57281312 16.05765408 16.84666998
 14.66600398 15.70352883 16.75347913 15.75944334 16.02037773 14.91451292
 13.52907555 14.79647117 17.5859841  13.54771372 14.20626243 15.98310139
 16.33101392 15.34319085 14.50447316 16.194334   15.80293241 17.5611332
 18.07678926 12.78976143 15.62897614 15.1443837  14.81510934 13.91426441
 16.94607356 14.59766402 16.44905567 16.15705765 15.44259443 15.4860835
 18.39363817 18.90929423 16.0638668  15.39910537 16.49254473 14.79647117
 14.11928429 15.50472167 14.25596421 14.59145129 17.02062624 16.17569583
 17.44930417 16.5360338  15.87127237 15.51093439 18.85337972 16.81560636
 13.69681909 15.42395626 15.23136183 13.32405567 14.97042744 15.36182903
 15.25621272 16.62301193 15.92718688 15.18787276 17.01441352 15.33076541
 17.20079523 17.80964215 14.96421471 15.37425447 16.05765408 16.00795229
 15.62276342 14.21868787 16.26888668 17.17594433 15.67867793 15.25621272
 17.24428429 13.95775348 16.82803181 16.28131213 13.76515905 14.65357853
 15.18787276 14.83374751 15.88369781 14.46719682 15.28106362 17.41824056
 15.20651093 15.33697813 17.23185885 17.05790258 17.12624254 16.33722664
 16.7721173  13.37997018]",22674.573915462148
2025-06-15 03:50:00+00:00,230,2114.6099999999997,9.0,15.69919559524255,15.568743787276341,18.07678926441352,"[14.90208748 17.59219682 14.29945328 17.06411531 16.05765408 15.51093439
 14.34915507 15.87748509 14.85859841 15.64761431 15.34319085 15.75944334
 16.70999006 13.53528827 13.40482107 16.68513917 16.20054672 14.55417495
 14.65979125 15.00770378 16.66028827 16.93364811 15.52335984 15.4860835
 16.39935388 16.56709742 16.52982107 14.16277336 15.81535785 15.54821074
 14.99527833 14.10685885 15.34940358 14.98906561 15.33076541 17.02683897
 16.02037773 17.0889662  17.430666   16.62301193 16.17569583 12.3362326
 15.90854871 15.22514911 14.31809145 18.07678926 14.5666004  16.81560636
 15.29348907 15.41774354 14.77162028 14.41749503 16.55467197 16.31237575
 17.06411531 15.99552684 12.94507952 14.80889662 15.41153082 17.02062624
 16.08250497 15.32455268 15.47987078 15.13195825 16.6416501  16.10114314
 17.28777336 16.46148111 16.39935388 17.06411531 13.34269384 14.5666004
 15.68489066 14.5666004  15.12574553 15.57306163 14.49826044 15.86505964
 15.6973161  16.194334   15.80914513 16.63543738 16.93364811 16.60437376
 15.06361829 14.80889662 14.0944334  15.69110338 15.05119284 15.28727634
 15.9582505  14.73434394 16.41177932 12.94507952 15.96446322 16.0638668
 17.0082008  15.84020875 17.5611332  14.04473161 14.63494036 15.53578529
 14.78404573 15.54821074 15.69110338 14.88966203 16.12599404 15.39910537
 16.5111829  15.54821074 16.51739563 15.66625249 17.25049702 13.51043738
 15.25       15.73459245 15.90233598 15.54199801 14.98285288 15.16923459
 16.49254473 16.78454274 15.0387674  14.72191849 15.25621272 17.38096421
 17.62326044 13.69060636 14.46719682 14.8834493  14.39264414 15.05119284
 15.13195825 15.54821074 15.94582505 16.36829026 16.48633201 14.85859841
 17.5611332  16.66028827 17.20079523 13.77758449 13.21222664 13.92668986
 14.2000497  14.66600398 15.37425447 14.79647117 15.52957256 16.46148111
 16.194334   16.87152087 15.58548708 15.66003976 16.80318091 17.5611332
 15.51093439 13.6471173  14.70949304 16.46148111 15.25621272 16.52982107
 14.0944334  15.9333996  15.79050696 16.02037773 15.80914513 16.194334
 16.80939364 15.28106362 14.39264414 14.28702783 14.70949304 14.32430417
 14.34294235 15.4612326  15.21272366 15.16923459 16.02659046 16.67271372
 16.33101392 16.63543738 16.58573559 16.54224652 12.92644135 14.96421471
 15.66625249 15.57306163 13.85213718 15.39289264 15.53578529 17.13866799
 14.06336978 16.08250497 15.00149105 14.83374751 16.31858847 15.97688867
 17.28777336 14.39264414]",22412.82878344347
2025-06-15 03:51:00+00:00,231,2125.13,9.0,15.730598207841117,15.601422713717692,18.468190854870777,"[15.79050696 15.25       16.26888668 16.71620278 15.00770378 16.6167992
 14.91451292 14.63494036 16.33722664 15.85884692 14.75919483 16.62301193
 16.7721173  14.11307157 15.59791252 14.01366799 13.35511928 15.43638171
 16.10114314 15.67246521 16.85909543 17.29398608 17.24428429 16.09493042
 17.94010934 16.63543738 15.89612326 13.65954274 15.03255467 15.44880716
 15.20029821 15.29348907 16.48633201 16.6416501  14.33672962 13.93290258
 16.1694831  17.40581511 17.17594433 17.05790258 16.31858847 13.86456262
 17.28156064 15.36182903 16.41799205 14.10685885 15.17544732 14.36158052
 16.2750994  17.02062624 15.20029821 15.22514911 16.58573559 18.46819085
 15.88369781 16.62922465 12.97614314 14.70949304 16.13220676 15.42395626
 14.92693837 15.83399602 16.90258449 15.30591451 14.97664016 15.23136183
 17.13245527 16.34343936 17.31262425 17.12002982 13.24329026 15.06361829
 14.59145129 15.13195825 15.44880716 15.65382704 15.57306163 15.74701789
 16.5360338  14.82132207 14.78404573 16.90879722 15.55442346 15.57927435
 14.58523857 15.1443837  14.37400596 14.74055666 14.4609841  13.43588469
 14.78404573 16.7472664  16.31858847 16.33722664 16.0390159  17.52385686
 15.0387674  16.21297217 18.46197813 14.40506958 14.16277336 16.00795229
 15.23136183 14.87723658 15.74080517 14.87723658 17.72266402 15.09468191
 16.01416501 16.94607356 17.41824056 15.88369781 16.60437376 13.52907555
 14.0695825  15.69110338 16.22539761 16.7721173  16.36207753 15.87127237
 15.85263419 15.05740557 16.31237575 16.47390656 16.82181909 15.66625249
 15.52335984 13.9639662  16.23782306 14.19383698 14.10685885 16.82181909
 15.04498012 16.21297217 15.31833996 14.95800199 15.82157058 16.43663022
 16.0638668  17.22564612 16.00795229 15.75944334 13.48558648 14.67842942
 14.45477137 14.28081511 13.90183897 16.69756461 16.5360338  14.89587475
 16.46148111 15.63518887 17.28156064 16.26888668 16.05144135 16.52360835
 14.64736581 15.96446322 15.04498012 16.02659046 13.44831014 13.92668986
 14.92072565 16.65407555 15.05119284 15.30591451 12.60959245 16.71620278
 16.48011928 13.54150099 14.24975149 12.10636183 14.82753479 15.52957256
 15.13195825 15.87748509 14.83374751 17.0889662  16.23161034 14.55417495
 16.97092445 15.17544732 16.39935388 17.04547714 14.33672962 15.11332008
 15.02634195 16.79696819 14.61008946 15.41774354 13.49801193 16.30616302
 15.06983101 15.42395626 16.21918489 15.98931412 15.57927435 14.94557654
 16.80318091 15.25621272]",22517.88936415324
2025-06-15 03:52:00+00:00,232,2103.41,9.0,15.666866133757225,15.53395253479125,18.859592445328033,"[15.84020875 14.26838966 14.45477137 14.21247515 14.36779324 15.62276342
 15.85263419 16.7721173  16.07007952 16.22539761 15.74701789 17.49279324
 17.71023857 14.31809145 13.36754473 16.5360338  16.29373757 14.15656064
 17.54249503 15.08225646 15.88369781 16.1694831  14.66600398 15.1443837
 16.44284294 15.59791252 16.91500994 14.67842942 13.07554672 14.57902584
 13.65954274 14.57902584 13.83971173 15.31212724 16.02037773 16.05144135
 17.82828032 17.46794235 15.84642147 16.03280318 17.85313121 15.6165507
 14.42992048 14.10064612 15.80914513 16.08871769 14.74055666 15.73459245
 14.90208748 14.70328032 14.42992048 13.87077535 15.32455268 17.83449304
 16.80939364 17.43687873 13.90183897 13.39860835 14.99527833 14.03851889
 14.68464215 14.84617296 16.42420477 14.03230616 15.56063618 15.44259443
 15.98931412 17.07032803 16.94607356 17.90904573 14.75919483 12.87673956
 15.68489066 14.03851889 16.49254473 16.07007952 15.53578529 14.98285288
 15.34319085 16.43663022 15.9582505  16.94607356 15.71595427 15.4860835
 13.65333002 13.25571571 15.12574553 15.57306163 13.33026839 15.24378728
 15.26242545 13.49801193 16.13220676 16.26888668 16.56709742 15.95203777
 14.71570577 16.62301193 17.6667495  14.2249006  14.4361332  14.67842942
 16.1694831  16.67892644 14.39264414 15.09468191 15.95203777 15.34319085
 16.34343936 13.09418489 16.0390159  17.79100398 16.80939364 14.75919483
 13.77137177 15.67867793 15.36182903 14.38021869 15.81535785 14.44234592
 17.53628231 16.94607356 15.00149105 15.72837972 15.9333996  16.28131213
 15.13195825 15.50472167 15.06361829 14.96421471 14.6722167  15.06983101
 14.88966203 17.94010934 15.63518887 14.74055666 15.5916998  16.41177932
 16.71620278 15.94582505 15.95203777 14.98285288 14.19383698 14.83374751
 15.10710736 15.06983101 14.52932406 16.04522863 14.55417495 15.49850895
 15.43016899 17.21322068 17.18836978 15.95203777 15.82157058 15.80293241
 15.19408549 13.92047714 13.81486083 13.77137177 15.16923459 14.19383698
 15.81535785 14.85238569 16.67892644 16.43663022 17.54870775 14.71570577
 17.48658052 17.44930417 14.98906561 14.92693837 12.62201789 16.45526839
 14.66600398 15.39910537 15.67246521 15.28106362 14.87723658 15.33076541
 17.98359841 16.66650099 17.89040755 16.21297217 15.32455268 14.92072565
 14.80889662 15.15680915 16.69756461 15.64761431 14.88966203 14.54796223
 17.03926441 15.34940358 17.74130219 18.85959245 15.67867793 16.20054672
 17.71645129 13.21222664]",22304.667337098173
2025-06-15 03:53:00+00:00,233,2108.15,9.0,15.681225633445123,15.548676689860836,18.71048707753479,"[13.85213718 16.36829026 14.85238569 14.50447316 14.18141153 16.75347913
 15.34319085 16.05144135 14.6722167  17.66053678 16.66650099 16.44284294
 16.194334   14.97042744 16.81560636 14.83996024 15.43638171 14.83374751
 16.25646123 15.08846918 16.38692843 15.77808151 14.33672962 17.02062624
 16.30616302 16.00173956 15.43638171 15.26242545 13.80864811 15.50472167
 14.20626243 14.15656064 15.15059642 16.32480119 15.64761431 13.57877734
 15.98310139 15.33697813 16.33722664 15.00770378 15.56684891 15.69110338
 14.41128231 17.51764414 14.08200795 16.03280318 14.36779324 15.23136183
 15.62897614 16.12599404 17.1945825  14.08822068 16.46769384 16.2750994
 16.08871769 16.10735586 14.56038767 13.59741551 12.64065606 15.24378728
 16.10114314 15.78429423 16.18190855 16.33101392 14.777833   17.64811133
 15.36182903 15.98310139 16.88394632 16.48633201 14.42992048 13.16252485
 14.51689861 14.305666   15.19408549 15.40531809 14.67842942 16.79696819
 15.68489066 17.75372763 13.65333002 16.84666998 17.51764414 17.05168986
 14.57281312 14.4361332  15.02012922 14.29945328 13.58499006 15.00770378
 17.5611332  13.89562624 14.36779324 14.12549702 15.3556163  16.6167992
 15.74080517 15.82157058 16.84045726 13.56635189 13.29299205 14.27460239
 14.57281312 15.28106362 15.17544732 13.46073559 14.80889662 14.88966203
 17.53628231 16.7721173  16.07007952 17.39960239 17.2194334  15.44880716
 14.10064612 15.26242545 16.94607356 14.93315109 15.02012922 15.44880716
 14.93315109 13.86456262 14.67842942 15.97067594 14.8026839  17.18836978
 18.06436382 13.77758449 14.81510934 16.37450298 15.86505964 15.84642147
 14.38643141 15.20651093 14.3305169  16.30616302 17.06411531 15.54199801
 15.96446322 16.75969185 17.81585487 14.07579523 14.94557654 16.75969185
 15.33697813 15.72837972 13.91426441 15.56063618 14.77162028 14.73434394
 16.38071571 16.75969185 16.64786282 18.35014911 16.67892644 16.73484095
 15.55442346 16.04522863 15.74701789 14.82753479 14.50447316 14.77162028
 14.83374751 17.2194334  14.85859841 15.62897614 15.33076541 16.61058648
 16.6167992  16.42420477 14.32430417 13.78379722 15.06983101 16.28752485
 15.89612326 15.64140159 14.10685885 16.55467197 17.63568588 17.44930417
 16.79696819 17.30641153 17.2194334  16.48011928 14.10685885 14.08822068
 13.64090457 15.00149105 16.31237575 15.3804672  15.33697813 15.06983101
 15.56063618 14.33672962 14.85859841 16.0638668  18.71048708 17.16351889
 15.04498012 15.05740557]",22352.708479254004
2025-06-15 03:54:00+00:00,234,2156.61,9.0,15.824611714741527,15.699210984095428,18.505467196819083,"[15.90233598 13.87077535 16.08250497 14.89587475 15.07604374 15.26242545
 15.55442346 17.63568588 15.05119284 15.56684891 14.94557654 16.7472664
 14.24353877 14.90208748 15.45501988 15.44880716 14.55417495 14.95800199
 15.02634195 15.97688867 14.89587475 17.81585487 16.14463221 16.24403579
 15.29348907 17.23807157 16.0638668  13.65954274 14.63494036 14.85859841
 14.85238569 14.84617296 14.8026839  15.41774354 14.64736581 14.75298211
 14.71570577 17.03305169 16.38692843 16.49254473 17.54870775 15.06983101
 14.23111332 15.3556163  14.82132207 15.1195328  15.43016899 15.4860835
 16.10735586 15.75944334 16.8528827  17.22564612 16.68513917 17.21322068
 17.4555169  15.05119284 14.80889662 14.62251491 16.15084493 15.91476143
 16.95849901 17.05168986 17.36232604 16.65407555 15.52335984 15.92097416
 15.74080517 16.7721173  16.36207753 17.902833   15.41774354 14.69706759
 13.57877734 15.29348907 16.6167992  14.27460239 18.02087475 16.29373757
 15.65382704 16.75347913 17.59840954 17.12624254 16.62922465 15.66003976
 15.06983101 13.59741551 14.75298211 14.06336978 14.45477137 14.97664016
 17.07032803 17.4555169  15.06361829 15.47987078 15.76565606 15.90233598
 15.99552684 16.72862823 17.60462227 13.93290258 15.10710736 14.49826044
 14.21868787 16.84666998 15.67867793 14.33672962 15.6165507  16.11356859
 16.45526839 16.82803181 16.23161034 14.53553678 17.67296223 15.09468191
 15.19408549 14.74055666 14.25596421 16.66650099 15.15059642 15.28106362
 14.9083002  13.70303181 14.16277336 14.49204771 18.2445328  16.5111829
 15.97688867 16.84045726 14.34915507 14.39885686 15.49229622 17.48658052
 15.49850895 15.87748509 14.82753479 15.97688867 14.85859841 16.08871769
 17.28156064 17.44309145 16.62301193 14.49826044 15.00149105 14.8026839
 15.3804672  16.70377734 15.71595427 15.91476143 15.74701789 14.79025845
 14.55417495 16.75347913 16.5360338  15.70352883 15.99552684 16.65407555
 13.47316103 14.64736581 16.92743539 15.18166004 14.99527833 15.18166004
 15.92718688 15.0139165  15.64140159 16.11978131 15.37425447 15.90854871
 15.722167   17.31262425 14.8026839  14.17519881 13.87698807 15.90854871
 16.54224652 14.84617296 16.79696819 13.82107356 15.32455268 17.15730616
 18.5054672  17.41824056 18.05815109 17.05168986 12.10636183 14.74676938
 13.82728628 18.05193837 14.777833   15.90854871 15.83399602 14.8834493
 15.03255467 15.91476143 15.77186879 17.15109344 14.96421471 16.8777336
 17.79100398 15.53578529]",22832.42095283925
2025-06-15 03:55:00+00:00,235,2124.1,9.0,15.729058726802137,15.598223161033797,18.505467196819083,"[15.56684891 14.305666   14.66600398 15.82157058 13.8832008  15.88369781
 16.14463221 17.62326044 14.24975149 15.96446322 16.43663022 16.01416501
 16.81560636 13.9639662  13.80243539 15.03255467 15.71595427 15.00770378
 15.20651093 14.2000497  16.95228628 17.16973161 16.18190855 14.57281312
 16.08250497 17.44309145 16.20054672 15.71595427 14.28702783 14.32430417
 14.78404573 13.65954274 15.53578529 15.81535785 15.33697813 16.66028827
 15.11332008 17.72887674 17.03305169 16.26888668 17.10760437 14.06336978
 15.16923459 14.72813121 15.42395626 15.02012922 15.26242545 17.05790258
 15.23136183 16.34343936 15.33697813 16.8528827  17.21322068 13.8583499
 16.72862823 15.59791252 16.09493042 14.35536779 15.52335984 13.57877734
 14.82753479 14.6722167  15.96446322 15.38667992 17.49279324 16.07629225
 16.44284294 17.76615308 16.07007952 16.54224652 14.64736581 15.98310139
 14.59766402 14.71570577 13.62847913 14.03230616 14.98285288 14.70328032
 17.87176938 16.07629225 16.46769384 15.97688867 17.82206759 17.36232604
 13.15631213 14.38643141 15.1195328  14.39885686 14.33672962 16.29373757
 15.62897614 15.90854871 15.11332008 16.73484095 15.92718688 15.31833996
 17.97738569 16.97092445 15.31833996 15.97067594 13.47937376 15.32455268
 16.98956262 15.50472167 15.9333996  14.40506958 15.8277833  15.38667992
 16.66650099 15.56063618 18.5054672  17.05790258 16.31237575 14.38643141
 15.89612326 15.08846918 14.95800199 15.84020875 16.35586481 15.73459245
 15.90854871 17.36853877 15.62276342 15.40531809 15.84642147 16.2750994
 15.83399602 13.45452286 12.97614314 14.2249006  14.0695825  14.98285288
 15.47987078 15.98931412 14.82753479 16.41177932 15.8277833  14.68464215
 16.92122266 16.91500994 16.89637177 14.59145129 13.60984095 16.32480119
 13.10039761 15.05740557 17.12624254 13.18116302 15.45501988 16.46148111
 16.49254473 15.98310139 16.08871769 15.62897614 16.36207753 16.59194831
 12.39835984 16.83424453 14.83996024 15.95203777 16.89015905 16.80318091
 14.9083002  15.67246521 16.7721173  15.39910537 16.15705765 15.38667992
 16.04522863 18.09542744 13.95775348 13.27435388 15.84642147 13.23086481
 15.76565606 14.69085487 15.25621272 16.67892644 15.85263419 17.62326044
 15.62897614 18.1389165  17.20700795 17.4555169  13.0444831  13.7278827
 15.20651093 15.62276342 15.52957256 14.3305169  13.3861829  14.72813121
 15.18787276 15.76565606 16.34343936 15.44259443 16.33722664 16.38071571
 16.30616302 13.9639662 ]",22512.738876389227
2025-06-15 03:56:00+00:00,236,2137.0600000000004,9.0,15.767696632467576,15.638481610337971,17.989811133200796,"[14.83374751 14.98906561 14.67842942 16.41177932 15.02634195 15.82157058
 16.22539761 14.95178926 14.39264414 15.92718688 15.53578529 17.39960239
 16.81560636 14.3305169  13.86456262 16.05144135 14.13792247 14.92072565
 16.41177932 16.6167992  14.16898608 14.82132207 16.26267396 17.33747515
 16.99577535 14.46719682 16.63543738 14.36158052 14.61630219 13.49801193
 15.56684891 15.75323062 14.93315109 15.9582505  14.93315109 16.96471173
 16.54845924 15.44880716 15.92097416 15.47987078 17.21322068 13.19358847
 14.71570577 15.33076541 14.41749503 15.70974155 13.49801193 15.06983101
 15.74701789 15.29348907 17.430666   16.0638668  16.97713718 17.07032803
 17.05168986 17.1945825  14.87723658 15.85884692 13.21222664 16.08250497
 15.85884692 14.2249006  15.81535785 15.97067594 15.13195825 16.36829026
 16.38692843 17.41824056 16.1694831  16.56709742 15.1195328  14.38643141
 16.67271372 14.41128231 15.57927435 17.25670974 14.79647117 14.41749503
 16.08250497 16.13220676 15.1195328  17.69781312 14.9083002  16.24403579
 15.29348907 14.59145129 15.88991054 16.66028827 15.33697813 16.22539761
 15.16923459 16.97092445 15.90854871 16.38692843 16.56088469 16.51739563
 15.62276342 15.56684891 17.62947316 14.18141153 13.2805666  14.59145129
 14.29945328 15.34940358 14.86481113 14.64115308 15.32455268 16.59194831
 15.24378728 16.80939364 17.30641153 17.61704771 14.61630219 15.3556163
 14.93315109 14.77162028 14.05715706 16.0390159  17.07032803 16.82181909
 16.71620278 16.92743539 15.28106362 17.84691849 15.66003976 16.99577535
 17.14488072 13.88941352 13.12524851 15.64140159 15.00770378 15.56063618
 15.62897614 15.23757455 14.64736581 16.68513917 15.16923459 15.90233598
 17.18215706 16.60437376 16.84045726 14.08200795 16.02659046 15.1443837
 14.85238569 14.98285288 15.32455268 17.97117296 15.57927435 16.41799205
 15.57927435 16.41799205 15.97067594 16.90258449 16.22539761 16.49254473
 14.94557654 13.86456262 15.49850895 16.92122266 15.98931412 14.0695825
 15.61033797 16.98956262 16.21918489 15.91476143 15.64761431 15.36804175
 15.54821074 14.57902584 13.83349901 16.4304175  15.85263419 15.18787276
 14.93936382 16.13841948 14.58523857 13.87077535 14.78404573 16.2999503
 16.55467197 16.07007952 17.98981113 15.34319085 15.13195825 13.23086481
 15.26863817 13.13767396 14.69085487 15.26863817 15.49229622 17.16973161
 16.26267396 15.49229622 16.51739563 14.34915507 16.25024851 15.98310139
 15.98931412 15.89612326]",22642.005853583527
2025-06-15 03:57:00+00:00,237,2130.35,9.0,15.748294435201917,15.617637922465208,18.319085487077533,"[13.65954274 15.15680915 13.68439364 16.52982107 15.08225646 15.64761431
 16.59194831 14.2249006  17.51143141 16.42420477 15.64761431 17.20079523
 17.82206759 14.05715706 14.61008946 14.69085487 16.37450298 14.61008946
 13.31163022 16.51739563 14.53553678 16.44905567 14.70949304 17.48658052
 16.2750994  15.98310139 16.70999006 13.77137177 14.58523857 15.25
 14.8834493  14.80889662 15.22514911 15.32455268 15.63518887 15.06361829
 14.92693837 15.64140159 15.64140159 16.38071571 15.21272366 13.63469185
 14.69085487 14.79025845 16.17569583 15.64761431 16.37450298 17.07654076
 14.65979125 15.80914513 16.30616302 17.97117296 16.69756461 16.84045726
 15.97067594 15.53578529 14.79025845 15.02012922 15.90854871 15.74701789
 15.62276342 14.24975149 16.95849901 13.87698807 14.00124254 15.6165507
 16.84666998 17.03926441 18.31908549 16.70377734 15.50472167 14.38021869
 14.2000497  15.74080517 16.2750994  15.37425447 16.44905567 15.43016899
 14.15034791 16.63543738 16.13220676 15.81535785 17.31883698 17.54870775
 14.87723658 14.87723658 14.12549702 14.87102386 13.08797217 15.1443837
 16.38071571 15.52335984 14.23732604 16.57331014 18.07678926 17.3499006
 16.61058648 17.18215706 17.64189861 13.26192843 13.9888171  15.08846918
 15.08225646 15.91476143 17.00198807 17.44309145 15.66625249 14.47962227
 15.51093439 16.46769384 16.6416501  15.722167   16.71620278 15.6165507
 14.51068588 14.57281312 16.25024851 13.72166998 14.67842942 16.91500994
 14.24353877 16.57331014 16.49254473 16.57331014 16.75969185 16.84666998
 17.33747515 14.95178926 14.04473161 14.67842942 15.16302187 15.49850895
 15.13195825 13.22465209 15.46744533 16.44905567 15.64761431 16.63543738
 16.24403579 16.58573559 13.75894632 14.91451292 13.45452286 15.43016899
 14.10064612 15.06361829 14.75919483 16.8777336  14.84617296 16.09493042
 15.61033797 14.94557654 17.5859841  17.5859841  17.2194334  15.86505964
 13.65954274 13.92668986 15.57306163 16.44905567 16.79696819 14.11928429
 13.33026839 15.55442346 16.58573559 15.8277833  17.75372763 16.7472664
 18.00223658 17.24428429 14.16277336 15.20651093 14.91451292 14.08822068
 16.52982107 15.80293241 14.24975149 16.36829026 14.28081511 14.5417495
 15.89612326 15.69110338 15.72837972 16.67271372 13.3861829  14.76540755
 14.83996024 15.34319085 14.74676938 15.85884692 16.00173956 13.92047714
 17.18836978 15.16923459 16.10114314 18.11406561 17.25049702 17.0889662
 17.03305169 12.85188867]",22577.093862411522
2025-06-15 03:58:00+00:00,238,2128.27,9.0,15.742562490226002,15.611176689860836,18.611083499005964,"[15.73459245 16.0390159  16.34965209 15.04498012 13.71545726 16.15084493
 14.65979125 17.05790258 17.56734592 15.70352883 17.59840954 15.33076541
 15.43016899 13.1500994  15.21893638 14.42992048 16.01416501 15.05119284
 14.9083002  14.57902584 15.51714712 16.21918489 17.28156064 14.65357853
 16.0390159  15.83399602 14.92072565 13.45452286 14.64115308 13.23086481
 12.26167992 14.79647117 15.43638171 15.51093439 14.64115308 13.97017893
 17.43687873 16.44905567 15.47987078 17.78479125 17.22564612 15.8277833
 16.05765408 16.02037773 15.41153082 16.51739563 16.80939364 17.18836978
 15.93961233 15.86505964 16.84045726 16.13220676 16.03280318 17.36853877
 15.41774354 18.10164016 13.82107356 14.70949304 13.77137177 14.98285288
 14.92072565 14.06336978 14.38021869 15.9333996  16.72241551 15.9582505
 14.72813121 16.34343936 15.00149105 16.75347913 13.61605368 15.80914513
 14.41128231 15.05740557 15.43638171 15.0387674  16.57952286 15.02012922
 15.71595427 16.30616302 16.34343936 16.07007952 15.42395626 17.65432406
 16.01416501 14.00745527 14.00745527 14.01988072 14.99527833 15.42395626
 16.96471173 13.75894632 15.50472167 14.42992048 16.23161034 16.72862823
 15.29348907 16.62922465 15.84020875 15.25       12.52261431 16.02037773
 16.26888668 15.09468191 15.33697813 15.722167   16.00795229 18.08300199
 16.82181909 15.89612326 14.41749503 14.12549702 18.18861829 13.09418489
 14.65979125 15.27485089 15.02634195 14.92072565 14.45477137 15.84020875
 17.53628231 13.05069583 16.13841948 16.99577535 16.72862823 15.84642147
 15.95203777 15.19408549 14.66600398 17.62326044 14.98906561 14.16898608
 14.19383698 12.7027833  14.03851889 15.3804672  17.26292247 15.61033797
 17.03305169 17.71645129 15.82157058 14.54796223 14.13170974 15.79671968
 14.02609344 15.55442346 16.54845924 16.02659046 14.70328032 15.34319085
 15.57927435 16.38692843 15.02634195 15.00149105 15.88369781 17.85313121
 14.26217694 14.91451292 14.75298211 15.6973161  15.70974155 14.67842942
 15.97688867 16.99577535 15.25       15.97688867 17.05168986 15.52957256
 17.13245527 15.62276342 12.90159046 13.70924453 14.90208748 17.14488072
 16.33101392 17.74751491 16.55467197 16.00173956 14.77162028 17.80964215
 15.19408549 18.6110835  17.03305169 16.73484095 15.57306163 15.47365805
 15.71595427 15.13817097 15.09468191 17.21322068 15.88369781 14.17519881
 15.88991054 16.54224652 16.30616302 15.77186879 18.20725646 17.31883698
 15.18166004 15.19408549]",22557.917067300114
2025-06-15 03:59:00+00:00,239,2112.8500000000004,9.0,15.697470533841663,15.563276590457257,18.797465208747514,"[13.77758449 14.42992048 15.31833996 14.73434394 16.34343936 16.0390159
 16.65407555 15.02634195 17.57977137 15.44880716 16.25646123 15.76565606
 18.12027833 16.2750994  14.36779324 14.58523857 15.45501988 14.18141153
 14.61008946 15.52957256 15.70974155 15.45501988 15.78429423 16.49254473
 15.4860835  16.59194831 18.79746521 14.75298211 14.24975149 13.91426441
 15.42395626 15.38667992 14.77162028 14.19383698 15.51714712 15.05119284
 15.66003976 16.35586481 17.44930417 15.5916998  17.40581511 14.29945328
 13.8832008  14.16898608 14.18141153 15.17544732 12.4666998  15.69110338
 15.00149105 17.04547714 16.71620278 15.49229622 15.67246521 16.36829026
 16.78454274 14.92693837 13.71545726 15.0387674  14.8834493  14.00124254
 14.08822068 13.13767396 15.77808151 15.9333996  13.80243539 14.70328032
 17.01441352 15.26863817 16.194334   16.4304175  13.3861829  15.722167
 16.69135189 15.00770378 16.47390656 15.15680915 16.05765408 15.65382704
 14.0944334  16.67271372 16.37450298 14.79647117 16.25646123 17.18215706
 12.65308151 14.55417495 14.79647117 14.94557654 15.75323062 15.15059642
 14.38643141 15.29348907 15.79050696 14.95178926 16.25024851 15.50472167
 17.09517893 16.07007952 15.33697813 13.97639165 16.08871769 15.72837972
 13.93911531 14.93315109 15.20029821 13.80243539 14.82132207 15.21893638
 15.62897614 15.0139165  16.57331014 17.08275348 17.0082008  15.722167
 15.28106362 15.87748509 16.02037773 14.72191849 16.74105368 15.73459245
 14.79025845 16.00173956 17.64811133 16.0390159  14.71570577 16.1694831
 16.4055666  15.52335984 14.32430417 13.94532803 14.93315109 15.21272366
 16.25646123 16.67271372 15.07604374 16.09493042 16.33722664 15.87127237
 16.67271372 16.85909543 17.49279324 14.31809145 14.57281312 15.26863817
 14.2249006  15.46744533 15.37425447 17.07654076 15.56684891 15.66625249
 15.51093439 18.05193837 15.18787276 17.50521869 16.13841948 16.18812127
 14.27460239 15.89612326 14.34915507 14.21868787 15.95203777 16.89015905
 15.51093439 16.69756461 18.46197813 16.05765408 16.99577535 17.49900596
 15.44259443 16.66028827 14.77162028 14.79647117 14.79647117 16.13220676
 15.80293241 14.38021869 15.52335984 14.90208748 14.87102386 14.98906561
 16.21918489 17.5611332  15.64761431 17.30641153 14.52311133 16.51739563
 15.04498012 13.64090457 15.15680915 13.99502982 15.75944334 16.66028827
 15.57927435 14.8026839  16.58573559 15.18166004 16.78454274 18.02087475
 15.75323062 15.30591451]",22407.057418020675
2025-06-15 04:00:00+00:00,240,2124.81,9.0,15.733185059177384,15.600428677932404,18.517892644135188,"[13.89562624 14.74676938 15.79050696 15.9333996  14.00124254 15.03255467
 16.13841948 15.79050696 16.90879722 16.194334   16.33722664 15.8277833
 18.34393638 14.92072565 13.52286282 13.52907555 14.55417495 14.67842942
 14.29945328 15.21893638 15.57306163 14.95800199 16.95228628 16.98956262
 18.51789264 16.83424453 16.57331014 16.54845924 13.51043738 15.5916998
 16.90879722 14.21868787 16.20675944 17.28777336 15.90233598 14.31809145
 16.82181909 16.44284294 17.12002982 17.66053678 15.49850895 15.15059642
 14.75919483 15.13195825 15.81535785 15.41774354 12.72763419 16.11356859
 15.98310139 14.65357853 15.0387674  16.59194831 15.88991054 14.98285288
 15.41153082 16.84666998 15.71595427 15.24378728 14.10685885 15.98931412
 15.11332008 16.34965209 16.69135189 15.31212724 15.26242545 15.74701789
 15.26242545 17.43687873 16.24403579 18.0333002  14.89587475 15.26863817
 14.59145129 15.20029821 15.20651093 15.85263419 16.90879722 15.50472167
 14.8834493  15.98310139 17.03305169 17.02683897 16.54845924 16.18190855
 13.52907555 14.40506958 14.28081511 15.34940358 14.93936382 15.18166004
 15.50472167 16.48633201 15.04498012 16.05144135 15.57306163 16.6167992
 15.41153082 16.25024851 17.30641153 15.32455268 14.48583499 14.11928429
 15.57306163 15.26242545 16.70999006 14.92072565 16.33101392 14.95800199
 15.84020875 15.36182903 16.62301193 14.90208748 17.97738569 14.74676938
 13.74652087 14.26838966 13.72166998 15.75323062 15.17544732 14.98285288
 15.43016899 15.13817097 16.81560636 13.48558648 15.53578529 14.48583499
 17.3250497  14.77162028 15.72837972 15.00770378 14.32430417 15.26863817
 15.10089463 14.39885686 15.36804175 17.54249503 16.73484095 15.86505964
 18.05815109 16.34343936 15.92097416 13.80864811 14.36779324 13.70924453
 14.70949304 13.88941352 14.57281312 14.64115308 15.88369781 16.15705765
 14.20626243 16.8777336  15.21893638 17.35611332 16.58573559 15.89612326
 14.66600398 16.98956262 15.97067594 15.11332008 16.26267396 16.57952286
 15.44259443 13.86456262 14.89587475 16.16327038 18.15134195 14.3305169
 14.57281312 17.03926441 13.39860835 15.13195825 15.71595427 13.87077535
 15.51714712 15.05119284 14.29945328 17.1138171  14.91451292 16.84666998
 18.28802187 16.4304175  14.57902584 16.43663022 15.77186879 16.55467197
 15.6165507  15.15059642 15.32455268 15.28106362 14.21868787 14.5666004
 15.47987078 15.66625249 15.43016899 17.18836978 18.33772366 15.63518887
 16.9833499  15.79050696]",22526.54393398385
2025-06-15 04:01:00+00:00,241,2141.6099999999997,9.0,15.783189532391233,15.65261555666004,18.49925447316103,"[13.75894632 13.31784294 15.54199801 14.69706759 14.777833   16.33722664
 15.9582505  16.41799205 17.30641153 17.07654076 15.11332008 16.24403579
 16.62301193 14.91451292 13.53528827 13.74030815 13.80243539 14.5666004
 16.14463221 15.00149105 15.15680915 15.4612326  17.1138171  16.5360338
 15.82157058 17.61083499 16.41799205 14.34294235 16.16327038 14.93315109
 14.51068588 14.24975149 15.06361829 15.70974155 16.54845924 14.32430417
 16.46769384 18.05815109 16.07629225 16.16327038 17.75994036 15.84020875
 14.2249006  16.1694831  14.46719682 15.08225646 14.6722167  15.5916998
 16.47390656 15.88369781 16.08871769 15.42395626 15.88369781 16.32480119
 16.10114314 17.7972167  15.84642147 13.63469185 13.5166501  14.26217694
 15.92097416 14.76540755 13.1500994  15.6165507  16.01416501 17.63568588
 16.48011928 17.05168986 16.2750994  16.95228628 13.9888171  15.30591451
 15.6165507  14.0944334  15.32455268 15.73459245 16.59816103 16.41799205
 17.18215706 16.44905567 14.65979125 15.85884692 15.50472167 16.45526839
 14.27460239 16.79696819 17.07032803 15.98931412 15.08846918 15.43638171
 16.25646123 14.77162028 16.67892644 15.56684891 17.12002982 16.18812127
 15.98310139 16.16327038 14.94557654 14.57902584 16.92122266 15.63518887
 15.04498012 16.25646123 15.13817097 15.50472167 15.28727634 16.20054672
 17.65432406 16.48633201 16.11356859 14.78404573 16.61058648 14.59766402
 14.21868787 14.21247515 13.69060636 13.83971173 14.16277336 16.92122266
 16.93364811 17.33126243 16.2999503  14.57281312 16.47390656 17.31262425
 15.51093439 15.13817097 15.27485089 14.04473161 17.51764414 16.05765408
 13.58499006 17.53628231 14.31809145 14.59766402 16.75347913 15.04498012
 15.95203777 15.51093439 14.64736581 14.62251491 14.98906561 16.39935388
 12.74005964 14.00745527 13.4110338  14.34294235 15.31212724 16.42420477
 14.05094433 16.52360835 16.38071571 16.1694831  17.23807157 18.46819085
 15.98310139 15.53578529 15.12574553 13.54771372 16.7472664  14.66600398
 16.00795229 15.74701789 16.48633201 16.76590457 16.39935388 15.27485089
 17.85313121 15.80914513 14.24975149 15.33076541 14.50447316 14.53553678
 16.5360338  16.33101392 15.05119284 15.40531809 14.86481113 14.70949304
 16.8528827  17.10139165 16.93364811 17.85934394 12.92022863 14.10064612
 16.34343936 14.42370775 17.13866799 15.36804175 15.02634195 15.50472167
 15.54821074 18.49925447 16.08871769 17.40581511 16.43663022 16.4304175
 16.50497018 15.18166004]",22693.83889956811
2025-06-15 04:02:00+00:00,242,2101.87,9.0,15.666348880742591,15.529168737574553,19.095675944333998,"[15.3804672  16.72241551 14.33672962 15.15680915 15.89612326 16.28131213
 14.69706759 18.05815109 16.82181909 15.6973161  16.38692843 16.28752485
 16.23782306 13.82728628 14.47340954 14.777833   14.57902584 13.19358847
 14.57902584 15.11332008 16.80939364 14.77162028 15.20029821 15.9333996
 17.24428429 14.86481113 17.03926441 14.61630219 14.38643141 15.41774354
 13.60362823 14.75298211 15.57927435 14.6722167  14.46719682 15.4860835
 16.96471173 16.43663022 14.79025845 15.02634195 17.00198807 13.20601392
 14.52932406 14.32430417 14.69706759 16.21297217 13.57256461 15.20651093
 14.6722167  17.02683897 14.81510934 14.83996024 16.81560636 16.90258449
 16.18812127 16.90258449 13.52286282 14.00124254 14.86481113 16.07007952
 17.03305169 15.78429423 14.79025845 16.18190855 16.98956262 14.31187873
 15.28727634 17.07654076 15.31833996 18.07057654 14.18141153 15.44259443
 15.05740557 13.69681909 14.27460239 15.97067594 15.80293241 14.72191849
 14.98285288 16.97092445 15.3804672  17.31262425 16.79075547 17.21322068
 14.14413519 16.20054672 16.11356859 16.41177932 13.47316103 14.61008946
 15.82157058 16.4304175  16.85909543 15.73459245 15.59791252 17.50521869
 15.49850895 16.42420477 16.00173956 16.37450298 14.08822068 14.69706759
 15.23136183 16.05144135 16.66650099 15.05740557 15.722167   15.25621272
 15.83399602 15.88369781 16.80318091 17.86555666 17.02062624 15.46744533
 15.5916998  12.78976143 15.4612326  14.84617296 14.28702783 15.4612326
 15.36804175 16.81560636 16.79075547 14.72191849 14.86481113 17.00198807
 16.84045726 15.76565606 14.8026839  14.38643141 15.00149105 14.76540755
 14.70949304 13.68439364 13.82728628 15.10710736 15.28727634 17.07654076
 15.70974155 15.4612326  18.21968191 13.8832008  14.34915507 14.36158052
 13.89562624 13.92668986 14.78404573 14.08822068 15.19408549 16.81560636
 15.64140159 16.76590457 16.63543738 15.9333996  15.34940358 16.89637177
 13.19980119 15.4612326  14.39264414 15.74080517 13.99502982 15.47987078
 16.0638668  14.94557654 15.16302187 15.98931412 16.05144135 16.85909543
 17.29398608 17.44930417 13.91426441 14.25596421 14.35536779 16.13220676
 15.6165507  15.16923459 17.15109344 16.93364811 14.82132207 15.88991054
 15.87127237 16.95849901 17.36232604 17.02683897 14.65979125 13.24950298
 16.46769384 15.47365805 14.75919483 14.65979125 16.10735586 15.17544732
 14.13792247 19.09567594 13.7278827  16.36829026 16.51739563 16.42420477
 17.12624254 13.74652087]",22302.93681541241
2025-06-15 04:03:00+00:00,243,2133.89,9.0,15.761282007502844,15.628634443339958,18.816103379721667,"[15.56063618 15.46744533 14.64115308 14.42370775 18.18240557 14.54796223
 15.09468191 16.73484095 16.41799205 17.1138171  17.09517893 16.39935388
 16.62922465 14.13170974 14.55417495 16.16327038 14.85238569 15.17544732
 15.79671968 15.52335984 14.72813121 16.78454274 15.56063618 15.50472167
 15.87127237 17.15109344 16.17569583 15.06983101 15.49229622 13.7527336
 14.2249006  16.56088469 13.52286282 14.97664016 15.43638171 15.9582505
 16.34965209 15.6973161  15.09468191 17.36853877 17.23185885 13.50422465
 13.92047714 14.61008946 13.00099404 14.83996024 14.39264414 16.194334
 13.77137177 15.39910537 15.31212724 13.54150099 16.11356859 16.22539761
 16.36207753 16.58573559 16.02659046 14.00124254 14.72813121 14.13792247
 15.20651093 15.44259443 15.64140159 15.70974155 15.51093439 15.3804672
 16.07629225 15.87748509 16.28752485 16.48633201 15.47365805 15.23136183
 14.87102386 15.29970179 15.74701789 16.5111829  14.42370775 16.67271372
 18.01466203 18.59244533 16.39314115 16.8777336  14.70328032 16.66650099
 13.83349901 14.08200795 14.74055666 15.58548708 15.90854871 14.81510934
 16.62301193 15.94582505 15.722167   16.60437376 16.52982107 17.99602386
 17.2194334  17.9276839  16.25024851 13.83349901 14.47962227 14.74055666
 15.49229622 13.70924453 16.92122266 13.73409543 13.92047714 15.12574553
 16.25646123 14.42370775 17.52385686 17.33126243 15.9582505  15.58548708
 14.21247515 15.06361829 15.86505964 15.51093439 15.54199801 15.58548708
 14.31809145 15.28106362 16.39314115 16.75347913 17.13245527 16.54224652
 16.57331014 15.92718688 16.02037773 16.00795229 14.55417495 16.72862823
 13.87077535 14.31187873 15.32455268 14.83996024 14.65357853 16.82803181
 18.81610338 16.01416501 17.0889662  15.16923459 14.18141153 16.45526839
 14.67842942 15.20651093 16.33722664 16.52982107 15.05119284 15.47365805
 16.17569583 16.73484095 15.56684891 17.1945825  17.07032803 16.4055666
 14.05715706 14.06336978 14.08200795 14.64736581 16.20054672 14.69085487
 15.722167   15.97688867 13.99502982 16.22539761 15.63518887 17.47415507
 15.77186879 15.95203777 13.8583499  15.15059642 15.77808151 16.52982107
 15.67246521 14.02609344 14.86481113 15.08225646 14.74676938 16.4304175
 15.28106362 16.71620278 15.87748509 17.46794235 14.83374751 16.09493042
 15.21272366 15.18166004 15.70974155 15.56063618 15.52957256 14.15656064
 14.89587475 15.84020875 16.49254473 17.81585487 16.54224652 16.00795229
 16.26267396 16.02037773]",22620.545084301513
2025-06-15 04:04:00+00:00,244,2153.7,9.0,15.820189761637444,15.690171471172961,18.9279324055666,"[15.10710736 16.51739563 14.67842942 16.79075547 14.59145129 16.97713718
 15.45501988 16.95849901 15.88369781 15.54821074 15.36182903 17.04547714
 17.13866799 15.88991054 14.11307157 15.54199801 14.96421471 15.43016899
 16.71620278 13.79000994 14.86481113 13.82728628 14.70949304 18.19483101
 15.67867793 17.35611332 16.32480119 13.79000994 13.00720676 16.34965209
 16.59194831 15.3556163  16.72862823 15.02634195 14.54796223 14.47962227
 15.90233598 15.57927435 16.26888668 15.38667992 17.63568588 14.18762425
 13.7527336  16.5360338  15.21272366 15.1195328  15.47365805 15.27485089
 15.62276342 15.92718688 16.08871769 16.46148111 17.01441352 17.34368787
 16.9833499  16.61058648 15.95203777 15.69110338 14.3305169  14.66600398
 15.63518887 16.47390656 15.88991054 15.46744533 18.01466203 15.6973161
 15.6165507  16.70999006 17.54249503 17.81585487 14.49826044 14.21247515
 14.777833   15.62276342 14.32430417 15.45501988 16.28752485 15.83399602
 16.28131213 15.16923459 15.16923459 16.02659046 14.85238569 16.09493042
 14.69085487 12.26789264 14.21247515 13.74652087 15.1443837  14.84617296
 15.93961233 16.6416501  16.55467197 17.7972167  15.84020875 15.3556163
 15.54821074 17.98981113 15.53578529 15.29348907 15.12574553 16.33101392
 15.5916998  14.15034791 15.4860835  15.78429423 16.33101392 15.29348907
 16.93364811 16.71620278 17.02062624 17.82828032 17.3250497  14.98906561
 14.15034791 15.72837972 16.20675944 15.09468191 14.03851889 15.76565606
 16.15084493 16.61058648 17.38717694 14.84617296 15.9582505  17.15730616
 17.87798211 14.38643141 15.92097416 14.92693837 14.23111332 14.47340954
 15.00149105 15.22514911 15.59791252 15.64140159 15.6165507  15.17544732
 18.92793241 15.34940358 15.44880716 13.89562624 14.83374751 15.87748509
 15.86505964 15.84642147 14.0695825  13.87077535 15.0387674  15.18787276
 17.92147117 15.68489066 15.33697813 16.62301193 17.6667495  18.84095427
 15.79671968 15.43638171 15.39289264 15.06983101 15.91476143 15.8277833
 13.47316103 15.76565606 14.92693837 15.90233598 16.60437376 18.40606362
 15.70974155 16.91500994 15.06983101 16.50497018 15.90854871 15.23136183
 15.66003976 14.15656064 14.64736581 16.18812127 14.03230616 16.7721173
 14.46719682 15.94582505 16.83424453 15.98931412 15.29348907 15.0139165
 15.06361829 14.777833   14.65979125 14.4361332  16.45526839 14.41749503
 15.33076541 17.13866799 16.43663022 15.722167   15.70352883 15.9582505
 15.66625249 15.82157058]",22817.626866534232
2025-06-15 04:05:00+00:00,245,2131.5699999999997,9.0,15.755337604307067,15.621427683896622,17.94010934393638,"[14.73434394 14.52311133 14.52932406 16.07629225 15.64761431 15.66625249
 15.80293241 16.18190855 15.76565606 15.76565606 15.90233598 17.37475149
 15.46744533 14.0695825  16.26888668 14.75298211 13.79622266 14.8026839
 13.1749503  13.75894632 16.20054672 15.25       15.97688867 16.70999006
 17.30019881 17.1945825  16.71620278 13.92047714 15.33697813 15.31833996
 16.45526839 13.55392644 14.40506958 15.85884692 14.64115308 14.55417495
 16.03280318 14.13792247 16.49875746 16.6167992  16.41177932 15.77808151
 15.63518887 13.69681909 14.74676938 13.80864811 15.61033797 15.73459245
 17.07654076 15.39289264 15.67867793 16.91500994 17.03305169 16.70999006
 15.81535785 15.46744533 14.06336978 13.77137177 14.8026839  15.5916998
 14.44855865 14.80889662 15.71595427 16.6416501  16.38692843 16.28131213
 16.44284294 15.59791252 17.44930417 17.74751491 13.97017893 13.33026839
 14.79647117 14.41128231 14.47962227 16.38071571 15.4612326  15.49850895
 15.63518887 16.66650099 15.75944334 16.21297217 16.194334   17.90904573
 15.36182903 15.68489066 16.08871769 14.32430417 15.85263419 13.75894632
 14.34294235 16.39314115 15.77186879 15.33076541 16.69756461 14.07579523
 14.74676938 17.33747515 17.16351889 14.62872763 14.47962227 14.55417495
 16.00173956 16.56088469 15.50472167 14.63494036 17.49279324 15.1195328
 16.25646123 15.06983101 15.51714712 15.87127237 17.36853877 15.61033797
 15.36804175 13.81486083 16.00795229 15.27485089 15.3804672  17.38096421
 17.08275348 16.8777336  15.84020875 16.49875746 15.00149105 16.7472664
 16.74105368 15.47987078 15.83399602 16.16327038 15.51714712 14.71570577
 15.25621272 15.43016899 15.00770378 16.2999503  15.31833996 15.28106362
 15.42395626 16.55467197 15.05740557 14.82753479 14.72813121 15.13817097
 15.84020875 16.1694831  14.94557654 16.03280318 16.194334   15.84020875
 16.47390656 15.44880716 14.70328032 17.77236581 15.68489066 17.23185885
 14.53553678 16.72241551 15.6165507  16.93364811 15.5916998  15.54821074
 16.34343936 16.21918489 15.97067594 16.78454274 14.58523857 15.94582505
 16.34965209 17.15730616 14.16277336 14.15656064 13.52907555 16.41799205
 17.07032803 15.53578529 13.11282306 13.56013917 14.95800199 14.92072565
 15.68489066 17.41824056 16.48011928 17.49900596 13.83349901 15.20029821
 15.70974155 13.81486083 14.74676938 15.44259443 14.64736581 16.1694831
 16.2750994  15.58548708 17.94010934 17.3250497  16.14463221 17.10760437
 16.75969185 14.07579523]",22600.657488969722
2025-06-15 04:06:00+00:00,246,2126.33,9.0,15.740335429941325,15.605150347912527,18.59865805168986,"[15.26863817 15.53578529 15.23136183 16.01416501 14.59145129 14.28702783
 16.28131213 14.75919483 16.13841948 15.00149105 16.07629225 15.31212724
 14.61008946 15.92097416 13.56013917 15.17544732 15.67867793 15.17544732
 15.96446322 16.7472664  13.07554672 15.89612326 15.91476143 16.23161034
 15.9582505  16.64786282 17.12002982 15.83399602 14.95178926 13.51043738
 14.85238569 15.37425447 14.36779324 17.89662028 15.50472167 15.78429423
 17.7972167  15.46744533 17.21322068 16.52360835 17.43687873 15.4612326
 15.90854871 14.41749503 14.28702783 14.78404573 16.18190855 14.36779324
 17.18215706 17.3499006  15.47365805 15.6165507  18.18861829 15.44880716
 17.63568588 18.59865805 14.47962227 14.11928429 16.46148111 13.42967197
 15.1443837  16.17569583 15.33076541 16.59194831 14.68464215 16.68513917
 16.32480119 15.07604374 15.26242545 17.22564612 13.4917992  15.50472167
 15.66003976 14.58523857 13.69681909 15.19408549 17.12624254 15.6973161
 15.57927435 15.38667992 17.00198807 17.25049702 14.9083002  16.00173956
 14.01366799 12.39214712 15.44880716 13.32405567 16.44284294 15.28727634
 13.83349901 16.52360835 16.6416501  16.75347913 17.74751491 17.03926441
 16.33101392 16.9833499  16.28752485 14.4609841  14.65357853 14.03230616
 17.47415507 14.4609841  15.27485089 13.89562624 14.53553678 15.53578529
 15.38667992 17.47415507 14.98906561 17.5611332  16.10735586 14.47340954
 15.29348907 15.77808151 13.67818091 14.58523857 16.80318091 16.21297217
 15.6973161  14.62872763 15.74080517 16.4055666  17.50521869 15.97688867
 16.21297217 14.0695825  14.38021869 12.51640159 13.77137177 15.51093439
 16.23782306 14.87723658 15.70352883 15.52335984 15.39910537 15.85884692
 17.02683897 14.67842942 16.86530815 15.9333996  16.0638668  14.34294235
 15.90854871 12.93265408 15.21272366 15.0387674  16.57331014 16.05765408
 17.67296223 16.34343936 16.66650099 16.91500994 14.87102386 16.41799205
 13.75894632 15.64140159 13.9639662  16.69756461 16.36829026 16.18190855
 15.08225646 15.39910537 16.8528827  15.71595427 16.35586481 16.57331014
 16.75969185 17.53628231 13.8832008  14.44855865 13.68439364 14.39885686
 14.87723658 15.66003976 15.98931412 16.11978131 15.92718688 14.68464215
 14.60387674 16.32480119 17.07032803 16.28752485 14.92072565 13.70303181
 15.43638171 15.9333996  12.55367793 15.80293241 17.05790258 14.98906561
 15.76565606 16.04522863 15.3556163  16.00795229 17.51143141 17.74751491
 17.31883698 13.11282306]",22550.466214411703
2025-06-15 04:07:00+00:00,247,2141.24,9.0,15.784803632342328,15.651466202783299,17.989811133200796,"[15.16923459 14.18762425 14.58523857 16.56709742 15.65382704 14.68464215
 15.1195328  16.0390159  16.48011928 15.88369781 17.49900596 16.69756461
 16.18812127 15.83399602 15.43016899 13.75894632 15.4860835  13.98260437
 16.13220676 16.28131213 15.39289264 15.94582505 16.6167992  15.22514911
 16.44284294 16.5360338  17.39338966 14.50447316 15.22514911 14.49826044
 15.53578529 15.66003976 16.55467197 16.194334   17.72887674 17.67296223
 15.54821074 14.85859841 15.68489066 16.05765408 17.04547714 15.66625249
 17.98981113 14.6722167  14.93936382 14.33672962 15.54821074 15.33697813
 15.43638171 16.41799205 16.60437376 15.34940358 16.80318091 15.28727634
 14.79647117 15.88369781 15.05740557 14.60387674 12.34865805 14.72191849
 14.27460239 14.08822068 16.77833002 16.7472664  16.63543738 16.49254473
 16.5111829  17.72266402 16.02037773 16.98956262 15.05740557 13.68439364
 14.00745527 14.85859841 16.62922465 13.63469185 14.92693837 14.83374751
 16.55467197 16.79075547 16.18812127 16.44905567 17.12624254 16.14463221
 14.27460239 13.86456262 15.81535785 15.19408549 15.62897614 15.02012922
 15.94582505 14.92693837 15.59791252 17.39960239 17.57977137 17.80964215
 16.59816103 15.96446322 15.75944334 15.9333996  14.84617296 15.98310139
 16.56088469 15.97067594 14.00124254 16.42420477 15.54199801 16.85909543
 16.37450298 15.53578529 14.65357853 16.75969185 17.67296223 16.33101392
 16.56709742 15.57927435 15.33697813 13.26192843 16.00795229 14.33672962
 16.72241551 15.41774354 17.16351889 14.73434394 17.23807157 15.40531809
 17.27534791 13.48558648 12.597167   14.47340954 15.11332008 14.86481113
 15.23757455 15.74080517 16.18190855 17.22564612 15.95203777 16.95849901
 16.82803181 14.01366799 15.49229622 14.36779324 16.22539761 14.91451292
 16.05144135 14.81510934 16.08871769 14.24975149 15.23136183 16.31237575
 16.8528827  16.60437376 16.01416501 16.59194831 15.66003976 16.98956262
 13.65333002 14.2000497  15.82157058 14.32430417 15.04498012 16.4055666
 15.75323062 14.06336978 16.98956262 15.71595427 16.56088469 15.85263419
 17.15730616 16.48011928 12.51640159 14.68464215 14.81510934 14.13170974
 16.2999503  16.03280318 15.60412525 14.17519881 12.97614314 16.43663022
 17.31883698 16.22539761 16.90879722 17.66053678 15.06361829 14.38643141
 14.38021869 13.56635189 15.41774354 14.79025845 14.17519881 14.27460239
 16.15084493 15.23757455 16.16327038 16.99577535 16.15705765 17.4555169
 15.46744533 14.86481113]",22699.239032364494
2025-06-15 04:08:00+00:00,248,2124.12,9.0,15.73475674037072,15.598285288270377,18.517892644135188,"[14.25596421 16.49254473 14.45477137 14.97664016 13.83349901 14.70328032
 15.90854871 15.90233598 16.90258449 16.75969185 14.8834493  16.28752485
 16.80939364 15.26863817 15.41153082 14.88966203 14.72191849 14.9083002
 16.46769384 16.18812127 15.89612326 16.81560636 15.28727634 16.75347913
 15.41153082 16.62301193 17.48658052 14.08822068 14.44855865 13.63469185
 14.86481113 16.09493042 15.62897614 14.34915507 17.03926441 14.91451292
 18.07678926 15.75944334 15.79671968 16.37450298 16.18812127 15.49229622
 14.777833   14.45477137 15.65382704 15.66003976 14.85238569 15.73459245
 15.71595427 15.0387674  15.87127237 16.89637177 14.5417495  17.06411531
 15.98931412 18.17619284 15.33697813 16.16327038 15.06361829 14.10064612
 16.00795229 17.64189861 16.36829026 16.89015905 15.02634195 15.54821074
 18.51789264 15.5916998  14.69706759 15.61033797 15.51714712 14.35536779
 14.26838966 13.21843936 16.34343936 15.86505964 15.77808151 15.76565606
 16.12599404 15.04498012 17.07654076 14.41749503 16.5111829  17.62326044
 15.40531809 15.31212724 14.01366799 15.84642147 15.29970179 16.11356859
 16.83424453 15.05119284 16.96471173 15.29348907 16.36829026 15.51093439
 18.21968191 17.03305169 16.05765408 15.34319085 15.52335984 13.4110338
 15.46744533 14.51689861 16.28131213 15.33697813 16.34343936 15.46744533
 15.70352883 15.47365805 15.57927435 17.18836978 15.87748509 15.90854871
 17.02683897 14.00745527 15.24378728 14.72191849 15.51093439 15.44259443
 14.31809145 15.64140159 15.53578529 14.93936382 16.39314115 15.88369781
 15.99552684 15.20651093 13.49801193 13.56635189 15.6165507  13.31163022
 15.91476143 16.82181909 15.16923459 16.5111829  15.18787276 16.52360835
 15.77808151 14.42992048 17.28777336 14.38021869 13.60362823 16.18812127
 15.25621272 14.01988072 15.23757455 15.70352883 15.23757455 15.70974155
 14.47340954 16.72862823 15.82157058 15.34319085 18.05193837 16.2999503
 14.81510934 14.14413519 15.40531809 14.8834493  14.10685885 14.53553678
 14.62872763 15.71595427 17.13245527 17.39338966 16.15705765 16.2750994
 16.35586481 16.0390159  13.46073559 14.0695825  15.07604374 16.1694831
 15.10089463 15.60412525 13.78379722 15.75323062 14.77162028 16.54224652
 17.18836978 14.49204771 15.70352883 15.4860835  16.41177932 14.82132207
 15.60412525 15.16923459 15.10089463 15.29970179 15.95203777 14.72191849
 14.37400596 16.02659046 16.60437376 15.10710736 15.43638171 15.75944334
 18.03951292 16.20054672]",22531.802150584284
2025-06-15 04:09:00+00:00,249,2128.46,9.0,15.748046074506487,15.611766898608348,18.393638170974157,"[14.62872763 13.70924453 14.98285288 15.83399602 15.11332008 15.34319085
 14.70949304 15.19408549 17.25670974 17.22564612 16.48011928 15.56684891
 16.52982107 16.08250497 14.8834493  15.31833996 13.07554672 14.00124254
 16.6167992  16.20054672 14.89587475 16.48633201 17.89662028 15.75944334
 14.91451292 16.89015905 16.12599404 15.62897614 14.34294235 13.42967197
 14.38643141 13.0444831  15.64140159 14.07579523 14.99527833 15.17544732
 15.79050696 17.26292247 14.67842942 15.04498012 16.21918489 14.32430417
 14.32430417 14.44234592 15.4612326  15.722167   15.77186879 16.28131213
 15.68489066 15.51714712 17.02062624 16.33722664 17.06411531 16.25646123
 16.12599404 17.41824056 14.95800199 15.3804672  15.04498012 14.69706759
 15.13195825 13.70303181 15.49229622 14.20626243 14.52311133 15.70974155
 17.04547714 15.83399602 17.94010934 16.31237575 14.79025845 14.34294235
 15.17544732 14.69706759 14.15034791 14.79025845 17.42445328 16.44905567
 16.01416501 15.64761431 16.2750994  16.16327038 16.56709742 18.39363817
 15.1195328  13.11282306 15.18787276 14.44855865 16.64786282 15.12574553
 13.92047714 15.15059642 17.53628231 16.83424453 17.01441352 16.34965209
 15.97688867 17.64189861 16.50497018 14.00745527 14.11307157 15.68489066
 15.07604374 14.57902584 14.83996024 14.64115308 15.75944334 16.1694831
 15.97067594 16.08871769 15.81535785 18.04572565 16.194334   15.79671968
 14.27460239 16.82181909 15.58548708 15.05119284 16.7721173  16.10114314
 17.53006958 15.66003976 15.34940358 15.72837972 15.36182903 15.77186879
 17.48036779 15.10089463 14.52311133 14.21868787 15.18166004 14.10064612
 16.4055666  14.95800199 17.30019881 16.65407555 14.74676938 15.53578529
 17.61083499 16.20054672 17.21322068 13.52286282 15.24378728 12.72763419
 14.74055666 16.08250497 15.41774354 15.49229622 15.16302187 15.52957256
 15.91476143 15.41774354 16.73484095 15.5916998  17.35611332 16.56709742
 14.38021869 14.24975149 17.74751491 16.11356859 15.03255467 15.19408549
 14.68464215 15.54821074 15.95203777 14.17519881 17.02683897 16.20675944
 18.17619284 16.92122266 14.57902584 13.88941352 15.70974155 15.43638171
 16.0390159  13.9888171  15.36804175 15.40531809 17.06411531 15.15059642
 17.00198807 15.63518887 14.92693837 17.30641153 14.95800199 14.28702783
 15.31212724 15.82157058 14.54796223 15.12574553 16.00173956 15.29348907
 15.51093439 15.1443837  15.64140159 16.36829026 16.57331014 17.62947316
 15.54821074 15.53578529]",22576.262946868905
2025-06-15 04:10:00+00:00,250,2144.4700000000003,9.0,15.795780907385915,15.661499751491053,18.536530815109344,"[16.08871769 14.61630219 15.62276342 16.50497018 15.80293241 17.47415507
 15.23757455 18.44955268 16.60437376 17.71645129 16.51739563 17.56734592
 18.53653082 13.56635189 13.76515905 15.36182903 16.95849901 14.18141153
 14.45477137 16.26267396 15.84020875 16.4055666  17.16973161 17.2194334
 15.77808151 16.46769384 15.94582505 13.5166501  13.46694831 14.74676938
 16.02037773 15.37425447 14.11307157 16.91500994 16.54224652 15.39289264
 15.47365805 16.81560636 16.2750994  15.26242545 15.98310139 14.92072565
 15.82157058 15.51714712 15.1443837  15.54821074 14.58523857 15.11332008
 15.10710736 15.62276342 15.10710736 14.93315109 16.6167992  16.2750994
 16.21918489 17.20700795 12.10636183 14.37400596 14.99527833 15.47365805
 14.19383698 15.03255467 14.96421471 16.14463221 15.33697813 15.4860835
 15.19408549 15.9582505  15.722167   16.7472664  16.01416501 14.08200795
 13.65333002 14.305666   17.33126243 16.46769384 15.8277833  15.68489066
 14.03851889 15.55442346 18.44955268 16.26888668 16.92743539 17.59840954
 13.57877734 14.21868787 15.68489066 15.26863817 13.50422465 14.87102386
 14.95800199 14.72191849 15.59791252 15.18787276 18.09542744 15.13817097
 15.71595427 17.84691849 15.8277833  13.03827038 12.3362326  15.34940358
 14.63494036 15.52335984 15.97067594 15.8277833  15.8277833  15.05119284
 15.11332008 16.02037773 16.18190855 16.94607356 16.7472664  15.02634195
 14.59766402 15.20029821 15.94582505 14.03851889 16.25646123 16.42420477
 14.99527833 15.00149105 17.48036779 16.61058648 16.1694831  15.12574553
 15.17544732 15.20651093 15.27485089 14.46719682 15.85884692 13.69681909
 15.38667992 15.0387674  17.20700795 15.92718688 15.54821074 16.66650099
 16.05765408 16.57331014 18.31287276 14.39264414 13.87077535 15.99552684
 15.39289264 15.88369781 15.69110338 15.64761431 17.91525845 15.66625249
 15.52335984 16.44905567 15.39910537 15.1195328  15.86505964 17.54249503
 12.96993042 15.20651093 16.79075547 14.18762425 16.08250497 16.13841948
 16.94607356 17.39960239 16.56709742 17.53006958 15.71595427 16.45526839
 16.59194831 17.04547714 15.00149105 14.82753479 14.80889662 13.73409543
 16.56709742 15.79671968 16.18812127 15.53578529 16.61058648 15.84020875
 16.67271372 15.59791252 16.18190855 15.98310139 14.20626243 14.01988072
 14.16277336 14.69706759 14.64115308 14.90208748 16.89637177 15.54821074
 17.27534791 16.59816103 15.44880716 15.52957256 15.10089463 15.85263419
 16.65407555 15.6973161 ]",22735.96460375032
2025-06-15 04:11:00+00:00,251,2154.29,9.0,15.825255588553254,15.692004224652088,18.188618290258447,"[14.03851889 15.77186879 15.80293241 15.27485089 14.01366799 14.54796223
 15.20651093 15.88991054 17.05790258 16.08250497 16.07007952 17.21322068
 16.43663022 14.97042744 15.74701789 15.69110338 13.74030815 15.45501988
 15.29970179 16.29373757 16.33722664 14.9083002  15.32455268 17.1138171
 16.15084493 16.33722664 17.52385686 14.83374751 15.1195328  13.68439364
 14.36779324 15.26242545 16.20675944 15.78429423 16.49254473 15.32455268
 13.71545726 17.62326044 15.12574553 16.42420477 15.52335984 13.95775348
 14.92072565 15.42395626 14.97664016 14.16277336 15.92097416 15.23757455
 16.29373757 16.63543738 15.80914513 16.56709742 17.33747515 15.86505964
 16.92743539 17.42445328 14.58523857 15.92097416 15.9582505  15.34940358
 15.00149105 14.88966203 17.80964215 16.25024851 17.07654076 16.62922465
 17.52385686 16.24403579 16.13220676 16.65407555 13.94532803 15.17544732
 14.02609344 16.58573559 14.85859841 13.97017893 15.8277833  16.22539761
 17.39960239 16.05144135 16.78454274 15.51093439 16.09493042 16.67892644
 14.72813121 14.71570577 15.86505964 17.09517893 14.15034791 15.722167
 15.00149105 17.44309145 15.00149105 15.88369781 16.64786282 17.13866799
 16.36829026 17.72887674 13.97017893 16.05144135 15.05119284 16.48633201
 16.21297217 12.66550696 17.10139165 17.62947316 14.39264414 15.49850895
 15.60412525 16.77833002 15.43016899 16.85909543 17.2194334  14.0944334
 14.6722167  13.68439364 14.65357853 15.09468191 13.98260437 16.22539761
 15.76565606 14.57281312 15.10710736 15.39910537 16.72862823 16.97092445
 17.84691849 13.74030815 15.03255467 14.44234592 15.82157058 14.87723658
 14.01366799 15.44880716 16.05765408 17.00198807 15.87748509 15.9333996
 15.56684891 16.24403579 17.72266402 15.5916998  14.50447316 14.92693837
 13.20601392 16.13841948 13.55392644 15.88369781 15.1443837  14.29324056
 15.57927435 14.38021869 16.92743539 18.03951292 16.52360835 18.18861829
 13.70924453 15.98310139 15.66625249 14.78404573 14.40506958 14.76540755
 16.95228628 16.7721173  14.75919483 17.13245527 17.85313121 16.29373757
 16.83424453 16.11978131 14.28081511 14.23111332 15.75944334 16.39935388
 14.5417495  16.68513917 14.87723658 15.93961233 18.10164016 15.16302187
 15.25621272 16.13841948 16.56088469 17.03926441 15.67246521 14.71570577
 15.08846918 15.75323062 14.63494036 14.28081511 14.5417495  15.73459245
 15.16302187 14.62251491 15.84642147 16.29373757 16.92122266 17.7972167
 16.01416501 14.00745527]",22834.575097063764
2025-06-15 04:12:00+00:00,252,2131.29,9.0,15.757883813844584,15.620557902584492,18.536530815109344,"[15.3556163  16.31237575 15.61033797 16.26888668 14.87723658 15.75944334
 17.12624254 14.04473161 15.0139165  15.88991054 15.4860835  16.91500994
 16.56709742 12.92022863 13.90805169 13.93290258 14.11307157 15.21893638
 14.77162028 14.93936382 15.65382704 15.76565606 15.86505964 14.85238569
 15.44880716 16.11978131 16.15084493 13.94532803 14.55417495 12.10636183
 15.03255467 16.09493042 15.61033797 16.23782306 15.98310139 15.84642147
 16.36829026 16.33722664 17.29398608 15.98931412 16.88394632 14.44855865
 15.75323062 14.79025845 15.23757455 15.4612326  15.89612326 15.64761431
 15.57927435 15.46744533 14.85859841 15.43638171 14.50447316 18.49925447
 17.71023857 17.0889662  15.51714712 14.90208748 15.79671968 15.47987078
 15.28727634 15.22514911 16.41177932 16.26888668 15.1443837  15.85263419
 15.33697813 16.52982107 15.1443837  16.07629225 14.74676938 12.66550696
 14.93315109 15.25621272 14.51689861 15.84020875 15.38667992 14.52932406
 15.05740557 15.17544732 15.17544732 16.5360338  17.47415507 16.8777336
 14.87102386 14.39264414 16.52360835 15.16923459 14.8026839  15.71595427
 14.79647117 17.37475149 17.48658052 16.09493042 16.55467197 16.10735586
 14.69706759 16.98956262 18.07057654 15.10710736 14.48583499 14.42370775
 16.79696819 14.0944334  14.20626243 13.65954274 15.15680915 15.43016899
 16.20054672 14.67842942 15.65382704 16.86530815 15.80914513 14.31809145
 13.64090457 15.65382704 14.23111332 13.93911531 13.78379722 16.47390656
 16.08250497 16.21918489 15.87748509 16.15705765 18.33772366 16.54845924
 18.08300199 14.60387674 15.17544732 16.95849901 14.40506958 15.34319085
 14.21868787 15.38667992 16.90879722 16.69135189 16.05765408 17.81585487
 16.49254473 16.98956262 15.92097416 15.76565606 13.99502982 13.76515905
 15.10710736 16.13841948 15.63518887 13.43588469 15.25621272 15.33697813
 17.39338966 16.03280318 16.194334   16.67271372 16.2999503  17.1138171
 13.65954274 14.75298211 13.93290258 14.8026839  15.3556163  15.02012922
 15.43638171 15.41153082 16.71620278 16.12599404 18.53653082 17.76615308
 15.61033797 16.50497018 14.05094433 14.08822068 14.29945328 14.56038767
 15.66003976 17.5859841  16.55467197 15.34940358 15.13817097 15.6165507
 17.84691849 18.08921471 15.88369781 15.90854871 15.0387674  14.29945328
 17.17594433 14.31809145 14.61008946 15.98310139 14.10685885 15.38667992
 14.86481113 15.90854871 16.23782306 15.22514911 17.57977137 17.40581511
 18.39985089 15.93961233]",22609.176087598444
2025-06-15 04:13:00+00:00,253,2154.4399999999996,9.0,15.826709497654415,15.692470178926442,18.480616302186878,"[14.98906561 16.38071571 15.46744533 15.68489066 16.83424453 16.0638668
 15.57927435 16.58573559 14.74676938 15.90854871 17.74751491 16.67892644
 16.42420477 14.23732604 13.21843936 14.79647117 15.67246521 14.74676938
 17.05790258 16.90879722 15.96446322 16.4304175  17.4555169  15.6973161
 17.34368787 16.42420477 18.35014911 15.22514911 16.94607356 14.20626243
 14.97664016 16.92122266 15.0387674  15.47987078 16.46769384 16.04522863
 15.25       16.61058648 16.70999006 14.75298211 16.00795229 14.48583499
 14.26217694 14.58523857 15.45501988 15.21893638 14.2249006  16.28752485
 14.777833   15.84020875 17.13866799 14.34915507 15.04498012 15.55442346
 16.55467197 15.722167   15.00770378 14.777833   13.29920477 15.74080517
 17.66053678 15.53578529 14.14413519 16.93364811 17.25049702 17.03926441
 16.56709742 15.88369781 14.86481113 15.80293241 13.75894632 12.10636183
 14.44855865 15.90854871 15.38667992 16.49875746 15.57927435 16.8777336
 14.59766402 18.4806163  15.91476143 15.722167   17.64189861 16.30616302
 14.95800199 14.5666004  14.13170974 14.25596421 14.12549702 14.74055666
 14.31187873 16.37450298 15.36804175 16.7721173  15.44880716 16.54845924
 16.10735586 17.26292247 15.97688867 14.08200795 14.47340954 16.29373757
 15.51714712 16.08250497 15.95203777 14.48583499 15.80293241 14.50447316
 15.5916998  16.93364811 16.41799205 16.22539761 17.26292247 16.20054672
 13.34890656 14.56038767 14.59766402 13.6222664  14.4609841  16.47390656
 16.35586481 15.62897614 15.88991054 16.56709742 16.48633201 16.28131213
 14.86481113 14.28081511 14.34915507 15.9582505  12.95750497 14.52932406
 16.68513917 14.36779324 16.44905567 15.21272366 18.12649105 15.9582505
 17.23807157 15.0387674  15.07604374 15.0139165  14.33672962 15.82157058
 15.5916998  13.9639662  16.08871769 17.4555169  13.37375746 15.71595427
 17.07032803 16.79696819 18.39363817 17.6916004  16.16327038 16.84045726
 15.31212724 14.74676938 15.97688867 17.18215706 14.54796223 15.40531809
 16.26888668 16.02037773 12.97614314 16.85909543 17.21322068 17.15109344
 17.18836978 16.97092445 14.3305169  14.63494036 16.26888668 15.58548708
 15.44880716 15.0387674  15.61033797 17.40581511 15.5916998  15.44880716
 17.42445328 17.46794235 15.85884692 16.25024851 14.87102386 14.64115308
 15.08846918 14.31809145 15.42395626 13.97639165 15.89612326 16.34343936
 14.5417495  14.52311133 16.9833499  15.41153082 15.3556163  16.80939364
 17.20700795 15.18787276]",22839.439295352608
2025-06-15 04:14:00+00:00,254,2106.98,9.0,15.687168763492506,15.545042246520875,18.797465208747514,"[13.83971173 13.74030815 15.84642147 14.97664016 16.73484095 16.24403579
 15.61033797 13.79000994 14.95800199 16.7472664  18.0084493  17.70402584
 15.67867793 13.37375746 15.37425447 16.79075547 16.23782306 14.73434394
 14.33672962 15.88369781 18.79746521 16.73484095 16.42420477 16.05765408
 14.79647117 16.33722664 16.16327038 13.31163022 14.23111332 13.60362823
 16.08250497 15.23757455 15.66003976 17.66053678 16.98956262 14.62872763
 15.25621272 16.79696819 15.22514911 15.97067594 17.0082008  13.27435388
 14.25596421 14.66600398 14.23732604 15.75944334 14.90208748 15.10089463
 15.42395626 14.53553678 15.40531809 15.84642147 16.02037773 15.38667992
 16.34965209 16.78454274 15.45501988 13.26814115 13.42967197 15.79050696
 13.92047714 17.02062624 16.07629225 13.63469185 15.76565606 15.12574553
 15.3556163  15.77186879 17.71645129 16.30616302 15.41774354 14.08822068
 13.4110338  15.15059642 15.50472167 14.05715706 17.48658052 15.84642147
 15.18166004 17.3499006  15.71595427 16.56088469 16.07007952 16.04522863
 12.7027833  14.90208748 14.89587475 15.62897614 14.36779324 15.43016899
 16.58573559 16.36207753 16.25646123 16.90258449 14.37400596 16.25024851
 15.45501988 16.90258449 16.02659046 13.65333002 15.41153082 14.63494036
 13.80864811 16.11356859 15.41153082 15.0139165  18.70427435 15.36804175
 16.5111829  16.02037773 16.36829026 16.60437376 15.87127237 15.97688867
 14.16898608 13.74030815 15.3556163  14.12549702 17.36853877 13.77758449
 17.27534791 15.66625249 17.15730616 15.722167   16.66650099 15.722167
 16.66650099 12.76491054 13.3861829  15.74080517 16.0390159  15.51714712
 15.66625249 17.13245527 16.85909543 16.0390159  15.64761431 15.93961233
 15.84642147 15.25       16.46148111 13.47937376 15.1195328  16.03280318
 16.25024851 15.85263419 15.37425447 16.20054672 14.72813121 14.89587475
 13.93911531 16.16327038 14.95800199 16.7721173  17.30641153 16.58573559
 14.50447316 13.64090457 15.64761431 15.69110338 15.30591451 14.59766402
 14.73434394 15.54821074 15.26242545 15.66625249 16.44905567 17.20700795
 16.85909543 15.21893638 15.74080517 15.04498012 16.55467197 16.31858847
 14.05715706 14.13170974 15.82157058 13.26814115 15.87127237 16.09493042
 15.6973161  15.95203777 16.2999503  16.34965209 15.00149105 14.17519881
 15.29970179 14.21247515 15.70352883 14.49204771 16.73484095 16.13220676
 14.95178926 15.16302187 16.42420477 16.56088469 16.32480119 17.41202783
 15.44880716 13.50422465]",22372.591815140528
2025-06-15 04:15:00+00:00,255,2137.8399999999997,9.0,15.778760545375716,15.640904572564612,18.443339960238568,"[15.80293241 16.54845924 14.69085487 15.28106362 14.11928429 15.43016899
 18.06436382 14.84617296 16.26888668 16.5111829  17.30641153 17.25670974
 16.55467197 14.33672962 16.72862823 15.31212724 13.61605368 16.42420477
 14.64115308 14.72191849 15.05119284 17.94632207 14.54796223 16.31858847
 16.96471173 16.08871769 17.0889662  13.74652087 14.52311133 15.18166004
 17.31262425 14.92693837 16.67271372 13.78379722 14.95800199 16.83424453
 13.57256461 17.51764414 15.86505964 17.6667495  16.04522863 15.21272366
 15.09468191 16.10114314 14.42370775 15.54821074 14.57281312 15.83399602
 15.43016899 15.84642147 15.16923459 16.32480119 16.38071571 16.95849901
 17.15109344 15.0139165  17.20700795 14.74055666 15.63518887 15.50472167
 14.37400596 15.98931412 16.00795229 14.42992048 14.49826044 14.84617296
 15.19408549 15.34940358 15.21272366 16.79075547 14.78404573 14.0944334
 16.36207753 15.65382704 16.49254473 17.15109344 15.13817097 17.80964215
 15.62276342 17.1945825  15.81535785 15.55442346 16.34343936 16.79696819
 15.18787276 14.70328032 16.26267396 14.60387674 16.11356859 15.79671968
 17.3250497  16.07629225 16.92743539 15.44880716 15.51093439 15.8277833
 16.31237575 15.6973161  16.85909543 13.95775348 15.08225646 14.70949304
 16.33101392 15.50472167 13.77137177 14.62872763 13.63469185 16.87152087
 16.66650099 15.77808151 16.41177932 14.11307157 16.59194831 15.57927435
 15.95203777 15.06361829 16.38692843 16.15084493 14.81510934 14.8026839
 16.04522863 15.65382704 15.52335984 16.59194831 14.93936382 15.87127237
 17.05168986 15.05119284 15.52957256 14.52311133 13.66575547 18.0084493
 16.08250497 16.34343936 14.62872763 16.97092445 17.88419483 17.92147117
 17.10760437 15.47365805 15.9333996  12.10636183 14.57902584 14.24975149
 15.17544732 13.05690855 15.70974155 17.29398608 13.8832008  16.56709742
 15.92718688 15.61033797 16.73484095 18.44333996 16.23782306 16.25024851
 13.92047714 15.44259443 13.89562624 14.57281312 14.06336978 16.194334
 15.42395626 15.64140159 15.57306163 15.75323062 14.92072565 16.56709742
 16.96471173 16.4055666  14.86481113 17.30641153 14.61008946 15.41774354
 15.05740557 14.44234592 16.26888668 16.09493042 15.47365805 16.42420477
 16.18812127 14.4609841  16.18190855 15.16923459 15.88991054 14.45477137
 13.71545726 13.75894632 14.48583499 12.13121272 15.00149105 14.4609841
 17.08275348 16.92743539 15.88369781 15.90233598 17.00198807 15.55442346
 15.49229622 14.32430417]",22679.021280609
2025-06-15 04:16:00+00:00,256,2105.22,9.0,15.683026831366956,15.539575049701789,18.983846918489064,"[15.27485089 15.92718688 15.5916998  15.77808151 13.75894632 15.05119284
 16.21918489 16.23161034 16.77833002 16.99577535 16.60437376 17.49279324
 15.85884692 13.48558648 13.57877734 12.10636183 14.29945328 14.05715706
 15.71595427 15.15059642 15.53578529 15.19408549 16.32480119 16.54845924
 16.85909543 17.31883698 14.84617296 15.03255467 14.49826044 13.88941352
 14.95800199 14.58523857 15.29348907 16.23782306 17.7972167  15.77808151
 16.33722664 13.92668986 15.25       16.16327038 16.02659046 13.95154076
 13.19358847 15.06983101 14.16898608 15.37425447 15.20029821 15.78429423
 14.88966203 16.76590457 15.78429423 15.85263419 16.01416501 15.84020875
 16.21297217 17.18836978 14.56038767 15.20651093 14.65357853 15.74701789
 14.54796223 15.20651093 15.4612326  15.23136183 16.70999006 15.74701789
 17.54870775 15.58548708 15.77808151 15.63518887 12.41078529 14.89587475
 14.79025845 15.49850895 14.70328032 15.19408549 15.0387674  16.56709742
 16.6416501  15.45501988 15.29970179 17.51143141 17.25049702 17.22564612
 14.56038767 14.81510934 15.3804672  16.61058648 14.65979125 15.44259443
 14.85859841 15.10710736 16.26267396 15.67867793 14.86481113 16.11356859
 16.73484095 16.91500994 17.27534791 15.57306163 14.83996024 12.33001988
 15.12574553 16.05144135 14.94557654 15.77808151 18.21346918 16.71620278
 16.72862823 15.33076541 17.41824056 16.67271372 16.61058648 14.52932406
 12.7027833  14.83374751 15.13817097 15.40531809 15.75323062 14.73434394
 15.61033797 15.77808151 15.63518887 14.96421471 16.38692843 15.87748509
 16.24403579 15.07604374 14.05715706 14.55417495 14.83374751 14.06336978
 15.38667992 14.97664016 16.31858847 14.777833   16.14463221 16.46148111
 17.66053678 16.57331014 17.12624254 15.36182903 13.05690855 14.13792247
 15.91476143 13.60984095 13.77137177 14.69085487 16.52360835 13.97639165
 15.92718688 17.71023857 15.67867793 14.97042744 16.55467197 17.36232604
 14.3305169  14.82132207 15.12574553 15.55442346 15.28727634 15.39289264
 14.90208748 14.84617296 16.52360835 16.15705765 16.24403579 15.91476143
 17.18836978 17.20079523 15.43016899 13.9639662  15.37425447 15.72837972
 13.19980119 15.24378728 14.34294235 15.17544732 16.05144135 15.47365805
 15.60412525 15.26242545 17.1138171  17.21322068 14.56038767 14.11928429
 15.40531809 14.20626243 14.90208748 15.46744533 16.6416501  15.32455268
 15.28727634 13.54150099 15.90233598 16.9833499  17.6667495  17.61083499
 18.98384692 16.4304175 ]",22358.73456702129
2025-06-15 04:17:00+00:00,257,2123.21,9.0,15.736652191408371,15.595458499005963,18.816103379721667,"[15.28727634 14.49204771 14.47340954 17.24428429 15.26242545 14.86481113
 16.31858847 16.48633201 15.40531809 14.98906561 16.80939364 16.59194831
 16.20675944 15.64761431 13.56013917 14.80889662 15.46744533 16.69135189
 14.47962227 12.92644135 16.96471173 15.23757455 14.6722167  15.80914513
 16.07007952 16.21918489 15.80914513 16.52360835 14.31809145 14.31187873
 15.73459245 13.57877734 14.5666004  13.61605368 14.64736581 13.92047714
 14.305666   14.99527833 16.4055666  16.07629225 15.72837972 13.94532803
 15.34319085 13.9639662  17.51764414 15.83399602 14.93936382 15.18787276
 14.62872763 14.52932406 16.75347913 16.32480119 16.56088469 18.07057654
 17.62326044 15.97067594 16.18812127 16.14463221 15.19408549 15.70352883
 16.70999006 14.95800199 16.23161034 16.11978131 17.95253479 15.51714712
 15.57927435 15.56063618 16.54224652 18.81610338 15.84642147 14.52932406
 14.24975149 13.9888171  15.57927435 15.47987078 15.19408549 16.08250497
 16.18812127 15.70352883 16.93986083 15.10710736 16.54224652 15.33076541
 14.08200795 15.23136183 14.6722167  14.50447316 15.98931412 16.44905567
 14.87723658 16.69756461 16.23161034 16.34965209 15.36182903 16.82803181
 16.25646123 17.02062624 16.8528827  15.21893638 14.04473161 15.12574553
 16.60437376 15.1443837  15.02012922 14.40506958 16.15084493 16.04522863
 17.59219682 17.44930417 16.37450298 17.0889662  16.58573559 15.26242545
 15.15680915 15.57927435 14.81510934 17.26292247 15.70352883 14.78404573
 15.02634195 14.73434394 15.73459245 15.76565606 15.3556163  15.96446322
 15.6973161  12.90159046 15.57927435 15.21272366 15.55442346 15.62897614
 15.38667992 16.68513917 15.84642147 15.63518887 15.54199801 15.61033797
 15.28727634 17.53006958 15.3804672  14.16898608 17.60462227 15.31212724
 14.70328032 14.88966203 17.08275348 15.97067594 15.67246521 15.75944334
 15.09468191 15.57927435 15.00770378 16.07007952 16.37450298 16.14463221
 16.49875746 14.36158052 15.77808151 15.57927435 15.75323062 15.22514911
 15.76565606 14.96421471 15.99552684 14.25596421 16.20675944 16.63543738
 16.02659046 17.36232604 15.00770378 13.57256461 14.28081511 14.17519881
 15.6165507  15.3804672  15.16302187 15.96446322 14.91451292 15.51714712
 15.83399602 16.59816103 17.44309145 13.87077535 13.07554672 13.54771372
 15.69110338 15.09468191 15.34940358 16.34343936 14.6722167  15.18787276
 15.04498012 16.82803181 15.76565606 16.03280318 15.23757455 17.9276839
 15.3556163  15.18166004]",22538.143571575845
2025-06-15 04:18:00+00:00,258,2139.44,9.0,15.785090454756935,15.645874751491053,18.70427435387674,"[13.78379722 16.58573559 15.76565606 15.06983101 14.31187873 15.81535785
 16.14463221 14.34294235 15.05119284 16.83424453 16.35586481 16.42420477
 15.54199801 13.33026839 14.59145129 12.96371769 16.47390656 15.1195328
 15.06983101 14.99527833 16.57952286 16.34343936 15.54199801 15.69110338
 14.71570577 16.57952286 17.75994036 15.52957256 16.31237575 16.55467197
 15.36182903 15.87748509 14.84617296 15.37425447 14.72813121 14.61008946
 15.6165507  15.79050696 16.194334   15.40531809 17.3250497  14.95178926
 14.79025845 14.88966203 16.7721173  15.05740557 14.97664016 16.08871769
 13.98260437 16.0638668  15.9582505  15.88991054 16.194334   17.75994036
 18.21968191 18.70427435 13.05690855 13.50422465 14.71570577 15.41774354
 14.79025845 16.03280318 15.06983101 16.33101392 17.05790258 15.90233598
 17.04547714 16.22539761 16.23161034 16.48011928 12.70899602 13.77137177
 16.62301193 15.19408549 16.52360835 15.20651093 15.3556163  17.07032803
 15.64761431 15.87127237 15.6973161  17.56734592 16.00795229 17.74751491
 15.20029821 15.97067594 13.55392644 16.194334   14.49826044 15.61033797
 16.49254473 14.86481113 16.69756461 13.83971173 15.98931412 14.59766402
 18.05193837 16.33101392 16.26267396 13.66575547 13.47316103 15.77808151
 13.6222664  15.3556163  16.15705765 14.45477137 16.72862823 18.09542744
 16.15084493 17.98359841 16.48011928 15.47365805 16.59194831 14.4609841
 15.44880716 14.44855865 14.61008946 15.02634195 15.95203777 16.16327038
 16.65407555 16.21297217 15.05119284 15.84642147 15.67246521 17.72266402
 15.56684891 13.41724652 15.05740557 14.93936382 15.30591451 15.53578529
 16.47390656 16.56088469 15.07604374 16.10735586 17.07654076 15.3804672
 15.00770378 18.0084493  17.64189861 14.44234592 13.90183897 14.02609344
 15.46744533 14.42992048 13.47316103 15.36182903 16.05144135 17.3250497
 15.34940358 16.30616302 15.8277833  15.79050696 17.22564612 17.49279324
 14.61008946 14.63494036 13.57256461 12.60959245 15.47365805 14.95800199
 16.00795229 17.23185885 16.74105368 16.98956262 16.70999006 16.54224652
 17.42445328 15.59791252 16.194334   15.13817097 15.47365805 14.305666
 15.13817097 15.15059642 14.36779324 15.98931412 16.00795229 14.50447316
 15.66625249 16.78454274 16.51739563 15.77808151 14.15034791 15.68489066
 14.35536779 15.80914513 17.20700795 14.61008946 14.46719682 15.24378728
 15.92097416 16.34343936 14.92693837 16.18812127 17.03926441 16.2999503
 15.87748509 15.40531809]",22700.1986254348
2025-06-15 04:19:00+00:00,259,2152.46,9.0,15.824062597658582,15.686319582504971,18.232107355864812,"[15.1443837  15.24378728 14.44234592 13.14388668 14.62872763 16.00795229
 14.17519881 15.67867793 15.60412525 16.62922465 15.23757455 15.57306163
 16.82803181 15.00770378 15.98310139 15.74701789 13.47937376 14.65979125
 15.41774354 15.52957256 13.79622266 15.69110338 17.25049702 16.88394632
 17.72887674 15.43638171 16.2750994  15.10710736 15.18166004 13.52286282
 16.78454274 13.77758449 15.30591451 15.03255467 16.55467197 16.49875746
 17.34368787 15.77808151 15.81535785 18.21346918 17.67917495 15.00770378
 16.39935388 15.64140159 14.777833   16.52360835 14.76540755 16.15705765
 14.59145129 15.90854871 14.96421471 16.85909543 16.10114314 15.87748509
 16.85909543 17.6916004  15.41153082 15.36182903 14.87723658 14.76540755
 14.90208748 16.20675944 16.93986083 15.44259443 17.72887674 17.82206759
 15.32455268 16.66028827 18.19483101 16.45526839 14.40506958 14.10685885
 15.1195328  14.98285288 15.68489066 15.88991054 15.77808151 16.25646123
 16.20675944 15.87127237 16.93986083 16.25646123 17.83449304 16.52360835
 15.05119284 16.18812127 15.62897614 14.70949304 16.20054672 15.91476143
 14.48583499 14.70328032 15.94582505 16.21918489 16.54224652 16.46148111
 16.97092445 16.54224652 16.74105368 14.45477137 15.08846918 13.65954274
 14.79647117 14.64115308 16.98956262 16.13841948 15.06983101 16.18812127
 18.23210736 16.8777336  16.21918489 16.09493042 16.8528827  13.44831014
 14.777833   13.42345924 15.38667992 15.18166004 16.48011928 16.10735586
 17.41824056 17.36853877 16.08871769 15.23757455 17.12002982 16.73484095
 16.48011928 14.24975149 13.14388668 13.91426441 15.89612326 14.44855865
 14.60387674 15.96446322 16.79075547 15.93961233 15.42395626 15.74701789
 16.04522863 15.89612326 15.19408549 14.8026839  12.88295229 14.44234592
 16.18812127 14.23732604 16.10114314 15.4612326  15.75323062 16.51739563
 14.75298211 15.85884692 17.20700795 15.92097416 17.81585487 16.69756461
 14.39885686 13.7278827  13.26814115 15.43016899 14.95178926 15.96446322
 14.777833   16.69756461 16.47390656 17.05790258 16.15705765 17.02683897
 18.20725646 17.51143141 14.61630219 13.82107356 14.92072565 16.01416501
 13.93290258 14.62872763 15.722167   15.39910537 16.02659046 16.08871769
 14.73434394 16.21918489 15.08846918 16.92743539 14.85859841 14.99527833
 15.47987078 16.09493042 15.03255467 16.01416501 14.74676938 15.26242545
 14.15034791 16.4055666  16.42420477 15.15059642 14.8026839  16.31858847
 15.71595427 15.36804175]",22830.583826726554
2025-06-15 04:20:00+00:00,260,2129.07,9.0,15.755593957563136,15.613661779324055,18.735337972166995,"[15.29348907 14.32430417 15.44259443 15.15680915 15.3556163  16.02037773
 15.37425447 16.25646123 16.02659046 15.79671968 17.36853877 17.62947316
 16.04522863 14.61008946 14.79025845 14.47340954 15.13195825 16.33101392
 13.82107356 16.10114314 15.43016899 15.44259443 16.0638668  15.52335984
 15.66003976 15.99552684 15.23136183 16.05144135 14.305666   14.41128231
 14.35536779 16.17569583 15.78429423 15.87127237 16.74105368 17.90904573
 16.69135189 14.63494036 14.54796223 17.10760437 17.05168986 16.62922465
 15.60412525 14.52311133 16.72241551 15.38667992 14.75919483 14.99527833
 14.82132207 16.28752485 16.91500994 16.39935388 18.44955268 15.94582505
 14.97042744 16.05765408 15.722167   15.43016899 13.42345924 13.26814115
 14.68464215 15.20029821 16.63543738 15.21893638 17.39960239 16.92122266
 16.69135189 18.36878728 16.07629225 17.57977137 13.93911531 14.11928429
 14.305666   14.36779324 15.41153082 15.33697813 14.62872763 15.59791252
 15.51714712 15.30591451 17.78479125 18.12649105 15.66003976 18.0084493
 14.0944334  14.20626243 12.62823062 15.36804175 15.15680915 13.1500994
 14.57281312 13.90805169 16.0638668  16.52982107 15.61033797 16.23782306
 17.01441352 16.15084493 15.52335984 16.00173956 15.12574553 14.87102386
 15.47987078 14.62251491 14.70949304 15.0387674  15.51093439 15.5916998
 15.95203777 17.75372763 16.39935388 17.25670974 16.31858847 15.28106362
 15.17544732 14.86481113 15.24378728 15.46744533 14.29324056 14.55417495
 13.32405567 15.51714712 15.87127237 16.56709742 18.51167992 17.67296223
 18.49304175 14.00745527 14.68464215 15.98931412 13.51043738 14.94557654
 16.48633201 15.64140159 16.84045726 17.50521869 16.10114314 16.33101392
 15.84642147 14.37400596 17.81585487 13.24950298 12.74005964 15.68489066
 14.68464215 14.93315109 15.77186879 13.77758449 14.63494036 16.39314115
 15.722167   15.54821074 16.97713718 17.64811133 16.24403579 16.82181909
 15.80293241 14.13170974 12.60959245 13.42967197 14.54796223 15.44880716
 15.25       14.97042744 15.53578529 15.51714712 15.54821074 15.26242545
 15.24378728 15.85263419 14.92072565 15.17544732 14.53553678 15.51714712
 15.78429423 15.89612326 15.43638171 18.73533797 15.15680915 16.2750994
 15.54199801 16.58573559 17.44309145 17.02683897 13.9888171  15.49850895
 14.62251491 15.56684891 16.07007952 15.85263419 15.58548708 15.9333996
 15.47365805 13.90183897 14.96421471 18.28802187 16.22539761 16.02037773
 17.40581511 14.02609344]",22601.515144423232
2025-06-15 04:21:00+00:00,261,2101.9900000000002,9.0,15.676242674973402,15.529541500994037,18.735337972166995,"[14.45477137 15.50472167 16.43663022 16.23161034 16.79696819 14.97042744
 17.06411531 14.98285288 15.26242545 15.94582505 16.7472664  15.80914513
 17.67917495 15.9582505  13.31784294 13.90805169 17.44309145 15.39289264
 15.95203777 14.13170974 16.18812127 16.01416501 17.09517893 16.05765408
 16.56709742 15.28727634 17.84070577 14.18141153 15.11332008 13.13146123
 14.18141153 14.24353877 15.06983101 14.53553678 14.69085487 16.57952286
 16.18190855 16.13220676 15.70352883 15.80914513 16.83424453 12.50397614
 14.96421471 15.53578529 16.38071571 14.66600398 15.81535785 15.52957256
 16.31858847 18.73533797 16.47390656 16.49875746 16.62301193 16.25646123
 17.5859841  14.81510934 14.65979125 15.722167   14.34294235 15.17544732
 16.44284294 14.60387674 15.75323062 15.52335984 17.78479125 15.76565606
 15.62276342 15.69110338 17.03926441 17.85934394 14.53553678 14.58523857
 15.97067594 14.57902584 16.42420477 15.28727634 14.06336978 16.18190855
 15.42395626 15.94582505 17.14488072 15.83399602 14.57281312 15.49850895
 14.48583499 14.41749503 14.32430417 15.51714712 15.68489066 14.74676938
 15.4860835  14.46719682 15.22514911 15.33076541 16.21297217 15.16302187
 16.49875746 16.6416501  15.18166004 14.45477137 14.95800199 13.8832008
 15.69110338 13.78379722 15.60412525 15.25       15.41774354 14.98906561
 15.57306163 15.91476143 14.5417495  15.34940358 17.10760437 15.77808151
 13.55392644 14.20626243 14.10685885 15.85884692 14.97664016 14.79647117
 14.73434394 15.96446322 16.00795229 16.2999503  14.48583499 14.69085487
 15.73459245 13.9639662  14.37400596 14.47962227 15.6165507  15.62276342
 16.51739563 15.41774354 15.83399602 13.83971173 15.6165507  17.10139165
 17.13245527 16.12599404 17.05168986 13.51043738 15.27485089 15.26863817
 15.05740557 14.34294235 14.49204771 15.90854871 16.73484095 15.46744533
 16.20054672 15.50472167 15.3804672  16.70999006 16.58573559 17.07032803
 15.00770378 14.66600398 16.50497018 14.59766402 14.05094433 16.6167992
 16.0390159  15.66625249 16.84045726 16.48633201 15.20029821 16.80939364
 15.95203777 16.70377734 13.92047714 15.05740557 14.75919483 14.36779324
 15.10089463 15.44259443 15.6165507  15.47365805 14.88966203 14.5666004
 15.54821074 16.08250497 17.0082008  17.12002982 14.28702783 14.31809145
 15.13195825 15.13195825 15.09468191 14.98906561 16.33101392 16.10114314
 15.51714712 16.60437376 13.25571571 15.13195825 15.94582505 15.46744533
 17.75994036 15.28106362]",22336.037493391013
2025-06-15 04:22:00+00:00,262,2126.98,9.0,15.750558937978171,15.60716948310139,18.362574552683895,"[15.46744533 13.10039761 15.47987078 16.24403579 15.52957256 15.87748509
 15.63518887 17.5611332  15.33697813 16.03280318 16.65407555 15.00770378
 16.48633201 14.51689861 13.45452286 14.87102386 13.72166998 15.50472167
 14.86481113 16.07007952 16.17569583 17.17594433 16.38071571 16.79696819
 15.6973161  15.22514911 17.18215706 14.69706759 14.3305169  14.49204771
 14.28081511 16.63543738 15.05119284 16.38071571 15.23757455 15.47987078
 16.6416501  15.29348907 15.89612326 15.28727634 17.56734592 15.75323062
 14.81510934 13.33026839 14.71570577 13.97639165 15.05740557 15.49850895
 17.1945825  14.21247515 16.00173956 17.80964215 15.74080517 17.82828032
 15.8277833  17.71645129 16.34343936 14.08200795 15.43016899 15.20651093
 15.3556163  15.25       15.87127237 16.75969185 16.78454274 16.00173956
 16.87152087 15.4860835  17.65432406 16.34965209 14.11928429 16.80318091
 15.47365805 15.92097416 14.72191849 15.56063618 13.70303181 17.3499006
 15.66003976 15.23757455 16.49254473 16.03280318 17.82828032 15.26863817
 14.82753479 13.65954274 15.50472167 15.20651093 14.71570577 16.0390159
 16.48633201 14.79647117 16.75347913 17.63568588 17.65432406 16.4304175
 17.56734592 16.73484095 16.89015905 14.10685885 14.52311133 14.42370775
 15.22514911 15.18166004 15.15059642 15.03255467 15.59791252 15.90233598
 15.06361829 15.05740557 15.13195825 16.11356859 15.53578529 15.15059642
 15.06983101 16.07629225 16.38071571 17.03926441 16.15705765 16.28131213
 16.70999006 16.62301193 16.6416501  18.36257455 17.05168986 14.92693837
 16.94607356 12.48533797 14.53553678 14.28702783 15.23136183 15.58548708
 15.12574553 15.93961233 17.06411531 16.48011928 15.6973161  16.31858847
 16.52982107 17.54870775 16.36829026 14.13170974 14.65979125 13.52907555
 13.9639662  14.4361332  13.86456262 12.92022863 16.30616302 16.95849901
 16.11356859 16.61058648 16.96471173 16.10114314 16.62922465 13.9888171
 15.45501988 15.55442346 14.61008946 15.13817097 14.78404573 13.83349901
 15.10710736 16.00173956 16.25024851 15.79050696 15.55442346 15.55442346
 16.52360835 15.85884692 16.23161034 14.04473161 15.46744533 15.34940358
 14.24353877 13.83971173 15.4612326  16.13841948 14.34915507 16.17569583
 18.12649105 14.26838966 18.21346918 15.4860835  12.597167   12.45427435
 15.29970179 13.42967197 15.40531809 15.77186879 14.65979125 16.77833002
 15.53578529 15.99552684 14.97042744 16.31237575 16.8777336  15.31833996
 15.13195825 14.32430417]",22584.669982899773
2025-06-15 04:23:00+00:00,263,2136.44,9.0,15.77905217907152,15.636555666003977,18.859592445328033,"[14.05715706 15.18166004 15.33076541 16.72241551 15.41153082 13.60362823
 16.66028827 15.82157058 17.38717694 16.24403579 16.31237575 16.51739563
 17.72266402 14.2000497  16.17569583 14.42370775 13.8583499  16.24403579
 16.18190855 15.26242545 13.66575547 15.59791252 17.43687873 15.74080517
 17.01441352 16.05765408 17.0082008  13.92047714 14.31809145 15.3804672
 15.34940358 16.67892644 15.08225646 15.32455268 15.65382704 17.28156064
 17.1945825  16.05144135 17.85313121 16.04522863 17.54249503 14.777833
 14.4361332  13.36754473 13.39860835 15.49850895 15.79050696 15.24378728
 17.38096421 15.0139165  17.02683897 17.12002982 17.07654076 15.79050696
 16.194334   16.31858847 12.69657058 14.2249006  15.13195825 14.21247515
 15.9333996  16.51739563 15.55442346 14.86481113 16.6167992  16.69756461
 16.25646123 18.85959245 16.72862823 16.97713718 15.3556163  13.5166501
 15.15059642 14.87723658 13.90183897 15.75944334 15.02012922 16.45526839
 15.05740557 16.1694831  16.14463221 16.75347913 17.25049702 15.97067594
 14.2000497  15.36182903 14.19383698 13.4110338  15.41153082 14.11307157
 16.8528827  15.98931412 17.13866799 15.47365805 15.00770378 16.33101392
 17.62947316 15.65382704 16.0638668  14.51068588 15.68489066 12.52261431
 16.28131213 15.10710736 16.31237575 16.60437376 15.39910537 13.31784294
 16.69135189 16.24403579 15.722167   18.41848907 14.20626243 14.84617296
 14.95800199 13.42345924 15.06361829 15.00770378 15.80914513 14.305666
 16.22539761 17.3499006  16.28131213 18.375      16.8777336  16.25024851
 16.21918489 14.94557654 14.97664016 14.18141153 14.93315109 14.69085487
 16.39935388 14.95800199 15.69110338 15.57306163 16.13220676 14.95178926
 14.44234592 16.26888668 17.5859841  13.80243539 14.75298211 13.60984095
 14.5666004  13.93911531 16.28752485 15.34319085 15.95203777 16.18812127
 14.25596421 15.1195328  15.97067594 16.42420477 14.84617296 15.62276342
 14.70949304 16.38692843 13.94532803 13.51043738 13.69681909 16.52360835
 15.74701789 15.84020875 16.18190855 16.69756461 15.25       16.79075547
 15.97688867 16.98956262 15.1443837  14.83374751 15.68489066 15.3556163
 16.26267396 15.82157058 15.44259443 16.57952286 17.12002982 16.2999503
 15.41153082 14.14413519 16.46148111 14.82132207 14.77162028 13.94532803
 14.73434394 15.28727634 14.74055666 15.16302187 16.00795229 16.05144135
 16.57331014 17.3250497  16.46769384 17.00198807 16.26267396 16.62301193
 17.62326044 15.23757455]",22679.996970301683
2025-06-15 04:24:00+00:00,264,2147.2,9.0,15.811388453383628,15.669980119284292,18.250745526838966,"[15.78429423 15.21272366 14.65357853 15.90233598 15.49229622 15.41774354
 16.51739563 17.16351889 17.94632207 15.27485089 16.9833499  17.82206759
 16.96471173 14.05094433 14.00124254 13.19980119 15.81535785 16.59194831
 15.06983101 13.35511928 15.32455268 15.23136183 16.95849901 15.07604374
 16.38692843 16.82803181 14.87723658 16.02037773 14.70328032 15.3556163
 13.44831014 15.50472167 15.57306163 14.49826044 14.60387674 16.01416501
 15.31833996 15.20029821 16.24403579 16.65407555 17.39960239 16.39935388
 16.59194831 14.15034791 13.93290258 16.85909543 14.89587475 16.94607356
 16.42420477 16.08250497 15.20029821 15.89612326 14.82753479 14.54796223
 16.80318091 15.49229622 13.57256461 14.777833   14.23732604 17.52385686
 15.51714712 14.11928429 14.08200795 15.06983101 15.25       16.09493042
 16.28131213 15.52335984 16.56088469 15.41774354 16.92122266 13.22465209
 15.16302187 14.78404573 15.39289264 15.34319085 16.10114314 14.79647117
 15.97067594 17.87798211 17.26292247 16.24403579 17.96496024 16.44284294
 14.84617296 15.89612326 15.83399602 15.44880716 14.98285288 15.0139165
 15.94582505 15.28727634 16.81560636 16.31858847 15.61033797 15.77808151
 16.16327038 16.08871769 17.44930417 14.45477137 14.51068588 15.76565606
 14.60387674 14.49826044 16.95228628 15.23757455 17.64189861 14.69706759
 14.10685885 16.92122266 15.92097416 14.81510934 16.28131213 16.13841948
 15.30591451 13.47937376 13.36133201 15.61033797 15.15059642 15.56684891
 16.73484095 15.29348907 14.47962227 16.66028827 16.31237575 16.00173956
 18.25074553 14.5417495  15.41153082 15.53578529 14.08200795 14.40506958
 15.81535785 16.34343936 16.65407555 16.39935388 15.34319085 17.47415507
 17.38717694 15.04498012 16.66650099 14.65357853 12.75248509 14.85238569
 14.69706759 15.09468191 16.24403579 15.88369781 17.57355865 16.78454274
 17.76615308 15.36182903 16.57331014 18.02708748 18.15755467 16.34965209
 15.31212724 15.3556163  15.39289264 15.29970179 15.67246521 15.04498012
 15.13817097 14.18141153 15.74701789 14.75298211 16.52982107 17.25670974
 16.97713718 15.13817097 15.02012922 14.08822068 14.24353877 15.04498012
 13.29299205 14.82753479 15.26242545 15.64761431 17.28777336 14.82132207
 15.25621272 17.43687873 17.14488072 16.89015905 14.92693837 15.72837972
 15.28106362 15.18166004 15.1443837  14.80889662 14.90208748 17.59840954
 14.98906561 16.5111829  17.25670974 15.52957256 16.20054672 16.56088469
 17.80964215 14.38643141]",22788.18120964027
2025-06-15 04:25:00+00:00,265,2129.92,9.0,15.76098412655374,15.616302186878725,18.325298210735586,"[14.13792247 14.48583499 14.57902584 14.79647117 16.25646123 15.51093439
 15.93961233 16.82181909 16.93364811 15.47365805 16.74105368 15.44880716
 16.25024851 15.80914513 14.34294235 13.37375746 13.73409543 15.22514911
 15.77186879 15.50472167 15.4612326  16.63543738 15.94582505 16.11356859
 16.194334   15.75323062 15.93961233 13.80243539 14.64736581 15.92718688
 15.98931412 15.79050696 17.41824056 15.99552684 14.11307157 15.40531809
 14.98285288 17.49900596 15.71595427 16.11978131 16.57331014 16.6167992
 16.0390159  15.79671968 14.54796223 15.52335984 13.61605368 15.91476143
 14.75919483 15.07604374 17.4555169  17.92147117 15.3556163  17.77236581
 16.11356859 16.03280318 14.95178926 15.13195825 13.4110338  13.71545726
 15.722167   14.0944334  15.98310139 15.30591451 14.97042744 16.16327038
 17.20700795 15.38667992 15.70352883 16.29373757 14.44855865 14.8026839
 14.39885686 14.0695825  14.95178926 15.77186879 15.47365805 16.63543738
 16.32480119 15.86505964 15.39910537 15.6165507  15.85884692 16.68513917
 15.46744533 14.69085487 15.53578529 14.36158052 14.20626243 15.02012922
 16.09493042 17.02062624 15.19408549 15.38667992 15.13817097 15.47987078
 16.57952286 16.37450298 17.12624254 16.01416501 15.89612326 16.99577535
 15.77186879 15.8277833  14.75298211 15.41774354 16.91500994 16.43663022
 16.13841948 15.41774354 17.83449304 16.76590457 14.99527833 13.37375746
 13.99502982 14.26838966 16.75347913 15.39289264 15.33076541 14.75298211
 14.84617296 18.32529821 15.92097416 16.74105368 16.78454274 16.95849901
 16.20675944 15.31833996 14.51689861 14.32430417 12.85810139 13.7278827
 15.6165507  15.23757455 14.83996024 15.84642147 16.9833499  15.69110338
 15.47365805 16.97713718 16.65407555 15.59791252 15.70974155 15.09468191
 14.73434394 15.24378728 17.49900596 15.49850895 15.9582505  15.18787276
 15.69110338 15.67867793 15.80293241 16.82181909 15.65382704 17.09517893
 15.86505964 13.31163022 16.24403579 15.33076541 15.13195825 16.2999503
 15.85884692 15.52335984 16.6167992  15.34940358 15.39910537 15.83399602
 16.61058648 15.70352883 15.60412525 15.02634195 13.99502982 14.31809145
 16.26267396 15.29970179 14.65357853 17.41202783 14.64736581 15.23136183
 18.30044732 16.21918489 16.9833499  15.79671968 13.3054175  15.26242545
 14.19383698 14.36158052 16.0390159  15.99552684 15.44259443 14.49204771
 14.50447316 16.38071571 15.92097416 15.66625249 16.86530815 17.53628231
 15.67867793 14.90208748]",22619.548493798196
2025-06-15 04:26:00+00:00,266,2128.53,9.0,15.757478538746302,15.611984343936381,18.41227634194831,"[14.38021869 15.63518887 14.83374751 16.26267396 15.30591451 15.36804175
 17.26292247 16.2750994  16.46769384 14.74055666 15.31833996 16.17569583
 17.12002982 15.61033797 14.01988072 15.54199801 15.04498012 13.69681909
 16.98956262 14.71570577 15.45501988 15.06361829 16.34965209 16.10114314
 16.76590457 15.61033797 17.25049702 15.31212724 16.48633201 13.69681909
 13.72166998 16.98956262 14.61008946 16.08250497 16.6167992  14.93936382
 14.82132207 15.84020875 16.48633201 16.00795229 17.84070577 14.33672962
 15.77186879 14.95800199 14.90208748 15.77808151 16.44284294 16.2999503
 15.85263419 13.59741551 16.13841948 15.95203777 17.16351889 16.25024851
 15.97067594 18.22589463 14.99527833 14.19383698 14.15034791 16.28131213
 14.11928429 15.10089463 16.03280318 17.29398608 15.91476143 16.41799205
 15.00770378 15.68489066 16.03280318 17.26913519 13.95154076 15.75944334
 15.69110338 16.43663022 15.71595427 15.18166004 17.67296223 15.75944334
 15.02634195 16.59194831 16.42420477 17.35611332 15.09468191 17.08275348
 15.4860835  15.25621272 16.56709742 15.18787276 15.12574553 15.26863817
 17.40581511 15.84642147 15.74701789 14.98906561 16.69756461 15.40531809
 17.89040755 16.70377734 17.49900596 13.09418489 14.26838966 16.11978131
 14.50447316 13.34269384 13.43588469 17.13866799 17.09517893 15.46744533
 16.194334   15.36182903 17.27534791 17.74130219 16.8777336  12.36729622
 14.87102386 15.13817097 15.44880716 15.43638171 15.67867793 15.18166004
 16.52982107 15.5916998  13.36133201 16.90258449 16.86530815 16.41799205
 14.31187873 14.75919483 13.73409543 15.02012922 14.61008946 15.41774354
 15.54821074 15.89612326 15.63518887 15.18166004 15.51093439 16.02659046
 15.50472167 15.05740557 15.21272366 14.65979125 15.37425447 15.44880716
 15.60412525 14.70328032 14.3305169  16.11978131 15.23757455 16.88394632
 15.0387674  16.92743539 15.41153082 16.46148111 15.04498012 17.15109344
 14.91451292 14.51068588 15.30591451 15.50472167 15.81535785 15.90854871
 15.22514911 15.0139165  15.28106362 16.02659046 16.57952286 15.69110338
 15.36182903 15.31212724 15.15059642 14.52932406 14.38021869 15.63518887
 14.28702783 16.13841948 15.36804175 14.21868787 14.60387674 15.75944334
 17.02062624 18.41227634 15.67246521 15.97688867 14.8834493  14.18141153
 14.18141153 14.13792247 14.68464215 15.6165507  14.01988072 15.36804175
 17.26292247 15.31833996 14.42370775 17.26292247 15.83399602 17.23185885
 16.65407555 14.42992048]",22607.82019922963
2025-06-15 04:27:00+00:00,267,2141.13,9.0,15.79526469550603,15.651124502982107,18.990059642147116,"[15.60412525 15.9582505  14.49204771 14.16898608 17.23807157 16.58573559
 14.67842942 15.20029821 16.46148111 16.64786282 17.36232604 15.82157058
 16.70377734 14.64115308 14.82753479 13.94532803 14.81510934 16.67892644
 16.88394632 16.09493042 15.1195328  15.29348907 15.93961233 17.5611332
 15.9582505  16.26267396 16.03280318 15.9582505  15.10089463 15.02634195
 14.5666004  14.64736581 14.28081511 15.16302187 15.3804672  15.52335984
 16.6416501  14.98285288 17.03926441 16.54845924 16.95228628 14.81510934
 16.0638668  13.93290258 15.69110338 15.1195328  14.01988072 15.08846918
 15.34319085 16.04522863 16.81560636 15.38667992 15.4612326  16.13841948
 17.18836978 17.97117296 14.0695825  15.58548708 14.62251491 14.16277336
 15.55442346 15.80293241 16.9833499  16.21918489 15.53578529 16.67892644
 16.54224652 15.37425447 18.89065606 16.93986083 14.02609344 15.10710736
 14.68464215 13.70924453 14.61630219 13.71545726 14.44855865 16.28752485
 18.56138171 16.54845924 16.49254473 15.68489066 15.3804672  16.51739563
 14.27460239 13.80243539 13.18737575 14.70328032 15.37425447 13.79000994
 16.68513917 15.16923459 14.03851889 15.0387674  16.38071571 15.99552684
 17.36232604 15.65382704 17.72266402 14.92693837 15.52957256 15.02012922
 15.10089463 15.33697813 16.2750994  15.26242545 15.03255467 16.04522863
 16.45526839 16.95228628 15.3804672  16.23782306 16.61058648 13.8832008
 14.83374751 16.28752485 13.70303181 16.20675944 15.90854871 14.87723658
 14.21247515 16.56709742 15.78429423 16.76590457 16.46148111 18.02708748
 16.52360835 12.50397614 14.65357853 14.87723658 14.82753479 17.40581511
 15.25621272 16.52982107 17.6667495  14.78404573 15.95203777 16.4304175
 15.61033797 15.94582505 16.05144135 16.33722664 13.21222664 14.39264414
 16.07007952 15.55442346 15.47365805 15.58548708 16.7472664  14.91451292
 17.4555169  16.25646123 16.28131213 16.6416501  16.66028827 15.49229622
 15.71595427 15.1195328  15.42395626 14.61630219 15.16923459 16.74105368
 16.29373757 14.47340954 16.93364811 16.4055666  13.86456262 16.62922465
 15.12574553 16.6416501  13.8583499  15.18787276 14.57281312 14.51689861
 14.07579523 16.77833002 14.42992048 16.0638668  14.93936382 16.15084493
 14.67842942 16.93364811 15.80293241 18.99005964 13.51043738 14.08822068
 14.57281312 15.28106362 15.52957256 16.90258449 16.08871769 16.2999503
 14.57281312 16.38692843 16.48011928 16.70999006 16.64786282 16.25024851
 15.77808151 15.42395626]",22734.237565284973
2025-06-15 04:28:00+00:00,268,2097.57,9.0,15.667326867161709,15.51581138170974,18.468190854870777,"[15.19408549 14.54796223 14.64115308 15.21272366 15.21893638 16.72241551
 16.41177932 16.24403579 16.02037773 14.70328032 15.9582505  15.23136183
 15.65382704 14.83374751 14.36158052 14.53553678 15.00770378 15.9582505
 15.3804672  16.4304175  16.56088469 15.64761431 16.08871769 13.15631213
 17.07654076 16.08871769 16.26888668 15.0139165  13.36754473 15.08846918
 17.25049702 13.75894632 14.92072565 14.93936382 16.66650099 14.74055666
 13.6222664  17.14488072 15.96446322 16.85909543 17.34368787 13.77758449
 13.29920477 16.4304175  14.29945328 14.42370775 16.5360338  15.16302187
 16.44284294 15.68489066 15.13817097 15.18166004 14.92072565 16.49254473
 15.62897614 15.5916998  14.60387674 12.59095427 17.03926441 15.04498012
 16.42420477 14.70949304 14.69085487 13.99502982 15.15680915 17.75372763
 17.26292247 15.97067594 16.28752485 15.75944334 14.06336978 14.77162028
 15.64140159 15.11332008 15.0139165  15.67246521 16.26888668 15.28727634
 15.94582505 15.10710736 17.03926441 16.93364811 16.09493042 17.82828032
 13.31784294 14.29324056 13.52286282 15.86505964 16.47390656 13.89562624
 16.46148111 16.22539761 15.51093439 15.722167   17.0889662  16.7472664
 17.05168986 15.51093439 18.18240557 13.59741551 14.49826044 13.00099404
 13.74030815 15.17544732 14.80889662 16.31237575 15.29348907 15.30591451
 16.32480119 16.32480119 14.73434394 14.57902584 16.87152087 13.60362823
 14.82132207 13.80243539 14.36779324 14.64736581 15.38667992 17.10139165
 16.84045726 14.3305169  16.35586481 14.69085487 16.5360338  15.24378728
 17.75994036 13.52286282 15.96446322 15.57927435 14.49204771 13.85213718
 15.98310139 16.75969185 17.31262425 16.13841948 15.26863817 16.23782306
 15.74080517 17.31262425 16.25024851 14.08200795 15.24378728 14.51068588
 17.50521869 15.68489066 15.97067594 14.57281312 13.9888171  15.07604374
 16.79696819 16.43663022 16.22539761 18.07678926 18.46819085 16.66028827
 13.05069583 15.28727634 15.16923459 15.20029821 14.2000497  13.90805169
 14.27460239 16.68513917 16.194334   16.17569583 15.62897614 14.8834493
 16.28752485 14.80889662 13.81486083 13.69060636 12.63444334 15.07604374
 15.21272366 15.51093439 14.60387674 17.56734592 15.43016899 16.44284294
 15.51714712 16.11356859 17.20079523 17.13245527 14.52932406 14.58523857
 15.90854871 14.4361332  15.72837972 16.90879722 15.56684891 16.95849901
 16.46148111 13.8832008  16.08250497 16.36829026 17.1945825  16.02037773
 16.75969185 13.51043738]",22306.208766776213
2025-06-15 04:29:00+00:00,269,2142.65,9.0,15.800976175307527,15.655846172962226,19.44358846918489,"[13.71545726 13.4917992  14.72191849 15.57927435 14.89587475 15.26242545
 15.31212724 15.77186879 17.69781312 17.23807157 18.23832008 15.30591451
 16.7472664  13.79622266 13.76515905 13.56635189 15.83399602 13.78379722
 15.79050696 14.62251491 15.00770378 15.722167   17.05790258 15.26863817
 15.52335984 16.42420477 16.49875746 15.05740557 15.45501988 16.09493042
 16.39935388 14.97664016 16.13841948 16.34965209 17.12624254 16.33722664
 16.31858847 15.79671968 16.85909543 17.5859841  16.6416501  12.95129225
 14.2000497  16.7472664  13.6471173  16.89015905 14.98285288 14.23111332
 14.70949304 16.36829026 15.71595427 15.8277833  17.17594433 14.85238569
 17.18215706 16.62301193 13.28677932 15.49229622 14.40506958 16.75969185
 15.04498012 15.40531809 15.21272366 15.09468191 14.95178926 17.70402584
 19.44358847 16.31858847 16.80318091 17.31883698 15.36804175 14.60387674
 14.39885686 13.90805169 12.70899602 16.04522863 16.48011928 15.58548708
 15.02012922 15.24378728 17.48036779 16.01416501 17.06411531 16.4304175
 14.92693837 15.3556163  15.74080517 13.64090457 14.82753479 15.80914513
 16.46148111 15.4612326  14.51689861 16.4055666  16.04522863 16.194334
 16.5360338  17.31883698 17.23807157 14.13170974 14.63494036 14.94557654
 14.01988072 15.06361829 14.99527833 14.57902584 15.4612326  16.38692843
 16.50497018 14.47340954 17.4555169  15.67246521 18.7415507  14.28081511
 15.49229622 15.04498012 14.61008946 14.72191849 15.85884692 15.44259443
 15.9582505  15.73459245 16.28752485 17.91525845 15.71595427 16.60437376
 16.01416501 16.48633201 15.15680915 14.10064612 15.29970179 15.22514911
 16.44905567 16.2750994  14.65979125 16.4304175  15.18787276 16.69756461
 16.01416501 18.0084493  15.92718688 14.92693837 13.70303181 15.70352883
 14.82753479 15.44880716 14.24353877 14.89587475 16.89015905 14.47962227
 16.42420477 16.52982107 15.75944334 15.79671968 17.06411531 15.33076541
 14.58523857 15.29348907 14.06336978 15.76565606 14.41749503 15.43638171
 14.82132207 17.53006958 15.49850895 15.94582505 15.52957256 15.46744533
 15.80293241 17.28156064 13.93911531 15.02012922 15.08846918 14.47340954
 14.93315109 15.33076541 16.25024851 16.08871769 15.73459245 15.10089463
 16.75969185 17.44930417 16.39314115 16.67892644 12.78976143 16.79075547
 14.57902584 14.57281312 17.05790258 14.31187873 15.44880716 15.86505964
 16.41177932 15.30591451 15.98310139 17.36232604 14.89587475 18.64835984
 17.65432406 14.16898608]",22753.345892108868
2025-06-15 04:30:00+00:00,270,2094.5299999999997,9.0,15.659594814970294,15.506368041749502,18.443339960238568,"[14.10064612 13.40482107 14.61008946 12.77112326 16.23161034 14.94557654
 16.04522863 15.11332008 16.30616302 16.92743539 17.30641153 16.20675944
 17.02683897 13.98260437 14.32430417 16.08871769 14.32430417 15.6165507
 14.8026839  16.54224652 17.0082008  17.78479125 16.11356859 16.50497018
 16.71620278 15.8277833  16.00795229 15.0139165  13.82728628 15.26863817
 14.95178926 14.29324056 15.37425447 15.11332008 15.36804175 17.88419483
 15.722167   15.54199801 16.95849901 16.14463221 16.24403579 15.46744533
 13.83349901 14.35536779 14.78404573 13.52907555 14.76540755 15.42395626
 14.77162028 14.18762425 16.56709742 16.56709742 14.52311133 15.24378728
 18.10785288 16.34343936 13.71545726 13.70924453 14.06336978 14.34915507
 15.49850895 16.96471173 16.38692843 16.18812127 15.37425447 15.24378728
 15.51714712 14.59145129 16.41177932 18.44333996 13.55392644 14.55417495
 13.86456262 14.87102386 15.90233598 16.11978131 13.03827038 15.18787276
 15.26863817 16.42420477 16.90258449 15.17544732 17.44309145 16.59194831
 12.72142147 13.31784294 14.28702783 14.02609344 15.26242545 13.90183897
 15.28727634 14.81510934 15.58548708 14.80889662 13.90183897 16.84045726
 18.0084493  16.83424453 17.09517893 14.77162028 15.31833996 13.46073559
 13.82107356 14.52932406 15.06361829 14.50447316 15.07604374 17.41824056
 17.26913519 14.55417495 16.194334   17.48036779 16.55467197 15.04498012
 14.52311133 14.97042744 13.36133201 17.33126243 15.96446322 14.57281312
 14.85859841 17.4555169  16.4304175  15.06983101 16.48633201 15.88991054
 15.54199801 14.81510934 15.33697813 15.05740557 14.29324056 15.39289264
 16.33722664 14.85859841 15.92097416 15.80293241 15.29348907 17.89662028
 16.97092445 16.18190855 18.18240557 14.82753479 16.47390656 13.26192843
 14.11928429 14.90208748 14.69085487 14.40506958 15.27485089 13.48558648
 15.38667992 16.26888668 16.38071571 15.77808151 16.4304175  16.51739563
 15.65382704 15.26863817 13.26814115 15.76565606 15.08225646 16.79696819
 16.41799205 16.62922465 16.36829026 15.16302187 16.87152087 16.46769384
 16.5111829  17.0082008  14.92072565 14.0695825  14.83996024 13.89562624
 15.34940358 16.23161034 15.96446322 15.07604374 13.85213718 15.60412525
 15.13817097 17.12624254 17.81585487 17.38096421 12.37972167 15.84642147
 16.18812127 14.55417495 14.57281312 18.10785288 16.08250497 15.97688867
 15.58548708 15.86505964 15.06361829 15.49850895 16.48011928 16.35586481
 15.98310139 15.26863817]",22280.340412964615
2025-06-15 04:31:00+00:00,271,2104.69,9.0,15.690206879659364,15.537928677932404,18.387425447316105,"[14.87102386 15.4612326  14.81510934 17.6667495  15.55442346 16.00795229
 15.84020875 18.25695825 14.18762425 16.05144135 14.99527833 16.84045726
 14.82132207 14.95800199 13.12524851 15.64140159 13.98260437 15.19408549
 14.84617296 16.13220676 15.44880716 15.90854871 16.44284294 15.08225646
 16.37450298 17.02062624 15.81535785 15.43638171 12.10636183 14.62251491
 15.51714712 13.37375746 14.70949304 14.82753479 16.6416501  16.12599404
 15.26863817 16.57331014 17.18215706 16.03280318 17.6667495  14.35536779
 14.11307157 14.40506958 15.82157058 16.12599404 15.47987078 13.81486083
 15.43638171 15.62897614 14.60387674 14.45477137 17.15109344 15.60412525
 16.85909543 17.6667495  16.22539761 14.98906561 16.20054672 14.45477137
 14.90208748 15.70352883 14.90208748 16.48011928 14.03230616 13.74652087
 18.11406561 16.23161034 17.39960239 15.44880716 15.31833996 13.8583499
 13.80864811 15.40531809 14.74676938 14.47340954 14.39264414 15.95203777
 15.03255467 17.76615308 16.95849901 16.46769384 16.15084493 16.96471173
 14.93936382 15.23757455 14.16277336 15.41153082 14.45477137 16.02659046
 15.66625249 16.56709742 15.84642147 15.06361829 17.3250497  16.13841948
 16.50497018 16.01416501 15.59791252 13.49801193 15.51714712 13.16252485
 15.20029821 15.59791252 15.1195328  17.14488072 16.33722664 16.33101392
 14.04473161 14.8834493  14.88966203 15.86505964 17.41824056 14.13170974
 13.57877734 14.63494036 14.93936382 14.60387674 15.05740557 13.52907555
 16.2999503  16.26888668 15.54199801 17.10139165 15.88369781 14.93315109
 16.67271372 13.00720676 13.69681909 13.79622266 14.96421471 15.28106362
 15.56684891 15.96446322 16.33101392 14.72191849 14.58523857 14.85238569
 16.92743539 16.7721173  17.43687873 14.55417495 16.08250497 13.52907555
 14.66600398 13.80864811 15.53578529 15.28106362 15.46744533 14.76540755
 15.58548708 17.40581511 16.63543738 16.28752485 16.70999006 17.3250497
 15.85884692 16.18812127 14.10685885 15.6165507  15.00149105 16.0638668
 16.45526839 14.40506958 15.54821074 15.93961233 14.89587475 15.98310139
 16.43663022 16.10735586 14.56038767 15.34319085 14.97664016 16.0390159
 13.68439364 15.81535785 17.74751491 15.31212724 15.22514911 16.48011928
 16.91500994 16.09493042 16.36207753 16.36829026 14.29945328 15.53578529
 15.16302187 14.77162028 14.77162028 14.61630219 15.85263419 15.94582505
 16.66650099 16.41799205 17.37475149 15.97067594 16.20675944 16.194334
 18.38742545 14.11928429]",22382.756136588367
2025-06-15 04:32:00+00:00,272,2155.1499999999996,9.0,15.839752590989132,15.69467569582505,19.96545725646123,"[15.67246521 16.94607356 16.33101392 15.80914513 15.41774354 14.40506958
 16.52360835 15.51093439 14.87102386 13.75894632 16.79075547 17.93389662
 18.74776342 15.12574553 16.12599404 15.26242545 14.17519881 14.59766402
 15.52335984 15.63518887 16.0390159  16.35586481 16.48011928 14.94557654
 17.43687873 15.63518887 17.06411531 13.82728628 14.64736581 13.7527336
 15.16923459 14.82132207 15.98931412 15.02634195 16.49875746 16.64786282
 15.25621272 16.02037773 17.02062624 16.26888668 16.11978131 15.41153082
 15.47365805 15.79671968 14.47340954 16.7721173  14.15034791 15.47987078
 14.57281312 15.98931412 16.67892644 17.17594433 14.98285288 16.42420477
 17.75372763 17.430666   13.16873757 16.24403579 14.61008946 14.87723658
 15.10089463 16.11356859 14.27460239 14.89587475 15.77186879 15.54821074
 18.63593439 15.75944334 16.77833002 16.63543738 14.56038767 14.2000497
 15.20651093 14.64736581 16.45526839 15.75944334 15.21893638 16.00795229
 17.26292247 15.26863817 15.16302187 16.93986083 16.48633201 17.05790258
 12.94507952 14.19383698 13.8832008  15.21893638 14.64736581 14.32430417
 14.28702783 16.4055666  17.02683897 15.41774354 15.62276342 16.56709742
 16.97092445 16.54224652 17.36853877 14.06336978 14.93315109 13.89562624
 15.44880716 14.17519881 17.40581511 16.82803181 15.05740557 14.14413519
 17.50521869 16.87152087 14.2249006  16.23782306 16.09493042 15.63518887
 14.8834493  15.18787276 14.83374751 15.64140159 14.94557654 15.87127237
 16.80318091 14.23732604 15.85263419 16.72862823 16.71620278 15.51093439
 17.0082008  14.59145129 13.9639662  14.26838966 15.92097416 15.34319085
 15.19408549 15.64140159 16.31237575 14.94557654 15.26242545 15.23136183
 14.35536779 19.96545726 14.64115308 14.82753479 15.08225646 14.58523857
 15.722167   15.39289264 15.37425447 15.67867793 14.66600398 15.67246521
 15.02012922 15.88369781 17.14488072 16.08250497 17.64811133 18.41227634
 13.91426441 14.68464215 15.45501988 15.56063618 15.6973161  16.54845924
 16.15084493 15.97067594 16.22539761 15.95203777 15.21893638 16.56709742
 17.27534791 16.88394632 14.82753479 15.87127237 15.44259443 16.66028827
 15.87127237 14.62872763 14.20626243 16.00173956 15.79671968 14.29945328
 14.85859841 17.83449304 18.28180915 15.3556163  15.33697813 13.87698807
 16.36829026 17.6667495  15.62276342 14.76540755 14.92693837 16.23161034
 15.43638171 16.6416501  16.46148111 15.59791252 17.75372763 15.87748509
 16.17569583 13.75894632]",22883.076268413235
2025-06-15 04:33:00+00:00,273,2138.5299999999997,9.0,15.791348860309471,15.643047962226639,19.1205268389662,"[15.28727634 15.64140159 14.69706759 15.98931412 15.30591451 14.31187873
 14.76540755 14.91451292 16.37450298 16.94607356 16.45526839 16.80939364
 17.03305169 14.44855865 13.71545726 13.14388668 14.24975149 16.6416501
 14.55417495 15.59791252 14.9083002  15.85884692 15.08846918 17.79100398
 15.28727634 17.13866799 15.62276342 15.92718688 13.94532803 13.59741551
 14.02609344 14.51068588 13.55392644 13.9888171  14.82753479 14.57281312
 16.20054672 15.21893638 16.59816103 17.15730616 17.97117296 17.02683897
 14.20626243 14.42992048 13.51043738 14.88966203 15.86505964 14.84617296
 15.80914513 15.00149105 15.00149105 14.63494036 16.43663022 16.41799205
 15.78429423 16.65407555 13.8832008  14.58523857 13.24950298 15.17544732
 14.4361332  13.76515905 16.34343936 16.81560636 17.64811133 16.85909543
 17.76615308 16.03280318 16.32480119 17.0082008  14.92072565 15.58548708
 15.31212724 14.92072565 14.04473161 15.93961233 17.02683897 16.16327038
 16.90258449 16.33722664 18.0084493  15.20029821 16.55467197 16.83424453
 15.25621272 13.22465209 15.29970179 13.7527336  14.9083002  15.05119284
 17.00198807 15.98931412 15.68489066 14.42992048 16.80939364 15.56063618
 16.6167992  18.44955268 16.70999006 13.67818091 15.22514911 15.78429423
 15.43638171 16.87152087 16.44284294 14.32430417 16.35586481 15.36182903
 18.2693837  17.89040755 18.30044732 18.61729622 17.2194334  13.80243539
 15.39289264 12.85188867 17.01441352 18.21968191 16.50497018 14.8026839
 16.25024851 16.08250497 15.12574553 15.77808151 15.9582505  14.82132207
 17.34368787 14.90208748 15.00149105 14.96421471 15.70352883 16.05765408
 15.38667992 15.40531809 15.12574553 14.79025845 15.1195328  17.18215706
 17.49900596 16.42420477 16.67892644 15.02012922 14.73434394 15.22514911
 13.72166998 14.65357853 15.20029821 14.97664016 15.13817097 16.07629225
 15.19408549 15.23757455 17.3499006  15.44259443 16.39935388 17.71645129
 14.85238569 16.75347913 14.82753479 15.88369781 14.07579523 15.70974155
 16.14463221 17.02683897 14.5417495  16.94607356 16.99577535 14.777833
 15.25621272 15.54199801 15.08846918 15.44880716 15.75944334 13.52286282
 15.72837972 13.95775348 13.97017893 16.10114314 16.62922465 14.34915507
 16.81560636 17.82206759 17.22564612 16.78454274 13.69060636 13.87698807
 14.0944334  15.9582505  16.72862823 14.49826044 15.12574553 14.65357853
 15.69110338 16.66028827 15.25       14.5666004  17.21322068 19.12052684
 16.75969185 14.55417495]",22721.136747051365
2025-06-15 04:34:00+00:00,274,2161.2299999999996,9.0,15.858986729063828,15.713562375745525,18.381212723658052,"[14.32430417 14.57902584 16.33101392 15.4860835  15.92718688 14.06336978
 15.90233598 16.39935388 16.75347913 16.85909543 15.59791252 16.70999006
 15.78429423 14.12549702 14.4609841  15.09468191 14.56038767 15.6165507
 13.92668986 15.56684891 16.42420477 15.722167   16.72241551 16.51739563
 18.38121272 15.65382704 16.07629225 13.78379722 14.29324056 15.65382704
 15.21272366 14.73434394 15.47365805 16.08871769 14.95178926 15.00770378
 16.41177932 16.0638668  17.68538767 16.13220676 16.01416501 14.12549702
 12.87052684 14.68464215 15.68489066 15.31212724 15.61033797 15.06983101
 14.89587475 15.9333996  16.1694831  17.03305169 16.8528827  17.14488072
 17.36853877 15.27485089 15.10089463 16.82181909 14.62251491 13.57877734
 14.75298211 15.32455268 16.11978131 17.61704771 16.18190855 16.7721173
 16.57952286 16.8777336  17.82828032 17.28156064 14.73434394 16.68513917
 13.5166501  15.30591451 16.16327038 15.5916998  15.1443837  16.44905567
 16.30616302 16.90258449 16.76590457 16.17569583 16.46769384 16.0638668
 14.97664016 14.79647117 14.42370775 15.64761431 15.02012922 15.33697813
 14.90208748 16.97092445 16.44905567 16.42420477 14.75298211 16.23161034
 15.47987078 16.89015905 16.98956262 13.94532803 13.74652087 14.41749503
 15.12574553 16.08871769 16.65407555 15.6165507  17.0889662  15.54821074
 17.70402584 15.25       16.194334   14.94557654 17.7972167  15.86505964
 13.18116302 16.02659046 14.69706759 12.86431412 15.99552684 15.98931412
 15.74701789 16.55467197 15.94582505 15.24378728 17.22564612 18.0084493
 16.10114314 15.98310139 14.74676938 13.98260437 14.777833   16.38071571
 15.78429423 15.30591451 16.36829026 15.30591451 17.43687873 16.04522863
 16.72241551 16.56088469 16.05765408 14.74676938 15.722167   16.02659046
 13.34269384 13.00720676 16.03280318 17.18215706 15.25621272 16.11978131
 15.05740557 15.10710736 16.07007952 16.18190855 18.25695825 16.8528827
 16.04522863 14.05094433 14.21247515 15.41153082 14.45477137 15.74080517
 14.50447316 17.39960239 15.23136183 15.11332008 16.48633201 16.46769384
 16.09493042 17.06411531 14.85859841 16.5111829  15.21893638 14.17519881
 15.62276342 14.92072565 15.62276342 15.08846918 16.25024851 16.36829026
 16.02037773 16.6167992  18.32529821 17.44309145 13.90805169 14.2000497
 14.93936382 15.23757455 15.95203777 16.75347913 13.65333002 15.23757455
 16.02659046 16.72241551 17.1138171  16.67271372 15.6973161  14.65357853
 15.81535785 14.69085487]",22947.426000755942
2025-06-15 04:35:00+00:00,275,2123.84,9.0,15.749302926940544,15.59741550695825,19.083250497017893,"[14.33672962 13.86456262 14.3305169  16.01416501 15.28106362 16.14463221
 14.93936382 16.68513917 16.02037773 16.89015905 17.13866799 15.60412525
 17.39960239 13.11282306 13.63469185 13.90805169 14.89587475 14.72813121
 16.55467197 14.95178926 16.46769384 15.31833996 14.51068588 16.55467197
 17.28777336 16.29373757 15.57306163 13.42345924 14.28081511 15.722167
 15.56684891 13.80243539 15.05119284 17.00198807 14.23732604 16.80318091
 15.722167   16.36207753 15.17544732 16.38692843 16.41177932 14.11928429
 13.81486083 15.44880716 15.88369781 15.74080517 14.5417495  15.06361829
 15.15680915 16.10114314 16.95228628 17.33747515 15.53578529 15.4860835
 19.0832505  15.44880716 13.22465209 13.92047714 14.6722167  16.18812127
 15.31212724 15.29348907 15.53578529 16.48633201 16.38071571 18.48682903
 16.21918489 15.57927435 16.88394632 15.82157058 15.41774354 15.37425447
 14.4361332  15.25       15.55442346 14.8026839  13.90805169 16.87152087
 15.9582505  15.45501988 17.29398608 16.69756461 14.38643141 16.34343936
 14.74055666 15.36182903 15.10089463 13.57877734 14.91451292 15.21893638
 14.00745527 15.73459245 15.44259443 15.30591451 15.10089463 17.03305169
 17.54870775 17.22564612 14.98906561 15.25621272 15.58548708 15.57927435
 13.37375746 16.98956262 14.57281312 15.21272366 16.13841948 17.52385686
 16.39935388 16.54845924 17.44930417 15.30591451 16.17569583 13.85213718
 14.31809145 16.52360835 14.41128231 15.75323062 15.72837972 15.62897614
 15.44880716 17.21322068 16.02659046 17.87176938 16.57331014 15.39289264
 15.23757455 13.65954274 12.34244533 16.70999006 15.33697813 14.91451292
 16.56709742 14.11928429 16.97092445 15.13195825 15.88369781 16.08871769
 14.59145129 17.25049702 17.38096421 15.23757455 15.62897614 14.82132207
 13.88941352 13.67196819 15.25621272 14.46719682 16.02659046 15.28106362
 15.56684891 16.68513917 15.64140159 17.30641153 16.56088469 16.97713718
 14.94557654 13.99502982 15.1195328  15.16923459 14.90208748 15.33076541
 16.03280318 16.8777336  16.23161034 14.97042744 17.16973161 17.0889662
 18.08921471 15.99552684 14.56038767 14.71570577 16.28131213 14.99527833
 13.06312127 13.89562624 14.28702783 15.92097416 14.98285288 15.57927435
 16.07007952 15.05740557 17.41202783 17.56734592 13.54771372 15.77808151
 14.28081511 15.44259443 16.13220676 14.63494036 17.52385686 15.77808151
 15.41774354 15.87127237 16.72241551 16.07007952 16.00173956 18.43091451
 14.61630219 15.70974155]",22580.467872372286
2025-06-15 04:36:00+00:00,276,2181.1500000000005,9.0,15.91908950159476,15.775441103379721,18.52410536779324,"[14.51689861 15.25       14.92693837 14.53553678 14.66600398 16.09493042
 16.25646123 16.90258449 17.89040755 16.08871769 16.34343936 17.33126243
 17.1138171  14.07579523 14.83996024 14.41128231 16.54224652 15.19408549
 15.28106362 15.62897614 15.41153082 15.77186879 16.45526839 14.38643141
 17.33126243 17.10139165 16.79075547 15.79671968 12.37350895 15.75944334
 14.81510934 16.24403579 16.07629225 14.58523857 17.97738569 15.30591451
 15.50472167 15.00770378 16.59816103 16.46148111 17.0889662  13.80243539
 14.44234592 14.95178926 14.33672962 14.54796223 15.92718688 14.80889662
 15.4860835  16.34965209 17.04547714 15.91476143 15.80914513 16.1694831
 15.64761431 17.09517893 14.8834493  14.52932406 13.9639662  15.67867793
 13.42967197 15.63518887 17.36232604 17.3250497  16.38692843 16.25024851
 15.34940358 16.8528827  14.87102386 18.13270378 15.19408549 14.96421471
 16.30616302 15.25       15.29970179 16.91500994 15.45501988 16.26267396
 15.4612326  16.09493042 15.97067594 16.95849901 17.42445328 16.94607356
 14.95178926 15.37425447 14.16898608 16.33101392 15.76565606 16.62301193
 16.74105368 17.29398608 16.79075547 16.21297217 17.59840954 16.41799205
 17.28777336 16.87152087 17.44930417 14.99527833 15.06361829 14.21868787
 14.72191849 16.05144135 15.1443837  16.63543738 15.12574553 16.65407555
 15.70974155 15.93961233 16.12599404 17.902833   16.08871769 16.21918489
 14.49204771 14.51068588 16.43663022 17.03305169 15.81535785 14.82132207
 16.34965209 15.89612326 17.50521869 16.05144135 17.20700795 18.52410537
 16.68513917 15.20651093 15.20651093 14.97042744 15.15680915 15.85263419
 14.55417495 15.60412525 14.49826044 15.70974155 14.90208748 16.6416501
 13.58499006 14.96421471 15.72837972 15.18166004 14.70328032 14.4361332
 14.45477137 14.95800199 15.5916998  15.26242545 15.66625249 17.12002982
 14.69706759 16.26888668 16.55467197 17.52385686 14.65979125 17.97117296
 16.90879722 15.63518887 14.51689861 13.24329026 14.55417495 15.67867793
 16.22539761 15.58548708 17.09517893 16.97092445 14.59766402 16.95849901
 16.49254473 16.67271372 15.13195825 16.09493042 14.92693837 14.29324056
 15.08225646 14.38021869 16.05144135 15.05740557 15.87748509 15.43016899
 17.05168986 18.07678926 14.44234592 17.48658052 14.777833   16.2750994
 13.3861829  15.45501988 14.57281312 15.44259443 13.72166998 15.5916998
 15.90854871 16.49254473 15.41153082 14.93315109 17.62326044 18.5054672
 17.07032803 13.74652087]",23148.505836535427
2025-06-15 04:37:00+00:00,277,2173.97,9.0,15.89856978783354,15.753137425447317,18.77882703777336,"[14.01988072 13.01963221 16.22539761 14.52311133 15.64140159 15.80293241
 15.84642147 16.55467197 16.36829026 16.88394632 18.52410537 16.90258449
 16.4304175  13.33648111 15.71595427 14.88966203 14.15656064 16.35586481
 14.75298211 13.60362823 15.77808151 17.08275348 16.79075547 16.6167992
 17.76615308 15.13817097 17.54870775 14.92072565 14.21247515 14.21868787
 14.33672962 17.12002982 15.73459245 17.05168986 16.92122266 16.62301193
 17.62326044 17.51764414 18.40606362 17.54249503 17.18215706 14.13792247
 14.80889662 15.36804175 14.01988072 14.65357853 16.90258449 17.74130219
 16.28131213 14.5666004  17.12002982 16.18812127 17.20700795 16.83424453
 16.4055666  15.49850895 15.50472167 15.06361829 13.00720676 17.0082008
 16.08871769 16.24403579 14.95800199 15.91476143 14.65979125 17.31883698
 15.53578529 16.58573559 18.77882704 18.74776342 14.90208748 15.37425447
 14.46719682 13.15631213 16.69135189 13.79622266 16.23782306 14.15656064
 17.82828032 15.26242545 15.05740557 16.0638668  16.21918489 16.58573559
 14.31809145 14.75919483 15.15059642 15.39910537 15.57306163 17.3250497
 16.95849901 16.03280318 16.00173956 15.84020875 15.60412525 15.54199801
 17.67917495 16.57952286 16.49254473 14.29945328 13.95154076 15.64140159
 15.50472167 16.07629225 16.42420477 16.57331014 16.48011928 14.91451292
 14.8026839  13.65333002 15.74080517 16.52982107 15.83399602 14.38021869
 14.75298211 14.5417495  15.39289264 15.18787276 16.49875746 15.31212724
 13.6471173  17.12624254 15.93961233 15.21272366 15.60412525 17.02683897
 17.92147117 13.59741551 16.31858847 14.73434394 16.31858847 16.6167992
 17.62947316 15.52335984 14.24353877 14.74055666 17.60462227 15.59791252
 16.72862823 17.03305169 18.48682903 14.95800199 14.78404573 14.26838966
 14.71570577 15.51093439 14.72813121 16.20675944 15.45501988 14.52932406
 14.89587475 15.22514911 16.50497018 16.93364811 18.49925447 16.89015905
 13.66575547 14.03851889 14.57902584 14.16277336 15.92718688 15.56063618
 16.00795229 17.14488072 15.76565606 16.72862823 15.46744533 16.82181909
 16.37450298 16.05765408 14.91451292 14.75298211 14.15656064 15.1443837
 13.43588469 14.98906561 14.16898608 14.73434394 18.11406561 15.46744533
 16.59194831 14.65979125 16.42420477 17.01441352 14.69706759 16.39314115
 13.80864811 15.28106362 16.45526839 15.13195825 15.28106362 17.06411531
 14.05715706 15.56063618 16.46769384 14.65357853 16.194334   17.09517893
 15.74701789 15.72837972]",23079.85508217589
2025-06-15 04:38:00+00:00,278,2177.16,9.0,15.908658907119108,15.763046719681908,19.95303180914513,"[16.194334   15.3556163  14.99527833 15.23757455 15.36182903 15.29348907
 17.03305169 15.90233598 15.79671968 16.00795229 18.18240557 16.75347913
 16.31858847 14.82132207 12.9140159  14.61008946 15.79050696 14.78404573
 17.97117296 16.00173956 15.97688867 16.6416501  14.65357853 17.67917495
 15.71595427 16.97092445 15.74080517 14.15656064 14.10064612 15.90233598
 16.44284294 16.26888668 16.80318091 15.08846918 15.44259443 15.75323062
 16.29373757 17.20700795 16.93364811 16.4055666  15.84020875 15.81535785
 14.03851889 14.8834493  13.43588469 13.12524851 16.98956262 15.76565606
 14.81510934 16.43663022 16.28752485 16.64786282 16.21918489 16.20054672
 16.71620278 15.3556163  15.40531809 14.49826044 14.86481113 16.54845924
 14.51689861 15.47365805 16.194334   16.50497018 15.74701789 16.41799205
 16.23161034 16.23161034 16.92743539 16.52982107 15.09468191 14.83996024
 15.82157058 14.47962227 13.9888171  14.75298211 15.92718688 18.0333002
 15.44259443 15.54199801 16.99577535 16.95228628 17.5611332  16.55467197
 12.85188867 15.39289264 15.32455268 15.82157058 15.31212724 16.0390159
 15.26242545 15.08846918 15.51093439 18.19483101 16.58573559 16.67892644
 14.44855865 16.00173956 19.82256461 14.05715706 15.37425447 14.64736581
 14.79025845 14.74055666 14.97042744 16.18190855 15.74701789 16.25646123
 16.33722664 16.54845924 16.72241551 18.79746521 15.9333996  14.50447316
 15.53578529 14.31187873 14.34294235 15.70352883 14.49204771 16.44905567
 16.25646123 15.00149105 15.75944334 15.56063618 17.44930417 19.95303181
 17.60462227 14.8026839  14.77162028 14.01988072 15.4612326  14.79647117
 16.96471173 14.31809145 15.78429423 15.9333996  13.92047714 15.9582505
 16.6167992  16.33101392 16.66650099 15.02012922 12.83946322 14.74055666
 16.32480119 15.722167   16.17569583 16.82803181 15.93961233 17.2194334
 16.00173956 17.18836978 15.77808151 16.44284294 16.28752485 18.28180915
 14.29324056 15.23136183 15.19408549 14.11307157 14.8026839  15.4860835
 16.17569583 16.44905567 16.35586481 17.12624254 14.74676938 15.76565606
 16.28752485 14.40506958 13.99502982 13.59741551 12.72763419 15.29970179
 15.33697813 16.04522863 16.49254473 14.90208748 15.72837972 14.93315109
 15.92718688 15.93961233 18.1389165  18.57380716 14.93936382 14.62251491
 13.89562624 15.85263419 15.23757455 15.63518887 14.26217694 16.82181909
 16.55467197 16.94607356 16.48633201 16.35586481 15.66003976 17.87176938
 15.93961233 13.80243539]",23113.609239657686
2025-06-15 04:39:00+00:00,279,2173.3199999999997,9.0,15.898008685561123,15.751118290258448,18.586232604373755,"[15.10710736 15.42395626 15.86505964 14.64736581 15.05119284 15.44880716
 17.20700795 15.82157058 14.72191849 16.21297217 17.07032803 17.47415507
 17.47415507 14.44855865 15.24378728 14.61008946 14.60387674 14.93936382
 14.82132207 16.02037773 15.64761431 16.79696819 16.13841948 17.15109344
 16.21297217 15.81535785 16.194334   15.34319085 15.0387674  14.76540755
 14.57902584 15.722167   15.65382704 15.51093439 16.38692843 16.8777336
 15.44259443 16.90879722 15.62276342 14.4609841  15.91476143 15.76565606
 15.36182903 15.22514911 14.65357853 13.77758449 15.63518887 16.34965209
 14.60387674 17.1138171  15.5916998  15.88369781 15.40531809 16.80939364
 16.9833499  16.18812127 14.66600398 12.92022863 15.60412525 16.20054672
 15.47365805 15.21272366 16.52360835 14.76540755 15.05740557 15.00149105
 16.84045726 16.48633201 16.7721173  15.80914513 14.28081511 15.0387674
 14.74055666 16.62922465 13.99502982 14.36158052 14.44855865 16.16327038
 15.40531809 15.74080517 18.14512922 16.42420477 17.41824056 17.2194334
 15.20651093 14.03851889 14.41128231 14.95178926 14.39264414 15.71595427
 15.75323062 15.87748509 16.99577535 15.52335984 13.65954274 16.94607356
 17.67296223 18.10785288 18.00223658 14.32430417 14.8834493  15.44259443
 14.85859841 15.80293241 13.43588469 16.31237575 14.34915507 17.44309145
 15.28106362 15.56063618 16.66650099 15.13817097 15.98931412 14.48583499
 13.99502982 17.00198807 15.92718688 15.49229622 15.24378728 16.09493042
 16.93364811 16.22539761 14.84617296 17.12002982 15.50472167 16.95849901
 18.5862326  16.12599404 14.4609841  15.34940358 16.69135189 15.4860835
 15.17544732 15.13817097 17.87798211 18.05815109 14.87723658 17.26913519
 16.33722664 16.34965209 17.28156064 13.53528827 14.32430417 15.74701789
 15.51714712 15.75323062 15.26242545 16.25646123 15.57927435 15.66625249
 15.96446322 16.18812127 15.39289264 17.91525845 17.03926441 16.35586481
 13.03827038 14.3305169  15.51714712 15.00770378 15.51714712 15.29970179
 15.92097416 15.64140159 16.84045726 14.79025845 16.36207753 14.305666
 16.59816103 15.58548708 14.69085487 14.69706759 14.75298211 15.08225646
 15.13195825 16.01416501 15.60412525 17.07654076 17.0889662  15.90854871
 15.76565606 17.49900596 16.13841948 16.82181909 16.2750994  14.2249006
 15.38667992 15.28727634 13.98260437 16.28752485 14.51068588 16.59816103
 17.62947316 16.60437376 14.59766402 15.07604374 17.44309145 18.55516899
 18.05193837 15.4612326 ]",23077.977858413287
2025-06-15 04:40:00+00:00,280,2176.46,9.0,15.907963232942766,15.760872266401588,18.399850894632205,"[13.31784294 13.83349901 16.68513917 14.24975149 14.06336978 14.8026839
 16.44284294 15.16923459 17.50521869 17.46794235 17.35611332 16.28752485
 16.8777336  16.26888668 14.11928429 12.75248509 15.722167   13.94532803
 16.18812127 16.02037773 16.31858847 18.29423459 15.21893638 17.26292247
 16.68513917 15.98310139 17.25049702 15.65382704 14.777833   15.30591451
 15.03255467 15.84020875 16.48633201 15.31212724 15.83399602 15.28106362
 15.67867793 17.13866799 16.31237575 14.83374751 17.50521869 15.1443837
 14.08200795 15.92718688 15.97067594 15.74080517 18.07057654 15.68489066
 15.68489066 16.26888668 15.13195825 16.71620278 16.2750994  16.74105368
 17.16973161 14.51689861 13.59120278 15.1195328  14.49826044 14.08200795
 16.54224652 14.0944334  15.47365805 17.20079523 16.23161034 17.26913519
 17.73508946 15.88991054 17.50521869 17.94632207 14.51689861 13.42345924
 16.92122266 14.51689861 15.49850895 15.97067594 14.61008946 15.20029821
 14.71570577 14.8834493  15.77808151 18.22589463 17.18836978 15.26863817
 15.25621272 15.29348907 14.33672962 15.82157058 13.39860835 14.78404573
 14.95178926 15.6165507  16.31237575 15.23757455 16.10735586 17.25670974
 16.84666998 18.01466203 16.05144135 13.08797217 14.67842942 16.82181909
 13.89562624 16.83424453 15.08846918 16.46148111 15.79050696 14.26838966
 16.59194831 15.47365805 16.29373757 16.67892644 15.96446322 13.61605368
 13.77758449 14.4609841  14.74055666 15.4860835  17.43687873 16.76590457
 17.06411531 16.74105368 17.39960239 17.56734592 16.65407555 17.28777336
 14.52311133 14.95178926 15.26242545 16.93986083 14.13792247 16.15705765
 14.3305169  14.57902584 13.35511928 16.02659046 16.63543738 15.43638171
 15.13195825 16.48633201 15.94582505 15.44259443 12.52261431 16.42420477
 13.97639165 15.29970179 16.21918489 14.4609841  13.34269384 16.24403579
 16.01416501 17.53006958 17.50521869 17.47415507 17.87798211 16.25646123
 14.98906561 13.1500994  16.34965209 16.34343936 14.49204771 17.67296223
 16.08250497 15.23757455 15.91476143 17.20079523 16.57331014 16.79696819
 17.49900596 17.48036779 14.83374751 14.28702783 14.05715706 14.34294235
 14.4361332  16.05144135 15.84642147 14.85859841 17.48036779 16.11978131
 16.72241551 15.95203777 17.48658052 18.39985089 14.18141153 15.25
 14.64115308 15.16923459 14.36158052 16.07007952 15.33076541 16.74105368
 15.63518887 16.16327038 16.52982107 16.70377734 15.5916998  17.33747515
 16.59816103 14.40506958]",23111.28179213332
2025-06-15 04:41:00+00:00,281,2205.17,9.0,15.993382439241888,15.850055914512923,18.9279324055666,"[12.18091451 15.85263419 16.49254473 15.18787276 14.65979125 14.65357853
 13.57877734 16.61058648 17.46172962 17.04547714 17.25049702 16.59816103
 16.41799205 13.62847913 15.06983101 13.66575547 14.73434394 17.25670974
 14.90208748 16.36829026 15.47365805 16.11978131 17.21322068 16.68513917
 16.2750994  15.88369781 17.93389662 14.07579523 15.10089463 14.85238569
 15.13195825 16.26267396 15.15059642 14.65357853 14.36779324 17.12624254
 15.90233598 16.88394632 16.82181909 17.10760437 16.85909543 14.3305169
 15.06361829 12.85810139 14.34294235 16.46769384 16.57952286 14.87723658
 15.66003976 16.42420477 15.97067594 17.64189861 17.67917495 17.34368787
 18.92793241 17.03305169 14.8026839  14.9083002  14.00124254 16.31237575
 13.70924453 15.05119284 16.75969185 17.81585487 17.85313121 16.57952286
 15.42395626 17.10760437 15.16302187 17.23807157 16.33722664 14.44855865
 15.97067594 14.46719682 15.77808151 14.33672962 15.96446322 16.18812127
 15.65382704 16.41177932 16.46769384 17.29398608 16.37450298 15.85884692
 15.5916998  14.70949304 14.15656064 16.12599404 16.87152087 15.52957256
 15.39289264 15.53578529 15.5916998  15.41153082 16.52360835 16.12599404
 16.95228628 18.5054672  16.85909543 14.24353877 17.23185885 14.52932406
 15.45501988 15.25621272 15.38667992 16.03280318 16.38692843 16.20675944
 17.2194334  15.33076541 15.39910537 18.2445328  18.54895626 13.95154076
 14.32430417 14.63494036 13.36754473 14.79025845 15.22514911 15.67867793
 15.90854871 16.18812127 15.52335984 15.04498012 17.46794235 17.902833
 16.01416501 17.38717694 13.45452286 15.30591451 14.98285288 15.96446322
 14.90208748 17.24428429 15.36804175 15.1195328  15.53578529 17.10139165
 15.21893638 17.87176938 16.39935388 14.28081511 15.28106362 17.70402584
 15.33697813 17.48658052 15.38667992 15.56063618 17.80342942 14.84617296
 14.70949304 15.44259443 17.87176938 17.44930417 17.12002982 17.3250497
 13.8583499  16.34965209 14.41749503 12.84567594 14.55417495 15.8277833
 15.52957256 15.97688867 15.64140159 14.99527833 16.28131213 15.33076541
 17.43687873 16.00173956 15.00770378 14.73434394 15.88991054 15.31212724
 14.45477137 15.49229622 17.12624254 14.79647117 15.74701789 16.00173956
 16.52360835 16.52360835 18.59865805 18.86580517 15.67867793 15.45501988
 13.6222664  14.34294235 15.6973161  16.07007952 16.70999006 16.39935388
 16.63543738 15.57927435 14.56038767 17.63568588 16.86530815 17.26913519
 14.91451292 14.64115308]",23397.06028872766
2025-06-15 04:42:00+00:00,282,2210.6499999999996,9.0,16.010255356837988,15.867078777335985,18.716699801192842,"[14.76540755 13.70303181 16.39314115 15.20029821 15.93961233 16.10735586
 15.59791252 15.37425447 18.39363817 14.55417495 16.24403579 16.39935388
 17.51764414 15.87127237 14.64736581 14.39885686 15.44259443 14.72191849
 15.40531809 14.84617296 17.74751491 15.20029821 17.00198807 15.46744533
 16.82803181 17.2194334  18.13270378 15.10710736 15.54199801 13.75894632
 15.00770378 16.52360835 16.10114314 15.9582505  16.41177932 15.84020875
 16.50497018 15.59791252 15.90233598 16.32480119 17.06411531 14.97664016
 15.62897614 15.6973161  14.99527833 16.21918489 16.29373757 15.98931412
 15.52335984 15.98310139 15.41774354 15.44259443 18.2693837  18.20725646
 16.90879722 17.00198807 14.31809145 14.95800199 13.83349901 17.28777336
 15.25       14.63494036 16.66650099 18.46197813 16.31237575 16.56709742
 18.7166998  14.8026839  15.29970179 17.31883698 13.62847913 15.40531809
 14.64115308 15.66003976 14.32430417 15.722167   16.49254473 17.69781312
 16.92122266 14.96421471 16.44905567 16.63543738 16.68513917 17.91525845
 13.3054175  14.13792247 13.13767396 14.72813121 17.01441352 14.42992048
 15.96446322 15.63518887 14.12549702 16.98956262 15.97688867 16.00173956
 18.08921471 17.33747515 16.90258449 13.89562624 16.67892644 16.26267396
 13.60984095 15.74080517 16.13841948 15.98310139 15.91476143 16.4055666
 16.60437376 16.97092445 17.29398608 16.89637177 15.31833996 14.20626243
 16.54224652 15.28106362 15.60412525 15.23757455 15.26242545 14.47962227
 16.29373757 15.51714712 16.9833499  14.57902584 17.51143141 15.43016899
 17.17594433 14.03230616 15.16302187 15.22514911 16.12599404 14.52932406
 15.68489066 16.77833002 15.96446322 16.72862823 15.05119284 16.67892644
 14.85859841 16.52360835 14.79025845 14.26217694 16.67271372 15.90233598
 15.42395626 15.28727634 15.92718688 16.194334   14.91451292 16.18812127
 17.39960239 15.41774354 18.04572565 16.75347913 15.46744533 17.16351889
 13.82107356 15.19408549 15.67867793 16.14463221 15.21272366 15.68489066
 16.6416501  15.20029821 15.51714712 16.95849901 17.33747515 15.30591451
 16.55467197 16.7472664  15.43016899 14.47340954 14.93936382 15.56063618
 16.46148111 16.59816103 15.23757455 15.39289264 14.777833   15.93961233
 16.59194831 16.14463221 16.13841948 16.57331014 15.98310139 14.38021869
 15.21272366 15.87127237 16.02659046 16.84666998 14.36158052 13.97017893
 16.57952286 14.21247515 17.50521869 16.60437376 17.69781312 18.28180915
 14.10064612 15.88369781]",23453.510321837173
2025-06-15 04:43:00+00:00,283,2181.01,9.0,15.923494062341502,15.775006212723659,18.834741550695824,"[16.05765408 14.28702783 15.20029821 16.31237575 16.7721173  16.44284294
 14.88966203 14.97042744 16.33722664 15.51714712 16.25024851 16.02037773
 18.56138171 14.87102386 14.2000497  13.52907555 14.69706759 16.37450298
 14.51689861 15.80914513 16.05144135 17.23807157 16.75969185 16.4304175
 15.68489066 17.1138171  17.07032803 15.31212724 14.70328032 16.17569583
 15.75323062 14.01366799 17.65432406 15.88991054 17.42445328 15.42395626
 17.71645129 18.46819085 14.71570577 16.51739563 15.31212724 14.86481113
 14.5666004  16.20675944 15.57927435 15.31212724 15.1443837  15.54199801
 17.75372763 15.64761431 15.72837972 15.04498012 17.22564612 17.04547714
 17.84070577 17.89662028 13.47316103 15.0139165  15.8277833  14.81510934
 14.73434394 15.10710736 16.74105368 14.3305169  16.16327038 16.52982107
 16.15705765 15.73459245 18.14512922 15.18787276 15.79671968 15.00149105
 14.92693837 16.36207753 18.83474155 14.93315109 16.18190855 16.62922465
 15.98931412 17.2194334  17.33747515 16.08871769 16.5111829  16.75347913
 14.15034791 12.44184891 15.57927435 13.54771372 14.75298211 15.5916998
 14.31187873 15.11332008 15.44880716 16.2999503  15.21893638 16.31237575
 17.16351889 18.33772366 17.88419483 14.62251491 13.3861829  13.95775348
 15.722167   14.70949304 17.96496024 14.86481113 16.0638668  16.84045726
 18.12027833 15.27485089 16.6416501  15.95203777 16.96471173 15.25621272
 15.32455268 15.98310139 15.44259443 16.2999503  14.65979125 16.31858847
 15.34319085 16.05765408 17.82828032 15.72837972 14.99527833 17.07654076
 17.02683897 13.91426441 17.71645129 13.59120278 15.90854871 14.52932406
 14.85859841 15.51093439 15.4612326  16.17569583 15.31833996 17.33126243
 16.28131213 17.44930417 15.99552684 15.86505964 15.29348907 13.21843936
 15.55442346 15.96446322 17.08275348 14.08822068 13.68439364 16.20675944
 14.95178926 17.25670974 15.79050696 14.69085487 16.54224652 17.95874751
 13.54771372 14.82132207 15.05119284 14.77162028 15.70352883 16.73484095
 15.26863817 16.38692843 17.68538767 14.64736581 16.90258449 16.73484095
 16.25646123 15.98310139 15.3556163  16.11356859 13.70924453 14.62872763
 15.1443837  13.51043738 15.98310139 15.98310139 15.49850895 17.05168986
 15.8277833  15.80293241 17.41202783 15.722167   13.34890656 14.5417495
 14.79025845 15.36182903 14.42370775 15.26242545 14.02609344 14.93315109
 16.11978131 17.97117296 16.14463221 14.77162028 18.46197813 16.38692843
 15.94582505 12.52882704]",23163.241734969735
2025-06-15 04:44:00+00:00,284,2228.3599999999997,9.0,16.06394005569944,15.92209244532803,18.691848906560637,"[14.5417495  14.00745527 15.56684891 15.43016899 17.18836978 15.51714712
 17.55492048 16.97713718 17.64811133 16.92122266 17.28156064 16.49875746
 18.69184891 15.15680915 13.80864811 15.03255467 13.79000994 14.54796223
 16.24403579 16.0638668  16.55467197 17.12624254 15.18787276 17.94010934
 18.12027833 15.90854871 17.1138171  15.67867793 15.6973161  13.95154076
 17.07032803 14.87102386 15.67246521 16.26888668 17.25049702 15.12574553
 15.05119284 16.45526839 17.90904573 18.23832008 17.82828032 15.4860835
 16.02659046 14.70328032 15.21893638 17.07032803 15.44880716 15.87748509
 14.65357853 16.41799205 15.42395626 17.4555169  17.43687873 17.26913519
 17.71645129 16.16327038 14.08200795 13.70303181 14.64736581 15.80293241
 15.69110338 15.51093439 15.78429423 17.2194334  18.2445328  15.07604374
 15.58548708 17.31262425 16.46769384 17.64811133 14.65979125 16.26267396
 15.62276342 13.59741551 15.19408549 16.08871769 15.3556163  16.79696819
 16.62922465 18.08300199 15.76565606 16.73484095 17.05168986 16.86530815
 14.60387674 14.13792247 16.1694831  16.02659046 15.5916998  15.06361829
 15.43638171 17.22564612 15.04498012 17.38717694 17.69781312 14.28081511
 17.85934394 16.20675944 17.68538767 13.25571571 14.87723658 15.08846918
 15.74701789 15.51714712 15.25621272 15.5916998  14.53553678 16.30616302
 17.23807157 17.18215706 16.46769384 16.52360835 16.31237575 15.41153082
 14.35536779 15.4612326  15.53578529 15.52957256 15.53578529 17.22564612
 15.29970179 15.32455268 16.41177932 15.4612326  16.17569583 17.35611332
 16.5111829  15.22514911 14.23732604 16.45526839 14.74055666 15.66003976
 16.25024851 16.69756461 15.66003976 15.09468191 17.08275348 16.01416501
 17.61704771 17.15109344 17.3499006  12.71520875 13.77137177 14.45477137
 15.54199801 15.15680915 15.78429423 16.07007952 16.05144135 17.2194334
 15.68489066 16.96471173 14.75298211 16.21297217 15.39910537 15.6165507
 15.56063618 15.25621272 13.87698807 15.23757455 14.6722167  16.23161034
 14.95178926 15.70352883 15.22514911 17.35611332 15.84642147 16.21297217
 15.80914513 18.02708748 13.79622266 14.50447316 14.2249006  15.47365805
 16.79075547 14.79647117 16.18812127 16.60437376 16.48633201 16.39935388
 16.2999503  16.15705765 15.33697813 15.722167   15.10710736 14.93936382
 16.02659046 15.37425447 13.97639165 14.61630219 15.9333996  16.2750994
 16.0390159  15.20651093 16.45526839 16.31237575 16.52982107 17.60462227
 17.52385686 15.86505964]",23633.11785034806
2025-06-15 04:45:00+00:00,285,2202.1,9.0,15.987166136438162,15.840519383697814,18.679423459244532,"[16.58573559 17.02062624 16.75347913 15.49850895 14.85859841 15.61033797
 14.97042744 16.51739563 16.49254473 16.98956262 16.21297217 14.58523857
 17.22564612 15.00770378 14.77162028 14.49826044 13.98260437 15.53578529
 15.3804672  16.04522863 15.31833996 16.4055666  14.28702783 16.5360338
 16.14463221 16.49875746 17.96496024 13.69681909 15.3804672  14.78404573
 13.42345924 15.0387674  15.89612326 15.00149105 15.84642147 14.9083002
 16.82181909 16.96471173 17.31883698 16.66650099 17.6667495  14.36779324
 14.40506958 14.89587475 15.19408549 15.44259443 14.8026839  15.52957256
 15.9582505  14.56038767 15.58548708 16.73484095 18.21346918 18.26317097
 16.75347913 17.60462227 14.777833   13.05069583 16.93986083 15.90854871
 15.05740557 16.08871769 16.00795229 15.19408549 14.777833   16.48633201
 18.40606362 18.08300199 17.97117296 16.73484095 15.75323062 14.94557654
 14.10064612 14.78404573 15.02634195 16.37450298 14.41128231 14.5417495
 15.82157058 15.80914513 17.27534791 16.17569583 16.84045726 17.27534791
 15.20029821 14.36158052 14.13170974 15.82157058 16.49875746 16.02037773
 16.63543738 15.6165507  16.16327038 17.06411531 15.36182903 17.97117296
 16.84045726 17.74130219 18.12649105 15.0387674  14.15656064 16.18812127
 15.1443837  15.10089463 15.38667992 17.78479125 15.87748509 16.11356859
 15.70974155 15.84020875 16.76590457 18.06436382 16.90258449 15.31212724
 15.1443837  15.27485089 14.42370775 16.75969185 14.34915507 15.66003976
 16.80318091 14.76540755 16.28131213 16.71620278 15.38667992 18.41227634
 16.59194831 14.26217694 14.21868787 14.42992048 13.3054175  16.25024851
 15.42395626 16.21918489 15.722167   16.33101392 16.23161034 15.37425447
 18.39363817 16.38071571 16.32480119 14.36779324 14.46719682 15.70974155
 14.69085487 15.68489066 15.6165507  16.10114314 18.67942346 15.84642147
 16.57952286 17.80964215 15.99552684 15.3804672  16.48011928 16.93364811
 15.08225646 14.93315109 14.15034791 15.05119284 17.69781312 14.62251491
 16.03280318 15.90854871 17.17594433 16.57331014 14.19383698 16.70999006
 15.47987078 16.01416501 15.77808151 15.6165507  13.79622266 16.20675944
 15.32455268 15.66625249 17.44930417 15.12574553 17.17594433 15.90854871
 14.3305169  16.55467197 17.79100398 15.02012922 14.50447316 14.98906561
 14.42370775 15.05740557 14.05715706 15.29970179 14.10685885 16.02037773
 15.87127237 16.08871769 16.84666998 15.98931412 16.38071571 17.42445328
 16.49254473 14.41749503]",23376.26302606752
2025-06-15 04:46:00+00:00,286,2241.62,9.0,16.104518277421107,15.963282803180913,18.809890656063615,"[16.12599404 14.94557654 14.31809145 15.40531809 15.77186879 17.79100398
 16.07007952 17.04547714 16.6416501  17.62326044 18.22589463 16.72862823
 18.80989066 14.95178926 14.63494036 15.73459245 16.36829026 15.05740557
 15.18166004 15.61033797 16.63543738 16.25024851 16.48633201 16.31237575
 18.75397614 17.0082008  16.33101392 14.18762425 12.96371769 14.65357853
 13.82728628 16.51739563 14.51068588 15.85263419 15.56684891 16.92743539
 15.78429423 17.15730616 16.36207753 16.52982107 16.42420477 12.80218688
 16.11356859 13.33026839 15.60412525 15.23757455 16.46148111 17.13245527
 16.42420477 16.69135189 15.3556163  16.9833499  16.12599404 15.08846918
 15.95203777 16.0638668  15.77808151 15.57927435 17.02062624 15.98931412
 14.94557654 14.95800199 15.79671968 16.46769384 17.430666   15.77808151
 14.77162028 16.9833499  18.1389165  17.04547714 15.47365805 14.70328032
 14.38021869 16.08250497 15.4612326  15.23757455 14.58523857 16.07629225
 16.95849901 16.70999006 16.57331014 17.24428429 16.30616302 17.67917495
 14.83996024 15.53578529 15.31212724 15.9333996  16.10114314 14.64115308
 14.75919483 15.12574553 17.84691849 16.56088469 16.49254473 14.50447316
 17.08275348 17.47415507 17.44930417 14.6722167  15.72837972 15.97067594
 15.6165507  14.65357853 14.18141153 17.03926441 15.20029821 17.1138171
 17.44309145 16.41799205 15.97067594 17.05168986 18.32529821 15.67867793
 14.69706759 15.86505964 17.40581511 16.88394632 16.41177932 17.30641153
 15.96446322 18.18240557 16.10114314 16.25024851 16.51739563 16.17569583
 15.98931412 13.12524851 15.98310139 14.98906561 14.97664016 13.65954274
 15.32455268 15.23757455 14.97042744 16.26267396 15.52957256 15.64761431
 16.30616302 18.01466203 17.75372763 13.6471173  15.90854871 14.31809145
 15.70352883 15.64140159 16.56709742 14.72191849 15.72837972 15.63518887
 16.84045726 15.87748509 16.13220676 18.02708748 16.95849901 17.03926441
 12.98235586 15.41153082 15.65382704 17.25670974 14.62251491 15.00770378
 17.61704771 16.56088469 14.75919483 16.25024851 17.66053678 15.00149105
 15.41153082 16.6167992  14.01366799 14.97664016 13.82728628 15.75944334
 15.1195328  17.65432406 16.68513917 15.66625249 16.50497018 17.65432406
 15.70974155 17.38717694 15.19408549 16.25024851 14.0944334  14.61630219
 15.38667992 15.43016899 15.51093439 15.1195328  15.95203777 16.25024851
 16.85909543 15.41774354 15.52335984 17.88419483 16.08250497 17.88419483
 17.6916004  15.13195825]",23768.87634894006
2025-06-15 04:47:00+00:00,287,2212.2799999999997,9.0,16.018667935982254,15.872142147117296,18.399850894632205,"[15.49229622 13.78379722 14.48583499 15.41153082 14.55417495 15.84642147
 16.32480119 16.71620278 16.82181909 16.43663022 16.79696819 18.17619284
 16.97092445 14.27460239 14.77162028 13.97017893 15.5916998  14.66600398
 16.0638668  15.90233598 14.91451292 16.98956262 18.0333002  17.15109344
 18.05815109 17.69781312 17.18215706 15.31212724 13.16873757 15.4612326
 15.71595427 16.49875746 15.44259443 16.5360338  16.93364811 15.83399602
 15.63518887 16.77833002 16.25646123 17.46172962 17.4555169  13.93911531
 12.89537773 12.30516899 13.13767396 16.22539761 15.6165507  15.15059642
 16.70377734 16.44905567 18.05193837 16.26888668 15.75944334 17.03926441
 14.65979125 16.68513917 14.01988072 15.88991054 13.29920477 16.39935388
 17.13245527 15.39289264 15.16923459 17.25049702 17.06411531 16.95228628
 16.75969185 15.84020875 17.81585487 18.39985089 13.00720676 15.76565606
 14.74055666 15.36804175 17.38717694 14.88966203 17.14488072 18.07678926
 16.37450298 15.90854871 18.1389165  16.31237575 17.12002982 16.24403579
 15.88991054 14.52932406 14.87723658 14.48583499 14.20626243 16.70999006
 16.09493042 15.66625249 15.27485089 14.92072565 16.45526839 16.77833002
 15.32455268 16.80939364 15.47987078 14.69085487 16.41799205 15.33697813
 15.31212724 16.10735586 16.10735586 14.03851889 16.14463221 15.31833996
 17.430666   17.39338966 18.04572565 17.24428429 15.97688867 15.09468191
 14.29945328 14.71570577 15.00770378 15.34319085 16.6416501  16.56088469
 13.47937376 16.20675944 15.79050696 15.57306163 16.34965209 16.84666998
 16.37450298 15.0139165  13.73409543 14.41128231 14.34294235 15.97067594
 14.9083002  16.18812127 14.60387674 16.39935388 15.34940358 16.33722664
 14.91451292 16.92743539 16.55467197 14.62872763 14.38021869 15.33697813
 15.60412525 16.54845924 16.39935388 15.38667992 15.43016899 15.36804175
 14.98285288 15.34940358 18.31287276 17.53628231 17.6916004  16.89015905
 14.42370775 13.70924453 16.07007952 15.02012922 15.80293241 14.54796223
 16.87152087 16.67892644 15.98310139 16.10114314 15.87748509 15.30591451
 15.1195328  17.1945825  14.06336978 15.02012922 16.33722664 15.23136183
 14.87102386 16.96471173 15.12574553 15.3804672  15.41153082 16.82803181
 15.74080517 15.4860835  16.26888668 17.59219682 15.3556163  15.02012922
 17.60462227 15.07604374 15.49229622 14.84617296 16.15084493 16.79696819
 16.57952286 17.57977137 15.88369781 15.55442346 16.58573559 17.33126243
 17.53628231 16.82803181]",23481.655446622226
2025-06-15 04:48:00+00:00,288,2248.0699999999997,9.0,16.12502544855859,15.98331883697813,18.828528827037772,"[13.92047714 13.95154076 15.13195825 15.64761431 13.46694831 17.13866799
 15.34940358 17.33747515 16.80939364 17.26292247 16.56088469 16.71620278
 17.41824056 16.39314115 15.43016899 14.11307157 15.09468191 14.99527833
 15.84020875 16.31858847 15.75323062 17.22564612 16.67892644 16.46769384
 17.67296223 16.92743539 16.89637177 14.23111332 15.41153082 14.87102386
 14.8026839  15.26863817 14.32430417 17.67296223 16.31237575 14.74055666
 16.62922465 17.4555169  16.75969185 16.92743539 15.34940358 14.01366799
 15.3804672  16.49254473 16.41177932 16.65407555 15.68489066 15.52335984
 15.23757455 16.66028827 16.10735586 17.68538767 18.82852883 17.02062624
 14.59145129 17.1945825  14.91451292 15.86505964 15.29348907 16.99577535
 14.39885686 16.89637177 15.77808151 15.77186879 14.79647117 16.36207753
 17.01441352 18.18240557 16.46148111 16.92122266 14.79025845 15.46744533
 13.34269384 16.02659046 15.29348907 16.89015905 15.38667992 16.28131213
 15.89612326 17.33747515 16.25646123 16.44905567 16.57952286 16.8777336
 16.34965209 13.90805169 15.44880716 16.67892644 13.27435388 15.31212724
 17.3250497  16.32480119 16.10114314 16.33722664 16.08871769 15.5916998
 15.41153082 16.66650099 18.40606362 14.80889662 13.34269384 14.52311133
 13.82107356 15.6973161  16.69135189 15.56684891 16.44284294 16.35586481
 15.46744533 14.90208748 16.61058648 17.50521869 17.05790258 15.54199801
 17.24428429 15.8277833  14.88966203 15.08225646 15.8277833  16.03280318
 16.25646123 17.14488072 15.97688867 15.97067594 17.95253479 17.18215706
 17.93389662 14.79025845 15.21272366 13.64090457 15.43638171 15.64761431
 15.10710736 15.4860835  15.59791252 15.12574553 17.18836978 17.33126243
 16.75347913 17.61083499 18.04572565 14.93315109 14.54796223 16.194334
 14.64115308 15.23136183 16.41177932 15.99552684 16.80939364 16.07629225
 16.70377734 14.87102386 17.37475149 17.61704771 15.75944334 18.67321074
 13.46073559 14.63494036 12.10636183 14.97664016 17.49900596 17.08275348
 15.67867793 17.23185885 16.00795229 15.67246521 16.18812127 16.1694831
 17.3499006  16.71620278 15.36804175 16.00795229 15.86505964 15.20651093
 15.55442346 15.57306163 13.87698807 17.3250497  17.39338966 17.16973161
 17.34368787 15.51093439 16.38071571 17.10760437 13.65954274 16.25646123
 13.50422465 14.82132207 17.55492048 14.38021869 14.42370775 16.89015905
 16.77833002 15.9333996  16.84666998 16.72241551 16.00173956 15.52957256
 17.91525845 16.00173956]",23837.4851406976
2025-06-15 04:49:00+00:00,289,2244.66,9.0,16.115708407926945,15.972726143141154,19.083250497017893,"[14.26217694 12.49776342 15.64761431 15.21893638 15.66003976 15.66003976
 14.89587475 17.21322068 18.63593439 16.95228628 15.722167   17.77857853
 16.97713718 13.92047714 15.41153082 16.02659046 15.29970179 16.13220676
 16.01416501 15.9333996  16.62301193 17.77857853 16.6416501  16.69135189
 16.12599404 16.52360835 17.38096421 16.01416501 14.92693837 12.21197813
 16.18190855 15.52335984 14.62251491 16.2999503  15.61033797 16.52982107
 15.52957256 16.12599404 18.22589463 18.36878728 17.40581511 15.42395626
 15.96446322 15.10089463 15.61033797 13.80243539 15.46744533 15.4860835
 16.75347913 15.21893638 18.32529821 16.96471173 16.33101392 17.69781312
 18.0084493  17.28777336 16.25646123 14.42370775 14.01988072 15.5916998
 16.46148111 16.20675944 15.16923459 16.20675944 17.05168986 17.49279324
 16.54845924 19.0832505  17.12624254 17.25049702 13.93911531 13.67196819
 16.76590457 13.52286282 14.63494036 14.21868787 14.44855865 15.04498012
 16.5360338  16.41177932 15.90854871 16.66650099 16.38071571 16.85909543
 15.94582505 15.97688867 15.05740557 14.79025845 14.51068588 15.71595427
 16.93986083 15.18166004 15.72837972 16.13841948 17.51143141 17.72266402
 17.33126243 15.52957256 15.50472167 15.8277833  15.29348907 15.32455268
 16.62301193 13.9639662  15.52957256 15.10089463 16.36207753 16.69135189
 16.59816103 17.38096421 17.53006958 15.722167   16.81560636 13.93290258
 14.24975149 15.71595427 15.07604374 15.32455268 13.93911531 15.88991054
 17.41202783 17.85313121 15.89612326 17.04547714 17.75372763 16.49875746
 16.26888668 13.83971173 14.24353877 15.26242545 13.39239563 15.90233598
 14.73434394 16.08250497 15.31212724 16.86530815 14.8026839  18.05815109
 17.51764414 14.61630219 16.90879722 14.11928429 14.80889662 14.69085487
 16.65407555 14.65979125 16.12599404 13.52907555 16.5111829  15.79671968
 16.15084493 16.97713718 18.94035785 18.73533797 16.97713718 18.05193837
 14.31809145 13.25571571 14.5417495  18.6110835  15.39289264 15.28106362
 15.77808151 16.48633201 17.47415507 16.56709742 17.41824056 18.87823062
 17.25670974 17.21322068 15.06983101 14.64736581 14.29945328 14.54796223
 15.20029821 15.87127237 15.54821074 17.23185885 15.61033797 17.62947316
 15.91476143 16.57952286 16.36829026 17.41202783 13.28677932 15.37425447
 16.13841948 15.53578529 13.93911531 15.26863817 16.80318091 16.62922465
 15.91476143 16.34343936 17.1945825  16.20054672 15.57927435 15.06983101
 17.94632207 14.90208748]",23806.314049560384
2025-06-15 04:50:00+00:00,290,2262.32,9.0,16.16857620594783,16.02758449304175,19.26341948310139,"[15.54199801 15.16302187 17.61704771 14.25596421 17.25049702 16.31237575
 15.52957256 15.82157058 17.0082008  16.55467197 17.40581511 15.75323062
 16.03280318 14.41128231 15.65382704 15.23136183 15.52957256 15.06361829
 15.82157058 14.14413519 14.78404573 17.84070577 15.63518887 17.61704771
 17.54870775 16.49254473 17.4555169  12.79597416 16.2999503  15.78429423
 16.05765408 16.11978131 14.95178926 17.36853877 15.83399602 16.41177932
 15.9582505  16.4304175  16.70999006 16.90879722 17.26913519 14.98285288
 14.95800199 16.55467197 15.4860835  16.0638668  16.33722664 16.14463221
 17.41202783 15.93961233 15.57927435 15.77808151 16.88394632 17.15109344
 16.71620278 17.38096421 16.28752485 12.7027833  15.49229622 15.65382704
 16.80939364 14.38021869 16.70377734 15.54199801 15.70352883 16.46769384
 17.44930417 17.53006958 16.41177932 17.23185885 14.02609344 15.85263419
 15.26242545 14.65357853 16.15084493 15.87748509 15.32455268 17.16351889
 15.41153082 17.03305169 17.75372763 17.48036779 17.29398608 17.61704771
 15.84642147 13.74030815 17.10139165 14.95178926 15.74080517 16.23782306
 15.60412525 15.13195825 16.02659046 15.90233598 14.66600398 15.26242545
 18.36878728 16.26267396 17.59840954 14.86481113 15.20651093 16.01416501
 15.54821074 15.49850895 15.51714712 16.21297217 17.05790258 15.99552684
 16.85909543 16.9833499  15.33697813 19.26341948 16.98956262 16.05144135
 15.00149105 16.24403579 15.51093439 16.18190855 15.92718688 15.79671968
 15.9582505  16.69135189 16.85909543 17.96496024 16.34343936 17.42445328
 16.33722664 12.67171968 15.62897614 14.76540755 15.94582505 14.89587475
 14.29945328 15.85263419 15.21893638 16.48633201 16.0390159  16.93986083
 17.430666   16.72241551 16.99577535 13.67196819 12.64065606 14.23111332
 16.71620278 14.5417495  16.1694831  16.14463221 16.84045726 16.15705765
 15.06983101 16.34343936 16.75969185 16.81560636 17.13245527 16.95228628
 14.87723658 14.74055666 16.04522863 14.52311133 16.93364811 15.38667992
 14.93315109 18.48682903 16.2999503  17.44309145 16.23782306 16.95849901
 18.36257455 16.42420477 14.75919483 13.47937376 14.85238569 14.49826044
 15.88991054 16.89015905 15.34940358 16.99577535 16.51739563 16.66650099
 17.12002982 17.06411531 16.6167992  15.86505964 14.98285288 14.39885686
 14.25596421 14.50447316 16.03280318 16.52360835 16.67892644 17.54249503
 16.47390656 14.3305169  15.44259443 16.48011928 17.10760437 15.13195825
 16.34965209 15.88991054]",23983.188554619057
2025-06-15 04:51:00+00:00,291,2220.82,9.0,16.046866589231676,15.898670477137175,19.542992047713717,"[15.16923459 15.1443837  16.58573559 16.03280318 15.03255467 16.15705765
 15.98310139 16.37450298 16.43663022 17.05168986 16.92743539 18.12027833
 17.74130219 14.80889662 16.01416501 13.87698807 15.23757455 17.12002982
 16.37450298 15.64761431 15.98310139 16.5360338  15.68489066 16.39935388
 16.84045726 16.2750994  17.57355865 13.52907555 15.69110338 13.66575547
 14.64736581 16.13220676 16.31237575 16.65407555 15.55442346 16.09493042
 15.4860835  15.71595427 15.85263419 16.39314115 16.75347913 13.7527336
 14.55417495 14.51068588 15.73459245 13.8583499  14.42992048 16.51739563
 16.6416501  14.44855865 15.66003976 15.37425447 17.3250497  15.88991054
 15.31212724 17.17594433 14.53553678 15.54821074 14.23732604 14.71570577
 15.19408549 16.82803181 16.20675944 15.61033797 15.81535785 15.87748509
 17.40581511 16.69135189 17.99602386 15.47365805 14.39885686 15.15680915
 15.12574553 14.53553678 16.71620278 16.38071571 15.02634195 15.21272366
 17.40581511 17.38717694 15.9582505  17.25670974 16.43663022 17.31262425
 15.77808151 15.65382704 17.02062624 15.31212724 17.05790258 16.11978131
 16.15705765 15.06361829 15.82157058 15.25621272 16.94607356 16.64786282
 16.14463221 16.58573559 16.74105368 15.03255467 13.94532803 15.20029821
 15.00149105 14.61630219 15.02012922 14.0695825  16.6416501  17.2194334
 17.75994036 17.81585487 17.26913519 16.42420477 16.20054672 16.82803181
 17.16973161 14.92693837 16.26888668 14.64115308 15.37425447 16.33101392
 15.19408549 15.23136183 15.66625249 16.74105368 18.55516899 15.90854871
 17.95253479 12.85188867 16.51739563 14.78404573 15.32455268 14.61008946
 16.49875746 16.66028827 16.28131213 15.20651093 16.31858847 16.84045726
 17.71023857 18.52410537 17.2194334  13.43588469 15.06983101 15.31212724
 15.44880716 14.9083002  15.61033797 15.33076541 16.59816103 15.89612326
 16.91500994 15.83399602 17.20700795 17.3499006  17.2194334  15.94582505
 13.42967197 12.79597416 14.65357853 14.87102386 14.29324056 14.50447316
 17.86555666 14.75298211 15.34319085 15.39910537 16.13841948 17.3499006
 16.26267396 18.00223658 14.20626243 15.18787276 15.33697813 14.14413519
 15.86505964 14.5666004  15.34940358 15.1195328  15.45501988 16.34343936
 17.10139165 16.54845924 17.21322068 17.60462227 13.29920477 15.60412525
 15.70974155 16.5360338  15.71595427 14.95178926 15.10089463 15.73459245
 15.90854871 17.08275348 16.69756461 16.94607356 16.194334   19.54299205
 17.0889662  13.93290258]",23575.996860933494
2025-06-15 04:52:00+00:00,292,2294.41,9.0,16.26479891460633,16.12726764413519,18.92171968190855,"[15.84642147 16.7721173  15.61033797 15.22514911 14.72813121 15.20029821
 17.05790258 15.53578529 15.85884692 16.92743539 15.63518887 18.44333996
 17.24428429 15.13195825 14.03851889 14.11928429 15.6165507  15.84642147
 15.07604374 15.23757455 14.69706759 15.13817097 14.74055666 18.92171968
 17.57977137 16.25024851 16.72241551 15.06983101 16.0390159  14.305666
 16.71620278 16.80318091 17.06411531 17.26292247 15.59791252 15.02012922
 16.81560636 15.97067594 15.92718688 16.62922465 15.41153082 14.84617296
 16.25024851 15.57927435 15.54821074 16.41177932 16.75969185 15.54821074
 15.87748509 15.9333996  15.53578529 17.28156064 17.38717694 15.66003976
 16.52360835 18.20104374 15.08846918 15.00770378 15.51714712 17.02683897
 14.47340954 15.57306163 15.57306163 16.87152087 16.76590457 17.53628231
 15.18787276 17.14488072 16.04522863 17.54249503 15.12574553 14.84617296
 15.25       16.18190855 16.48011928 15.75323062 14.38643141 15.4860835
 16.80939364 17.46172962 17.30019881 16.92122266 17.31262425 17.36232604
 13.65333002 14.27460239 14.82753479 14.41128231 14.57902584 17.23185885
 17.14488072 15.96446322 16.92743539 16.62922465 16.194334   16.13841948
 17.38096421 15.74701789 17.08275348 14.65357853 15.51093439 16.03280318
 16.23782306 13.33026839 16.48011928 16.51739563 16.92122266 15.28106362
 17.31883698 18.44955268 15.74080517 15.85263419 18.35636183 14.52311133
 14.82753479 14.72191849 16.32480119 16.38071571 17.37475149 17.3499006
 18.10785288 14.74055666 17.46172962 15.87748509 16.95849901 17.34368787
 15.98931412 15.38667992 13.8583499  13.86456262 16.58573559 16.73484095
 16.67271372 17.15109344 16.56709742 15.70974155 16.5111829  16.2999503
 17.25049702 15.84642147 18.76018887 15.11332008 14.61630219 15.20651093
 15.29970179 14.85859841 16.67892644 14.61630219 15.25       16.90258449
 15.722167   15.55442346 18.18861829 17.49900596 15.1443837  18.18861829
 14.86481113 14.79025845 15.08846918 15.56684891 16.59194831 16.46148111
 16.6416501  17.51143141 17.75372763 16.70377734 17.31262425 17.29398608
 16.82803181 18.20725646 15.50472167 15.13817097 14.03851889 15.28727634
 15.59791252 15.1443837  16.08871769 17.12002982 16.14463221 14.59766402
 15.83399602 17.15109344 16.70999006 16.67271372 14.46719682 16.42420477
 17.15109344 16.23782306 17.21322068 16.6167992  16.07629225 15.66625249
 15.21893638 17.00198807 17.73508946 18.03951292 15.93961233 18.14512922
 16.64786282 16.12599404]",24305.111248706937
2025-06-15 04:53:00+00:00,293,2265.33,9.0,16.179753883212744,16.036934642147116,20.462475149105366,"[14.01366799 15.52957256 16.38071571 14.4609841  16.75969185 15.72837972
 15.37425447 16.36829026 18.64214712 17.08275348 19.79150099 16.50497018
 17.06411531 16.48011928 13.29299205 15.15059642 13.24950298 16.5111829
 16.94607356 14.44234592 15.3556163  15.58548708 16.00173956 15.82157058
 16.30616302 16.79075547 16.34965209 13.95154076 15.0387674  15.94582505
 15.85263419 14.305666   16.45526839 15.81535785 16.30616302 17.29398608
 16.17569583 15.87127237 15.11332008 17.46794235 17.05168986 16.07629225
 14.70949304 13.68439364 16.10735586 16.8777336  17.30019881 16.48633201
 14.16277336 16.52982107 16.69135189 15.24378728 17.6916004  15.05119284
 20.46247515 17.95253479 16.02659046 14.62251491 15.66625249 15.50472167
 16.2750994  16.15084493 14.91451292 16.87152087 17.36232604 16.9833499
 17.13245527 14.93936382 16.7721173  16.09493042 14.37400596 13.60362823
 14.93936382 15.47987078 16.18190855 16.26267396 17.30641153 16.15084493
 16.13841948 17.90904573 16.63543738 17.63568588 18.15134195 16.05144135
 15.12574553 14.61008946 14.78404573 15.65382704 17.56734592 15.3804672
 17.1945825  16.62922465 15.09468191 18.46819085 17.62947316 17.39960239
 16.02659046 18.20104374 17.51143141 14.05715706 16.0638668  14.64736581
 15.8277833  15.53578529 15.62897614 16.36207753 16.39314115 15.83399602
 16.64786282 16.62922465 18.04572565 17.07654076 15.70352883 14.8026839
 13.90183897 13.56635189 14.95800199 15.0139165  15.98310139 15.19408549
 15.16923459 16.58573559 17.0889662  17.61083499 15.79671968 19.0583996
 17.78479125 12.54125249 14.90208748 14.87723658 15.44259443 14.37400596
 15.0387674  16.83424453 16.35586481 16.39935388 17.01441352 16.36207753
 14.99527833 17.39338966 18.847167   14.17519881 12.79597416 13.75894632
 15.23136183 14.85238569 16.68513917 15.60412525 16.15705765 16.29373757
 17.25049702 18.12027833 16.52360835 16.35586481 15.78429423 17.65432406
 15.722167   14.16898608 15.87127237 17.60462227 15.08846918 17.14488072
 15.79671968 16.46148111 16.13841948 17.23807157 16.13841948 15.93961233
 17.92147117 16.75969185 15.19408549 14.6722167  13.8832008  14.58523857
 16.43663022 13.7527336  13.47316103 15.78429423 18.2445328  17.96496024
 17.61083499 18.05815109 16.99577535 16.88394632 13.69681909 16.13841948
 14.85859841 14.62251491 16.76590457 15.56684891 15.36804175 16.69135189
 15.47365805 15.23136183 15.04498012 17.13866799 16.93986083 18.01466203
 16.57331014 13.069334  ]",24020.584591676547
2025-06-15 04:54:00+00:00,294,2279.96,9.0,16.22370526267224,16.082380715705764,18.660785288270375,"[13.93911531 16.16327038 14.28702783 16.5111829  16.48011928 16.70377734
 16.09493042 17.31883698 18.26317097 17.07032803 16.80318091 17.10760437
 16.26888668 14.62872763 16.70377734 14.80889662 15.80914513 15.10089463
 16.82803181 16.17569583 16.62301193 16.2750994  17.43687873 15.46744533
 17.5611332  15.47987078 17.61083499 15.722167   15.97067594 14.56038767
 15.4860835  15.00770378 15.84020875 16.50497018 15.82157058 16.1694831
 16.67271372 16.11356859 15.34940358 16.59816103 16.93364811 15.74080517
 16.37450298 15.21893638 15.07604374 14.20626243 16.85909543 15.87748509
 15.52335984 17.20700795 15.13195825 15.5916998  16.80318091 17.46794235
 16.12599404 16.32480119 15.22514911 14.52311133 15.10089463 13.40482107
 15.54821074 16.24403579 13.59120278 14.31187873 15.9333996  17.902833
 16.89637177 15.94582505 18.12649105 16.11978131 14.71570577 16.03280318
 15.17544732 17.27534791 15.0387674  17.27534791 16.69135189 15.87748509
 17.08275348 15.92718688 16.8777336  17.80342942 16.22539761 15.93961233
 13.68439364 16.0638668  15.81535785 14.49826044 16.18812127 15.9582505
 15.76565606 16.15705765 18.17619284 16.15705765 16.57331014 17.27534791
 18.34393638 18.66078529 15.62897614 15.84642147 14.45477137 15.89612326
 15.0139165  14.71570577 15.46744533 14.96421471 15.64140159 17.50521869
 17.06411531 16.76590457 15.77186879 16.64786282 17.05790258 14.72191849
 15.92097416 14.5417495  14.98906561 15.83399602 16.01416501 16.26267396
 16.08250497 16.49875746 16.59194831 14.47962227 15.89612326 17.39960239
 18.2445328  16.33101392 12.45427435 16.59816103 14.63494036 16.23161034
 15.62276342 16.74105368 17.03926441 15.18787276 17.04547714 14.19383698
 17.51764414 17.43687873 18.28802187 15.09468191 15.21272366 14.39264414
 15.32455268 15.88991054 15.47987078 16.78454274 17.87798211 17.05790258
 16.70999006 15.39289264 17.26913519 16.81560636 18.28180915 17.7972167
 15.27485089 14.72813121 15.71595427 15.75323062 15.3804672  16.00173956
 15.06983101 15.62897614 17.29398608 15.39910537 16.8777336  16.4055666
 17.41202783 17.30641153 13.84592445 15.54199801 16.84666998 13.88941352
 14.93315109 15.9582505  16.51739563 16.75969185 17.35611332 17.16973161
 16.07007952 17.23185885 17.51143141 16.74105368 15.30591451 14.38021869
 15.89612326 15.25621272 15.18166004 16.08871769 14.46719682 17.60462227
 15.00770378 15.87748509 16.66028827 18.33772366 16.70999006 15.30591451
 17.37475149 15.84642147]",24167.628326796246
2025-06-15 04:55:00+00:00,295,2287.03,9.0,16.245353025754813,16.10434269383698,19.74801192842942,"[15.27485089 14.98906561 14.14413519 15.36182903 16.2750994  16.71620278
 16.05144135 17.38096421 18.08300199 17.74130219 19.33797217 17.65432406
 18.52410537 14.19383698 13.7527336  14.63494036 16.51739563 14.36779324
 16.91500994 16.70999006 15.92718688 15.17544732 15.74080517 16.49875746
 19.74801193 17.02062624 17.35611332 14.13170974 15.45501988 15.29970179
 16.39314115 16.07629225 15.57927435 16.20675944 16.28752485 17.34368787
 16.49875746 16.0390159  16.48633201 16.55467197 17.71023857 15.08225646
 14.10685885 13.73409543 15.06361829 15.83399602 16.80318091 15.51714712
 15.78429423 16.03280318 16.12599404 17.38717694 16.71620278 16.62922465
 18.32529821 17.97738569 14.49826044 14.6722167  15.73459245 14.41128231
 15.76565606 16.13220676 14.78404573 17.30641153 15.3804672  15.17544732
 17.12002982 15.73459245 15.16302187 15.8277833  14.28081511 15.91476143
 12.87673956 15.95203777 14.10064612 17.49900596 15.90233598 14.00124254
 17.49900596 15.84642147 17.92147117 17.03305169 16.85909543 17.6916004
 12.45427435 15.38667992 13.7527336  17.83449304 15.56684891 15.15059642
 15.00770378 16.92743539 16.07629225 15.88991054 16.66028827 17.02062624
 15.44259443 16.13841948 18.83474155 14.77162028 14.23732604 16.49254473
 16.13220676 16.38692843 15.41774354 17.87176938 15.77808151 14.78404573
 17.00198807 17.51143141 17.18215706 16.8528827  17.86555666 15.33076541
 14.64736581 15.70352883 15.00149105 16.31237575 16.11356859 14.2000497
 16.33101392 17.87798211 17.12002982 16.4304175  16.64786282 17.41824056
 18.83474155 13.69060636 15.45501988 15.56063618 15.05119284 15.03255467
 16.194334   16.44905567 17.89040755 16.15084493 15.09468191 16.93986083
 17.39338966 17.21322068 19.33797217 14.18141153 14.98285288 14.31187873
 14.35536779 14.42992048 16.72241551 17.30641153 17.08275348 16.78454274
 17.63568588 16.84045726 17.1138171  18.44333996 15.90854871 17.26292247
 15.13195825 15.79671968 16.63543738 15.90233598 16.72241551 16.2999503
 15.80914513 15.90233598 15.65382704 15.62276342 17.71645129 16.86530815
 17.59219682 17.02683897 16.02659046 13.76515905 14.08822068 15.38667992
 13.88941352 16.96471173 15.84020875 14.84617296 15.63518887 16.30616302
 16.92122266 17.64811133 18.73533797 17.18836978 15.6973161  14.51689861
 15.9333996  15.34319085 16.62301193 15.37425447 15.1195328  15.78429423
 13.52907555 15.70352883 15.33697813 17.22564612 17.41824056 16.26888668
 18.27559642 15.22514911]",24240.053082965303
2025-06-15 04:56:00+00:00,296,2281.4300000000003,9.0,16.229617324037438,16.086947067594433,19.22614314115308,"[14.90208748 15.38667992 15.37425447 16.68513917 15.5916998  18.20104374
 15.04498012 14.62251491 13.95775348 16.28752485 16.83424453 16.41177932
 17.10760437 16.38692843 16.31858847 14.92072565 15.09468191 14.70949304
 16.75347913 15.20029821 16.92743539 14.48583499 16.54224652 17.25670974
 17.16973161 16.6167992  17.84691849 14.48583499 14.87723658 15.15059642
 15.16302187 16.50497018 14.38021869 15.23757455 16.84666998 14.74055666
 17.02062624 17.98359841 16.88394632 16.194334   16.58573559 14.26217694
 14.08822068 15.16923459 13.16873757 15.23136183 15.52335984 17.53628231
 16.69756461 15.28727634 16.44905567 17.48658052 16.69756461 17.67296223
 15.51714712 17.82206759 15.74701789 14.04473161 15.80914513 16.38071571
 15.87748509 16.72241551 15.0139165  16.61058648 18.31287276 17.48658052
 15.64761431 18.30044732 16.31858847 16.76590457 16.194334   15.88369781
 14.96421471 16.39935388 14.69085487 16.82181909 16.30616302 16.05144135
 15.77808151 14.96421471 16.46769384 15.86505964 17.33126243 17.3250497
 15.43638171 15.55442346 15.8277833  15.47987078 14.65979125 14.31809145
 15.00770378 17.64189861 16.18812127 16.41177932 17.66053678 16.30616302
 17.36232604 16.73484095 18.31287276 14.2249006  15.4860835  14.5417495
 14.90208748 15.28727634 15.94582505 16.25646123 16.15084493 15.28727634
 16.90258449 16.07629225 16.15705765 15.90854871 16.07007952 15.94582505
 14.08200795 15.10089463 14.81510934 17.06411531 14.79647117 16.44284294
 17.13245527 17.36853877 16.92122266 15.52957256 16.34343936 15.89612326
 18.30666004 14.27460239 12.90780318 15.60412525 15.6165507  17.25670974
 15.96446322 16.84045726 14.777833   15.10710736 17.53628231 16.91500994
 15.3556163  17.82206759 17.21322068 15.4860835  16.15084493 14.73434394
 15.27485089 15.29970179 14.88966203 17.33126243 18.05193837 17.89662028
 16.73484095 16.0638668  17.71023857 14.93936382 16.66650099 19.22614314
 15.05740557 15.57306163 15.51093439 14.03851889 16.76590457 15.71595427
 15.52335984 18.38742545 16.26888668 16.18812127 17.62947316 16.82803181
 17.10760437 17.10139165 16.15705765 16.69135189 15.43638171 15.21893638
 15.10089463 16.81560636 15.20651093 17.89040755 14.8834493  17.902833
 16.81560636 17.26292247 14.86481113 18.0333002  13.45452286 14.88966203
 16.16327038 14.90208748 14.4361332  15.67246521 13.83971173 17.31883698
 15.77808151 17.04547714 18.09542744 17.0082008  17.83449304 17.71023857
 17.77236581 14.61630219]",24187.407719299656
2025-06-15 04:57:00+00:00,297,2308.89,9.0,16.311449372596208,16.17224776341948,19.25720675944334,"[15.56063618 15.97067594 15.44880716 16.10735586 15.51714712 16.07629225
 14.72191849 15.77808151 15.96446322 17.07654076 16.63543738 17.05168986
 15.47365805 14.95800199 13.8583499  15.65382704 17.10760437 15.23136183
 17.08275348 14.98285288 16.23161034 15.16302187 15.06983101 16.5111829
 16.46148111 16.92122266 16.72862823 15.27485089 15.43016899 16.5111829
 14.65357853 16.02037773 15.70974155 14.85859841 15.77186879 15.28727634
 15.50472167 15.51714712 16.57331014 17.75372763 18.97142147 14.50447316
 14.83996024 16.25646123 14.8834493  16.92743539 15.9333996  15.37425447
 16.00173956 17.69781312 14.45477137 17.24428429 17.84691849 18.0084493
 17.67917495 16.31237575 14.56038767 15.36804175 15.74080517 16.48633201
 16.13841948 16.21297217 16.75969185 16.79696819 17.89040755 16.00173956
 17.26913519 16.08871769 16.08250497 16.65407555 13.58499006 15.57306163
 16.70999006 15.67246521 15.67246521 17.30019881 17.03305169 15.62897614
 16.70377734 16.33722664 16.25024851 17.28777336 17.13866799 18.46197813
 16.72241551 13.43588469 14.87723658 15.73459245 14.60387674 15.76565606
 16.08250497 13.92668986 16.11978131 15.43016899 16.84666998 16.89637177
 18.02708748 18.58001988 19.00248509 14.8026839  14.33672962 14.777833
 15.20029821 14.68464215 14.51068588 16.47390656 17.38096421 16.96471173
 16.20054672 14.79025845 18.38742545 16.91500994 15.78429423 14.23111332
 14.62251491 15.10089463 16.75969185 15.05740557 16.33101392 17.30019881
 17.81585487 16.72862823 17.23185885 15.88991054 16.66650099 17.08275348
 17.92147117 14.0695825  14.62872763 14.25596421 14.98906561 15.29970179
 17.18215706 16.14463221 16.03280318 15.25       16.77833002 19.23235586
 16.90258449 17.41824056 19.25720676 15.05740557 15.78429423 17.02062624
 15.21272366 16.68513917 16.23782306 17.14488072 16.26267396 15.79050696
 17.36853877 16.46769384 17.00198807 15.9582505  18.69184891 15.85884692
 13.37375746 16.21918489 15.1195328  13.78379722 16.54845924 16.95849901
 16.05765408 16.05765408 16.11978131 17.46794235 16.62922465 15.10710736
 17.50521869 16.6416501  16.21297217 13.8583499  16.02037773 14.10685885
 16.6416501  15.09468191 15.97067594 16.97092445 16.86530815 16.57952286
 18.25074553 16.85909543 17.35611332 18.90929423 15.10089463 16.10114314
 17.6916004  15.06361829 16.82181909 14.42992048 15.67867793 17.51764414
 16.15084493 16.23161034 18.15134195 18.28802187 15.00770378 17.71645129
 16.70999006 13.9639662 ]",24461.185020957877
2025-06-15 04:58:00+00:00,298,2328.97,9.0,16.37150894752154,16.23462350894632,19.679671968190853,"[13.4110338  15.00149105 16.34965209 14.32430417 16.20675944 15.21272366
 16.39935388 15.67246521 16.89637177 18.23210736 16.33101392 18.30666004
 16.48633201 17.03926441 15.42395626 15.84020875 15.15059642 15.75323062
 16.91500994 14.75919483 15.68489066 15.23136183 17.48036779 17.05168986
 17.2194334  17.6667495  17.15109344 16.2999503  15.29348907 16.63543738
 15.87748509 15.66003976 16.14463221 14.54796223 16.6167992  17.44930417
 16.80318091 16.51739563 16.77833002 17.05168986 16.97713718 14.21247515
 16.2999503  15.25       15.71595427 17.92147117 15.21893638 16.64786282
 15.00149105 16.79075547 18.02708748 19.67967197 16.87152087 16.77833002
 16.90879722 16.28131213 14.11928429 13.80864811 14.95178926 16.90879722
 15.64761431 15.45501988 16.9833499  16.49875746 17.3499006  17.29398608
 16.10735586 18.53031809 17.60462227 17.49900596 15.25621272 15.82157058
 16.04522863 13.7278827  15.62897614 16.28752485 17.36232604 14.15656064
 16.75969185 16.93364811 16.97713718 17.33126243 16.21297217 15.63518887
 14.89587475 13.88941352 15.4860835  15.54199801 15.66003976 16.4304175
 15.89612326 14.68464215 16.36207753 16.05765408 15.49850895 16.32480119
 18.0333002  18.35014911 16.6416501  16.84666998 14.76540755 15.39289264
 16.67271372 15.64140159 15.70974155 16.64786282 16.89637177 16.90879722
 17.84691849 16.33101392 16.68513917 17.44309145 17.2194334  14.64736581
 15.72837972 14.26217694 15.62276342 16.22539761 16.59194831 16.52360835
 14.92693837 16.59816103 18.25074553 16.77833002 17.6667495  15.44259443
 17.10139165 14.61630219 14.77162028 16.6167992  15.50472167 16.49254473
 16.82803181 16.95228628 15.34940358 15.23757455 17.87798211 18.0084493
 15.66003976 17.33747515 16.8777336  14.81510934 14.92072565 15.36804175
 16.78454274 16.67271372 15.76565606 14.19383698 16.83424453 16.84045726
 16.70999006 16.07629225 17.61083499 17.68538767 16.92743539 17.49279324
 14.81510934 14.82132207 17.3499006  14.55417495 17.10139165 15.5916998
 17.07032803 15.58548708 16.59816103 16.79696819 16.74105368 17.84070577
 18.44955268 16.93986083 15.19408549 15.20029821 14.07579523 15.13195825
 15.52335984 15.28727634 16.10114314 15.70352883 15.9582505  15.46744533
 17.04547714 17.92147117 16.18190855 18.23832008 14.84617296 14.82132207
 16.10114314 15.4612326  14.8026839  16.96471173 14.55417495 16.50497018
 17.07032803 15.85884692 17.04547714 16.76590457 18.09542744 17.10760437
 18.10785288 13.22465209]",24662.120334828072
2025-06-15 04:59:00+00:00,299,2324.9300000000003,9.0,16.360395561365777,16.22207380715706,19.07703777335984,"[14.97664016 16.11978131 16.2750994  15.86505964 15.25621272 17.13866799
 17.4555169  17.71645129 16.69756461 18.39985089 16.55467197 18.43091451
 17.12002982 15.10710736 15.1195328  15.23136183 13.80243539 15.08846918
 13.5166501  15.94582505 17.20700795 14.97042744 14.64115308 15.80293241
 17.65432406 15.85263419 17.82206759 14.82753479 14.75298211 14.23111332
 15.34940358 15.92097416 16.80939364 16.12599404 17.77857853 17.41824056
 16.82803181 15.65382704 16.8777336  18.52410537 18.62972167 15.90233598
 15.09468191 14.79025845 14.82132207 16.60437376 14.52311133 15.84020875
 16.31858847 16.36207753 15.85884692 17.86555666 16.41799205 16.67892644
 16.92122266 17.54249503 17.1138171  13.74030815 14.57281312 16.87152087
 15.25621272 17.46794235 15.32455268 14.68464215 16.76590457 17.03305169
 15.92097416 17.66053678 16.91500994 18.00223658 14.5666004  18.48682903
 15.53578529 16.69135189 15.79050696 15.71595427 15.43638171 15.51093439
 15.3556163  16.92122266 16.92743539 17.39960239 17.71023857 17.24428429
 14.98285288 14.83374751 15.0139165  15.9333996  15.06983101 15.10089463
 15.41774354 17.15730616 17.0889662  16.46769384 17.82206759 17.27534791
 16.52982107 17.94010934 16.77833002 14.48583499 14.34294235 14.90208748
 15.57927435 16.48633201 15.28727634 15.6165507  19.03976143 17.10139165
 16.25646123 18.25074553 16.35586481 16.00795229 18.36257455 13.94532803
 14.73434394 13.94532803 15.98931412 14.23732604 16.80939364 16.18812127
 15.95203777 17.12002982 16.15084493 16.44905567 16.62301193 17.10139165
 18.16998012 15.56684891 14.55417495 13.60362823 16.62301193 15.15680915
 17.54249503 14.87723658 16.67271372 17.41824056 17.41202783 17.77857853
 16.36829026 18.05193837 15.45501988 15.40531809 16.38071571 17.16973161
 17.0889662  14.55417495 16.25024851 15.13817097 16.51739563 18.13270378
 15.90854871 16.15705765 16.75969185 16.89637177 19.07703777 17.0082008
 16.18190855 15.03255467 14.73434394 14.28081511 16.67271372 16.34965209
 14.42992048 15.79050696 14.39264414 16.56709742 18.31287276 17.13245527
 16.26888668 18.87823062 15.05119284 14.31809145 15.59791252 15.93961233
 16.76590457 15.21893638 16.71620278 15.60412525 16.43663022 17.03926441
 19.01491054 18.25074553 15.88991054 18.54274354 15.43638171 14.33672962
 16.0638668  14.85859841 15.70974155 16.12599404 15.28106362 14.62872763
 16.61058648 15.97067594 15.07604374 15.98310139 17.90904573 17.70402584
 17.15109344 16.07007952]",24624.93939010534
2025-06-15 05:00:00+00:00,300,3182.42,9.0,18.891701084912842,18.88574801192843,22.003230616302186,"[18.2693837  17.26913519 18.88444334 18.21346918 17.91525845 19.21993042
 20.84145129 20.4500497  21.53106362 19.44980119 20.85387674 20.23260437
 20.99055666 17.10760437 16.00795229 17.69781312 18.44955268 17.43687873
 19.4000994  19.97166998 19.45601392 18.67321074 20.19532803 20.24502982
 20.61779324 18.35636183 21.19557654 16.75969185 16.83424453 16.23782306
 18.68563618 17.61083499 19.04597416 18.69806163 18.25695825 19.70452286
 18.5862326  20.25745527 20.70477137 20.59915507 20.81038767 16.18812127
 16.84666998 18.02708748 18.29423459 17.69781312 19.36903579 17.73508946
 19.4249503  18.77882704 19.10188867 20.50596421 20.74826044 19.49329026
 19.94060636 21.30740557 17.73508946 18.58001988 19.03354871 18.01466203
 18.04572565 19.49950298 18.4806163  20.05864811 19.54299205 20.89115308
 17.82206759 21.09617296 21.9473161  22.00323062 19.33797217 16.75969185
 16.11978131 18.16998012 18.81610338 18.61729622 18.66078529 18.08300199
 19.77286282 21.48136183 20.51838966 18.52410537 21.27012922 21.20178926
 17.63568588 16.10735586 18.76018887 17.26913519 19.11431412 17.51143141
 17.75994036 17.85934394 18.22589463 20.04000994 19.28827038 20.56187873
 20.33200795 19.25720676 21.69259443 17.36853877 19.33797217 17.3250497
 18.70427435 17.83449304 18.60487078 18.58001988 20.17047714 17.74130219
 19.67967197 20.30094433 19.76043738 21.37574553 19.95924453 17.49900596
 15.42395626 17.74751491 18.48682903 18.12649105 17.54870775 18.97142147
 18.94657058 18.35636183 18.49925447 20.09592445 20.25124254 20.17668986
 21.79821074 16.34965209 18.46819085 17.97117296 18.67942346 19.34418489
 18.5054672  16.51739563 18.40606362 18.30044732 19.15159046 18.68563618
 20.82902584 19.7417992  19.5554175  17.47415507 18.26317097 14.92693837
 17.38717694 18.17619284 18.2693837  20.56809145 19.06461233 19.43737575
 18.95899602 18.05815109 20.22017893 20.48111332 21.07132207 19.58026839
 17.2194334  19.66724652 17.6916004  17.44930417 17.7972167  17.34368787
 19.59269384 19.51192843 17.25670974 18.99627237 19.02733598 20.33822068
 19.85362823 20.39413519 15.43638171 16.5111829  16.98956262 19.0832505
 17.83449304 18.40606362 18.10164016 18.68563618 19.0583996  19.28205765
 20.31336978 19.87847913 20.17047714 20.84766402 16.38692843 17.99602386
 16.79075547 17.97117296 18.73533797 17.16973161 18.74776342 18.62350895
 19.17644135 18.9527833  18.44955268 19.56784294 19.36903579 20.93464215
 20.07728628 17.6667495 ]",33093.6751496844
2025-06-15 05:01:00+00:00,301,3164.3900000000003,9.0,18.83931497829189,18.82974030815109,21.711232604373755,"[18.76018887 17.78479125 17.30641153 17.72266402 18.25695825 18.66078529
 19.13295229 19.1640159  17.5611332  19.23856859 19.20750497 20.58672962
 19.62375746 18.05815109 17.39338966 17.57355865 17.91525845 19.93439364
 18.54274354 18.31908549 18.26317097 19.82877734 17.67917495 17.65432406
 21.31983101 21.16451292 19.77907555 17.70402584 16.84045726 17.59219682
 18.30044732 18.02087475 19.00869781 17.15109344 19.61754473 18.84095427
 19.21371769 19.62375746 19.79150099 20.08971173 20.97191849 16.25024851
 17.23185885 19.49329026 16.59194831 17.38096421 17.21322068 18.70427435
 20.46868787 19.02733598 19.6610338  19.11431412 19.8722664  19.36282306
 18.61729622 20.98434394 16.08250497 17.25049702 18.54895626 18.97763419
 18.45576541 19.90333002 18.84095427 17.26292247 18.92793241 18.72291252
 21.5        18.97763419 21.17072565 19.58648111 16.4055666  18.75397614
 18.2445328  17.62326044 18.66078529 18.64214712 18.68563618 18.12027833
 17.9276839  20.40034791 19.1640159  18.34393638 19.10810139 20.78553678
 17.59840954 16.62922465 17.03305169 17.14488072 17.87798211 18.5054672
 19.49329026 19.59269384 19.64860835 19.67345924 18.46197813 20.3195825
 20.15183897 20.73583499 19.98409543 17.49279324 20.24502982 16.49254473
 17.26292247 17.99602386 17.89040755 18.58001988 17.85934394 18.72291252
 18.10785288 20.26988072 19.80392644 20.02758449 21.56833996 18.19483101
 17.89040755 17.17594433 18.86580517 21.16451292 17.34368787 19.28827038
 19.22614314 20.00894632 20.20154076 21.38195825 19.90954274 20.81038767
 19.74801193 17.94010934 17.53628231 17.12002982 18.56759443 17.65432406
 18.2445328  19.12052684 20.12077535 19.71073559 18.5862326  20.05864811
 20.38170974 21.31361829 20.54324056 15.49850895 16.8528827  16.7472664
 18.31287276 18.66078529 16.99577535 19.56163022 18.10164016 20.48111332
 20.40656064 18.68563618 20.7109841  20.35064612 20.03379722 20.38792247
 18.86580517 17.84691849 17.36853877 17.22564612 17.33126243 18.22589463
 18.53653082 19.64239563 21.51863817 18.07057654 19.17644135 19.64860835
 19.34418489 21.50621272 16.8777336  17.49900596 17.5859841  17.53628231
 19.43737575 16.98956262 18.08921471 18.17619284 19.19507952 19.61754473
 19.51192843 19.57405567 20.17047714 19.01491054 17.95874751 16.23161034
 17.79100398 18.46819085 20.08349901 18.64835984 17.64811133 18.89065606
 18.97763419 20.02137177 20.76689861 19.7417992  17.902833   21.7112326
 20.65506958 17.55492048]",32918.41219137334
2025-06-15 05:02:00+00:00,302,3164.07,9.0,18.839198023581943,18.828746272365805,22.531312127236582,"[17.48658052 17.1138171  18.74776342 19.01491054 17.30641153 18.76640159
 18.87823062 17.78479125 19.43737575 20.56809145 20.82902584 20.0027336
 20.95949304 17.21322068 18.41227634 18.23832008 17.73508946 16.77833002
 18.20104374 18.57380716 19.7417992  19.56784294 19.51192843 20.64264414
 18.89065606 19.86605368 20.72340954 19.71073559 17.35611332 15.16923459
 16.29373757 19.62997018 19.41252485 18.51167992 18.82852883 18.0333002
 19.1888668  19.45601392 20.97191849 20.33200795 19.71694831 17.26913519
 16.36829026 17.60462227 16.07629225 18.19483101 18.80367793 18.01466203
 18.0084493  19.06461233 17.54870775 19.31312127 19.13295229 20.8166004
 19.92196819 22.53131213 17.39338966 15.94582505 17.78479125 19.24478131
 17.55492048 19.37524851 20.04000994 18.62972167 19.41873757 19.77907555
 19.58026839 21.8416998  21.80442346 20.94706759 16.8528827  16.55467197
 18.16998012 16.70999006 18.13270378 19.58648111 18.6110835  18.95899602
 20.35685885 20.53081511 19.43116302 20.07728628 18.62350895 20.07728628
 15.56684891 17.74751491 21.20178926 16.5111829  18.35014911 19.84741551
 17.05790258 17.88419483 19.24478131 18.36878728 19.70452286 18.89686879
 20.3444334  20.37549702 20.63643141 16.64786282 16.36829026 18.0084493
 18.26317097 20.94085487 18.58001988 17.98359841 18.91550696 17.48658052
 20.44383698 18.94657058 21.22664016 19.70452286 20.26988072 16.69756461
 17.64811133 16.44284294 19.5305666  18.34393638 18.92171968 20.70477137
 19.12052684 20.24502982 19.81635189 19.54299205 20.90357853 20.2139662
 19.74801193 17.20700795 18.31908549 15.71595427 16.66028827 18.67321074
 18.77261431 18.64835984 17.78479125 17.95253479 19.10188867 20.46247515
 20.29473161 20.57430417 18.1637674  16.94607356 16.72241551 17.26913519
 18.89686879 18.16998012 18.10785288 19.12673956 18.15134195 18.12027833
 20.54945328 20.44383698 18.72291252 21.68638171 19.46222664 21.30119284
 17.85934394 16.15705765 17.9276839  17.73508946 19.94681909 17.81585487
 17.66053678 20.04000994 19.67967197 19.69209742 18.5862326  20.02137177
 19.48707753 20.73583499 18.54895626 16.98956262 18.35014911 18.54895626
 16.60437376 19.48707753 18.22589463 19.27584493 19.10188867 20.09592445
 20.22017893 19.67345924 20.41277336 18.41227634 17.05168986 16.10735586
 16.15084493 17.98359841 17.80964215 18.98384692 17.74130219 19.00869781
 17.5859841  20.65506958 18.18240557 20.59294235 20.22017893 20.87251491
 21.69880716 18.11406561]",32918.02090769575
2025-06-15 05:03:00+00:00,303,3200.75,9.0,18.9482758387287,18.94268762425447,23.693091451292247,"[17.46794235 17.13245527 17.75372763 18.20725646 19.38146123 18.11406561
 18.11406561 18.81610338 21.09617296 18.52410537 19.90954274 19.91575547
 20.41277336 16.99577535 16.62301193 17.16973161 17.65432406 17.29398608
 18.08300199 19.02733598 19.92196819 17.60462227 18.22589463 19.48086481
 17.93389662 20.10213718 20.26988072 17.25670974 17.36232604 17.64811133
 18.31287276 18.79125249 18.31287276 18.5862326  16.1694831  20.18290258
 20.06486083 20.56809145 20.40656064 20.05243539 21.17072565 19.06461233
 16.60437376 17.71023857 16.47390656 17.77857853 19.19507952 19.20129225
 18.36257455 19.8971173  19.30690855 17.83449304 20.43762425 19.27584493
 21.17072565 20.94706759 18.35636183 18.53031809 18.83474155 18.02708748
 18.78503976 17.77236581 19.41873757 19.59890656 20.41898608 19.34418489
 19.00869781 19.51192843 19.10810139 18.89065606 16.33722664 17.44930417
 17.84070577 17.59840954 18.2445328  18.15134195 19.0832505  19.56784294
 18.87823062 17.90904573 21.04025845 19.44980119 20.69234592 20.56809145
 16.10735586 16.10735586 16.73484095 16.24403579 18.39985089 19.77907555
 19.60511928 18.21968191 18.46819085 19.09567594 19.07703777 19.20129225
 19.51814115 22.09642147 21.63667992 16.89637177 16.75969185 19.84741551
 17.66053678 20.1083499  18.12027833 20.35064612 17.62947316 17.80964215
 20.05243539 20.81038767 21.31361829 19.69209742 19.81635189 17.63568588
 17.54870775 16.84045726 17.69781312 18.15134195 21.98459245 18.10164016
 19.31312127 20.48111332 20.05864811 20.33822068 21.58697813 21.20800199
 20.92842942 15.76565606 17.6667495  18.32529821 18.75397614 15.94582505
 17.49279324 17.20700795 17.69781312 19.03354871 19.20750497 20.41277336
 19.6361829  20.03379722 20.62400596 17.12002982 16.93364811 19.24478131
 18.0333002  19.41873757 20.18290258 20.10213718 19.7666501  19.71073559
 18.88444334 18.76018887 21.16451292 19.44980119 19.93439364 18.90308151
 18.5054672  19.50571571 18.32529821 18.34393638 18.51789264 17.78479125
 18.30666004 18.06436382 19.7666501  19.62375746 20.31336978 20.19532803
 19.5554175  23.69309145 15.86505964 18.96520875 19.02112326 18.56138171
 18.62350895 18.87823062 18.15134195 19.38146123 19.41873757 20.42519881
 20.4500497  21.01540755 21.80442346 22.84194831 18.14512922 17.67917495
 17.16351889 18.65457256 17.03305169 19.10810139 17.61083499 17.67917495
 19.72937376 19.60511928 20.63643141 19.71694831 20.41898608 20.51217694
 22.73633201 15.96446322]",33282.95164605075
2025-06-15 05:04:00+00:00,304,3185.87,9.0,18.905203974463348,18.896464960238568,23.02211729622266,"[19.82877734 16.70377734 18.90929423 17.64189861 19.28827038 18.7415507
 17.97117296 19.30069583 19.20750497 17.21322068 20.25745527 19.32554672
 20.56809145 17.95874751 17.93389662 18.05193837 17.84070577 18.02087475
 17.70402584 17.09517893 17.3250497  18.65457256 19.21993042 18.88444334
 20.28851889 20.4749006  20.17047714 15.49850895 16.44905567 17.430666
 17.15730616 18.30044732 18.94035785 17.2194334  18.18240557 20.17668986
 20.42519881 20.60536779 19.33797217 20.49353877 20.75447316 18.26317097
 18.69184891 18.14512922 18.72912525 18.53031809 20.02758449 19.5305666
 20.80417495 18.99005964 19.4000994  19.51192843 20.05864811 20.18290258
 21.57455268 19.79150099 18.45576541 18.12027833 17.59219682 19.0583996
 17.87176938 19.46222664 18.16998012 20.1332008  19.54920477 19.00248509
 19.73558648 20.08971173 19.36903579 20.30094433 17.59840954 17.40581511
 18.75397614 17.92147117 18.375      18.88444334 19.92196819 20.44383698
 18.86580517 19.07082505 17.37475149 20.42519881 21.16451292 23.0221173
 15.44259443 18.39363817 19.14537773 19.15780318 18.18861829 18.53031809
 19.12673956 19.22614314 18.57380716 18.0084493  21.17072565 18.56759443
 19.37524851 17.89040755 21.14587475 17.38717694 17.2194334  18.2445328
 18.18240557 18.87201789 21.5        18.60487078 19.17022863 19.86605368
 20.7917495  20.72962227 20.51217694 19.43116302 22.01565606 17.60462227
 13.87698807 17.80342942 18.51167992 18.28802187 17.95874751 18.59865805
 17.83449304 18.54274354 18.94657058 19.61754473 19.51192843 19.94681909
 19.8722664  18.15134195 17.16973161 17.12002982 19.26341948 17.41202783
 16.5111829  19.41252485 19.71073559 18.34393638 19.99030815 20.35685885
 19.60511928 19.8722664  19.30069583 17.03305169 17.3250497  17.03926441
 18.71048708 18.90929423 18.56759443 19.12052684 17.57355865 18.99005964
 19.48707753 20.22639165 19.56163022 19.15159046 19.81635189 22.13369781
 18.13270378 16.89015905 17.28156064 18.67942346 18.41227634 18.38121272
 20.1083499  18.44333996 18.45576541 19.64239563 20.87872763 22.43812127
 21.1583002  20.08349901 17.42445328 17.30019881 16.13220676 18.2693837
 18.99627237 19.6361829  16.79696819 17.86555666 19.17644135 19.92818091
 19.0583996  18.25695825 19.07082505 20.6861332  16.25024851 17.37475149
 17.71645129 16.42420477 17.41824056 16.52982107 20.45626243 18.94035785
 20.66749503 18.96520875 19.31312127 20.95328032 19.94681909 21.48136183
 19.94060636 18.15755467]",33138.850416964575
2025-06-15 05:05:00+00:00,305,3229.43,9.0,19.03459722593303,19.031778081510932,22.959990059642145,"[17.12002982 18.05815109 16.52360835 19.62997018 17.87798211 18.49304175
 18.44955268 19.59890656 19.28205765 22.12127237 20.04000994 19.8971173
 21.40059642 16.89015905 15.75323062 16.64786282 17.59219682 20.2139662
 19.34418489 18.23210736 20.05864811 20.92842942 19.94681909 19.95303181
 20.5805169  20.96570577 20.85387674 16.42420477 18.52410537 16.59816103
 19.20750497 18.65457256 19.44358847 18.15755467 18.38742545 18.92793241
 20.94085487 19.68588469 17.80964215 20.60536779 20.33822068 16.98956262
 17.95874751 19.47465209 17.79100398 19.39388668 19.02733598 17.64811133
 20.1332008  20.46247515 20.17047714 19.15159046 20.56187873 20.82281312
 21.88518887 20.70477137 16.23782306 17.07654076 17.91525845 19.28205765
 19.72937376 18.80367793 19.06461233 17.84070577 20.17047714 19.51814115
 20.65506958 17.41824056 20.12077535 20.95949304 16.21297217 16.90258449
 17.51764414 18.21968191 19.18265408 18.14512922 18.89686879 18.48682903
 21.21421471 19.24478131 20.97813121 20.63643141 22.95999006 21.18936382
 16.36207753 16.8528827  19.45601392 19.31312127 17.73508946 17.95874751
 19.85984095 20.52460239 16.22539761 20.18911531 19.60511928 21.12723658
 19.43737575 20.14562624 19.8971173  16.99577535 18.03951292 19.48707753
 17.97738569 17.53006958 19.15780318 18.25074553 19.46843936 19.35039761
 19.15780318 21.33846918 19.65482107 19.20750497 21.3943837  18.18240557
 16.34965209 18.91550696 18.02708748 18.33772366 17.97738569 18.42470179
 20.41898608 20.36307157 18.43091451 19.44980119 20.8166004  21.18936382
 22.73011928 15.40531809 16.64786282 17.80964215 19.12052684 17.71023857
 19.67345924 18.73533797 19.58026839 18.05193837 19.36282306 19.44980119
 18.64835984 20.76068588 19.86605368 18.06436382 15.78429423 17.16351889
 18.6110835  18.63593439 18.02708748 18.53031809 19.46843936 17.48658052
 21.17072565 20.07728628 20.06486083 20.67992048 21.16451292 20.74826044
 17.80342942 18.49925447 17.3499006  18.36257455 19.03976143 18.48682903
 19.08946322 17.87176938 19.21371769 19.95303181 20.2139662  19.62997018
 18.94657058 20.54945328 18.41848907 16.97092445 18.2693837  19.52435388
 18.06436382 18.00223658 18.30666004 20.18911531 18.97142147 19.07703777
 20.62400596 19.18265408 20.36307157 21.35710736 16.8528827  17.08275348
 17.6916004  17.16351889 18.30044732 18.08300199 18.92793241 17.94010934
 18.0333002  18.79125249 20.11456262 20.90357853 20.40656064 21.07753479
 20.29473161 17.63568588]",33571.74847908154
2025-06-15 05:06:00+00:00,306,3202.16,9.0,18.95497415307895,18.9470675944334,22.040506958250496,"[17.81585487 18.73533797 18.49925447 20.17668986 18.85337972 19.13295229
 19.51814115 19.56784294 18.39363817 18.39985089 20.74826044 20.04000994
 21.27634195 17.42445328 15.88991054 17.56734592 17.79100398 18.21968191
 19.18265408 17.6667495  19.33797217 19.7666501  18.48682903 18.72912525
 20.15183897 18.66699801 18.63593439 18.42470179 17.9276839  17.65432406
 18.92171968 18.74776342 17.98359841 18.12649105 19.25720676 19.10188867
 19.33175944 20.0027336  18.96520875 19.59890656 21.69259443 17.75372763
 16.66650099 17.90904573 19.61133201 18.49925447 18.18240557 18.41848907
 18.33151093 17.52385686 20.5805169  18.15134195 21.36332008 20.38792247
 21.78578529 21.75472167 17.26292247 16.79696819 18.13270378 17.74751491
 18.93414513 19.58026839 19.24478131 16.9833499  20.41898608 20.02758449
 18.53031809 21.1334493  20.45626243 20.89115308 16.13841948 17.67917495
 16.66650099 18.53031809 17.81585487 20.8166004  16.83424453 19.13916501
 19.61754473 19.79771372 19.71694831 20.48111332 20.94085487 21.16451292
 15.64761431 17.10760437 18.53653082 18.7415507  18.2445328  18.14512922
 17.64811133 18.49925447 19.43737575 18.72291252 19.57405567 19.12673956
 18.79746521 19.48086481 18.84095427 17.81585487 19.17022863 17.54249503
 17.57355865 20.18911531 17.68538767 18.05815109 19.71073559 19.60511928
 19.72316103 20.49975149 19.97166998 18.90929423 20.48111332 17.38096421
 17.85934394 16.16327038 19.26341948 16.75347913 17.75994036 18.56138171
 17.24428429 20.3195825  18.29423459 21.07132207 21.57455268 18.05815109
 21.83548708 16.74105368 16.70999006 17.63568588 17.62326044 18.13270378
 17.81585487 19.50571571 21.28255467 20.59915507 18.54895626 20.11456262
 16.87152087 20.79796223 20.04000994 17.41824056 17.76615308 17.51764414
 18.8223161  17.02062624 18.64214712 18.847167   19.67967197 20.58672962
 19.43737575 20.73583499 21.2639165  19.45601392 20.51217694 21.59319085
 18.07057654 18.5054672  17.12002982 19.71073559 18.18861829 18.66699801
 18.48682903 17.00198807 18.67321074 18.63593439 21.46893638 18.77261431
 20.3195825  20.61158052 17.67917495 16.83424453 17.74751491 19.10188867
 17.69781312 19.97166998 18.46819085 20.1332008  19.18265408 21.66774354
 19.89090457 21.27634195 19.98409543 22.04050696 17.71645129 18.31908549
 17.18836978 18.32529821 18.56759443 18.22589463 19.83499006 18.72912525
 19.07703777 18.81610338 20.2139662  19.49950298 19.94681909 21.87897614
 20.1083499  16.90258449]",33305.36152654093
2025-06-15 05:07:00+00:00,307,3216.59,9.0,18.998415691471592,18.99189239562624,23.550198807157056,"[19.51192843 18.93414513 19.18265408 17.72887674 19.4000994  17.85934394
 18.15134195 19.67345924 19.49329026 19.5554175  19.28205765 21.35710736
 21.96595427 17.07032803 18.87823062 19.00869781 18.49304175 18.41848907
 19.1640159  19.28205765 21.11481113 18.94657058 19.09567594 18.88444334
 18.51789264 20.90979125 19.26341948 16.95849901 17.85934394 16.45526839
 16.26267396 18.01466203 19.46222664 20.36307157 19.33175944 19.39388668
 19.94681909 17.51764414 20.54324056 20.90357853 19.99652087 18.86580517
 18.74776342 18.15755467 19.36282306 16.46148111 18.32529821 18.55516899
 19.70452286 19.19507952 19.07082505 18.38121272 21.88518887 20.24502982
 21.08996024 19.97166998 15.41774354 16.76590457 19.27584493 17.13245527
 18.31287276 17.13245527 19.62375746 18.27559642 19.39388668 18.60487078
 18.72912525 20.42519881 21.72365805 20.84145129 17.30019881 18.04572565
 21.56833996 18.7166998  18.74776342 17.71645129 17.84691849 17.02683897
 15.90854871 19.65482107 20.20775348 21.07753479 19.25099404 19.38146123
 19.03354871 17.87798211 17.44930417 18.59865805 19.10810139 17.17594433
 19.67967197 19.82877734 18.375      21.07753479 18.77261431 19.82256461
 19.54920477 20.7109841  19.60511928 18.60487078 18.30044732 18.12027833
 18.19483101 19.45601392 20.05864811 18.11406561 18.97763419 20.1332008
 17.84070577 20.04622266 20.91600398 19.95303181 20.86630219 18.41227634
 16.94607356 19.23235586 18.23210736 18.28802187 18.56138171 19.9778827
 19.51814115 19.01491054 17.902833   19.43737575 20.30715706 20.46247515
 20.25124254 15.6973161  18.18861829 18.31287276 19.40631213 20.00894632
 19.03354871 19.73558648 20.46247515 18.52410537 19.04597416 18.66078529
 19.7666501  19.21371769 20.33200795 16.84045726 17.52385686 16.73484095
 15.71595427 16.58573559 18.57380716 18.847167   20.75447316 19.51814115
 18.49925447 19.90954274 20.99055666 19.77286282 20.87872763 19.4249503
 16.33101392 17.03926441 19.07082505 19.71694831 18.72291252 19.92196819
 18.98384692 19.21371769 20.56187873 19.02733598 20.84145129 20.64264414
 21.3695328  23.55019881 16.84045726 18.49304175 18.10164016 17.902833
 17.79100398 17.25049702 17.56734592 19.86605368 18.36257455 19.6610338
 18.70427435 20.00894632 19.20750497 20.36928429 17.47415507 16.85909543
 16.8777336  18.20725646 18.60487078 18.55516899 18.64214712 18.64214712
 20.05864811 19.23856859 20.69855865 20.33200795 19.0583996  20.17047714
 19.43116302 16.38071571]",33450.699537387365
2025-06-15 05:08:00+00:00,308,3228.6,9.0,19.034721775074544,19.029199801192846,22.64935387673956,"[16.56709742 18.11406561 19.21993042 16.76590457 18.66699801 19.26963221
 18.60487078 19.26341948 20.36928429 19.62997018 20.27609344 20.75447316
 21.53727634 16.65407555 16.94607356 16.20675944 16.1694831  17.07032803
 19.59890656 19.23856859 19.75422465 19.88469185 18.23832008 20.4500497
 20.13941352 21.44408549 21.22664016 17.3250497  17.54870775 17.46794235
 17.06411531 18.82852883 18.62972167 18.91550696 19.66724652 19.15159046
 19.45601392 18.87201789 20.56187873 19.85362823 21.01540755 17.26292247
 19.1640159  17.36853877 17.01441352 17.66053678 18.00223658 18.86580517
 18.8223161  21.31983101 17.55492048 20.99676938 20.09592445 19.58026839
 20.90979125 19.72316103 16.86530815 16.95849901 18.28180915 18.41848907
 18.15755467 17.54870775 18.26317097 19.48086481 20.08971173 21.6304672
 21.24527833 19.35039761 22.15854871 22.03429423 17.47415507 16.7721173
 18.28802187 19.03354871 18.0084493  17.71023857 18.78503976 20.06486083
 20.0027336  18.84095427 20.39413519 19.39388668 20.32579523 21.33846918
 16.13841948 16.20675944 16.60437376 17.38717694 18.49925447 19.50571571
 17.89040755 18.51167992 18.4806163  19.92196819 19.4000994  20.02137177
 20.90357853 19.20750497 20.39413519 18.5862326  18.30044732 17.15730616
 18.49304175 18.22589463 17.65432406 20.35685885 20.52460239 18.35014911
 20.61158052 20.99676938 22.64935388 19.7666501  20.24502982 16.1694831
 17.67917495 20.53081511 17.44930417 18.27559642 17.41202783 18.09542744
 20.69234592 19.85984095 18.39985089 19.85362823 18.74776342 20.97813121
 20.6861332  17.47415507 17.71645129 17.4555169  18.39363817 18.1389165
 18.76640159 18.73533797 18.63593439 18.78503976 18.6110835  20.41898608
 20.52460239 19.69831014 19.5554175  16.45526839 16.86530815 17.76615308
 17.25049702 18.35636183 17.92147117 18.77261431 18.72912525 20.22017893
 20.63643141 19.35661034 19.0832505  21.83548708 20.25745527 22.27659046
 16.77833002 17.95874751 18.49304175 19.03354871 17.82828032 19.0832505
 19.41873757 18.88444334 18.38742545 19.36903579 20.2139662  20.41277336
 21.63667992 20.50596421 17.77857853 16.96471173 17.35611332 19.35039761
 17.20700795 18.13270378 19.24478131 20.80417495 19.30069583 19.84741551
 20.39413519 20.12077535 19.37524851 18.49304175 19.44980119 17.10139165
 17.66053678 17.30019881 20.53702783 18.20725646 18.90308151 19.23856859
 19.53677932 21.88518887 19.56163022 20.19532803 21.84791252 20.95328032
 20.96570577 17.93389662]",33572.16517068939
2025-06-15 05:09:00+00:00,309,3271.9799999999996,9.0,19.163608155330195,19.163953777335983,22.543737574552683,"[16.80318091 17.12002982 17.62947316 17.76615308 17.90904573 19.06461233
 20.12698807 20.40034791 19.11431412 19.69209742 21.07132207 21.08996024
 21.972167   17.25049702 18.70427435 18.25695825 18.0084493  18.847167
 18.76640159 17.33747515 18.92793241 19.94681909 18.96520875 20.27609344
 21.51242545 19.56784294 21.68016899 17.80342942 18.26317097 17.85313121
 17.95874751 19.34418489 18.29423459 17.89662028 19.0832505  18.05815109
 18.86580517 19.64239563 20.09592445 20.67992048 20.63021869 16.33722664
 17.430666   17.76615308 17.79100398 17.74130219 18.27559642 18.66078529
 19.65482107 19.92196819 18.85959245 20.22017893 19.48707753 21.01540755
 18.58001988 19.12673956 18.72912525 17.61704771 17.97738569 17.13245527
 20.14562624 18.40606362 21.41302187 20.18290258 20.23260437 20.07107356
 21.1583002  20.36928429 20.49975149 21.68638171 17.68538767 17.89662028
 20.01515905 17.53006958 20.1332008  18.88444334 18.79125249 18.42470179
 20.45626243 19.319334   19.44358847 19.81635189 18.61729622 20.17047714
 17.54249503 17.97117296 18.19483101 18.61729622 17.5859841  17.20700795
 19.82877734 19.61133201 17.33126243 19.65482107 19.8722664  19.72937376
 19.61754473 20.54945328 21.12723658 17.92147117 18.80367793 17.2194334
 18.78503976 20.76689861 18.23210736 18.19483101 20.48732604 19.11431412
 19.92196819 20.84766402 21.43166004 20.19532803 20.63021869 17.9276839
 17.902833   17.38717694 19.45601392 19.94060636 18.41227634 19.93439364
 18.44333996 19.38767396 19.66724652 20.6861332  20.25745527 21.70501988
 22.50646123 17.87176938 17.33747515 17.23807157 18.97763419 19.36282306
 18.375      19.20129225 17.84070577 17.61083499 20.61158052 19.35039761
 19.81635189 21.01540755 22.00323062 16.31858847 17.77236581 19.04597416
 18.58001988 16.68513917 18.00223658 17.33747515 18.61729622 19.21371769
 19.44358847 18.28802187 20.7109841  19.95303181 21.64910537 20.00894632
 17.12624254 19.36903579 18.41848907 19.07082505 18.69184891 20.36928429
 18.38121272 19.20750497 18.32529821 19.59269384 20.86008946 21.44408549
 20.62400596 21.7360835  17.28777336 18.79125249 18.5862326  16.54224652
 17.36232604 17.82206759 18.02708748 19.6610338  19.10188867 19.8971173
 20.64885686 19.78528827 20.51217694 19.35661034 16.9833499  19.03354871
 19.75422465 20.43762425 19.15159046 17.95253479 18.88444334 19.56163022
 18.77261431 19.32554672 20.08349901 22.54373757 20.26366799 21.17693837
 19.90954274 17.5611332 ]",34003.36744447269
2025-06-15 05:10:00+00:00,310,3278.13,9.0,19.182633215275438,19.18305790258449,22.45054671968191,"[18.76018887 17.9276839  17.08275348 17.21322068 18.97142147 20.1332008
 21.29498012 20.83523857 20.40656064 21.87897614 21.82927435 21.75472167
 20.23260437 17.84691849 18.9527833  19.57405567 18.14512922 20.62400596
 18.23210736 17.71023857 18.35014911 19.71073559 18.847167   20.22017893
 21.6304672  21.58076541 21.74229622 18.07678926 18.59865805 18.45576541
 19.48086481 17.4555169  18.72912525 19.72937376 19.75422465 20.48732604
 19.84120278 19.03354871 20.69855865 20.92842942 20.15805169 17.14488072
 17.75994036 16.34343936 18.06436382 19.00248509 19.12673956 19.09567594
 19.51192843 20.56187873 20.87872763 19.9778827  19.7417992  19.85984095
 22.45054672 21.87897614 17.69781312 19.41873757 19.77907555 18.19483101
 17.36232604 17.53006958 20.57430417 19.61133201 18.17619284 19.38146123
 20.77311133 19.33797217 20.41898608 19.73558648 17.5859841  19.18265408
 19.18265408 18.27559642 17.73508946 19.03354871 19.81013917 18.90929423
 19.54920477 20.87251491 18.47440358 18.9527833  19.99652087 21.53727634
 18.47440358 17.16973161 16.70377734 16.95228628 16.194334   17.49900596
 18.96520875 19.15159046 18.47440358 18.79125249 19.25720676 19.7417992
 20.82902584 19.92818091 21.08374751 16.85909543 18.56759443 17.63568588
 19.26963221 19.56784294 17.3250497  17.86555666 19.21993042 18.88444334
 19.54920477 19.54299205 20.1083499  20.12077535 20.83523857 19.62375746
 18.6110835  18.00223658 17.902833   18.97763419 19.26963221 20.03379722
 21.1334493  18.79125249 20.01515905 19.84120278 21.13966203 21.09617296
 19.25099404 18.67942346 17.84691849 15.24378728 16.50497018 20.90979125
 17.28777336 20.0027336  19.36903579 17.63568588 21.07753479 19.0832505
 19.67967197 20.02137177 19.4249503  16.1694831  18.66078529 17.23185885
 17.1138171  17.90904573 19.6610338  18.91550696 20.05243539 19.30069583
 19.69831014 20.29473161 20.16426441 20.30715706 18.94035785 20.48732604
 15.65382704 17.3499006  16.85909543 16.47390656 19.71073559 19.40631213
 18.84095427 20.23260437 20.88494036 21.00919483 20.82902584 20.3195825
 19.38767396 20.26366799 17.03926441 17.08275348 17.99602386 16.84045726
 20.28230616 18.73533797 18.83474155 18.58001988 20.61779324 18.43091451
 19.95303181 21.10238569 18.94035785 21.2887674  19.76043738 17.89040755
 18.25695825 17.77857853 19.50571571 18.47440358 18.38121272 18.59865805
 18.96520875 19.49329026 20.78553678 18.64214712 20.65506958 20.7917495
 20.52460239 17.82828032]",34067.0176850255
2025-06-15 05:11:00+00:00,311,3221.95,9.0,19.017725740416683,19.00854249502982,22.786033797216696,"[19.91575547 16.74105368 19.01491054 17.49900596 19.04597416 18.27559642
 19.04597416 19.53677932 20.99055666 19.50571571 19.87847913 19.33797217
 19.69209742 15.41774354 18.16998012 17.12002982 19.36282306 17.6916004
 18.83474155 21.42544732 21.3943837  20.16426441 19.49950298 20.25745527
 19.95303181 18.80367793 20.49353877 16.64786282 18.05193837 18.35636183
 17.33747515 19.8722664  18.81610338 19.19507952 19.93439364 18.67942346
 19.15780318 18.6110835  19.51192843 21.24527833 20.22639165 17.67917495
 17.61704771 18.28180915 18.39985089 16.28752485 17.6916004  19.68588469
 18.93414513 20.08971173 20.08349901 19.30690855 20.23260437 21.3695328
 22.00944334 20.02137177 17.09517893 17.07032803 16.39314115 17.34368787
 18.60487078 18.72291252 19.91575547 19.1640159  18.44955268 20.15805169
 21.51242545 19.67967197 20.31336978 20.07728628 18.46197813 17.86555666
 17.38717694 18.27559642 19.02112326 18.12649105 18.39985089 19.67967197
 19.43737575 20.28851889 21.17693837 21.33225646 20.91600398 21.03404573
 16.15705765 17.48658052 18.25695825 18.39985089 17.902833   19.49329026
 18.26317097 19.01491054 18.31908549 17.67296223 20.13941352 22.7860338
 21.76714712 19.05218688 20.31336978 18.36257455 18.35014911 20.58672962
 18.57380716 18.89686879 19.67967197 17.1945825  19.92196819 20.22017893
 20.18290258 20.22639165 18.7415507  18.77261431 22.00323062 18.97763419
 16.56709742 19.25720676 18.52410537 16.91500994 18.54895626 18.98384692
 19.23235586 18.99627237 19.12052684 19.26963221 20.69855865 20.94085487
 20.53081511 17.82828032 16.96471173 17.69781312 16.81560636 17.18836978
 20.38170974 18.07057654 18.73533797 18.22589463 19.62375746 20.29473161
 19.54299205 19.92196819 19.59269384 17.77236581 17.60462227 17.27534791
 18.7166998  17.09517893 18.42470179 17.74751491 19.00869781 18.43712724
 19.25099404 19.48086481 20.49975149 19.4249503  21.95352883 20.35685885
 17.0082008  17.96496024 16.30616302 18.31908549 17.63568588 16.80318091
 19.80392644 19.14537773 19.10188867 18.76640159 18.51167992 20.95949304
 18.54274354 19.90954274 16.46769384 18.69806163 17.73508946 17.95253479
 17.88419483 18.48682903 19.46222664 18.29423459 19.02733598 20.88494036
 19.94681909 17.20079523 19.59890656 20.41898608 17.13245527 18.36878728
 17.27534791 18.62350895 18.85959245 17.30641153 19.10188867 19.07703777
 20.17047714 20.26988072 19.30069583 20.54324056 21.99080517 19.7417992
 22.33250497 17.23807157]",33515.303237138054
2025-06-15 05:12:00+00:00,312,3273.48,9.0,19.170681191096016,19.168613320079523,22.481610337972164,"[17.1138171  17.94010934 18.78503976 19.06461233 18.99005964 18.83474155
 18.92171968 21.03404573 20.05243539 21.91625249 21.02162028 21.67395626
 19.06461233 15.49229622 18.35636183 16.34343936 19.31312127 19.70452286
 17.57977137 19.2944831  20.49353877 18.36257455 21.1334493  20.40034791
 20.46247515 20.53702783 20.8166004  17.6667495  17.90904573 16.88394632
 18.94035785 17.13245527 18.31908549 18.51789264 19.89090457 19.85984095
 19.87847913 20.54945328 19.81635189 20.30094433 19.8722664  16.95849901
 16.44284294 19.64239563 17.57355865 18.56138171 18.91550696 19.15159046
 18.80367793 19.5554175  18.8223161  19.65482107 20.05864811 20.00894632
 19.0583996  22.08399602 16.4304175  18.7415507  16.79075547 18.79125249
 19.17644135 16.44905567 17.70402584 17.05168986 19.30690855 18.94657058
 19.67967197 20.48111332 21.31361829 20.72340954 18.82852883 16.15705765
 18.5054672  17.28156064 18.19483101 20.29473161 19.65482107 19.48707753
 18.97763419 20.19532803 17.80964215 20.86630219 20.43141153 19.58648111
 17.5611332  17.68538767 17.08275348 17.75372763 18.62350895 18.44333996
 18.44333996 18.62350895 18.78503976 20.49353877 19.89090457 20.73583499
 20.65506958 20.25124254 21.1334493  18.31287276 17.39338966 19.319334
 19.05218688 20.61779324 18.847167   19.31312127 19.20750497 19.59269384
 18.8223161  20.07107356 21.43787276 21.75472167 20.61779324 17.29398608
 17.72887674 18.64835984 16.82803181 19.5305666  19.10188867 19.07082505
 19.89090457 18.30666004 18.77882704 20.36307157 19.62997018 20.0027336
 19.97166998 18.05193837 18.45576541 18.12649105 18.22589463 16.86530815
 17.98981113 18.51167992 21.7112326  19.07082505 19.47465209 21.34468191
 21.3695328  20.94706759 21.74850895 17.98359841 18.0333002  18.92171968
 17.14488072 17.5611332  19.35661034 19.93439364 19.59890656 19.95303181
 20.4500497  19.32554672 19.52435388 21.8416998  20.04000994 20.3195825
 16.75969185 18.84095427 18.65457256 17.3250497  18.74776342 18.67321074
 18.49304175 19.69831014 19.51192843 19.8971173  19.10188867 19.08946322
 18.62972167 22.48161034 18.44955268 17.03926441 19.46222664 19.67967197
 18.89686879 18.15134195 19.17644135 19.95924453 19.75422465 18.57380716
 19.84741551 20.82902584 21.11481113 22.09020875 17.31883698 18.33772366
 17.07032803 18.89686879 17.33126243 19.30069583 18.55516899 21.1334493
 19.83499006 17.76615308 19.22614314 19.38146123 22.28280318 22.27037773
 20.18290258 16.96471173]",34027.03099293083
2025-06-15 05:13:00+00:00,313,3251.8,9.0,19.10759671740202,19.10126739562624,22.82952286282306,"[16.48011928 18.33772366 19.37524851 18.67942346 19.13295229 18.42470179
 20.42519881 20.3195825  21.74229622 18.35636183 20.4749006  20.58672962
 20.6861332  16.32480119 18.23832008 17.92147117 17.92147117 18.60487078
 20.14562624 19.25720676 18.68563618 19.37524851 20.96570577 21.63667992
 18.99005964 19.75422465 21.70501988 17.84070577 18.73533797 17.85313121
 16.83424453 17.33126243 20.25745527 19.24478131 20.54945328 19.57405567
 21.43787276 20.12698807 19.49950298 19.02112326 19.14537773 15.90854871
 17.61704771 16.86530815 18.38121272 17.37475149 17.76615308 17.67917495
 18.90308151 19.46222664 18.8223161  20.37549702 20.71719682 21.11481113
 21.22664016 21.56212724 17.22564612 17.59840954 18.21346918 17.98359841
 19.00869781 16.97092445 17.70402584 19.25099404 20.44383698 21.58076541
 20.41277336 18.60487078 20.19532803 22.82952286 18.25695825 15.75944334
 17.37475149 17.26292247 17.64189861 19.41252485 18.68563618 19.59269384
 18.44333996 20.23260437 18.38742545 18.9527833  19.15780318 20.36928429
 17.28156064 18.52410537 19.06461233 17.3499006  20.04622266 18.20725646
 18.83474155 17.77857853 20.30715706 19.20750497 20.36928429 18.94657058
 19.68588469 20.87251491 21.23285288 17.82828032 17.91525845 18.30044732
 19.4249503  18.38121272 19.82256461 18.62350895 22.32007952 20.91600398
 21.07753479 19.69831014 20.20775348 19.99652087 19.71694831 16.31858847
 18.12649105 19.54299205 19.02112326 18.43712724 18.72912525 19.20129225
 17.75372763 19.36903579 20.18911531 20.69855865 20.61779324 20.18290258
 22.05914513 17.05168986 16.84045726 17.67917495 19.57405567 19.99030815
 19.11431412 21.1583002  18.94035785 19.96545726 19.72316103 20.28851889
 20.72340954 19.83499006 21.17072565 16.21918489 16.15084493 18.28802187
 18.41227634 17.69781312 17.66053678 17.92147117 18.05193837 18.84095427
 18.23210736 19.75422465 20.3195825  21.972167   20.4500497  20.28230616
 17.33747515 17.94010934 18.58001988 17.17594433 19.07703777 18.18861829
 19.04597416 18.70427435 18.66078529 19.69209742 18.69806163 18.58001988
 21.21421471 19.58026839 16.38071571 17.24428429 17.25049702 16.21918489
 18.39985089 19.06461233 17.82206759 19.65482107 21.54348907 20.85387674
 18.99627237 20.03379722 20.25124254 21.68638171 17.48036779 17.62947316
 18.75397614 19.65482107 19.33797217 19.33797217 16.95849901 19.2944831
 17.83449304 20.49975149 19.84741551 18.95899602 21.10238569 21.59940358
 21.00298211 17.26292247]",33815.97557774021
2025-06-15 05:14:00+00:00,314,3238.26,9.0,19.068539710362984,19.05920725646123,22.52509940357853,"[18.25074553 18.45576541 18.13270378 18.56138171 19.01491054 17.9276839
 21.20800199 19.99030815 19.85984095 20.64885686 18.62972167 20.38170974
 19.96545726 17.70402584 16.84666998 16.82181909 17.74130219 18.65457256
 17.00198807 18.96520875 19.12673956 19.38146123 18.02087475 20.97191849
 19.4000994  19.43116302 19.03354871 18.30044732 17.94632207 20.4500497
 18.44955268 18.30044732 19.51192843 20.07728628 18.22589463 19.47465209
 18.07678926 20.40656064 19.54920477 20.66749503 19.7666501  16.58573559
 16.67892644 19.52435388 17.48658052 17.05790258 17.93389662 18.14512922
 19.71073559 18.36878728 19.23235586 19.62375746 19.84741551 21.81684891
 21.5        22.5250994  16.31858847 17.73508946 17.40581511 18.0084493
 20.29473161 18.02708748 18.70427435 18.62350895 20.78553678 21.38817097
 19.8722664  21.9473161  19.54920477 20.46247515 16.80939364 17.02062624
 17.5611332  18.47440358 17.4555169  18.48682903 18.95899602 18.80989066
 20.67992048 19.87847913 21.64289264 20.88494036 19.47465209 20.87872763
 18.25074553 17.13245527 17.29398608 19.39388668 19.03354871 16.79075547
 16.79696819 17.44309145 19.12673956 20.13941352 20.60536779 20.3444334
 19.72937376 19.69209742 21.04025845 17.23807157 17.0082008  18.79746521
 17.51764414 16.90258449 20.89736581 18.35014911 18.94657058 19.02112326
 18.18240557 20.31336978 21.18315109 22.13991054 20.89736581 17.28777336
 18.55516899 17.69781312 18.08921471 18.05815109 18.9527833  17.57977137
 21.17072565 20.46868787 20.99055666 20.24502982 19.79771372 20.15805169
 21.49378728 16.55467197 19.38146123 17.75372763 15.88991054 18.10164016
 19.85984095 19.72316103 19.67967197 19.77907555 19.1640159  20.94085487
 18.38742545 20.96570577 22.38220676 18.36878728 17.87798211 18.0333002
 17.52385686 16.99577535 19.27584493 17.82828032 17.84070577 19.26963221
 17.99602386 18.54274354 20.3195825  21.7112326  20.25124254 21.61182903
 17.38717694 18.70427435 19.20750497 17.72266402 17.23807157 19.95303181
 20.20154076 18.35014911 20.12077535 19.97166998 19.17022863 20.61779324
 18.70427435 21.20178926 18.30666004 17.57355865 19.52435388 17.51143141
 17.63568588 18.62350895 18.375      17.57355865 18.91550696 17.57977137
 20.23260437 19.1640159  20.94706759 20.25745527 17.54249503 16.51739563
 17.24428429 18.55516899 18.80989066 17.97117296 18.75397614 20.75447316
 18.85337972 20.35064612 19.51192843 20.6861332  20.66128231 20.76068588
 21.53106362 18.29423459]",33685.306454990394
2025-06-15 05:15:00+00:00,315,3287.4399999999996,9.0,19.21457812003863,19.21197813121272,22.57480119284294,"[16.7721173  18.61729622 18.12027833 17.82828032 19.82256461 18.69806163
 19.01491054 19.72316103 17.48658052 19.75422465 20.76068588 21.41302187
 21.14587475 17.82828032 17.25049702 18.375      17.430666   17.83449304
 18.77261431 20.04622266 20.65506958 19.61133201 19.62375746 19.20750497
 19.23856859 19.1640159  19.17644135 18.36878728 17.44930417 19.14537773
 18.99005964 19.92818091 18.16998012 19.59890656 19.52435388 17.59219682
 20.3444334  21.54348907 20.555666   20.05864811 22.51267396 17.71023857
 18.5862326  20.23260437 17.93389662 16.36829026 18.54274354 18.38742545
 20.26366799 18.33772366 19.38146123 21.15208748 21.35710736 21.33846918
 20.54324056 21.12723658 19.25720676 18.33151093 17.48658052 17.23807157
 19.58648111 19.72937376 18.4806163  18.21346918 20.6861332  20.26988072
 21.04025845 20.57430417 19.07703777 20.98434394 16.03280318 16.30616302
 16.0390159  17.36232604 18.7166998  19.48707753 18.70427435 19.54920477
 20.97191849 19.79771372 21.33846918 19.0832505  19.15159046 21.17072565
 17.75372763 18.36257455 19.35039761 18.77261431 17.28777336 18.07057654
 19.33175944 17.73508946 18.43712724 18.42470179 19.41873757 20.29473161
 21.13966203 20.4749006  21.79199801 17.07654076 17.85934394 18.15134195
 18.74776342 18.26317097 20.2388171  18.49304175 18.16998012 19.70452286
 20.95949304 20.65506958 20.13941352 20.15183897 20.67992048 17.38717694
 18.08300199 17.12624254 17.5611332  18.46819085 19.21993042 18.39363817
 17.04547714 19.0583996  19.35039761 21.33225646 20.83523857 20.28851889
 21.89761431 17.31262425 17.61704771 17.34368787 19.81013917 19.43737575
 17.70402584 20.07728628 19.71073559 20.54324056 18.90308151 20.11456262
 20.76689861 18.46197813 20.46247515 17.98981113 18.18861829 19.84120278
 19.31312127 19.36903579 18.97142147 18.72912525 18.6110835  19.67345924
 21.49378728 18.10785288 19.93439364 19.10810139 21.40059642 21.05889662
 15.89612326 18.58001988 18.96520875 18.1389165  19.44980119 18.34393638
 18.75397614 20.3195825  19.18265408 21.38195825 21.6304672  19.58026839
 20.59294235 20.37549702 16.194334   17.91525845 16.36829026 18.40606362
 17.2194334  18.83474155 20.64264414 19.47465209 18.72912525 19.45601392
 19.82256461 19.72316103 20.07728628 20.87872763 16.12599404 19.23856859
 16.46148111 18.22589463 16.93986083 18.99005964 19.36282306 20.67370775
 22.57480119 21.48136183 19.94060636 20.42519881 22.18961233 21.33225646
 20.36307157 18.01466203]",34173.89255840125
2025-06-15 05:16:00+00:00,316,3275.19,9.0,19.179339849158655,19.173925198807154,23.29547713717694,"[18.15755467 18.59865805 17.3499006  19.48707753 20.19532803 18.96520875
 18.847167   17.48658052 20.23260437 19.1640159  19.03976143 19.32554672
 21.38817097 15.97067594 18.03951292 19.07082505 19.21371769 18.49304175
 19.27584493 17.51143141 19.00869781 18.56138171 20.57430417 20.69234592
 21.25770378 20.28851889 21.79821074 17.28777336 18.23832008 18.20725646
 17.91525845 18.76018887 18.59244533 19.95924453 18.31287276 19.20750497
 19.27584493 18.84095427 21.21421471 20.74204771 23.29547714 16.22539761
 20.50596421 16.10114314 18.38121272 18.67942346 18.57380716 18.39363817
 19.33797217 18.96520875 18.92793241 19.21371769 20.05864811 20.26366799
 21.53106362 19.61754473 17.13866799 17.94010934 17.51143141 18.59865805
 18.56138171 20.04000994 20.1332008  20.77311133 20.25124254 20.69234592
 19.7417992  20.555666   18.89686879 21.42544732 18.28802187 17.7972167
 16.48633201 20.38792247 18.64214712 18.87201789 20.20775348 20.20154076
 18.45576541 19.68588469 20.02137177 20.41898608 20.35685885 22.05914513
 18.48682903 16.25646123 17.51764414 18.30044732 18.16998012 17.84070577
 17.52385686 17.29398608 19.43116302 19.21371769 22.27037773 19.37524851
 18.78503976 20.77932406 21.46893638 17.51764414 17.16973161 18.97763419
 18.9527833  21.22664016 18.7166998  18.77882704 17.87798211 19.70452286
 19.01491054 19.66724652 18.86580517 21.45651093 21.31983101 18.21968191
 19.10188867 18.77261431 18.04572565 17.64811133 20.03379722 19.00248509
 19.76043738 19.75422465 19.54920477 19.02112326 19.76043738 21.81063618
 20.05243539 18.48682903 18.1389165  16.57952286 19.19507952 18.32529821
 17.98981113 18.23210736 19.72937376 19.26963221 19.77907555 18.2693837
 20.78553678 20.46868787 19.88469185 16.0390159  17.43687873 17.97738569
 18.10785288 18.89686879 19.0583996  20.20775348 17.87798211 19.52435388
 19.57405567 20.66749503 21.19557654 20.40034791 20.04622266 19.01491054
 16.25024851 18.71048708 17.08275348 18.41848907 17.1138171  19.00869781
 18.7166998  18.26317097 20.38792247 19.98409543 20.07728628 22.81088469
 20.78553678 22.29522863 16.7472664  18.29423459 18.2693837  16.78454274
 17.10139165 17.55492048 19.50571571 19.88469185 21.46272366 21.54348907
 19.43116302 21.027833   20.27609344 20.59294235 16.51739563 16.29373757
 19.11431412 18.28802187 19.35661034 19.03976143 18.27559642 20.25124254
 19.4000994  18.27559642 21.24527833 19.87847913 21.18936382 19.49950298
 21.30119284 18.06436382]",34055.9993993452
2025-06-15 05:17:00+00:00,317,3287.55,9.0,19.216732683540524,19.212319831013914,22.922713717693835,"[18.00223658 18.94657058 17.60462227 19.94681909 18.45576541 18.67321074
 20.82281312 19.22614314 20.44383698 20.18290258 18.55516899 19.92196819
 22.88543738 16.83424453 17.74130219 18.36878728 19.22614314 17.90904573
 20.4500497  18.55516899 17.10139165 18.06436382 19.59269384 18.96520875
 20.51217694 20.32579523 21.79199801 18.71048708 16.10735586 18.28802187
 19.03976143 18.7166998  18.21968191 20.43762425 17.35611332 20.66128231
 20.64885686 20.7109841  19.44358847 20.53702783 21.77957256 18.51167992
 16.93364811 17.10760437 18.10785288 18.84095427 18.72291252 17.56734592
 19.64239563 18.66078529 20.49353877 19.30690855 19.22614314 20.48732604
 20.37549702 21.79199801 17.61704771 19.45601392 18.42470179 19.07082505
 18.95899602 17.69781312 18.43091451 21.04025845 19.53677932 19.53677932
 19.99030815 20.96570577 19.59269384 22.02186879 20.58672962 19.43737575
 17.60462227 16.52982107 19.79771372 19.19507952 18.89686879 18.76640159
 18.49304175 17.51764414 20.86008946 19.7666501  21.46893638 19.89090457
 17.0082008  17.94010934 18.05193837 18.9527833  18.14512922 17.1945825
 20.22639165 18.16998012 19.80392644 19.69831014 19.51814115 21.54970179
 21.7112326  21.06510934 21.81063618 17.33747515 17.59219682 16.02037773
 17.80342942 19.1640159  17.85313121 18.25074553 21.41923459 19.21993042
 19.25099404 18.46197813 20.64885686 22.04050696 19.4000994  17.18215706
 15.09468191 18.41848907 18.5862326  19.07082505 17.83449304 19.01491054
 20.02758449 19.62375746 19.44980119 21.06510934 21.16451292 20.97813121
 20.73583499 17.80964215 17.97738569 17.80342942 18.53653082 18.56138171
 19.1888668  18.7415507  19.07082505 17.94010934 19.57405567 19.21371769
 19.85362823 19.25099404 21.23906561 17.76615308 18.30666004 18.04572565
 18.5054672  18.61729622 19.26963221 20.25124254 20.1332008  20.75447316
 18.9527833  19.51814115 20.80417495 20.2388171  22.43812127 22.92271372
 18.9527833  19.10810139 16.85909543 19.0832505  18.87201789 18.77261431
 18.33772366 19.04597416 18.2693837  20.6861332  20.2388171  18.58001988
 20.61779324 20.7917495  18.19483101 18.72912525 18.12027833 17.94010934
 19.26963221 17.50521869 18.88444334 19.11431412 19.19507952 20.20775348
 19.75422465 20.5805169  21.08996024 20.08349901 17.85313121 16.26888668
 15.87127237 18.68563618 16.6167992  19.35661034 18.75397614 18.94035785
 21.43787276 20.38170974 20.7109841  21.07753479 19.71694831 20.86630219
 18.95899602 18.54895626]",34181.10086605318
2025-06-15 05:18:00+00:00,318,3298.8900000000003,9.0,19.25112135471406,19.24754597415507,23.16500994035785,"[20.15183897 18.45576541 17.3250497  17.6667495  18.89065606 20.46868787
 19.02733598 20.49353877 18.94657058 21.81063618 21.92867793 20.38792247
 22.63071571 17.12002982 17.73508946 17.16351889 20.20154076 18.5054672
 17.13245527 19.23856859 18.93414513 19.43737575 20.03379722 20.42519881
 20.26988072 21.75472167 21.77335984 17.17594433 17.17594433 17.98981113
 17.95874751 19.18265408 17.26292247 18.5862326  20.6861332  19.18265408
 19.71073559 18.43712724 21.18315109 20.07107356 21.7360835  15.46744533
 18.21346918 17.26292247 18.56138171 17.42445328 19.07703777 18.17619284
 20.12698807 20.56187873 19.20750497 22.25795229 21.42544732 19.31312127
 20.54324056 20.80417495 18.66699801 17.38096421 17.84691849 17.42445328
 18.33151093 17.65432406 18.0333002  20.06486083 19.66724652 21.38195825
 19.8722664  18.47440358 20.38170974 20.58672962 16.92743539 18.34393638
 19.65482107 19.49950298 19.6361829  18.85337972 17.79100398 18.00223658
 19.37524851 19.36903579 20.13941352 20.41898608 19.44358847 21.45029821
 16.54845924 17.64811133 19.38146123 18.67321074 17.09517893 19.02112326
 18.59244533 19.36903579 18.21346918 21.23906561 17.72266402 22.22688867
 21.03404573 22.05914513 20.20775348 17.66053678 14.93936382 20.06486083
 17.27534791 17.63568588 19.43116302 18.27559642 19.77907555 18.42470179
 18.98384692 17.33747515 20.28851889 19.46222664 22.02808151 18.59865805
 18.02708748 17.97738569 17.83449304 19.77907555 19.71073559 19.03354871
 19.99030815 19.66724652 21.08374751 21.38817097 21.20178926 19.26963221
 21.81684891 18.57380716 17.72266402 17.69781312 19.75422465 19.5554175
 19.79771372 19.18265408 19.92818091 19.6610338  20.09592445 19.58026839
 18.49304175 21.66774354 19.64860835 18.06436382 16.49254473 18.5862326
 19.07703777 17.95874751 20.89736581 19.02112326 20.13941352 20.04622266
 20.99676938 19.82256461 20.3195825  20.42519881 19.60511928 19.319334
 16.85909543 17.20700795 18.4806163  19.03976143 19.46843936 18.81610338
 20.46868787 20.57430417 17.54870775 20.59294235 19.99652087 23.16500994
 20.75447316 20.49975149 17.6667495  17.44309145 18.69184891 18.5054672
 17.95253479 18.18861829 17.74751491 19.36903579 18.97763419 20.80417495
 18.68563618 18.35636183 20.08971173 20.18290258 16.83424453 17.30019881
 17.43687873 17.67917495 17.77857853 19.43116302 18.0084493  19.92196819
 18.86580517 20.76689861 20.89736581 19.14537773 20.87872763 21.61182903
 21.61182903 19.73558648]",34296.15160433136
2025-06-15 05:19:00+00:00,319,3310.21,9.0,19.285456888828346,19.28270999005964,23.12152087475149,"[16.72241551 16.48011928 18.7166998  21.31361829 19.22614314 19.35039761
 18.86580517 20.35064612 19.89090457 20.62400596 18.67942346 22.00323062
 19.33175944 18.33772366 18.0084493  18.74776342 19.18265408 18.39363817
 20.24502982 19.67345924 18.55516899 19.23856859 19.79150099 20.63021869
 21.10859841 19.69209742 20.07107356 17.74751491 17.98981113 15.29348907
 18.30666004 19.83499006 19.98409543 19.32554672 17.98359841 18.08300199
 20.84145129 21.58697813 21.25770378 21.027833   21.45029821 18.0333002
 18.48682903 20.01515905 18.28180915 19.92196819 19.32554672 16.80318091
 19.319334   19.04597416 20.79796223 21.15208748 20.555666   19.30069583
 19.5305666  19.7666501  17.57355865 15.93961233 17.06411531 18.97763419
 17.59219682 18.92793241 20.00894632 18.43091451 19.20750497 20.41898608
 20.84766402 20.51838966 21.34468191 19.98409543 17.69781312 16.68513917
 18.1389165  17.71023857 18.21346918 18.58001988 19.2944831  20.70477137
 18.72291252 19.99030815 20.1332008  19.5554175  20.60536779 23.12152087
 16.21297217 17.82206759 17.97738569 18.78503976 18.07057654 19.21993042
 19.0583996  18.90929423 20.12077535 19.8722664  20.92842942 21.59940358
 21.31361829 20.77311133 21.43787276 18.11406561 18.62972167 17.7972167
 18.59865805 18.41227634 19.88469185 20.30715706 20.00894632 20.12077535
 19.94060636 20.74204771 20.10213718 21.07753479 21.19557654 17.86555666
 16.04522863 16.32480119 19.13916501 18.65457256 19.24478131 19.319334
 18.94657058 18.80367793 18.79125249 19.25099404 18.6110835  20.77932406
 22.2082505  17.38096421 18.39363817 17.48658052 16.72241551 18.33151093
 18.92171968 17.51764414 20.12077535 18.99005964 20.4500497  18.33151093
 19.64860835 18.68563618 21.95352883 16.20675944 18.90929423 18.1637674
 17.63568588 18.12649105 17.36853877 19.67345924 20.23260437 19.74801193
 20.51838966 20.39413519 21.81684891 21.45029821 19.56163022 19.44980119
 20.02137177 17.82828032 17.79100398 20.01515905 19.39388668 19.20750497
 18.87823062 18.74776342 21.61804175 21.1583002  20.45626243 20.89115308
 21.027833   20.22639165 18.20104374 17.67917495 17.33126243 18.59244533
 18.06436382 20.14562624 18.17619284 17.66053678 20.05864811 19.38146123
 19.52435388 20.04000994 19.25099404 21.00919483 18.67942346 17.41824056
 18.80367793 20.06486083 18.97142147 19.41252485 18.85959245 18.20725646
 19.34418489 20.32579523 19.02112326 19.0583996  21.23285288 21.07132207
 20.97813121 19.23856859]",34411.02456726412
2025-06-15 05:20:00+00:00,320,3318.05,9.0,19.309528656850873,19.307063866799204,23.519135188866798,"[18.57380716 18.79746521 18.12649105 20.05243539 19.12673956 19.40631213
 18.85337972 20.63643141 19.4000994  20.88494036 19.6610338  20.51217694
 20.60536779 17.42445328 18.94657058 17.3499006  16.48633201 17.79100398
 19.02112326 19.85362823 17.29398608 20.18911531 19.70452286 21.42544732
 19.31312127 22.17097416 20.30715706 17.31883698 16.54224652 17.03926441
 19.5305666  19.50571571 18.90929423 18.72291252 20.51838966 18.38742545
 20.04622266 19.60511928 20.53081511 20.25745527 21.54970179 19.15159046
 17.77236581 17.54870775 19.59890656 17.71023857 20.64264414 18.51167992
 18.47440358 19.92196819 21.1334493  20.90357853 18.54274354 21.00298211
 20.95328032 21.1583002  18.01466203 16.57952286 16.45526839 18.21968191
 18.7415507  19.32554672 17.17594433 20.25745527 20.36928429 20.78553678
 20.49975149 20.44383698 19.12052684 21.51863817 17.64189861 16.54845924
 16.79075547 17.9276839  16.61058648 19.10188867 18.39363817 20.24502982
 21.18936382 20.2388171  21.29498012 19.15159046 20.85387674 20.65506958
 18.375      17.36232604 16.88394632 20.28851889 20.12077535 19.61754473
 17.37475149 17.68538767 19.15780318 20.15183897 21.17693837 19.17022863
 22.88543738 19.79771372 19.85362823 18.74776342 17.27534791 17.86555666
 18.02087475 17.80342942 17.57977137 20.87251491 17.75994036 19.00248509
 20.75447316 20.29473161 19.64860835 20.41898608 20.35685885 17.74130219
 17.0082008  19.04597416 17.2194334  19.36903579 18.64835984 18.91550696
 18.33772366 19.7666501  19.47465209 20.40034791 21.22042744 22.59965209
 22.15854871 17.85313121 17.35611332 18.34393638 20.23260437 18.36257455
 18.67942346 19.26963221 19.81635189 19.60511928 21.59940358 20.49975149
 20.10213718 21.61804175 21.87897614 17.02683897 17.99602386 18.41848907
 18.79125249 19.0583996  18.17619284 20.15183897 20.04622266 18.76018887
 20.54324056 19.23856859 18.89065606 20.46868787 20.02758449 21.09617296
 18.32529821 17.89040755 17.30641153 19.0583996  18.31287276 17.97738569
 20.3444334  18.66078529 21.05889662 18.54895626 20.60536779 19.52435388
 21.58697813 18.94657058 18.09542744 16.75969185 19.00869781 18.56759443
 19.6610338  17.84691849 18.0084493  18.79746521 19.59890656 20.81038767
 19.94681909 20.54324056 21.74229622 23.51913519 16.9833499  17.80964215
 18.61729622 19.44980119 18.2445328  20.73583499 18.88444334 17.10139165
 20.12077535 19.48707753 20.54945328 20.45626243 21.11481113 21.49378728
 21.15208748 18.48682903]",34491.55907436028
2025-06-15 05:21:00+00:00,321,3312.54,9.0,19.29420983927958,19.28994781312127,23.177435387673953,"[18.99627237 18.72291252 17.39960239 18.89686879 19.67967197 18.90929423
 18.39363817 19.22614314 20.82902584 21.04647117 19.36282306 21.83548708
 22.23931412 17.6667495  15.32455268 17.71645129 19.72316103 17.85313121
 18.38121272 18.84095427 20.66128231 19.82256461 19.59269384 21.63667992
 20.46247515 20.3444334  22.05914513 15.56063618 17.51143141 18.45576541
 17.56734592 19.83499006 18.54895626 18.87823062 20.32579523 21.78578529
 19.54299205 20.51217694 19.49329026 22.4194831  20.89736581 16.8777336
 16.36829026 17.60462227 17.63568588 18.63593439 18.56138171 17.13866799
 19.81013917 19.69831014 20.80417495 19.78528827 22.56237575 19.85984095
 20.7917495  22.97862823 18.67942346 18.79746521 18.9527833  17.65432406
 18.92171968 19.85362823 20.60536779 19.81013917 18.90929423 19.17022863
 19.35661034 21.72365805 18.39985089 22.08399602 17.80964215 19.13916501
 19.19507952 18.51167992 17.78479125 18.09542744 19.14537773 19.87847913
 18.34393638 19.48086481 21.0526839  19.9778827  20.73583499 20.84766402
 17.76615308 17.67296223 16.78454274 17.49279324 16.30616302 19.2944831
 17.95874751 19.06461233 20.93464215 19.92196819 19.44980119 19.13295229
 19.5554175  22.32007952 21.22042744 18.92793241 18.51789264 17.71645129
 17.53006958 18.31908549 19.02733598 19.38767396 19.44980119 21.41302187
 19.10810139 19.97166998 21.21421471 23.17743539 20.49975149 19.33175944
 20.17668986 19.0583996  17.02062624 19.03976143 19.72937376 19.74801193
 19.82877734 19.0832505  20.62400596 20.85387674 20.91600398 20.02758449
 19.6610338  17.4555169  17.15730616 18.02708748 17.54249503 18.01466203
 18.97763419 19.27584493 18.79746521 19.05218688 19.13295229 19.22614314
 20.41898608 19.72937376 21.25770378 16.92122266 18.67942346 17.33126243
 18.79746521 18.09542744 18.27559642 19.35039761 19.91575547 19.71694831
 20.87251491 21.36332008 19.90333002 21.54970179 22.07157058 21.54348907
 17.41824056 17.51764414 17.50521869 17.86555666 18.94657058 19.09567594
 18.92793241 20.30094433 19.92818091 19.85984095 21.07753479 20.50596421
 21.61804175 19.99030815 19.5554175  17.29398608 16.95849901 16.84666998
 18.98384692 18.375      18.39985089 17.78479125 20.01515905 20.45626243
 19.81013917 18.20725646 20.94706759 21.95352883 17.94010934 17.23807157
 16.24403579 18.31908549 17.9276839  19.18265408 18.94035785 18.56138171
 19.49950298 19.38146123 19.47465209 19.67967197 21.00919483 19.62375746
 19.74801193 17.39960239]",34440.30843829377
2025-06-15 05:22:00+00:00,322,3330.8199999999997,9.0,19.34910218260445,19.346732107355866,22.38220675944334,"[18.28802187 17.76615308 19.12673956 20.36307157 17.95874751 16.87152087
 19.64239563 19.49329026 19.72316103 19.03976143 19.92196819 19.52435388
 19.4249503  18.77882704 18.25074553 18.35014911 19.94060636 17.62947316
 18.79746521 18.32529821 22.38220676 19.56163022 20.52460239 18.6110835
 21.42544732 21.05889662 20.07107356 18.12027833 15.60412525 18.23832008
 19.03976143 19.84120278 18.14512922 19.04597416 19.86605368 20.16426441
 19.51814115 20.48732604 21.30119284 21.83548708 20.69855865 17.15730616
 16.67271372 18.1637674  18.97763419 19.10810139 19.23856859 17.59840954
 20.30094433 19.23856859 19.15159046 20.80417495 20.12698807 20.63643141
 20.50596421 21.23285288 17.67296223 18.41227634 18.35014911 19.23856859
 18.55516899 18.65457256 19.99652087 21.34468191 19.38767396 20.30715706
 21.37574553 18.96520875 22.28280318 20.8166004  17.02683897 18.35014911
 17.54249503 19.319334   20.04000994 18.94657058 19.13295229 19.73558648
 20.17047714 20.43762425 19.58648111 21.11481113 21.46893638 20.86008946
 16.95228628 18.17619284 16.77833002 18.59244533 18.78503976 19.90333002
 17.39960239 19.62997018 20.31336978 18.31908549 20.35685885 20.94706759
 20.63021869 19.07082505 20.50596421 15.26242545 17.78479125 18.30666004
 16.84666998 18.19483101 19.21993042 20.0027336  20.37549702 20.90357853
 20.31336978 20.40656064 21.04647117 22.14612326 19.20750497 17.64189861
 17.69781312 17.72887674 17.30641153 19.78528827 18.62972167 19.58026839
 18.22589463 19.21993042 21.16451292 18.7415507  19.9778827  20.69234592
 21.3943837  17.61083499 18.8223161  18.72912525 19.11431412 18.38121272
 20.49353877 18.48682903 22.06535785 21.67395626 20.1332008  19.90333002
 20.70477137 20.98434394 19.67345924 16.72862823 19.18265408 18.05193837
 19.82877734 19.01491054 18.53031809 17.43687873 18.72291252 20.00894632
 18.53031809 20.76689861 19.21371769 20.77311133 21.23906561 22.2082505
 18.02708748 18.87823062 18.33151093 19.69209742 19.08946322 20.69855865
 18.35636183 19.22614314 18.5862326  20.41898608 19.26341948 20.22639165
 21.81684891 20.90979125 17.16973161 17.89040755 17.72887674 19.04597416
 17.82206759 18.47440358 19.1888668  19.92818091 19.58026839 20.83523857
 19.82877734 20.70477137 19.38146123 20.64264414 17.01441352 18.81610338
 18.00223658 18.26317097 17.48036779 17.84070577 18.73533797 18.89065606
 19.76043738 20.41898608 19.28205765 19.7666501  21.35089463 20.94706759
 21.23285288 17.85934394]",34623.95626212146
2025-06-15 05:23:00+00:00,323,3294.5,9.0,19.242873350202483,19.233909045725646,22.059145129224653,"[18.28802187 17.44309145 19.94681909 19.44358847 18.72291252 19.20129225
 18.59244533 18.33151093 20.71719682 20.18911531 20.90979125 22.05914513
 20.83523857 18.70427435 17.61704771 18.64214712 16.32480119 17.89662028
 19.79771372 18.23832008 20.70477137 18.98384692 19.11431412 20.85387674
 21.07753479 19.59269384 21.56212724 19.04597416 16.38071571 17.42445328
 18.5862326  18.25074553 17.30641153 18.72912525 18.10785288 21.00298211
 19.89090457 21.17693837 20.61158052 19.91575547 21.07753479 17.61704771
 19.0583996  17.44309145 17.6667495  19.34418489 19.01491054 19.95924453
 20.84766402 19.25720676 21.18936382 18.7415507  19.38146123 20.99676938
 20.15805169 19.52435388 17.29398608 18.02708748 17.52385686 19.72316103
 18.60487078 19.49950298 18.10164016 17.55492048 19.56163022 19.81013917
 21.70501988 20.14562624 20.05864811 21.80442346 18.847167   16.70377734
 19.21993042 20.01515905 19.73558648 17.89040755 18.83474155 18.51167992
 18.59244533 19.58648111 20.2388171  20.13941352 20.03379722 20.61158052
 16.9833499  19.17022863 19.76043738 17.73508946 18.77261431 19.21993042
 18.14512922 19.5305666  19.41873757 19.33175944 20.27609344 19.64860835
 20.2139662  20.30094433 21.45029821 17.902833   18.0084493  18.30666004
 18.10785288 18.40606362 18.69806163 19.28827038 17.6667495  20.45626243
 19.79150099 20.4749006  21.86033797 20.51838966 21.12102386 17.13866799
 19.58026839 19.83499006 18.04572565 20.81038767 19.50571571 18.10785288
 19.53677932 18.72912525 19.95924453 20.37549702 20.95949304 20.94085487
 19.32554672 16.52360835 17.23185885 18.88444334 17.38717694 20.0027336
 18.21968191 20.26988072 21.41923459 18.91550696 18.7415507  20.90357853
 20.80417495 21.04647117 20.98434394 17.42445328 18.44333996 17.3250497
 17.94010934 19.27584493 19.07082505 18.94035785 19.21371769 19.4000994
 20.04622266 19.35661034 19.45601392 19.68588469 20.30715706 20.99055666
 16.73484095 16.39314115 16.21918489 18.77882704 18.21346918 18.58001988
 18.42470179 20.5805169  20.0027336  20.50596421 19.59890656 20.25745527
 21.17072565 20.74204771 17.18836978 16.80318091 19.67345924 18.51789264
 19.51814115 19.26341948 16.95849901 19.60511928 18.81610338 17.78479125
 19.10188867 20.12077535 20.10213718 20.58672962 17.902833   19.1888668
 18.90308151 17.07032803 18.65457256 18.23210736 17.54249503 17.75372763
 18.17619284 19.86605368 20.90979125 21.25770378 21.23906561 21.10238569
 19.57405567 17.6667495 ]",34268.55708043743
2025-06-15 05:24:00+00:00,324,3304.08,9.0,19.272103219554722,19.26366799204771,22.841948310139166,"[18.81610338 17.39960239 16.92743539 18.4806163  19.02733598 20.5805169
 19.94681909 19.71073559 20.20775348 20.75447316 20.19532803 20.29473161
 21.15208748 18.28802187 19.60511928 19.43737575 19.36903579 19.01491054
 20.10213718 20.60536779 19.40631213 19.93439364 18.77882704 21.63667992
 20.28851889 19.19507952 21.00919483 16.22539761 18.97763419 17.71645129
 17.87176938 18.18240557 19.51814115 19.01491054 18.94657058 18.68563618
 19.58648111 19.58648111 20.41898608 20.36307157 21.52485089 16.51739563
 16.45526839 16.90879722 17.3250497  17.97117296 18.38121272 17.95253479
 18.57380716 19.56784294 19.69831014 20.08349901 21.14587475 20.32579523
 20.30715706 21.89761431 17.60462227 18.76018887 19.31312127 16.90879722
 18.44955268 19.07082505 18.45576541 19.98409543 19.03976143 20.20154076
 19.95924453 20.48732604 21.37574553 20.06486083 15.92718688 16.15705765
 19.20129225 17.902833   19.11431412 18.847167   19.67345924 20.04000994
 19.00248509 19.21993042 20.49975149 21.75472167 19.18265408 21.41923459
 16.95228628 17.53006958 18.79746521 18.43091451 18.34393638 18.94035785
 19.11431412 19.49329026 20.61158052 19.81635189 20.87251491 20.44383698
 22.18961233 22.15233598 21.05889662 16.5111829  16.41177932 18.59865805
 16.62301193 19.33175944 18.7415507  18.7166998  19.85362823 19.84741551
 20.77311133 21.68016899 22.84194831 20.51838966 22.02808151 19.30069583
 18.68563618 17.70402584 18.09542744 18.66078529 18.31908549 18.94657058
 19.72937376 19.99652087 20.25745527 21.66153082 19.21371769 20.69234592
 21.31361829 17.42445328 16.32480119 19.17644135 18.49925447 18.53031809
 18.99627237 18.78503976 19.4249503  18.84095427 20.46247515 20.12698807
 20.39413519 22.79845924 19.50571571 16.99577535 19.07082505 17.68538767
 17.33126243 19.90333002 18.63593439 17.88419483 17.96496024 19.51192843
 18.09542744 18.33151093 19.47465209 21.83548708 20.54945328 21.9473161
 17.23185885 19.69831014 16.43663022 17.64189861 17.6667495  17.69781312
 19.59269384 20.89736581 20.04622266 20.14562624 20.08971173 19.319334
 20.96570577 20.39413519 17.1138171  18.59865805 19.00869781 17.50521869
 19.70452286 19.10188867 18.72912525 18.63593439 20.5805169  18.35636183
 21.16451292 18.94035785 20.5805169  19.69831014 18.59244533 18.94035785
 17.77236581 18.13270378 19.83499006 17.5611332  17.96496024 17.72266402
 18.81610338 19.9778827  20.84766402 19.65482107 18.81610338 21.11481113
 21.43166004 18.18861829]",34366.34853134227
2025-06-15 05:25:00+00:00,325,3356.48,9.0,19.427702557693927,19.426441351888666,22.854373757455267,"[16.31237575 19.32554672 20.69234592 18.00223658 21.81684891 21.64289264
 20.49353877 20.59294235 21.027833   22.85437376 21.027833   20.12698807
 21.97837972 18.36257455 19.30069583 19.12673956 19.23856859 19.82877734
 18.72912525 19.78528827 18.21968191 20.13941352 20.20775348 21.0526839
 20.94706759 20.98434394 20.86630219 17.03305169 19.45601392 17.74751491
 17.72266402 19.75422465 18.28180915 19.6610338  19.41252485 19.88469185
 19.35661034 21.28255467 19.28205765 20.80417495 21.31983101 19.44980119
 18.32529821 19.01491054 18.70427435 18.4806163  19.87847913 19.18265408
 18.57380716 19.94681909 20.73583499 20.35064612 20.44383698 20.52460239
 19.83499006 19.61133201 18.88444334 18.18240557 17.54249503 18.99627237
 19.05218688 19.48707753 18.69806163 21.20178926 19.44980119 19.62375746
 21.08996024 19.87847913 21.15208748 20.43141153 15.06361829 17.5611332
 17.42445328 20.96570577 19.04597416 19.0583996  18.79125249 19.75422465
 19.10188867 21.00298211 20.35685885 21.97837972 21.3943837  20.06486083
 18.7166998  16.97713718 17.27534791 16.60437376 18.46819085 19.18265408
 18.63593439 19.15780318 19.0583996  19.44358847 19.69831014 20.87872763
 21.90382704 21.08374751 21.03404573 15.65382704 19.09567594 18.47440358
 17.3499006  17.09517893 19.25720676 20.17668986 20.66749503 20.78553678
 21.10859841 20.1083499  19.62997018 20.72962227 22.63692843 17.82828032
 18.53653082 19.30069583 17.86555666 18.74776342 18.44333996 19.04597416
 19.49950298 19.92818091 19.92196819 21.21421471 20.19532803 20.4500497
 20.7917495  17.96496024 17.14488072 18.25074553 18.53653082 18.46197813
 17.0082008  16.72862823 20.6861332  18.56759443 20.56809145 19.26963221
 20.07107356 21.18315109 19.61754473 18.20725646 17.1945825  16.95228628
 18.23210736 18.63593439 18.92171968 19.25720676 17.17594433 18.64835984
 17.71023857 19.71073559 20.07107356 19.64860835 21.64289264 21.43166004
 15.75944334 19.32554672 17.31883698 20.15805169 18.70427435 19.27584493
 18.21968191 19.26341948 20.25124254 19.6361829  19.95924453 20.58672962
 21.00919483 20.4749006  17.52385686 18.30666004 18.44955268 17.33747515
 18.54274354 19.4249503  19.22614314 19.2944831  19.48707753 19.03354871
 21.76093439 21.04647117 18.92793241 21.00919483 17.41824056 18.33151093
 19.39388668 19.2944831  18.92793241 21.38817097 21.20800199 17.75372763
 20.43762425 19.17644135 20.46247515 19.99652087 19.64860835 22.33250497
 20.33200795 17.74130219]",34886.9216770208
2025-06-15 05:26:00+00:00,326,3338.0499999999997,9.0,19.374285225479277,19.36919110337972,23.1463717693837,"[17.89662028 19.09567594 18.71048708 19.37524851 18.30666004 18.34393638
 21.23285288 19.41252485 19.69209742 20.91600398 20.99676938 20.3195825
 23.14637177 18.12027833 17.73508946 17.56734592 18.9527833  19.87847913
 20.96570577 19.64239563 19.04597416 19.20750497 20.03379722 20.77932406
 20.05864811 20.85387674 21.15208748 17.05790258 17.91525845 17.66053678
 19.05218688 20.15183897 19.0832505  20.72340954 19.54299205 19.62997018
 20.1332008  21.53106362 20.18290258 20.32579523 19.84120278 17.56734592
 17.57355865 16.44905567 17.01441352 15.85263419 18.84095427 18.89065606
 19.03976143 19.25099404 18.49304175 20.87872763 22.14612326 21.00298211
 20.4749006  23.04075547 18.09542744 17.15730616 17.0889662  17.84691849
 17.36853877 19.0832505  18.7166998  19.70452286 20.56809145 20.97813121
 20.81038767 21.83548708 18.76640159 21.49378728 17.62326044 17.42445328
 17.41202783 18.75397614 20.54324056 18.847167   17.41824056 19.81635189
 18.36878728 19.8722664  21.74229622 20.69855865 20.58672962 20.39413519
 16.80939364 17.26913519 18.00223658 16.0638668  18.89065606 19.49329026
 20.4749006  18.55516899 19.07703777 19.12673956 21.09617296 19.61754473
 20.96570577 21.10859841 21.53106362 17.49279324 17.24428429 18.44333996
 18.12649105 17.41824056 19.26341948 18.02087475 19.46843936 19.85984095
 22.23310139 20.69234592 21.12102386 20.59915507 21.69259443 19.43737575
 18.15134195 17.05168986 18.40606362 19.12052684 18.02087475 20.05864811
 18.16998012 19.85984095 20.08349901 21.47514911 20.7109841  22.2890159
 19.96545726 15.64140159 16.59816103 16.09493042 17.73508946 17.65432406
 19.27584493 18.26317097 19.27584493 20.03379722 18.72912525 20.0027336
 21.2887674  21.81684891 21.20178926 17.67917495 18.20725646 18.18240557
 17.84070577 19.31312127 20.42519881 19.23235586 19.39388668 18.86580517
 19.69209742 20.16426441 20.62400596 21.82927435 20.54945328 20.14562624
 17.02683897 18.08921471 17.78479125 20.39413519 20.54324056 19.2944831
 18.7166998  19.65482107 20.37549702 20.77311133 20.43762425 21.65531809
 20.35064612 21.48136183 17.13245527 16.46769384 16.46769384 19.69831014
 18.80367793 18.68563618 19.54920477 19.02112326 21.22664016 19.12673956
 19.87847913 20.22639165 19.90333002 20.84766402 16.76590457 17.86555666
 19.41252485 17.97738569 19.56784294 18.53031809 18.29423459 20.33822068
 20.25124254 19.64239563 20.06486083 21.8416998  20.10213718 20.98434394
 21.17072565 19.30069583]",34708.20865036348
2025-06-15 05:27:00+00:00,327,3364.2000000000003,9.0,19.452431162189164,19.450422465208746,23.56883697813121,"[17.00198807 17.6916004  19.18265408 18.65457256 19.0832505  20.28230616
 19.79771372 18.27559642 18.53031809 21.41923459 20.37549702 21.64289264
 21.34468191 18.43091451 19.50571571 17.26292247 19.36282306 18.75397614
 20.39413519 17.75994036 19.43737575 19.71694831 18.96520875 19.56784294
 18.67942346 20.95328032 18.44955268 16.78454274 17.28777336 19.61133201
 17.48658052 19.35661034 20.02758449 19.37524851 18.94657058 21.07132207
 19.95303181 19.21371769 21.24527833 21.49378728 20.82902584 17.64811133
 18.67321074 18.08921471 19.32554672 18.85337972 18.38742545 19.21371769
 21.12102386 20.555666   19.21993042 18.67942346 20.57430417 20.72962227
 20.12077535 21.49378728 16.79075547 18.11406561 17.48658052 19.18265408
 17.39338966 18.86580517 18.84095427 21.09617296 19.47465209 19.12673956
 21.45651093 19.23235586 20.45626243 21.51863817 16.55467197 18.83474155
 17.17594433 19.4000994  16.84045726 19.65482107 18.72291252 19.7666501
 21.47514911 19.52435388 22.8916501  19.84741551 19.19507952 21.12102386
 16.15084493 18.05815109 18.847167   18.2693837  18.64835984 19.78528827
 19.50571571 18.56138171 20.94706759 19.48707753 21.08374751 21.98459245
 20.71719682 19.71694831 20.99676938 17.39960239 17.55492048 19.07082505
 17.6667495  20.22639165 20.35685885 19.05218688 20.49975149 20.94706759
 20.56187873 20.8166004  21.52485089 22.01565606 22.62450298 17.84070577
 17.03926441 18.68563618 16.95849901 17.50521869 17.87176938 18.85959245
 19.61754473 19.50571571 19.32554672 19.58026839 19.54299205 21.7360835
 22.21446322 19.35661034 18.34393638 19.51814115 20.04622266 19.99652087
 19.1640159  20.73583499 20.86630219 20.03379722 19.09567594 19.54920477
 20.72340954 20.44383698 21.25770378 17.06411531 18.03951292 17.82206759
 18.38742545 18.41848907 17.80964215 19.18265408 20.22639165 18.82852883
 20.22639165 20.77932406 21.64289264 20.1332008  20.00894632 23.56883698
 17.38096421 18.2693837  17.46172962 19.82256461 17.61704771 18.36878728
 18.72291252 19.66724652 19.93439364 20.00894632 19.99030815 20.56809145
 22.54373757 21.81684891 18.31908549 18.35636183 17.6916004  17.55492048
 18.56138171 17.94010934 18.07057654 20.64885686 19.07082505 19.41873757
 21.0526839  20.53081511 21.1334493  22.12748509 17.02683897 18.06436382
 19.10810139 18.68563618 18.12027833 18.34393638 16.9833499  21.03404573
 20.59294235 20.49353877 18.91550696 20.8166004  20.75447316 22.2082505
 21.17693837 18.54895626]",34969.65369622006
2025-06-15 05:28:00+00:00,328,3377.3100000000004,9.0,19.492101209080175,19.491146868787276,22.786033797216696,"[17.89040755 18.87201789 18.83474155 18.00223658 19.61754473 18.28180915
 19.09567594 19.71694831 20.16426441 20.09592445 19.58026839 20.04000994
 20.2139662  19.51192843 18.05193837 18.29423459 17.77857853 18.10164016
 19.46843936 18.56759443 20.43141153 19.44358847 20.30094433 20.11456262
 20.40656064 21.7112326  20.85387674 17.60462227 20.87872763 17.61704771
 18.72291252 17.62326044 20.00894632 19.13295229 19.64860835 20.15183897
 20.48111332 20.25124254 20.85387674 21.70501988 21.16451292 17.64189861
 18.0084493  18.54274354 18.92793241 20.1083499  18.67321074 18.71048708
 20.0027336  17.2194334  21.61182903 20.42519881 19.54299205 22.45675944
 20.02137177 21.17693837 18.31908549 15.81535785 18.43712724 18.19483101
 19.32554672 18.95899602 17.71023857 19.13916501 20.1332008  19.44980119
 19.52435388 20.99055666 21.76093439 21.31361829 17.10139165 17.64189861
 18.06436382 18.21346918 17.5859841  18.69806163 17.82828032 19.70452286
 20.44383698 19.49329026 19.64239563 20.44383698 20.59915507 21.51242545
 17.51143141 19.17644135 19.91575547 19.4249503  18.03951292 18.71048708
 18.01466203 19.12052684 20.20154076 20.99055666 19.35661034 19.67967197
 20.00894632 21.8416998  21.05889662 16.6416501  18.87201789 17.67917495
 19.02733598 20.22639165 18.9527833  18.11406561 18.80367793 20.66128231
 22.34493042 20.87251491 20.05243539 22.21446322 20.67370775 16.95849901
 17.74751491 18.65457256 17.08275348 20.14562624 20.38170974 19.19507952
 19.21371769 20.82902584 20.99055666 20.28851889 20.38170974 22.71769384
 21.2639165  17.54249503 19.97166998 18.88444334 17.80964215 17.82828032
 19.13916501 18.75397614 19.46843936 18.847167   19.49950298 21.7112326
 21.46893638 22.2082505  22.13991054 17.97117296 17.09517893 19.72937376
 17.91525845 19.59890656 18.72291252 19.10188867 18.58001988 19.50571571
 19.5305666  20.59915507 21.14587475 20.59915507 22.7860338  20.23260437
 18.19483101 18.90308151 18.77261431 17.68538767 18.7415507  18.85337972
 21.35089463 22.19582505 20.20775348 19.95924453 19.65482107 19.319334
 19.49329026 19.8971173  18.13270378 17.90904573 19.35039761 18.15755467
 19.95924453 18.5862326  18.81610338 20.41898608 20.63021869 20.38170974
 19.69209742 20.26366799 21.04025845 21.54348907 18.02087475 18.92171968
 18.99627237 17.98359841 18.30044732 19.54299205 19.48086481 19.36903579
 19.73558648 17.10139165 19.7666501  20.56187873 21.23285288 21.31361829
 21.55591451 17.40581511]",35102.37380509863
2025-06-15 05:29:00+00:00,329,3389.2800000000007,9.0,19.528412767936196,19.528330019880716,23.1463717693837,"[17.54249503 18.49925447 16.80318091 20.3195825  17.76615308 19.50571571
 18.76018887 19.00248509 22.15233598 17.78479125 19.45601392 20.38792247
 21.34468191 20.50596421 18.17619284 18.20725646 18.28180915 17.68538767
 19.10188867 20.10213718 18.98384692 19.48707753 21.15208748 21.61804175
 20.98434394 20.52460239 22.00944334 18.93414513 19.49950298 18.13270378
 20.94706759 18.39363817 19.52435388 18.13270378 20.20775348 19.02733598
 20.66128231 20.97191849 20.87251491 21.8665507  20.79796223 17.3499006
 19.03354871 19.67967197 18.99627237 18.76640159 19.10810139 20.22017893
 18.2693837  18.41227634 19.15159046 18.53653082 22.15233598 20.96570577
 22.61207753 21.09617296 18.07057654 18.79746521 17.66053678 18.77261431
 19.45601392 18.41227634 20.03379722 20.67992048 20.00894632 20.53702783
 19.68588469 20.20154076 19.98409543 20.16426441 19.47465209 16.72862823
 18.0333002  18.82852883 19.1640159  17.16351889 20.17668986 20.89736581
 19.31312127 18.99005964 19.5305666  20.90979125 22.40705765 20.71719682
 16.57952286 18.91550696 18.26317097 18.93414513 18.43091451 18.36257455
 19.82256461 18.15755467 20.92842942 19.70452286 20.58672962 20.22639165
 20.43762425 21.89761431 21.12102386 18.49925447 18.49925447 18.39363817
 18.33151093 18.29423459 18.40606362 19.00869781 20.06486083 22.40084493
 20.36928429 20.90357853 20.25124254 20.20154076 21.2887674  17.64189861
 18.56138171 19.31312127 17.20079523 18.77261431 18.43091451 19.19507952
 18.9527833  20.39413519 20.33822068 20.12077535 21.6056163  19.89090457
 21.23285288 16.78454274 19.95924453 17.26913519 18.16998012 18.58001988
 19.44980119 18.8223161  18.23832008 20.60536779 18.80367793 21.42544732
 19.85362823 21.43787276 21.92867793 18.72912525 17.0889662  18.18240557
 19.02733598 19.4000994  19.26341948 19.90333002 20.40656064 19.94060636
 18.54274354 19.79771372 19.41252485 20.76689861 22.49403579 19.78528827
 17.07032803 17.16973161 17.36853877 19.39388668 18.53653082 19.13916501
 17.73508946 20.22017893 18.92171968 23.14637177 22.01565606 21.8665507
 22.48161034 21.34468191 16.28131213 16.74105368 19.89090457 19.84741551
 18.38121272 18.72912525 20.46247515 18.41848907 19.59269384 18.87201789
 20.54945328 19.07082505 20.90357853 22.58101392 18.54895626 18.91550696
 19.12673956 18.61729622 16.31858847 18.92793241 19.36282306 20.3444334
 20.17668986 19.17022863 19.87847913 21.35710736 21.72987078 20.15183897
 22.75497018 17.28777336]",35223.85775640734
2025-06-15 05:30:00+00:00,330,3372.83,9.0,19.480861346794367,19.47723036779324,22.74875745526839,"[17.50521869 16.32480119 17.69781312 19.8722664  20.67370775 18.70427435
 19.58648111 20.02137177 20.94085487 20.54324056 19.51814115 21.51242545
 22.74875746 17.98981113 19.77286282 19.71694831 19.56163022 19.52435388
 19.03976143 19.30069583 18.43712724 18.70427435 20.12077535 19.82256461
 20.52460239 21.87276342 20.25124254 18.02708748 16.37450298 18.70427435
 19.01491054 18.03951292 19.07703777 20.86008946 19.30690855 17.91525845
 20.25124254 19.99652087 21.40680915 19.57405567 21.20178926 18.73533797
 18.56759443 19.69209742 18.95899602 18.66699801 18.38121272 20.31336978
 18.59244533 18.85959245 19.19507952 22.04050696 19.70452286 20.80417495
 21.42544732 21.2639165  16.8777336  17.89662028 18.76018887 17.80342942
 19.25720676 18.89686879 18.07678926 20.66128231 20.38792247 21.27012922
 19.25720676 20.27609344 20.89115308 22.36356859 16.69135189 17.49900596
 19.04597416 18.33151093 18.08921471 17.12624254 20.43141153 20.7109841
 19.52435388 19.28205765 19.85362823 20.555666   20.99055666 21.06510934
 17.46794235 17.43687873 18.38121272 19.25099404 20.61158052 18.89686879
 21.59319085 20.07728628 19.61133201 20.2388171  19.36282306 19.21993042
 19.5305666  20.41277336 21.08996024 17.84691849 18.64214712 19.21371769
 18.55516899 18.64214712 18.59865805 19.50571571 19.4000994  20.61158052
 20.17668986 20.46868787 19.85984095 20.46868787 20.42519881 16.48633201
 17.14488072 17.05168986 18.89065606 18.98384692 19.49329026 19.71694831
 21.15208748 21.33846918 18.67321074 20.07728628 19.54920477 20.66749503
 21.08996024 17.33747515 17.41824056 17.50521869 19.68588469 18.2693837
 17.47415507 19.51192843 20.76068588 21.27634195 21.37574553 19.03976143
 21.58076541 20.28851889 21.38195825 16.93986083 18.83474155 18.0084493
 19.44358847 19.34418489 18.99005964 18.39363817 18.72291252 19.23235586
 19.92818091 18.53031809 19.77286282 19.19507952 20.89736581 21.33225646
 17.30019881 17.61704771 17.94632207 17.3250497  20.82281312 20.06486083
 19.03354871 19.96545726 19.72937376 20.48111332 19.41873757 18.97763419
 22.26416501 19.80392644 18.16998012 20.04622266 18.33151093 18.9527833
 18.62350895 18.64835984 18.56138171 20.31336978 21.52485089 20.52460239
 21.0526839  21.15208748 20.94706759 21.01540755 18.69184891 18.33151093
 17.25670974 18.89686879 17.6916004  19.94681909 18.66078529 20.28851889
 22.6555666  18.94657058 20.52460239 20.33200795 21.20800199 20.40656064
 21.62425447 17.87176938]",35064.76972183523
2025-06-15 05:31:00+00:00,331,3369.48,9.0,19.47197426272876,19.466824055666002,22.655566600397613,"[16.15705765 17.74751491 19.4249503  18.79125249 19.07082505 19.8722664
 20.07107356 18.92793241 20.74204771 21.43166004 22.04050696 20.85387674
 21.80442346 15.91476143 17.80964215 18.08300199 19.84120278 17.02683897
 17.67917495 20.02758449 20.1083499  18.73533797 20.54324056 21.04647117
 20.64885686 19.28205765 20.69234592 18.90308151 16.56088469 18.30666004
 18.22589463 19.11431412 19.67967197 19.15780318 20.31336978 19.38146123
 19.53677932 20.05243539 20.54324056 22.50024851 22.09020875 19.98409543
 17.54870775 18.07057654 17.51143141 18.77882704 18.94035785 20.77311133
 19.58648111 18.76018887 20.98434394 19.43116302 20.54945328 19.23856859
 20.64264414 20.88494036 17.23185885 17.29398608 17.33126243 18.5054672
 18.23210736 20.35685885 17.74130219 20.30715706 20.30715706 20.37549702
 20.43141153 19.74801193 19.77286282 21.8665507  18.20104374 17.92147117
 17.62326044 16.9833499  17.64189861 19.60511928 19.87847913 18.4806163
 20.8166004  19.70452286 21.94110338 20.13941352 21.47514911 21.81684891
 17.24428429 17.16351889 17.24428429 17.88419483 19.43116302 18.58001988
 19.8722664  19.99652087 19.19507952 19.6610338  20.49975149 21.19557654
 20.85387674 19.21371769 20.07107356 16.74105368 17.94010934 18.5054672
 20.69855865 19.84120278 18.30666004 19.49329026 19.22614314 18.847167
 19.81013917 19.48707753 21.31983101 19.93439364 21.94110338 17.48658052
 15.82157058 16.14463221 18.31908549 18.60487078 20.36307157 19.68588469
 20.27609344 19.09567594 19.40631213 22.36356859 20.33200795 22.6555666
 21.76714712 18.45576541 18.36878728 17.51764414 20.40034791 17.28777336
 19.8722664  20.25124254 19.84120278 19.40631213 18.87823062 20.63021869
 19.17022863 20.99055666 22.64935388 18.26317097 18.39985089 19.19507952
 18.1389165  20.39413519 19.45601392 18.78503976 19.26341948 19.40631213
 19.70452286 20.48732604 21.24527833 20.70477137 19.82877734 20.77932406
 17.1945825  17.56734592 18.90308151 19.49950298 20.4749006  18.64835984
 19.27584493 19.6610338  19.64860835 20.86630219 20.13941352 20.72962227
 22.33871769 19.59890656 18.43091451 17.04547714 17.61704771 18.62350895
 18.56759443 17.80342942 19.70452286 18.70427435 21.04025845 21.36332008
 20.26366799 19.30069583 21.00298211 22.08399602 17.61704771 19.56784294
 17.72266402 18.64214712 18.21346918 18.85959245 20.44383698 20.22639165
 19.76043738 18.85959245 21.00919483 21.96595427 20.94706759 20.40034791
 22.54373757 18.03951292]",35035.03709338534
2025-06-15 05:32:00+00:00,332,3391.29,9.0,19.537341084196683,19.53457380715706,23.382455268389663,"[18.19483101 17.40581511 19.77907555 21.00919483 18.90308151 20.43141153
 19.82256461 19.28827038 22.67420477 19.4249503  20.46868787 19.26963221
 23.20228628 17.36232604 17.13866799 18.92171968 19.30069583 18.56759443
 19.72316103 20.36307157 20.3444334  20.69855865 20.49353877 21.97837972
 20.72962227 20.18290258 22.43190855 16.57952286 18.54895626 19.21371769
 17.48658052 17.98981113 18.96520875 20.38170974 19.14537773 18.89686879
 19.9778827  21.3943837  20.24502982 20.88494036 22.05293241 17.82828032
 18.69184891 16.90879722 16.79696819 18.23210736 20.18911531 18.67942346
 19.72937376 20.73583499 19.94681909 20.57430417 19.54299205 19.96545726
 19.94681909 20.97191849 18.58001988 17.67296223 18.31908549 18.41848907
 18.12027833 18.14512922 19.67967197 20.82902584 19.69831014 21.08996024
 19.13295229 20.36928429 21.04647117 21.76714712 18.1389165  18.04572565
 18.65457256 18.36257455 19.08946322 19.08946322 20.20775348 21.63667992
 20.12077535 19.7417992  20.33200795 21.30740557 20.86630219 22.63071571
 15.08846918 18.71048708 17.13245527 17.28777336 18.77882704 19.94681909
 19.41252485 18.88444334 18.00223658 19.90954274 19.66724652 21.62425447
 20.40656064 20.26988072 20.61158052 17.06411531 18.52410537 19.78528827
 19.90333002 17.97738569 19.05218688 19.06461233 19.61754473 19.58648111
 19.02733598 21.32604374 20.93464215 20.11456262 21.13966203 18.62972167
 16.26888668 18.11406561 18.62350895 19.57405567 18.63593439 19.88469185
 17.67296223 19.72316103 20.37549702 18.43091451 21.22042744 21.83548708
 23.38245527 17.67917495 18.94035785 17.46794235 17.53006958 18.98384692
 19.1640159  20.46868787 19.36282306 20.38792247 20.28851889 19.58026839
 22.25795229 21.54348907 21.64910537 17.80964215 17.57977137 18.375
 19.7666501  19.18265408 20.1083499  18.05815109 18.98384692 20.22639165
 20.01515905 19.8971173  22.12748509 20.13941352 20.72340954 21.68638171
 17.82828032 19.37524851 18.65457256 18.33772366 19.18265408 19.70452286
 20.76068588 19.67967197 19.69209742 19.67967197 20.1083499  20.12077535
 21.972167   22.17718688 17.16351889 17.72887674 17.84691849 18.34393638
 17.54249503 19.86605368 19.18265408 20.02137177 18.46819085 19.85984095
 20.7109841  20.5805169  21.18936382 21.71744533 17.91525845 18.78503976
 18.35014911 17.95253479 18.00223658 17.69781312 18.12649105 19.20750497
 19.35039761 20.35685885 20.81038767 20.3444334  21.97837972 20.76689861
 21.67395626 17.18836978]",35253.728331288425
2025-06-15 05:33:00+00:00,333,3393.71,9.0,19.545492793563856,19.5420912027833,22.93513916500994,"[18.36878728 19.95924453 17.36232604 18.05815109 20.53081511 19.59890656
 20.53081511 20.29473161 21.45029821 22.06535785 20.36928429 21.00919483
 20.94706759 16.73484095 18.69184891 17.59840954 18.93414513 19.54299205
 18.28802187 20.6861332  19.6361829  19.28205765 21.03404573 20.4749006
 19.17022863 20.92842942 21.24527833 17.902833   16.05144135 16.83424453
 18.20725646 19.23856859 18.08300199 19.67345924 18.80367793 18.97763419
 20.49353877 20.77932406 21.23906561 22.2890159  20.83523857 19.31312127
 16.81560636 18.36878728 18.43712724 19.11431412 18.53653082 19.46222664
 19.47465209 19.99652087 18.64835984 20.83523857 19.58648111 19.77907555
 19.82256461 21.81684891 16.38692843 16.5360338  19.33175944 19.33797217
 19.6610338  18.89065606 20.03379722 17.92147117 19.15780318 20.65506958
 19.24478131 19.8722664  21.46893638 22.4194831  20.16426441 18.43091451
 19.56784294 20.19532803 19.12673956 18.95899602 20.77311133 19.57405567
 18.83474155 21.14587475 21.58076541 19.59269384 20.62400596 21.68638171
 17.12624254 16.55467197 18.49925447 18.76018887 21.52485089 18.54895626
 17.57977137 19.4000994  20.4500497  18.41848907 19.89090457 20.1083499
 22.48161034 22.35735586 21.23285288 17.13245527 17.28777336 18.31908549
 17.42445328 18.1389165  19.38767396 19.34418489 19.45601392 20.1083499
 19.84120278 19.4000994  19.83499006 22.6804175  22.37599404 19.20129225
 17.99602386 18.41227634 17.79100398 19.44358847 18.79746521 20.45626243
 17.0889662  19.75422465 21.51242545 20.56187873 19.58026839 21.83548708
 22.93513917 17.67296223 15.93961233 19.28205765 18.31287276 20.69234592
 20.75447316 18.40606362 21.74229622 19.7666501  19.05218688 20.84766402
 18.49304175 19.61133201 20.36928429 19.51814115 19.13916501 17.30641153
 18.12649105 19.17022863 19.67967197 20.1332008  18.2445328  19.35661034
 18.04572565 20.26366799 19.89090457 19.51192843 21.66153082 20.64264414
 18.38742545 16.84666998 17.87176938 18.64214712 19.35661034 18.20725646
 19.72316103 18.49925447 18.99005964 20.89736581 19.46222664 21.02162028
 21.71744533 20.63021869 17.85313121 17.72266402 19.83499006 20.07107356
 20.69855865 19.74801193 18.81610338 18.56138171 20.70477137 21.28255467
 20.77311133 22.64314115 21.01540755 20.69234592 19.23856859 18.28802187
 18.77261431 19.41252485 18.8223161  18.96520875 19.64860835 19.44358847
 19.91575547 19.02112326 20.35064612 20.3444334  19.88469185 20.7109841
 21.45029821 19.43116302]",35281.00069014724
2025-06-15 05:34:00+00:00,334,3438.71,9.0,19.679305552015332,19.68187748508946,22.97241550695825,"[17.26913519 18.97763419 19.6361829  19.40631213 19.68588469 21.18315109
 22.69905567 19.86605368 20.36928429 21.87276342 20.72962227 20.52460239
 20.61158052 20.07728628 18.7166998  18.74776342 17.41824056 18.56759443
 18.41848907 19.73558648 21.66774354 19.9778827  22.33871769 20.67992048
 21.37574553 22.64314115 21.41923459 15.90854871 18.48682903 18.42470179
 16.98956262 19.60511928 18.65457256 19.4000994  21.7112326  20.96570577
 18.99627237 20.12077535 19.30690855 20.43141153 21.42544732 17.51143141
 18.94035785 19.73558648 18.18861829 19.83499006 19.86605368 19.65482107
 19.35039761 20.39413519 19.98409543 21.23285288 19.99030815 20.07728628
 22.62450298 21.37574553 17.1945825  17.84070577 17.25670974 18.42470179
 19.5305666  19.83499006 17.67917495 19.66724652 19.47465209 18.26317097
 19.6361829  20.85387674 20.4749006  22.97241551 16.39314115 17.00198807
 16.47390656 19.05218688 21.16451292 19.92196819 20.20154076 20.77311133
 18.68563618 20.48732604 19.17022863 20.84766402 20.46247515 21.7112326
 19.32554672 19.49329026 17.81585487 17.37475149 18.02087475 20.77311133
 20.49353877 19.82256461 20.67370775 19.59890656 21.97837972 21.19557654
 21.1334493  21.35710736 22.444334   14.95800199 17.69781312 18.87201789
 19.01491054 19.45601392 20.22639165 19.32554672 20.40656064 19.49329026
 20.78553678 19.18265408 20.77932406 21.9473161  22.04671968 19.00248509
 17.83449304 18.00223658 18.39985089 20.77311133 18.82852883 19.96545726
 18.75397614 19.07082505 18.95899602 20.92842942 20.56809145 20.555666
 22.02186879 17.95874751 18.58001988 18.23210736 19.03354871 18.5054672
 20.35685885 19.08946322 19.91575547 19.38146123 19.48707753 19.06461233
 20.26366799 20.12698807 20.03379722 18.46197813 18.9527833  18.30044732
 20.04622266 20.22639165 18.34393638 19.78528827 20.41898608 19.44358847
 20.7917495  20.82281312 21.19557654 20.51217694 20.35064612 22.28280318
 18.28180915 17.07032803 20.64264414 19.50571571 18.8223161  18.9527833
 19.30069583 19.87847913 18.75397614 20.9222167  20.61158052 19.72937376
 21.44408549 20.04622266 18.21968191 19.02112326 19.96545726 19.03976143
 18.69184891 17.31883698 17.39338966 19.15159046 20.74204771 19.64239563
 20.49353877 21.99701789 21.8416998  20.57430417 19.21993042 19.7417992
 18.33772366 19.78528827 18.95899602 19.02733598 18.69184891 18.2445328
 18.7166998  20.12077535 21.30740557 22.30144135 19.39388668 20.38170974
 21.46272366 18.05193837]",35728.68465482249
2025-06-15 05:35:00+00:00,335,3405.7799999999997,9.0,19.583149059396824,19.57958499005964,22.730119284294233,"[17.54249503 17.40581511 19.4000994  19.54920477 19.04597416 19.67967197
 19.67345924 21.12723658 20.82902584 20.96570577 19.49950298 21.36332008
 22.00944334 17.97738569 16.25646123 18.31908549 18.36257455 18.97763419
 19.32554672 19.75422465 19.41252485 17.81585487 21.08374751 20.19532803
 20.52460239 20.67992048 19.15780318 17.2194334  16.29373757 17.37475149
 19.38146123 19.15780318 19.61754473 20.56809145 19.59890656 20.5805169
 19.33797217 21.53106362 21.16451292 20.53702783 21.64910537 18.9527833
 17.75994036 17.67917495 18.29423459 18.48682903 19.4249503  20.02137177
 19.72316103 19.35039761 18.78503976 20.2388171  21.04647117 22.26416501
 21.41923459 22.70526839 17.97117296 18.70427435 17.48036779 18.77261431
 17.26292247 18.30044732 20.12077535 18.51789264 18.67942346 20.43141153
 19.95924453 22.73011928 21.17693837 21.23906561 17.10760437 17.28777336
 18.54895626 18.80367793 18.80367793 17.13245527 19.40631213 19.54299205
 19.79150099 19.03976143 19.68588469 21.18936382 20.17047714 21.12102386
 18.39985089 17.99602386 17.91525845 18.10785288 18.89686879 20.49353877
 18.59865805 19.81635189 18.31908549 20.59294235 19.92818091 19.66724652
 21.20178926 21.10238569 22.3138668  20.49353877 18.65457256 18.02708748
 19.09567594 20.43762425 18.83474155 20.40656064 19.5554175  20.67370775
 22.40084493 20.02137177 22.67420477 22.40084493 21.64910537 17.00198807
 18.61729622 16.98956262 18.847167   17.76615308 19.82256461 19.00869781
 20.67992048 18.9527833  18.04572565 21.22042744 19.17644135 22.02808151
 20.2388171  19.26341948 18.81610338 18.40606362 17.61704771 17.49900596
 19.15159046 19.31312127 19.02112326 20.17047714 21.02162028 20.01515905
 20.33822068 20.63643141 21.58697813 17.39338966 17.7972167  18.2445328
 18.847167   19.51814115 20.29473161 19.43116302 19.20129225 19.8722664
 20.17047714 20.3195825  20.89736581 21.52485089 20.16426441 20.35685885
 19.14537773 18.07057654 18.69806163 17.79100398 17.39338966 20.14562624
 17.55492048 19.02733598 19.52435388 19.7417992  20.48111332 19.54920477
 20.56187873 20.33200795 19.33175944 19.07703777 20.1332008  19.39388668
 19.44358847 19.30069583 18.07057654 18.79125249 19.80392644 20.77311133
 20.80417495 21.30119284 20.84145129 21.87276342 18.89065606 19.19507952
 18.79125249 18.10164016 19.15159046 19.17022863 20.7917495  20.08971173
 20.30094433 20.86630219 20.63021869 20.66749503 21.35710736 21.64289264
 22.30144135 17.97738569]",35406.98349311802
2025-06-15 05:36:00+00:00,336,3406.62,9.0,19.58665488174986,19.58219433399602,23.30168986083499,"[16.91500994 18.48682903 18.97763419 19.07703777 18.79125249 19.72316103
 21.25770378 20.26988072 19.92818091 21.44408549 21.14587475 22.22688867
 20.49975149 18.32529821 19.07703777 19.8971173  18.87823062 18.25695825
 18.4806163  19.36282306 19.97166998 21.82306163 20.95328032 20.57430417
 20.22639165 21.84791252 22.23310139 17.50521869 19.61754473 18.49925447
 19.70452286 18.80989066 19.35039761 17.27534791 19.13295229 19.32554672
 19.5305666  20.64885686 19.87847913 21.33225646 21.972167   17.65432406
 17.38096421 18.08921471 17.89662028 18.46197813 19.54920477 18.85959245
 17.99602386 19.87847913 19.5305666  19.85984095 20.85387674 20.24502982
 21.30119284 21.25149105 18.06436382 19.35039761 17.30019881 18.9527833
 19.67967197 20.35685885 19.62375746 21.41302187 19.86605368 19.30069583
 19.35039761 20.72962227 22.29522863 20.35685885 17.13866799 17.97117296
 18.77882704 17.27534791 17.3499006  18.85959245 20.11456262 19.12052684
 19.46843936 19.26963221 20.98434394 21.83548708 20.85387674 21.59940358
 17.82206759 17.77236581 18.23210736 18.98384692 18.72912525 20.29473161
 19.89090457 18.92793241 21.58697813 21.28255467 19.33175944 22.16476143
 20.80417495 23.30168986 21.76714712 17.4555169  19.35661034 16.66650099
 18.61729622 19.02112326 18.16998012 18.5862326  19.65482107 18.93414513
 21.14587475 19.74801193 20.5805169  22.7611829  20.97191849 17.14488072
 18.13270378 18.94035785 19.00248509 18.05193837 18.9527833  19.41873757
 19.43737575 20.17668986 19.77286282 21.31983101 19.81635189 18.79125249
 21.66153082 17.44309145 17.71023857 17.4555169  19.02733598 19.79150099
 18.84095427 19.77286282 18.99005964 18.76640159 21.38195825 21.69880716
 20.90979125 22.35114314 22.7611829  15.71595427 18.53653082 18.847167
 18.25695825 18.08921471 20.35064612 18.72912525 17.6916004  20.26988072
 19.48707753 20.04622266 21.19557654 20.39413519 21.72365805 21.82927435
 17.99602386 18.53031809 18.2693837  18.00223658 18.62350895 20.73583499
 21.02162028 19.81635189 19.96545726 20.32579523 20.49353877 19.43116302
 20.70477137 21.72365805 15.80293241 18.04572565 19.81635189 19.17022863
 20.26366799 18.36878728 20.22639165 20.33200795 19.89090457 20.53702783
 20.64885686 19.1640159  21.56833996 21.98459245 17.82828032 17.12624254
 17.38096421 17.68538767 18.68563618 19.10810139 19.54920477 18.49925447
 20.13941352 19.81635189 19.28205765 20.51217694 20.22639165 20.66128231
 22.25173956 17.67917495]",35418.71257238233
2025-06-15 05:37:00+00:00,337,3433.85,9.0,19.66804429673956,19.666780566600394,24.19010934393638,"[18.5862326  18.69184891 18.54895626 20.51838966 20.555666   19.30690855
 20.17668986 20.10213718 20.41898608 20.25745527 21.04025845 20.59915507
 21.30740557 16.88394632 19.07082505 19.81013917 18.52410537 19.46843936
 20.10213718 19.96545726 18.07678926 20.67370775 20.77311133 22.48161034
 19.8971173  20.57430417 20.43141153 18.29423459 17.80342942 17.1945825
 18.17619284 17.82206759 19.36903579 20.61158052 20.31336978 18.7415507
 19.49950298 21.5        20.33200795 21.17693837 21.43166004 17.430666
 16.0390159  18.0333002  18.31908549 18.12027833 18.64835984 19.31312127
 19.60511928 19.71694831 19.5554175  20.6861332  19.46222664 19.65482107
 21.1334493  22.48161034 17.5611332  16.69756461 17.89662028 18.99005964
 19.80392644 17.95874751 20.30094433 20.43141153 19.37524851 21.51242545
 19.90333002 20.24502982 22.50024851 21.81684891 18.85959245 19.23235586
 18.02708748 18.26317097 18.69806163 18.73533797 19.58026839 19.54299205
 18.93414513 23.1028827  21.35089463 20.72962227 20.62400596 20.92842942
 18.04572565 17.75372763 18.38742545 20.23260437 18.64214712 20.37549702
 19.23856859 18.17619284 20.03379722 21.91003976 20.14562624 22.09642147
 20.93464215 21.6304672  21.19557654 18.43091451 18.69184891 17.95874751
 19.05218688 17.5611332  19.14537773 19.1640159  19.9778827  20.76068588
 21.16451292 20.29473161 22.89786282 21.91003976 20.40656064 18.87201789
 19.20129225 17.72887674 19.58026839 18.86580517 19.90954274 19.77286282
 19.92196819 19.17644135 19.03976143 24.19010934 21.09617296 19.76043738
 23.20849901 20.00894632 18.59244533 19.51814115 19.05218688 19.48707753
 20.40034791 17.26913519 20.69855865 19.82256461 19.34418489 20.98434394
 19.94681909 19.94681909 21.00919483 19.52435388 17.63568588 18.62350895
 17.55492048 19.61754473 17.33126243 19.44358847 21.18315109 20.35685885
 20.54324056 20.84145129 20.73583499 21.29498012 19.8971173  21.81684891
 16.70999006 17.46794235 18.70427435 17.1945825  18.99005964 16.93986083
 19.81013917 20.01515905 19.57405567 20.91600398 21.20178926 20.15183897
 20.83523857 21.10859841 17.9276839  16.34343936 16.64786282 18.89686879
 17.88419483 18.76640159 19.92818091 19.44358847 20.2139662  18.94657058
 19.98409543 20.51217694 21.53727634 21.6304672  19.20750497 18.99627237
 18.86580517 17.42445328 17.82206759 19.20750497 18.44333996 19.52435388
 20.73583499 21.99080517 21.87276342 20.46868787 21.78578529 21.76093439
 20.48111332 18.55516899]",35691.008999171856
2025-06-15 05:38:00+00:00,338,3427.0,9.0,19.648867669897598,19.64550198807157,24.0720675944334,"[16.07007952 20.20154076 17.78479125 19.99030815 18.89065606 19.00248509
 19.33175944 21.23285288 21.95352883 20.72340954 21.43166004 20.96570577
 20.9222167  18.69806163 18.76640159 17.28156064 18.44333996 17.31262425
 18.33151093 18.80989066 20.17668986 18.99005964 21.34468191 20.32579523
 22.26416501 21.85412525 21.63667992 17.30641153 17.96496024 17.75372763
 18.74776342 18.33151093 19.71694831 19.92818091 20.78553678 20.95949304
 19.83499006 19.52435388 22.19582505 21.52485089 21.1334493  18.5862326
 18.91550696 17.56734592 20.37549702 17.98359841 17.89662028 18.79746521
 20.04622266 19.27584493 19.0583996  19.84120278 21.2887674  21.33846918
 21.1583002  20.83523857 16.72862823 18.45576541 16.45526839 20.19532803
 19.02112326 19.35661034 18.87201789 19.21371769 21.04025845 20.6861332
 20.61158052 20.99676938 21.22042744 21.64910537 17.94632207 17.1138171
 17.12624254 19.37524851 21.00919483 20.4749006  18.36257455 20.7917495
 19.81013917 20.46868787 20.30094433 21.98459245 21.69880716 24.07206759
 17.51143141 19.79150099 16.99577535 18.60487078 19.52435388 19.65482107
 18.73533797 21.96595427 20.01515905 21.79199801 22.09642147 19.99652087
 20.46868787 22.50646123 21.22042744 16.44905567 17.98359841 18.97763419
 18.90929423 19.71073559 19.03354871 19.54299205 20.79796223 18.85337972
 19.11431412 20.7109841  20.65506958 21.17693837 21.8416998  17.44309145
 17.50521869 16.54845924 19.39388668 19.05218688 21.50621272 19.57405567
 18.64835984 18.80367793 19.71073559 21.42544732 20.26988072 21.53106362
 20.85387674 16.89015905 17.68538767 18.38742545 17.99602386 17.87176938
 17.57977137 19.65482107 20.39413519 19.96545726 20.52460239 20.87251491
 20.53081511 20.86630219 20.97813121 17.48036779 17.15730616 17.64811133
 19.51192843 19.94060636 17.31262425 18.7415507  17.84691849 19.01491054
 21.9473161  20.18911531 20.46868787 22.25173956 19.8971173  20.33200795
 18.1637674  19.15780318 20.50596421 18.43091451 17.99602386 18.53031809
 19.17644135 20.05864811 19.91575547 20.20154076 21.53106362 20.20775348
 22.05914513 22.75497018 19.00248509 19.62375746 17.06411531 18.23210736
 19.34418489 20.05864811 18.69806163 19.9778827  19.52435388 20.30094433
 20.25745527 20.04000994 21.97837972 22.32629225 18.17619284 18.1637674
 16.38071571 18.07678926 19.43116302 18.30044732 20.66128231 20.05864811
 18.93414513 21.45029821 20.76068588 19.69209742 19.51192843 21.3943837
 22.43190855 17.26913519]",35626.8516764094
2025-06-15 05:39:00+00:00,339,3444.67,9.0,19.70205614448339,19.70039140159046,23.78628230616302,"[18.51789264 17.54870775 18.89065606 19.23235586 18.16998012 18.41227634
 18.63593439 20.14562624 21.8416998  22.22067594 20.19532803 21.8416998
 22.06535785 18.5862326  17.07654076 18.44333996 18.05193837 19.73558648
 17.6916004  19.54920477 20.00894632 17.57977137 18.87201789 21.69259443
 20.25124254 20.38792247 22.74254473 18.4806163  18.12649105 16.34343936
 19.34418489 18.99005964 20.53702783 20.17668986 19.65482107 20.3195825
 20.61158052 21.68638171 21.68016899 21.08996024 21.58076541 18.65457256
 18.20104374 18.28180915 17.87798211 19.7666501  18.72912525 19.84741551
 19.36282306 19.18265408 20.81038767 19.9778827  21.07132207 21.76093439
 23.14637177 22.39463221 20.80417495 16.56709742 17.48658052 19.21371769
 19.5305666  21.64289264 19.87847913 18.98384692 21.0526839  21.04647117
 21.25149105 20.82902584 20.30094433 22.53752485 17.46794235 18.1637674
 18.08300199 17.53628231 18.47440358 17.78479125 18.97763419 19.0832505
 19.94681909 21.81063618 20.66128231 19.59890656 21.15208748 20.39413519
 17.76615308 19.59890656 17.36853877 20.56187873 20.43762425 19.38767396
 18.82852883 18.38121272 21.92867793 21.14587475 21.96595427 19.98409543
 20.86008946 20.12077535 20.1083499  17.95874751 17.54249503 18.53653082
 18.67942346 18.36878728 21.31983101 19.43116302 18.9527833  21.2887674
 20.80417495 19.98409543 21.46893638 22.36356859 21.11481113 17.57355865
 18.76640159 19.28827038 18.31908549 18.77261431 19.35661034 18.90308151
 19.67967197 18.10785288 19.9778827  20.22017893 21.8665507  20.99055666
 20.26366799 17.61083499 17.92147117 18.77882704 20.08971173 19.34418489
 19.4249503  20.72340954 20.27609344 20.28851889 20.63643141 19.75422465
 20.96570577 20.95328032 21.40680915 17.05790258 19.10810139 17.04547714
 18.08921471 18.847167   19.20129225 17.75372763 21.58076541 20.15805169
 19.37524851 19.7417992  18.94035785 20.31336978 22.18961233 19.75422465
 18.46819085 20.02137177 17.95874751 18.35014911 18.46819085 18.6110835
 18.76018887 19.62997018 21.03404573 21.42544732 21.62425447 22.39463221
 21.51242545 20.25745527 19.15159046 19.19507952 20.17047714 18.30666004
 19.44358847 18.58001988 19.94681909 18.12027833 21.64289264 19.7666501
 19.08946322 21.82927435 20.57430417 21.5        18.18861829 18.15755467
 17.39960239 19.07703777 17.38717694 18.6110835  18.94035785 19.34418489
 20.20154076 20.86008946 20.67992048 20.38792247 21.5        20.93464215
 23.78628231 16.77833002]",35804.79903698362
2025-06-15 05:40:00+00:00,340,3466.41,9.0,19.767260856196188,19.76792370775348,23.332753479125245,"[16.88394632 18.89686879 18.97142147 18.73533797 18.66078529 19.51192843
 18.69806163 20.23260437 20.98434394 20.77932406 22.45054672 22.32629225
 21.22042744 19.1640159  20.4749006  19.41873757 18.33772366 19.7417992
 18.21346918 19.47465209 19.38146123 21.04647117 23.05318091 20.24502982
 21.45029821 21.25149105 22.30144135 15.74701789 16.5111829  18.95899602
 19.49329026 18.61729622 20.81038767 19.93439364 19.37524851 19.5554175
 19.62375746 19.10188867 23.33275348 21.10238569 19.19507952 19.07703777
 18.847167   17.16351889 17.78479125 18.66699801 20.53081511 19.9778827
 20.89736581 19.44358847 20.11456262 19.88469185 21.80442346 21.51242545
 20.02137177 23.22713718 18.47440358 18.51167992 20.91600398 16.70999006
 19.04597416 17.64811133 19.4249503  20.6861332  19.72316103 20.31336978
 21.18315109 19.6610338  21.99701789 22.98484095 18.09542744 18.08300199
 19.18265408 16.69135189 19.53677932 19.51192843 19.45601392 20.02137177
 19.77286282 20.12077535 18.49925447 21.10859841 20.85387674 20.2388171
 20.26366799 18.46197813 16.99577535 18.98384692 21.85412525 19.41252485
 19.80392644 20.48732604 20.15183897 20.02758449 22.10884692 20.13941352
 20.87251491 21.65531809 20.93464215 16.52360835 18.17619284 18.39363817
 18.39363817 18.78503976 20.33200795 18.31908549 20.27609344 22.08399602
 20.04622266 19.44980119 19.95303181 21.35089463 21.32604374 16.69135189
 17.99602386 18.66699801 17.97117296 20.05243539 19.70452286 19.28827038
 20.3444334  21.84791252 20.89115308 18.85337972 20.91600398 21.53106362
 22.68663022 18.77261431 17.67917495 19.43116302 19.83499006 20.71719682
 20.49353877 20.25745527 18.16998012 19.67345924 22.08399602 22.04050696
 20.25745527 19.80392644 21.32604374 18.19483101 17.36232604 17.76615308
 18.67321074 19.0583996  19.03976143 21.17072565 19.07703777 18.85337972
 19.56784294 20.40656064 20.64264414 21.28255467 23.05939364 19.74801193
 17.09517893 17.35611332 18.59865805 19.52435388 17.5859841  18.18240557
 19.89090457 19.54920477 20.10213718 19.54920477 20.38170974 21.64289264
 20.28851889 21.23906561 19.26341948 18.69184891 18.94657058 17.30019881
 18.17619284 19.30690855 21.13966203 19.15159046 20.58672962 20.54324056
 22.32629225 21.56212724 20.63643141 21.06510934 19.35039761 18.09542744
 18.45576541 18.48682903 19.85984095 19.50571571 17.87798211 19.25099404
 20.64885686 20.3195825  20.94085487 19.76043738 20.77311133 21.79821074
 22.13369781 18.52410537]",36022.94792048996
2025-06-15 05:41:00+00:00,341,3464.5299999999997,9.0,19.76276738397071,19.76208374751491,23.22092445328032,"[17.55492048 18.77882704 19.78528827 17.20700795 20.60536779 18.35014911
 20.38170974 19.92818091 18.66078529 22.53131213 21.14587475 21.80442346
 22.25173956 18.66699801 19.09567594 18.58001988 18.86580517 17.68538767
 18.07057654 20.92842942 20.13941352 20.25745527 19.19507952 20.15805169
 19.68588469 20.01515905 21.01540755 17.56734592 18.92171968 15.57306163
 18.41227634 20.24502982 19.28205765 19.36282306 20.56809145 20.16426441
 20.07107356 20.84766402 20.54324056 21.51863817 21.82306163 17.53628231
 18.69184891 17.64189861 19.75422465 18.35636183 18.52410537 20.29473161
 20.39413519 18.49925447 19.79150099 21.81063618 20.69234592 20.35064612
 21.20800199 22.79845924 17.3250497  18.62972167 19.33175944 17.98981113
 19.7417992  18.26317097 19.21993042 21.20178926 19.25720676 20.43141153
 20.38170974 21.1334493  21.54970179 21.18936382 16.18190855 17.92147117
 19.76043738 17.48036779 17.84691849 19.79150099 19.6610338  18.56759443
 21.06510934 20.44383698 20.12077535 20.72962227 21.75472167 21.54970179
 17.20700795 18.87201789 16.62922465 19.10188867 18.77261431 19.64860835
 19.94060636 19.33797217 18.47440358 18.847167   19.48707753 19.7417992
 20.57430417 22.89786282 21.80442346 17.95874751 17.59840954 18.9527833
 15.90233598 19.99030815 18.99627237 19.64860835 19.58648111 21.03404573
 20.54324056 21.89761431 18.8223161  21.74850895 22.86058648 17.51764414
 17.3499006  16.93364811 20.2388171  20.66128231 18.25074553 19.60511928
 19.71694831 20.66749503 21.2639165  22.05293241 22.55616302 21.09617296
 21.40059642 16.26888668 18.64214712 18.49925447 17.79100398 20.94706759
 19.48707753 19.97166998 18.67321074 18.96520875 21.68016899 22.10263419
 20.82281312 21.55591451 20.1332008  17.07654076 17.60462227 19.37524851
 19.33797217 20.7109841  20.19532803 19.93439364 19.59890656 20.06486083
 21.7112326  20.75447316 21.35089463 21.52485089 21.92246521 21.77957256
 20.36307157 17.10760437 18.59244533 19.46222664 18.92793241 19.54920477
 20.11456262 18.54895626 21.11481113 21.70501988 20.44383698 20.41277336
 22.84194831 22.27659046 18.04572565 17.28156064 19.12673956 18.03951292
 19.35039761 19.91575547 20.07107356 19.11431412 20.56187873 20.87251491
 21.04647117 20.96570577 20.89736581 21.69259443 18.13270378 18.25074553
 18.59244533 18.07057654 17.82828032 19.69831014 19.5305666  19.21371769
 20.53702783 22.35114314 21.42544732 20.86630219 21.12102386 20.48111332
 23.22092445 18.87201789]",36007.914559812416
2025-06-15 05:42:00+00:00,342,3504.4800000000005,9.0,19.881721520355256,19.886182902584494,23.63717693836978,"[17.6916004  17.53628231 19.25099404 21.33846918 20.10213718 21.30740557
 21.5        20.98434394 20.94085487 20.42519881 21.11481113 21.22664016
 23.2333499  17.71023857 17.94010934 18.41227634 18.6110835  19.13916501
 18.10164016 18.98384692 20.31336978 21.1583002  19.43737575 19.39388668
 20.15183897 21.45651093 20.66128231 17.97738569 17.55492048 17.74751491
 18.375      19.31312127 20.18290258 20.04622266 19.48086481 18.59244533
 21.07132207 20.59294235 22.27037773 22.27037773 20.93464215 18.46819085
 19.84741551 17.82828032 20.12077535 17.61083499 17.95253479 21.58076541
 19.26341948 19.6610338  20.61779324 20.40656064 21.51863817 21.99701789
 22.39463221 21.25770378 18.48682903 18.375      19.20129225 20.15805169
 18.69184891 20.0027336  19.51192843 20.94085487 20.41277336 20.99055666
 20.59294235 22.67420477 22.42569583 22.46918489 17.55492048 19.49329026
 17.97117296 18.53031809 20.01515905 19.58026839 19.51192843 19.35039761
 19.1888668  22.70526839 20.5805169  21.91003976 20.4749006  22.95377734
 18.44955268 18.42470179 19.52435388 19.11431412 19.35039761 19.98409543
 20.22639165 20.79796223 18.89065606 20.6861332  21.66774354 22.02186879
 21.19557654 21.6056163  20.43762425 16.33722664 17.98981113 18.36257455
 19.1888668  20.555666   20.81038767 18.13270378 21.43787276 21.08374751
 20.7917495  20.31336978 20.50596421 18.53031809 22.53131213 18.72291252
 18.45576541 17.71645129 20.59294235 20.1332008  17.54249503 19.14537773
 19.14537773 18.15134195 20.69234592 21.08996024 20.65506958 21.80442346
 22.72390656 18.71048708 18.49304175 19.76043738 18.62972167 19.19507952
 18.78503976 21.43787276 18.51167992 18.80989066 20.11456262 18.77882704
 22.33871769 22.12127237 20.95949304 18.36878728 17.06411531 19.18265408
 17.41824056 19.44980119 16.90258449 19.17644135 20.56187873 20.65506958
 21.3943837  21.54348907 21.38195825 20.50596421 20.51217694 21.06510934
 19.18265408 20.13941352 18.56759443 20.72340954 18.5054672  19.92196819
 18.87201789 19.4249503  18.06436382 20.63643141 20.89736581 19.59269384
 21.6304672  20.66749503 17.16973161 17.66053678 18.39363817 18.25695825
 17.72266402 18.19483101 20.8166004  20.28230616 20.4749006  20.71719682
 20.90979125 21.22042744 23.00969185 20.13941352 17.13245527 18.23210736
 17.96496024 20.63643141 17.67296223 18.87823062 19.72937376 19.14537773
 19.95924453 20.59915507 21.56833996 21.97837972 21.03404573 21.40059642
 23.63717694 18.71048708]",36405.88751850054
2025-06-15 05:43:00+00:00,343,3442.57,9.0,19.70008777051801,19.6938680417495,23.07181908548708,"[17.41202783 18.23832008 20.17668986 18.78503976 18.88444334 20.06486083
 20.3444334  20.61158052 19.62997018 22.86058648 22.59965209 20.4749006
 21.16451292 18.18861829 16.67271372 19.85362823 17.13245527 19.8722664
 19.71694831 19.54299205 17.57977137 21.83548708 21.15208748 20.95328032
 20.36928429 22.25795229 20.86630219 16.57952286 16.90258449 18.31287276
 19.15780318 17.41202783 19.26341948 20.07728628 18.76018887 21.79821074
 20.2139662  19.10810139 20.13941352 21.12723658 20.77932406 18.77261431
 15.54821074 17.41824056 18.5862326  19.39388668 17.55492048 20.46868787
 18.80367793 20.07728628 21.25770378 20.24502982 23.07181909 20.70477137
 21.0526839  22.11505964 18.30666004 18.0084493  17.49279324 19.13916501
 19.2944831  20.0027336  20.49353877 20.39413519 19.79150099 20.38792247
 19.99652087 21.49378728 21.82927435 20.80417495 17.30019881 20.57430417
 17.71023857 18.67321074 19.0583996  18.10785288 19.90954274 19.71694831
 19.82256461 21.72987078 18.74776342 22.85437376 21.20800199 20.30094433
 16.6167992  18.78503976 17.91525845 20.36307157 19.36903579 20.07728628
 20.29473161 21.54970179 19.98409543 20.23260437 21.10859841 20.92842942
 21.69880716 21.72365805 22.54373757 20.04000994 18.89686879 18.00223658
 19.82256461 18.87201789 19.03976143 19.71073559 19.90333002 20.17047714
 18.22589463 20.07107356 20.91600398 20.29473161 21.86033797 18.43091451
 17.77857853 17.98981113 19.27584493 19.49950298 19.48707753 18.75397614
 20.555666   20.82902584 19.98409543 20.2139662  20.33822068 18.78503976
 21.93489066 18.03951292 19.17022863 17.46172962 19.01491054 18.07678926
 17.63568588 18.19483101 18.79746521 19.20750497 19.62997018 20.7917495
 21.34468191 20.10213718 22.17097416 19.19507952 18.38121272 20.20775348
 19.13916501 19.65482107 18.52410537 19.4249503  19.07082505 20.74204771
 20.51217694 19.95924453 20.26988072 20.1332008  20.5805169  22.28280318
 17.77857853 18.18240557 18.60487078 17.61083499 19.6361829  18.76640159
 19.49950298 20.3444334  20.48111332 19.54299205 20.23260437 19.45601392
 20.7917495  22.81088469 18.40606362 18.0333002  18.0333002  18.23832008
 19.02112326 19.85362823 20.3195825  19.71073559 18.56138171 22.02186879
 20.13941352 20.64885686 21.43787276 20.66749503 19.71694831 19.36903579
 17.06411531 18.31287276 19.62375746 20.89736581 20.41898608 18.92171968
 20.12698807 20.15183897 20.54324056 20.13941352 18.75397614 22.14612326
 19.51814115 18.55516899]",35798.21364504505
2025-06-15 05:44:00+00:00,344,3460.87,9.0,19.755162647476105,19.750714463220675,23.028330019880713,"[18.53653082 18.85337972 19.71073559 18.43091451 17.12624254 20.40656064
 19.1888668  23.02833002 21.89761431 20.37549702 21.66774354 19.33175944
 22.66177932 18.42470179 16.10114314 18.0084493  18.91550696 19.59269384
 20.53702783 19.51814115 19.13295229 20.4749006  20.36928429 21.62425447
 21.80442346 20.79796223 22.63692843 17.20079523 17.39960239 16.24403579
 19.6610338  19.78528827 17.74751491 19.35039761 20.49353877 19.03354871
 20.38792247 21.8665507  20.64264414 20.80417495 21.23906561 15.85884692
 17.92147117 18.08300199 19.02733598 18.15755467 20.49975149 18.45576541
 19.81013917 20.76068588 21.95974155 21.89761431 19.67345924 21.33225646
 20.88494036 21.54970179 20.12077535 18.08300199 19.00869781 18.67942346
 17.27534791 19.84741551 19.49950298 19.77286282 20.90979125 18.43091451
 21.66153082 20.48111332 20.82281312 20.43141153 18.08921471 18.97142147
 18.70427435 17.56734592 19.59890656 18.0333002  19.43737575 17.82828032
 21.21421471 19.61133201 21.24527833 20.60536779 21.24527833 22.10884692
 16.89637177 19.20750497 19.25099404 19.03354871 18.82852883 19.60511928
 20.75447316 20.13941352 19.71694831 20.66128231 21.76093439 20.64264414
 21.55591451 20.79796223 21.40059642 19.19507952 18.82852883 17.65432406
 18.01466203 17.7972167  20.17668986 19.8722664  20.8166004  19.72937376
 21.6304672  20.92842942 20.40034791 21.53727634 20.2388171  16.5111829
 18.58001988 17.63568588 18.33772366 19.87847913 19.33175944 21.23906561
 19.65482107 19.46222664 19.82877734 21.77957256 21.04025845 22.43190855
 20.3444334  17.96496024 17.84070577 19.62375746 19.38146123 19.0832505
 20.61158052 19.72316103 19.05218688 20.57430417 20.84145129 22.06535785
 19.56163022 21.22664016 20.98434394 16.72862823 17.72887674 18.25695825
 18.21968191 18.06436382 19.71073559 19.99030815 19.36903579 21.35710736
 20.74826044 20.26366799 20.58672962 20.41277336 22.56237575 21.03404573
 17.430666   18.5054672  18.14512922 19.69831014 18.44955268 18.81610338
 19.10188867 20.60536779 20.56809145 20.39413519 20.51217694 20.7109841
 20.66128231 20.95949304 18.16998012 17.64189861 19.21371769 19.50571571
 19.47465209 19.21371769 20.89736581 19.58026839 20.08971173 20.87251491
 21.09617296 21.34468191 21.40059642 20.67992048 18.33772366 18.95899602
 18.33772366 19.20129225 18.65457256 19.81635189 19.09567594 21.06510934
 18.90308151 18.97763419 20.28230616 20.63021869 20.04000994 21.2639165
 21.36332008 18.6110835 ]",35982.472153396055
2025-06-15 05:45:00+00:00,345,3474.34,9.0,19.795989371400154,19.79255715705765,23.985089463220675,"[18.44955268 18.64214712 17.94632207 18.18861829 18.5054672  18.94657058
 19.79771372 20.50596421 19.37524851 20.95949304 21.04025845 22.97862823
 22.00944334 19.64860835 18.78503976 18.64835984 18.31287276 19.21371769
 19.74801193 20.77311133 20.82281312 20.40656064 21.10238569 21.2887674
 21.17693837 20.4749006  20.65506958 18.31287276 18.72912525 18.46819085
 18.83474155 19.41873757 19.39388668 19.68588469 18.49304175 20.27609344
 19.66724652 20.40034791 20.46868787 20.02137177 20.87251491 19.23235586
 18.29423459 18.80367793 18.68563618 19.96545726 19.27584493 20.99676938
 20.31336978 19.49950298 21.04647117 20.555666   19.10188867 20.59294235
 22.54373757 22.22067594 16.67271372 18.13270378 19.1888668  18.11406561
 21.33225646 20.16426441 18.89065606 17.51143141 20.19532803 21.43787276
 21.57455268 19.0583996  21.54348907 21.45651093 17.70402584 18.80989066
 18.0084493  18.60487078 17.97738569 19.74801193 18.99627237 19.8971173
 20.60536779 19.59890656 22.7611829  22.87301193 20.26988072 20.83523857
 19.48086481 18.01466203 18.39985089 18.45576541 18.22589463 19.48707753
 19.20129225 19.71073559 19.98409543 20.86008946 20.51838966 20.28851889
 21.99080517 19.59269384 21.32604374 17.46794235 19.0583996  18.90308151
 18.59865805 18.8223161  21.08996024 18.34393638 20.87251491 18.90929423
 20.25745527 21.72987078 23.05318091 20.25745527 20.45626243 18.2445328
 18.73533797 18.51167992 18.00223658 20.39413519 19.47465209 20.00894632
 19.54299205 18.83474155 20.41898608 19.75422465 21.6304672  20.46247515
 22.92892644 15.71595427 19.28205765 17.902833   16.90879722 19.01491054
 20.25745527 20.28230616 18.17619284 21.1334493  19.22614314 19.60511928
 19.49329026 19.92196819 20.89736581 18.20104374 17.72266402 19.94681909
 17.60462227 18.23832008 19.49950298 18.99627237 20.24502982 20.54945328
 20.15805169 21.0526839  20.12077535 23.40730616 22.87301193 22.69284294
 18.07678926 19.36903579 18.20104374 18.42470179 17.08275348 19.01491054
 21.19557654 19.6361829  20.32579523 20.90357853 20.20154076 20.99055666
 23.98508946 20.7917495  17.47415507 18.02708748 17.97117296 20.1083499
 19.2944831  17.86555666 18.8223161  19.25720676 20.29473161 20.20154076
 20.54945328 22.02808151 22.08399602 23.46322068 19.52435388 17.37475149
 20.555666   17.10760437 19.54920477 18.81610338 21.22042744 19.92196819
 20.51838966 19.51814115 21.46893638 19.6361829  23.86704771 21.89761431
 21.23906561 16.69135189]",36119.062040956356
2025-06-15 05:46:00+00:00,346,3512.2,9.0,19.90879741981347,19.910164015904574,23.82355864811133,"[18.18861829 18.31908549 20.56187873 20.56809145 20.80417495 19.96545726
 19.77286282 22.10884692 20.22639165 20.86630219 20.77311133 22.46918489
 23.50670974 18.97142147 18.59244533 18.12027833 17.71023857 20.38792247
 19.43737575 20.49353877 18.46197813 19.99030815 22.36356859 21.64910537
 21.35089463 19.85362823 21.97837972 17.98359841 18.38121272 18.41227634
 17.14488072 17.66053678 19.27584493 17.61083499 18.60487078 21.33225646
 21.0526839  21.02162028 21.13966203 22.09642147 22.16476143 16.86530815
 18.62972167 17.89662028 18.8223161  19.5305666  19.17644135 18.23210736
 19.95303181 19.48086481 19.85984095 18.90929423 21.00919483 23.14637177
 19.08946322 22.04671968 18.28802187 17.44309145 18.46819085 17.1945825
 20.22017893 20.25745527 19.72937376 18.8223161  18.57380716 21.51242545
 21.53727634 22.3138668  22.22067594 21.09617296 18.06436382 17.72266402
 17.2194334  18.4806163  18.28802187 17.71645129 19.7666501  20.71719682
 20.22639165 20.22639165 21.18315109 20.66128231 22.96620278 21.08996024
 17.9276839  18.15755467 18.02708748 16.85909543 19.01491054 18.0333002
 18.94657058 18.66078529 19.2944831  20.67370775 21.16451292 21.1583002
 21.13966203 19.4249503  21.50621272 18.79125249 16.05144135 17.44309145
 19.26341948 20.13941352 19.44358847 18.80989066 20.03379722 21.06510934
 20.6861332  21.09617296 21.07132207 20.52460239 23.82355865 18.12649105
 19.319334   20.72340954 19.00869781 20.41898608 20.35685885 20.7917495
 20.12698807 21.0526839  18.72291252 22.37599404 20.40034791 22.05293241
 23.24577535 18.27559642 18.49304175 18.36257455 18.12027833 19.46843936
 20.84766402 20.15805169 20.02758449 19.45601392 22.57480119 19.61754473
 21.40680915 20.59294235 20.77932406 18.44955268 18.02708748 18.85959245
 18.48682903 18.57380716 19.33797217 19.8722664  20.97191849 20.0027336
 20.86008946 22.22067594 19.71073559 20.54324056 22.0777833  21.33846918
 17.90904573 19.21371769 18.95899602 18.94657058 18.72912525 20.74204771
 20.37549702 21.17072565 18.41848907 20.39413519 22.29522863 21.29498012
 22.7611829  21.36332008 17.74751491 21.20178926 18.69184891 18.88444334
 20.13941352 19.36903579 20.90979125 19.89090457 18.97142147 20.62400596
 21.13966203 23.35139165 20.64264414 21.8665507  18.76640159 17.78479125
 17.73508946 21.19557654 20.35064612 21.17072565 20.15805169 18.77882704
 20.69855865 19.4249503  21.09617296 19.57405567 20.24502982 21.93489066
 22.63071571 15.98931412]",36496.47264772794
2025-06-15 05:47:00+00:00,347,3498.94,9.0,19.870753459500968,19.86897365805169,23.01590457256461,"[16.91500994 17.87798211 16.82803181 19.28827038 17.77236581 18.15755467
 20.43141153 21.17693837 21.82306163 22.09642147 20.41898608 20.15183897
 21.06510934 19.60511928 18.28802187 18.45576541 18.54895626 18.25695825
 19.4000994  20.08971173 18.91550696 20.59294235 20.81038767 20.8166004
 21.08374751 20.56809145 21.30740557 18.1389165  18.26317097 19.48707753
 18.99627237 20.53081511 19.1640159  18.97763419 20.555666   18.89065606
 20.53081511 20.8166004  20.7917495  20.77311133 22.63071571 17.80964215
 18.05815109 18.28180915 20.30715706 18.53031809 20.25124254 18.44333996
 18.38121272 20.33200795 20.51217694 19.00869781 20.04000994 19.73558648
 21.25770378 21.97837972 17.71023857 16.86530815 18.54274354 18.11406561
 19.32554672 20.09592445 20.2139662  20.60536779 21.6056163  22.04671968
 22.56237575 22.2082505  21.19557654 22.58101392 19.51192843 17.98981113
 16.33101392 18.60487078 20.20154076 21.23285288 18.39985089 18.83474155
 20.90357853 20.87872763 21.09617296 22.19582505 20.56187873 20.48732604
 18.73533797 16.9833499  19.54299205 19.35661034 19.21371769 18.41848907
 19.48086481 19.40631213 19.10810139 20.36928429 22.15854871 21.18936382
 20.95949304 20.17668986 21.13966203 17.79100398 18.10785288 20.13941352
 19.83499006 19.73558648 19.69209742 21.1583002  20.05243539 20.07107356
 21.027833   21.47514911 20.74826044 21.6056163  21.8416998  18.66078529
 18.2445328  20.7109841  19.76043738 16.81560636 18.76640159 20.04622266
 20.7109841  19.48086481 20.4749006  21.54348907 20.65506958 21.25770378
 21.69880716 17.17594433 17.41202783 17.59219682 19.65482107 17.75994036
 20.26988072 19.43116302 21.68638171 21.21421471 21.17693837 21.61804175
 23.01590457 20.5805169  21.1583002  17.66053678 17.83449304 18.30666004
 19.61133201 19.53677932 20.41898608 19.36282306 21.01540755 20.84766402
 21.25770378 20.8166004  22.09642147 20.57430417 21.53727634 22.0777833
 18.7166998  19.12673956 18.1389165  19.58648111 18.54895626 18.98384692
 19.30690855 19.71694831 20.64885686 17.95874751 20.86630219 20.30715706
 21.33846918 21.7112326  16.74105368 19.13295229 18.49304175 19.39388668
 17.74130219 18.31287276 20.40656064 18.99627237 20.71719682 19.31312127
 19.34418489 21.91625249 19.46843936 22.25795229 18.25074553 18.1389165
 18.5054672  18.63593439 20.36307157 20.28230616 19.25099404 18.64214712
 20.67370775 20.45626243 21.04647117 22.32007952 21.25149105 22.98484095
 22.02186879 19.61133201]",36369.192774106436
2025-06-15 05:48:00+00:00,348,3509.34,9.0,19.902536520465855,19.901279821073558,23.42594433399602,"[18.36878728 18.05815109 19.30069583 20.26366799 20.11456262 19.07703777
 20.35685885 19.49329026 20.12077535 19.07703777 21.43166004 21.16451292
 19.82877734 19.62997018 18.83474155 19.38767396 20.71719682 18.08921471
 20.67370775 21.82927435 21.17072565 19.61754473 21.46893638 21.972167
 20.41277336 21.22042744 20.3195825  17.42445328 18.25695825 18.33151093
 19.62997018 18.63593439 20.40034791 20.04000994 20.64885686 21.972167
 22.79845924 20.83523857 20.90357853 21.5        20.3195825  18.32529821
 20.51838966 19.4249503  19.25720676 18.23210736 19.7666501  18.8223161
 19.58026839 19.36282306 20.11456262 19.59269384 20.92842942 20.90357853
 20.05243539 23.42594433 17.80964215 18.07678926 18.60487078 18.44333996
 19.39388668 20.43141153 19.62375746 21.41923459 19.81635189 19.9778827
 20.66128231 20.37549702 22.87922465 21.38817097 17.13866799 16.21918489
 20.26366799 19.48086481 19.10188867 20.59915507 17.80964215 21.24527833
 19.7417992  21.80442346 21.15208748 19.8971173  22.51267396 20.83523857
 17.87176938 19.76043738 17.75994036 17.68538767 18.66699801 19.03976143
 18.42470179 19.74801193 20.54324056 21.55591451 20.02137177 20.01515905
 20.84145129 21.52485089 21.59319085 17.3499006  18.39363817 18.16998012
 19.81013917 19.58026839 18.86580517 20.10213718 20.58672962 20.07107356
 20.48732604 21.64910537 21.95352883 22.40084493 21.95974155 17.80964215
 17.81585487 18.63593439 18.76018887 19.56163022 20.01515905 20.555666
 22.45054672 19.99652087 21.81684891 21.3943837  21.53727634 22.30144135
 20.20154076 16.93364811 19.10188867 19.26341948 18.45576541 18.04572565
 18.91550696 19.94060636 20.61779324 20.9222167  21.2887674  21.17072565
 22.45054672 21.75472167 21.53727634 18.31908549 18.39985089 18.52410537
 18.45576541 18.35636183 20.91600398 18.46197813 18.69184891 20.84145129
 20.08971173 20.38792247 21.89140159 20.7109841  21.8665507  21.23285288
 18.05193837 18.59865805 18.5054672  19.05218688 19.51192843 19.06461233
 18.6110835  18.18240557 19.51192843 21.05889662 20.44383698 22.63071571
 20.66128231 22.13369781 17.49900596 17.97738569 20.08971173 19.04597416
 19.33175944 18.99627237 19.36282306 19.71694831 20.30715706 21.3695328
 20.99676938 20.64264414 19.26341948 22.00944334 17.2194334  17.23807157
 18.59865805 17.54870775 19.96545726 17.54870775 20.53081511 20.30715706
 20.77932406 21.1583002  20.25745527 20.54945328 21.76093439 20.97813121
 21.2887674  16.36207753]",36475.52618287057
2025-06-15 05:49:00+00:00,349,3540.7200000000003,9.0,19.996237784697406,19.998757455268386,23.954025844930417,"[19.85362823 17.61083499 19.01491054 19.49329026 19.13916501 19.25099404
 20.36307157 21.07753479 21.41302187 20.33822068 22.54373757 20.26366799
 22.58722664 19.23856859 19.18265408 19.52435388 18.28802187 21.08374751
 19.81635189 20.14562624 20.23260437 20.8166004  18.78503976 21.12723658
 21.9473161  20.4749006  21.89140159 18.53031809 20.71719682 20.42519881
 18.20725646 19.61754473 19.46843936 18.79746521 21.8665507  19.50571571
 18.89065606 20.67992048 21.04025845 20.83523857 20.76068588 17.53628231
 17.74751491 16.80939364 18.59865805 19.07703777 18.67321074 19.60511928
 20.66128231 19.13916501 20.27609344 20.86630219 19.80392644 19.41873757
 21.78578529 22.58101392 17.53628231 18.49304175 18.74776342 17.84691849
 17.39338966 19.12052684 19.92818091 21.14587475 19.95303181 21.14587475
 19.72937376 20.38170974 20.66749503 20.81038767 18.89686879 18.12027833
 20.41277336 17.92147117 19.2944831  21.53106362 19.95924453 20.56187873
 20.17047714 21.87276342 20.87872763 23.95402584 21.87276342 20.98434394
 19.26963221 18.47440358 17.83449304 18.7415507  18.92171968 20.02758449
 19.49329026 19.92818091 19.89090457 21.14587475 20.74204771 19.65482107
 22.43812127 23.8359841  23.48185885 18.30044732 17.39960239 19.87847913
 16.38692843 18.42470179 21.27012922 19.53677932 20.51838966 19.03976143
 19.78528827 21.83548708 19.41252485 22.84194831 21.2639165  18.80989066
 19.4000994  19.98409543 19.38146123 19.39388668 18.90929423 19.68588469
 22.66177932 21.2887674  22.23931412 20.50596421 22.17718688 20.33200795
 23.1277336  18.20725646 19.09567594 18.2693837  18.56759443 20.07107356
 19.01491054 20.43762425 18.73533797 19.00248509 20.82902584 21.38817097
 22.02186879 21.13966203 22.41327038 17.87798211 17.91525845 18.25695825
 18.06436382 18.19483101 19.85984095 20.36307157 19.18265408 20.11456262
 21.74850895 21.00298211 22.36978131 21.04647117 20.77932406 21.40680915
 17.43687873 17.1945825  18.60487078 17.64811133 19.93439364 20.04000994
 19.25099404 21.40059642 21.7112326  20.44383698 20.67370775 21.14587475
 21.31361829 20.28851889 18.87201789 17.93389662 17.24428429 18.16998012
 18.59244533 19.94681909 19.64239563 20.83523857 19.48086481 21.41923459
 20.59915507 22.04671968 22.35735586 22.77360835 17.59219682 19.38146123
 18.57380716 20.11456262 19.33797217 19.62375746 21.04647117 20.33200795
 20.07728628 20.62400596 21.48136183 21.90382704 20.84766402 20.6861332
 20.7917495  18.53031809]",36789.01313248365
2025-06-15 05:50:00+00:00,350,3551.79,9.0,20.030008635376124,20.033144880715707,23.960238568588466,"[18.47440358 17.57977137 20.25745527 19.71694831 18.94035785 20.04622266
 19.35661034 20.72340954 19.66724652 22.22067594 20.69234592 20.97813121
 21.95352883 19.59269384 16.97092445 17.69781312 20.00894632 19.15159046
 20.33822068 20.33822068 20.3195825  19.77907555 21.77957256 23.29547714
 22.25173956 19.19507952 21.19557654 17.91525845 19.4000994  17.76615308
 17.63568588 18.90308151 19.88469185 21.04647117 18.92171968 18.94035785
 19.69831014 22.17718688 22.12127237 21.27634195 22.23310139 18.67942346
 18.61729622 18.79746521 19.40631213 18.51167992 19.36282306 19.15159046
 20.29473161 20.25745527 20.7917495  21.8416998  21.92246521 20.73583499
 20.20775348 22.12748509 17.54870775 19.64239563 19.94681909 19.44358847
 19.90333002 19.20750497 19.95303181 20.51217694 20.66128231 21.27012922
 19.49329026 22.16476143 21.01540755 20.49975149 17.87176938 18.34393638
 17.77857853 18.51167992 20.28230616 21.05889662 18.52410537 20.99676938
 20.24502982 21.38817097 20.65506958 20.26366799 22.46297217 21.78578529
 20.06486083 18.5054672  18.61729622 18.87823062 18.14512922 20.59294235
 19.51814115 21.027833   21.10238569 19.43116302 21.21421471 20.81038767
 19.80392644 21.79821074 20.49975149 17.76615308 17.93389662 19.5305666
 19.67967197 18.71048708 19.59890656 21.20178926 19.26963221 21.72365805
 19.81013917 20.15183897 20.16426441 20.82281312 21.71744533 18.56759443
 17.84070577 17.18215706 19.31312127 18.99005964 18.48682903 19.64239563
 19.66724652 19.30690855 20.28851889 20.58672962 21.94110338 21.08374751
 22.79845924 18.93414513 19.57405567 18.76640159 18.85959245 21.46893638
 18.7166998  20.61779324 20.98434394 19.15780318 20.56187873 20.77311133
 19.5554175  22.25795229 23.71172962 18.4806163  17.37475149 18.90929423
 18.88444334 20.60536779 19.17022863 21.96595427 19.9778827  20.43762425
 20.85387674 19.79150099 21.17072565 21.66153082 21.98459245 22.45675944
 17.44309145 17.1945825  19.92818091 18.96520875 19.38146123 21.92246521
 19.25720676 19.6361829  20.67992048 19.56784294 21.80442346 22.01565606
 23.96023857 22.64314115 18.76640159 17.80964215 19.6361829  21.2887674
 21.18315109 21.0526839  19.75422465 19.87847913 22.54373757 19.52435388
 19.18265408 22.01565606 20.61779324 21.99701789 18.08921471 17.430666
 19.15780318 17.80964215 18.77882704 18.82852883 19.7417992  19.0583996
 20.75447316 19.92818091 19.71694831 20.82281312 22.95377734 20.22017893
 22.69905567 16.95849901]",36901.996890514354
2025-06-15 05:51:00+00:00,351,3540.58,9.0,19.998035495343323,19.998322564612327,23.457007952286283,"[20.14562624 20.82281312 19.28205765 18.40606362 19.79771372 19.41252485
 20.7917495  20.54945328 18.98384692 20.5805169  21.3943837  21.59940358
 22.23931412 18.08921471 18.0333002  18.85337972 19.80392644 17.85313121
 18.39363817 18.95899602 19.66724652 20.67370775 19.36903579 20.02758449
 22.91650099 19.88469185 22.444334   18.68563618 18.75397614 18.76018887
 18.97142147 18.5862326  21.25149105 19.45601392 19.8722664  20.00894632
 19.77286282 21.19557654 22.06535785 21.38195825 20.54324056 17.80342942
 18.14512922 17.430666   19.12052684 17.21322068 19.61133201 18.20104374
 19.91575547 20.26366799 22.21446322 20.4500497  20.48732604 19.30069583
 21.9473161  19.99030815 18.84095427 18.2693837  20.19532803 19.21993042
 20.31336978 20.40656064 19.51814115 20.4500497  20.71719682 20.14562624
 21.18315109 20.48111332 22.43812127 21.25770378 18.36257455 17.87798211
 18.21346918 19.58026839 17.28156064 18.84095427 19.58026839 20.49975149
 20.86630219 21.74229622 22.17097416 21.10859841 21.88518887 21.7360835
 18.43091451 18.98384692 20.0027336  18.56138171 21.2887674  19.62997018
 20.71719682 20.73583499 19.62997018 20.76068588 21.95352883 20.71719682
 20.61158052 21.35089463 22.71769384 17.33126243 18.53031809 18.85337972
 18.12649105 17.902833   20.81038767 18.2693837  21.15208748 20.06486083
 21.20800199 19.84741551 21.972167   21.76714712 22.66799205 18.51789264
 19.9778827  18.23210736 18.46197813 19.28827038 20.25124254 20.03379722
 21.27012922 19.62375746 19.54920477 20.23260437 21.76714712 20.3195825
 21.84791252 16.56709742 18.27559642 19.1888668  17.70402584 19.30069583
 19.40631213 19.11431412 19.54920477 21.55591451 21.23285288 21.35089463
 18.99005964 21.2887674  21.85412525 18.59244533 18.7415507  20.49353877
 20.00894632 19.66724652 18.54274354 19.41252485 21.06510934 20.04622266
 20.99676938 21.57455268 21.7360835  21.17072565 21.29498012 22.02808151
 18.67942346 18.08921471 19.67967197 19.69209742 19.10188867 20.05864811
 18.77882704 20.53081511 20.44383698 21.54970179 23.31411531 20.77932406
 23.45700795 20.80417495 17.33747515 17.42445328 18.5054672  19.76043738
 19.57405567 18.31287276 19.46222664 21.16451292 20.02758449 21.15208748
 20.79796223 21.58076541 22.48782306 21.17072565 17.66053678 18.29423459
 19.12673956 18.00223658 20.27609344 19.8722664  18.5862326  20.51838966
 20.09592445 20.74204771 20.67370775 21.25149105 21.90382704 22.33871769
 21.63667992 16.69135189]",36795.02755322063
2025-06-15 05:52:00+00:00,352,3545.4300000000003,9.0,20.013461360401756,20.0133884194831,25.084741550695824,"[18.51167992 19.08946322 17.41824056 19.91575547 19.90954274 19.64239563
 21.03404573 20.4500497  20.81038767 22.57480119 21.54970179 21.02162028
 22.40084493 18.63593439 18.36257455 20.82902584 18.1389165  18.73533797
 19.13295229 19.61133201 20.38792247 20.76689861 20.45626243 19.81013917
 22.2082505  21.76714712 23.09666998 16.70999006 16.81560636 18.62972167
 18.22589463 20.74826044 19.24478131 19.50571571 19.23235586 19.58648111
 20.36928429 20.40656064 21.35089463 20.40656064 25.08474155 18.01466203
 19.27584493 17.23807157 19.51192843 18.90929423 18.77261431 19.58026839
 18.23210736 20.35685885 19.6610338  21.20800199 20.72962227 21.53106362
 20.95328032 22.40084493 18.06436382 18.2693837  18.10164016 19.53677932
 19.57405567 22.25795229 21.32604374 18.90929423 20.45626243 20.57430417
 20.35685885 20.31336978 19.6361829  23.09045726 20.13941352 19.81635189
 18.69806163 20.43141153 19.11431412 19.6361829  19.4000994  21.3943837
 21.46893638 20.7917495  20.43762425 21.56212724 22.76739563 21.25149105
 18.34393638 17.51764414 20.28851889 20.79796223 20.18290258 19.75422465
 19.20750497 20.17668986 18.66078529 19.87847913 20.66749503 18.89686879
 20.76068588 21.48136183 21.46893638 17.1945825  19.51192843 18.93414513
 19.38146123 18.22589463 19.99030815 20.07728628 19.46222664 20.03379722
 20.56187873 21.41923459 21.99701789 21.9473161  21.17693837 16.46148111
 18.25074553 19.90954274 17.31262425 19.81635189 19.07703777 20.22017893
 19.62375746 18.99627237 20.73583499 20.48111332 21.18315109 21.54348907
 22.35114314 17.33747515 18.847167   18.97142147 18.23832008 19.68588469
 20.77932406 20.08971173 21.23906561 19.64860835 19.07703777 21.97837972
 22.39463221 21.46272366 22.05293241 19.21993042 19.00248509 18.87201789
 18.57380716 19.95303181 19.51192843 19.11431412 19.45601392 19.65482107
 20.81038767 21.10238569 20.27609344 22.2890159  22.34493042 22.39463221
 18.20104374 17.48658052 20.01515905 18.97763419 19.88469185 19.96545726
 20.41277336 19.30690855 21.79821074 20.54324056 20.04622266 22.73633201
 22.40084493 20.87872763 18.51789264 18.43712724 19.72937376 18.18240557
 18.41848907 20.3444334  19.80392644 20.46868787 20.87251491 19.41873757
 22.14612326 20.80417495 21.74229622 21.9473161  17.46794235 16.99577535
 18.98384692 18.16998012 17.5859841  19.07703777 19.64239563 20.61158052
 20.59915507 20.2139662  21.6056163  22.32007952 22.36356859 20.50596421
 20.42519881 17.94632207]",36846.63632736012
2025-06-15 05:53:00+00:00,353,3540.6499999999996,9.0,20.000473895737443,19.998540009940356,23.42594433399602,"[18.80989066 19.23856859 18.02708748 20.97813121 18.38121272 20.2388171
 19.25099404 22.61829026 21.33846918 20.72962227 22.01565606 22.05914513
 21.48136183 16.95849901 18.99005964 18.40606362 19.71073559 18.9527833
 19.21993042 18.41848907 20.30094433 20.73583499 18.27559642 21.50621272
 20.17047714 20.20154076 20.85387674 19.8971173  19.10188867 17.67296223
 18.55516899 18.09542744 19.35039761 21.32604374 20.03379722 18.94035785
 21.77335984 21.55591451 20.50596421 21.61804175 21.78578529 17.4555169
 17.59840954 18.18861829 18.89686879 18.91550696 19.64860835 20.61779324
 18.85337972 22.84816103 20.40034791 21.45651093 19.36282306 22.27037773
 21.34468191 21.72365805 17.96496024 19.91575547 19.44980119 18.60487078
 20.0027336  20.08349901 19.67345924 20.76068588 18.90308151 20.86008946
 21.80442346 22.03429423 22.24552684 22.32007952 18.48682903 20.35064612
 19.36282306 19.05218688 20.25124254 19.79771372 20.43141153 20.12077535
 19.64239563 19.69209742 20.1332008  20.8166004  22.70526839 23.40730616
 18.44333996 20.60536779 19.90954274 19.97166998 18.39985089 20.43762425
 17.6916004  20.82902584 20.87872763 20.31336978 19.78528827 20.92842942
 23.42594433 22.16476143 21.59940358 17.05168986 19.5305666  18.41227634
 18.79746521 19.92818091 20.02758449 18.38121272 20.97191849 19.28827038
 20.05243539 22.82952286 21.8665507  22.02186879 20.30094433 17.52385686
 18.89065606 17.28156064 18.60487078 17.72266402 19.05218688 19.39388668
 19.56784294 19.80392644 18.66078529 20.89736581 21.48136183 21.84791252
 21.99701789 18.51789264 18.8223161  18.69806163 20.11456262 19.58648111
 20.13941352 18.49304175 19.26341948 20.13941352 21.54348907 21.19557654
 20.03379722 22.63071571 22.19582505 17.38717694 19.10188867 17.36853877
 19.0583996  19.03976143 19.33797217 18.95899602 18.85337972 21.8665507
 21.85412525 19.72316103 20.36307157 21.96595427 20.23260437 20.99055666
 17.49900596 18.64835984 18.67321074 19.12052684 18.13270378 19.81013917
 19.84741551 19.6361829  19.85362823 22.82331014 20.90979125 22.56237575
 20.60536779 21.55591451 19.15159046 17.72266402 18.55516899 19.23856859
 18.69806163 20.05243539 19.56163022 19.35039761 20.19532803 20.59294235
 21.61804175 20.67992048 22.26416501 21.37574553 18.18240557 17.44309145
 18.72291252 18.11406561 21.1583002  21.10238569 21.14587475 19.52435388
 19.28205765 21.05889662 20.41898608 20.65506958 21.27634195 22.48161034
 20.07728628 18.74776342]",36803.185465579176
2025-06-15 05:54:00+00:00,354,3566.01,9.0,20.07643608949862,20.077317345924452,23.693091451292247,"[19.66724652 18.05193837 17.10760437 19.27584493 19.58026839 19.69209742
 21.89761431 19.90333002 20.83523857 21.59319085 20.89736581 23.04696819
 22.71769384 18.17619284 20.62400596 18.28802187 19.49950298 19.319334
 21.15208748 21.25149105 20.12077535 21.58076541 20.48732604 20.66128231
 22.24552684 22.7611829  21.19557654 17.56734592 18.64835984 18.63593439
 18.15134195 19.71694831 18.9527833  20.89736581 18.73533797 19.72937376
 22.76739563 23.69309145 22.15854871 21.88518887 21.6304672  19.01491054
 16.4304175  20.20154076 18.05815109 19.03976143 19.04597416 19.44358847
 18.72291252 20.08971173 21.79199801 21.64289264 19.76043738 21.95352883
 21.78578529 21.54970179 13.99502982 18.41227634 19.18265408 18.80367793
 19.58648111 19.8722664  19.15159046 20.23260437 21.02162028 21.80442346
 19.50571571 20.4500497  20.85387674 23.17122266 19.57405567 18.87201789
 19.48707753 19.05218688 18.44955268 18.87201789 17.94010934 20.69234592
 19.6610338  20.41898608 20.90357853 21.75472167 23.61232604 22.04050696
 17.80964215 18.76640159 19.7417992  19.33797217 20.53702783 17.36232604
 20.63021869 20.33200795 19.77907555 20.99676938 21.99080517 19.15159046
 22.64935388 22.47539761 19.80392644 16.00795229 19.83499006 19.319334
 19.77286282 20.25745527 20.2388171  20.96570577 19.14537773 21.69880716
 20.85387674 19.84741551 20.18911531 21.81684891 21.86033797 20.1083499
 17.99602386 18.7415507  19.59269384 18.35014911 20.72340954 20.56809145
 20.56187873 20.83523857 21.08374751 19.2944831  20.52460239 22.29522863
 20.2388171  18.10785288 17.54249503 17.88419483 18.53653082 19.49329026
 20.37549702 21.50621272 22.58101392 22.2890159  20.44383698 18.82852883
 20.42519881 20.70477137 22.21446322 17.1138171  18.94035785 18.81610338
 17.85934394 18.94035785 18.80367793 19.28827038 19.1888668  19.90954274
 20.07728628 21.0526839  20.54945328 23.32654076 20.33822068 23.61853877
 17.56734592 17.84070577 18.30044732 19.22614314 18.46819085 19.24478131
 20.4749006  21.25770378 19.69831014 20.41898608 19.62375746 22.01565606
 21.18315109 22.60586481 19.13916501 18.90929423 17.98981113 20.00894632
 19.4249503  20.33822068 21.12723658 20.06486083 19.71073559 20.22017893
 21.6056163  22.22067594 22.00323062 21.30740557 20.31336978 16.20054672
 19.41252485 18.97142147 18.73533797 20.51217694 21.22042744 19.36903579
 19.5554175  21.48136183 21.42544732 19.89090457 20.53081511 21.34468191
 22.32629225 18.62972167]",37057.324581026594
2025-06-15 05:55:00+00:00,355,3587.58,9.0,20.141219006275307,20.14432157057654,24.22117296222664,"[18.45576541 19.78528827 20.79796223 20.38170974 18.80989066 20.48732604
 19.84120278 21.41302187 19.8971173  19.43737575 22.94756461 22.81709742
 21.08996024 18.56138171 18.48682903 18.06436382 19.23235586 19.13295229
 18.83474155 20.17047714 18.54895626 22.12748509 20.83523857 24.22117296
 22.19582505 20.77932406 21.70501988 19.25720676 17.87176938 17.70402584
 19.15780318 19.06461233 20.35064612 20.10213718 21.79199801 21.11481113
 20.59915507 20.86630219 21.24527833 21.25770378 22.87301193 18.19483101
 18.67942346 17.24428429 18.28180915 19.15159046 18.23832008 21.03404573
 19.67967197 20.26988072 20.45626243 20.07728628 20.10213718 21.35710736
 22.3138668  21.92867793 19.20750497 16.80939364 18.84095427 20.08971173
 20.05864811 19.38767396 19.89090457 19.90954274 21.58076541 20.66749503
 20.09592445 21.72365805 21.80442346 23.25198807 18.94035785 17.09517893
 19.10188867 19.25720676 17.30641153 19.54299205 19.23235586 19.44980119
 21.33846918 20.97191849 21.72987078 22.5499503  22.6804175  22.45054672
 18.77261431 18.0084493  19.59269384 18.63593439 21.5        19.83499006
 21.02162028 18.94035785 20.38792247 20.63643141 21.24527833 21.2639165
 21.59319085 21.77335984 23.1277336  18.63593439 19.92196819 20.72340954
 18.97142147 18.91550696 20.20154076 19.88469185 18.97763419 19.56784294
 21.43166004 20.08349901 22.54373757 20.62400596 20.97191849 17.53006958
 18.72912525 18.31287276 19.67967197 20.16426441 19.04597416 19.20750497
 19.97166998 19.6610338  20.67370775 21.27012922 20.17668986 20.4500497
 21.5        17.02062624 18.35014911 19.26963221 18.29423459 20.32579523
 19.98409543 20.26366799 21.40059642 20.07728628 21.53106362 19.56784294
 22.94135189 21.78578529 23.64960239 16.80939364 19.00869781 18.07057654
 19.15159046 20.10213718 21.41302187 18.86580517 18.21968191 20.22017893
 21.12102386 22.54373757 22.73633201 21.83548708 20.07107356 22.46297217
 18.20104374 18.97763419 17.17594433 20.07107356 19.8722664  20.33200795
 19.43116302 21.31983101 20.05864811 22.0777833  21.63667992 20.17047714
 22.47539761 21.25770378 19.4249503  19.17022863 17.94010934 17.94010934
 18.02708748 20.3444334  19.0832505  20.20775348 19.90954274 20.53702783
 21.51863817 20.48732604 21.74229622 21.54348907 18.33151093 17.07654076
 19.49950298 18.69806163 19.6610338  19.62375746 19.28827038 21.92246521
 21.12723658 20.7109841  21.33225646 21.23906561 22.79224652 21.56212724
 20.82281312 18.69806163]",37274.062307394655
2025-06-15 05:56:00+00:00,356,3591.21,9.0,20.153065355688117,20.155597664015904,23.89811133200795,"[19.78528827 19.6610338  18.25695825 19.33175944 20.18290258 20.26366799
 21.09617296 19.77907555 20.22639165 20.61158052 22.36356859 21.91003976
 22.2890159  18.54274354 17.40581511 17.88419483 18.85337972 17.70402584
 19.52435388 20.50596421 19.95303181 19.7417992  21.36332008 21.7360835
 20.12077535 22.01565606 22.87301193 19.69831014 17.51764414 19.62997018
 17.34368787 18.31287276 19.17022863 19.26963221 19.9778827  21.59940358
 21.9473161  21.07753479 20.74204771 22.69905567 21.17693837 17.23185885
 18.99005964 17.48658052 19.51814115 17.49900596 17.12624254 18.49925447
 19.71694831 19.44980119 21.7360835  20.84145129 20.06486083 20.555666
 22.23931412 22.00323062 18.55516899 18.21968191 17.84691849 18.89686879
 20.26366799 21.90382704 19.41873757 19.90333002 21.64910537 18.38121272
 21.68638171 21.33846918 20.69234592 22.73633201 18.21968191 17.78479125
 18.97763419 19.86605368 18.25695825 18.90929423 20.77311133 20.26366799
 20.10213718 21.54970179 19.21371769 20.91600398 22.32629225 22.96620278
 18.03951292 19.66724652 17.23185885 19.56163022 20.49353877 19.41252485
 20.72962227 19.50571571 21.64910537 19.10188867 21.46272366 21.18315109
 20.96570577 21.77957256 22.51888668 19.12673956 20.8166004  18.847167
 17.85313121 20.83523857 18.6110835  20.29473161 21.93489066 21.33225646
 21.35710736 21.61182903 20.99055666 22.84816103 22.92892644 19.78528827
 19.08946322 21.38817097 17.60462227 19.41252485 19.8722664  20.82281312
 19.58026839 20.57430417 21.10238569 19.7417992  21.82927435 22.2890159
 21.68638171 17.49900596 17.75994036 17.80342942 20.60536779 20.11456262
 19.56784294 20.78553678 19.20750497 21.57455268 20.90357853 22.11505964
 20.27609344 22.17097416 22.09642147 18.21346918 17.65432406 18.91550696
 19.4000994  19.66724652 19.17644135 19.89090457 19.09567594 20.18911531
 22.45054672 21.97837972 21.06510934 21.2887674  22.36978131 23.89811133
 18.39363817 19.99652087 19.56784294 18.35636183 20.48111332 19.54299205
 20.43762425 21.10238569 21.45651093 21.77335984 21.45029821 20.25124254
 22.69284294 20.92842942 20.25745527 18.42470179 17.430666   19.82256461
 20.72962227 19.9778827  20.94085487 19.4249503  20.04000994 22.01565606
 20.42519881 21.9473161  19.95303181 21.38817097 19.60511928 19.14537773
 18.02708748 18.2693837  19.84741551 19.44980119 19.99030815 19.94060636
 19.95924453 20.51217694 19.85984095 21.12723658 21.95352883 21.76714712
 21.40059642 17.13245527]",37313.69545399016
2025-06-15 05:57:00+00:00,357,3585.3199999999997,9.0,20.13682290441655,20.13730119284294,23.363817097415506,"[18.69184891 19.02733598 18.4806163  18.90929423 18.72291252 19.80392644
 20.51217694 19.00248509 19.70452286 20.82281312 21.13966203 21.46893638
 22.74254473 20.35064612 19.26341948 19.58648111 20.33822068 21.76714712
 18.73533797 19.64860835 20.8166004  21.41302187 21.18315109 22.82952286
 20.97191849 20.8166004  22.3138668  19.8722664  20.23260437 20.56187873
 18.98384692 16.85909543 20.30715706 19.71694831 20.94706759 20.35685885
 20.94706759 20.7917495  21.35089463 21.40680915 21.45029821 19.84741551
 18.87823062 17.97117296 18.40606362 19.04597416 20.43141153 18.67942346
 19.75422465 20.88494036 21.51242545 19.46222664 20.3195825  22.40084493
 22.76739563 21.1334493  19.4000994  18.0084493  17.78479125 20.92842942
 19.25099404 18.43091451 19.08946322 20.77932406 22.14612326 21.76093439
 22.95377734 22.51267396 20.54945328 20.38170974 18.92171968 19.84741551
 18.54895626 19.21993042 19.99652087 19.94681909 19.95303181 19.82877734
 19.53677932 20.05243539 21.31361829 21.80442346 21.89761431 23.2582008
 17.82828032 16.78454274 18.30666004 21.46893638 18.80989066 18.94035785
 21.9473161  19.17022863 21.00919483 21.47514911 20.94706759 21.18315109
 22.17097416 21.01540755 21.10859841 18.20725646 20.7109841  18.2445328
 18.6110835  19.95924453 19.02733598 18.68563618 20.56187873 20.48732604
 20.22017893 21.21421471 20.59294235 20.61158052 20.86008946 17.37475149
 18.94657058 18.67321074 17.98359841 19.07703777 19.54920477 20.35685885
 20.16426441 19.02733598 20.88494036 21.07753479 21.29498012 22.25795229
 22.30144135 18.45576541 19.58648111 20.5805169  18.46819085 20.17047714
 22.04671968 19.38767396 20.77311133 19.98409543 19.84741551 21.64289264
 20.66128231 22.10263419 22.84816103 18.33151093 17.78479125 17.72266402
 19.0583996  19.7666501  19.46843936 20.33822068 20.05864811 20.49353877
 19.1640159  20.59294235 21.58697813 21.48136183 21.33846918 23.17122266
 18.23832008 20.07107356 19.88469185 17.61704771 20.60536779 18.89686879
 17.95874751 21.38817097 20.08349901 21.37574553 21.50621272 22.09642147
 21.98459245 22.39463221 18.09542744 18.57380716 18.92171968 19.65482107
 20.61158052 19.69831014 19.07703777 19.07082505 21.24527833 20.56809145
 19.46843936 20.69234592 20.66128231 22.14612326 18.80989066 17.30641153
 17.12624254 19.58026839 20.73583499 18.90929423 20.09592445 20.51217694
 19.44980119 20.37549702 21.23285288 20.95328032 21.02162028 20.64264414
 23.3638171  16.26888668]",37259.35470901601
2025-06-15 05:58:00+00:00,358,3588.48,9.0,20.147292512978716,20.147117296222664,23.7241550695825,"[19.26963221 18.95899602 17.03305169 19.28205765 17.41202783 21.32604374
 21.23906561 18.95899602 20.51217694 20.63643141 22.83573559 21.68016899
 23.58747515 19.17022863 17.59840954 18.35014911 20.04622266 17.61704771
 19.41252485 19.71073559 19.93439364 20.69855865 19.6610338  20.96570577
 21.74229622 22.25795229 21.71744533 17.43687873 19.17644135 19.41873757
 20.46868787 19.6361829  17.95253479 18.94035785 19.38767396 21.0526839
 22.38841948 21.55591451 21.99080517 21.33225646 21.28255467 17.2194334
 18.97763419 19.69831014 20.78553678 18.87823062 19.25099404 18.92171968
 21.64289264 20.80417495 21.53106362 21.48757455 22.07157058 21.02162028
 22.22688867 21.89140159 18.36878728 18.33151093 18.73533797 17.15730616
 19.4000994  20.66749503 18.82852883 20.67370775 21.96595427 19.62375746
 20.40656064 19.67345924 21.99080517 23.72415507 18.7415507  18.90929423
 20.52460239 19.35039761 18.5054672  19.74801193 20.71719682 20.15805169
 20.49353877 21.20178926 20.86008946 21.74229622 22.24552684 22.444334
 20.11456262 17.47415507 18.54895626 18.71048708 18.55516899 18.31287276
 19.69209742 21.54970179 21.74229622 21.64910537 21.99701789 21.74229622
 20.77311133 22.10884692 22.61207753 18.10164016 17.72266402 17.84070577
 18.82852883 17.61083499 20.48111332 20.05243539 19.96545726 19.33175944
 20.12698807 20.46247515 22.25173956 21.027833   22.27659046 18.7415507
 18.06436382 19.43116302 19.48086481 19.22614314 19.2944831  20.38792247
 19.72316103 20.32579523 20.8166004  21.85412525 20.58672962 20.99055666
 20.43762425 17.95253479 20.30094433 19.17644135 19.13295229 18.77261431
 20.3444334  20.94085487 21.18936382 20.36307157 19.86605368 21.76714712
 22.43812127 21.17693837 22.68663022 17.08275348 19.26963221 18.84095427
 20.42519881 18.6110835  22.30144135 20.66749503 18.58001988 20.43762425
 20.8166004  22.85437376 21.04647117 20.66128231 21.50621272 21.17072565
 18.31287276 17.04547714 18.62350895 19.61754473 18.89686879 19.78528827
 21.40680915 19.28205765 20.37549702 21.45651093 20.67992048 22.37599404
 20.38170974 21.5        18.7415507  18.98384692 18.92793241 19.02112326
 19.15780318 20.5805169  19.82877734 19.61754473 19.4000994  20.70477137
 19.73558648 20.71719682 21.66774354 20.89115308 19.92818091 19.95303181
 17.98981113 17.23807157 20.51217694 19.30069583 20.58672962 20.555666
 19.34418489 22.18961233 21.21421471 22.73011928 22.07157058 22.33871769
 20.76689861 18.35014911]",37294.38183142158
2025-06-15 05:59:00+00:00,359,3604.9,9.0,20.196898053723775,20.198123757455267,23.804920477137173,"[18.38742545 16.35586481 19.4249503  17.83449304 19.35661034 20.15183897
 19.92196819 19.67345924 22.25173956 22.2082505  20.92842942 22.3138668
 22.95377734 17.64189861 19.4000994  16.82181909 18.63593439 19.6361829
 19.71073559 21.03404573 20.53081511 20.00894632 20.67992048 20.61158052
 22.81088469 22.99105368 22.6804175  17.98359841 18.30044732 18.68563618
 18.41848907 20.01515905 20.8166004  20.05243539 19.2944831  20.54945328
 20.95328032 21.23285288 22.53752485 21.61182903 22.50646123 17.99602386
 18.70427435 18.67321074 18.12649105 18.83474155 19.69831014 20.69855865
 18.97763419 19.98409543 21.06510934 21.71744533 21.77335984 21.61804175
 23.15258449 21.66774354 19.0583996  19.66724652 17.75994036 20.86008946
 20.30715706 20.20154076 18.5862326  20.43762425 21.42544732 20.66749503
 21.36332008 20.8166004  20.23260437 22.55616302 18.18240557 18.38742545
 17.5611332  20.23260437 18.69806163 19.59890656 19.27584493 19.64860835
 21.40059642 22.28280318 20.50596421 21.32604374 21.98459245 23.1277336
 17.39960239 18.02087475 16.57331014 19.43116302 19.44358847 19.93439364
 20.36928429 21.43166004 19.95924453 21.23906561 20.48111332 22.43190855
 19.46222664 21.19557654 21.33846918 18.53031809 19.76043738 20.39413519
 17.3499006  20.14562624 19.21993042 19.97166998 20.14562624 20.11456262
 21.0526839  17.91525845 22.53131213 20.89115308 21.972167   18.21968191
 18.64835984 16.90258449 20.45626243 20.2388171  19.84741551 21.36332008
 22.51267396 23.80492048 20.24502982 21.00919483 21.05889662 21.92867793
 21.69880716 16.87152087 19.23235586 19.66724652 18.96520875 20.06486083
 19.97166998 20.1332008  21.33846918 20.61779324 22.09020875 22.43190855
 20.89115308 21.56212724 22.39463221 18.56138171 17.97738569 19.02112326
 17.41824056 18.80367793 20.10213718 18.94035785 19.88469185 20.09592445
 18.85337972 20.46247515 22.21446322 21.48136183 22.56858847 22.69905567
 18.9527833  19.5305666  19.06461233 20.69855865 20.41898608 21.33225646
 20.86630219 19.77907555 19.00248509 20.64264414 22.08399602 22.53131213
 21.3695328  20.07728628 16.94607356 18.0333002  18.02087475 18.79125249
 18.53653082 20.53081511 19.44358847 19.98409543 20.87251491 20.69855865
 22.00323062 22.77360835 21.25770378 19.85362823 19.17022863 18.97142147
 18.36257455 18.30044732 19.92196819 22.01565606 21.02162028 20.52460239
 21.74850895 22.11505964 21.43787276 20.67992048 20.80417495 20.66749503
 22.2082505  18.86580517]",37460.34212853825
2025-06-15 06:00:00+00:00,360,3609.82,9.0,20.212571661826416,20.21340705765407,23.842196819085487,"[19.58648111 19.92818091 20.30715706 19.76043738 22.33871769 19.51814115
 20.61158052 21.07753479 20.35685885 21.06510934 21.91625249 21.027833
 21.85412525 18.44955268 18.07057654 17.67917495 19.65482107 18.34393638
 20.91600398 20.99055666 20.46868787 21.35710736 21.84791252 20.74204771
 21.97837972 21.5        20.31336978 18.15134195 18.46819085 18.84095427
 19.58648111 19.49950298 19.81013917 19.62997018 21.00298211 19.38146123
 22.02186879 20.76689861 20.95949304 21.91003976 23.07803181 18.20725646
 17.90904573 19.13295229 19.76043738 19.33175944 18.90929423 19.74801193
 20.24502982 19.90954274 20.02758449 21.89761431 23.84219682 20.84145129
 22.17097416 22.05914513 19.6361829  20.07728628 18.75397614 19.00869781
 18.30044732 20.80417495 19.80392644 20.70477137 21.31361829 21.24527833
 18.53653082 22.53131213 21.79199801 21.35089463 17.82828032 21.30740557
 17.72887674 19.74801193 19.20750497 21.02162028 19.26963221 19.1640159
 19.20750497 19.34418489 21.17072565 21.30119284 21.69880716 22.14612326
 17.08275348 19.64239563 21.83548708 20.02758449 20.53702783 20.52460239
 17.6916004  20.98434394 19.73558648 21.83548708 20.50596421 21.76714712
 19.90954274 22.38220676 22.94756461 17.71023857 17.59840954 19.78528827
 21.06510934 19.5554175  19.8722664  18.84095427 19.83499006 21.04647117
 22.6804175  21.07132207 22.13369781 22.95999006 22.59965209 18.90308151
 18.53031809 18.12649105 18.33151093 19.59269384 19.36282306 19.48707753
 21.19557654 19.69831014 20.94706759 20.82281312 21.46893638 22.38220676
 22.45675944 18.43091451 18.87823062 20.56187873 18.85337972 18.08300199
 16.75969185 20.60536779 19.23856859 21.31983101 21.84791252 19.51814115
 21.06510934 19.48086481 21.17693837 17.33126243 18.62972167 18.46819085
 20.06486083 18.42470179 21.99701789 19.6361829  20.13941352 20.85387674
 19.73558648 22.83573559 20.12077535 22.63692843 22.09642147 22.54373757
 17.72887674 18.94657058 20.29473161 19.56163022 17.94010934 20.43141153
 20.11456262 18.375      21.10859841 21.8665507  21.37574553 19.33797217
 22.69284294 22.43190855 16.6167992  21.2887674  19.36282306 18.08921471
 18.59244533 20.2388171  20.08349901 19.57405567 20.7109841  21.59319085
 19.21993042 21.01540755 21.90382704 21.64289264 16.35586481 19.03976143
 18.72291252 19.03354871 18.08300199 19.6610338  17.49900596 20.56809145
 22.35735586 20.92842942 19.61133201 22.8916501  21.07132207 21.68638171
 23.69930417 19.7666501 ]",37512.779751806454
2025-06-15 06:01:00+00:00,361,3641.3899999999994,9.0,20.306895633895607,20.311474900596423,24.426192842942342,"[20.27609344 19.49950298 19.92196819 19.25720676 19.43116302 21.92867793
 20.90357853 20.65506958 21.58697813 21.2887674  22.63692843 22.37599404
 22.30765408 18.51789264 20.28851889 17.52385686 19.94060636 20.45626243
 21.89140159 19.46222664 18.89065606 21.04647117 19.85984095 20.46247515
 20.90979125 21.81063618 21.43787276 18.68563618 16.72862823 18.08300199
 19.53677932 21.43787276 19.85362823 19.93439364 20.50596421 20.04000994
 20.66128231 20.60536779 21.48136183 21.77957256 21.57455268 18.59244533
 18.40606362 19.88469185 18.72912525 20.45626243 20.56809145 20.19532803
 20.59915507 19.30690855 19.25099404 20.93464215 21.31983101 23.03454274
 20.85387674 21.31983101 19.68588469 18.47440358 19.40631213 18.86580517
 18.39363817 20.70477137 18.6110835  19.5554175  21.54348907 19.17022863
 23.60611332 22.23931412 22.49403579 23.71794235 19.75422465 17.82206759
 19.09567594 17.74130219 19.99652087 19.7666501  18.41848907 19.79150099
 20.20775348 20.51838966 21.08374751 20.61158052 21.18936382 21.72365805
 18.93414513 18.1389165  18.97763419 19.86605368 19.95303181 19.97166998
 18.47440358 19.84120278 22.61829026 21.29498012 21.81063618 20.90357853
 21.50621272 22.4194831  23.84219682 18.60487078 18.14512922 20.19532803
 19.79150099 19.50571571 21.02162028 20.08971173 20.53081511 19.58648111
 23.30168986 20.3195825  20.84766402 21.25770378 24.42619284 17.51143141
 19.13295229 18.31287276 18.56759443 19.76043738 19.03976143 19.79771372
 21.68638171 21.85412525 21.58697813 21.95974155 21.81684891 21.62425447
 22.40705765 19.1640159  18.99627237 21.08996024 19.33175944 18.07678926
 21.00298211 20.58672962 20.60536779 22.08399602 22.15854871 20.90979125
 20.77932406 21.12723658 22.05914513 17.56734592 18.67321074 18.07678926
 18.92171968 19.10810139 20.36928429 21.1583002  20.61779324 21.77957256
 18.51789264 20.89736581 20.35064612 20.3444334  21.76714712 21.46272366
 17.67296223 17.87798211 18.11406561 19.44358847 18.84095427 18.69184891
 19.53677932 19.92196819 22.33250497 21.41302187 22.64314115 20.52460239
 22.35114314 22.10884692 18.13270378 17.70402584 16.31237575 19.97166998
 19.84741551 18.59244533 20.90357853 20.97191849 20.66749503 20.87251491
 21.07753479 21.65531809 22.04671968 22.51267396 19.70452286 18.76640159
 19.06461233 20.95949304 19.7417992  19.66724652 20.23260437 20.26988072
 19.00869781 19.8722664  22.00944334 22.12127237 23.8111332  22.63692843
 23.00969185 16.74105368]",37828.35003276115
2025-06-15 06:02:00+00:00,362,3642.4,9.0,20.311040735629106,20.314612326043736,23.512922465208746,"[20.60536779 20.61779324 21.18936382 19.69209742 17.902833   19.6361829
 20.05243539 20.8166004  21.62425447 21.82927435 20.40034791 22.14612326
 22.63071571 19.20750497 20.38170974 18.76018887 20.69855865 18.12027833
 20.18911531 20.80417495 20.96570577 21.35710736 20.56187873 20.44383698
 22.48161034 21.23906561 23.09045726 18.69806163 17.94010934 18.53653082
 18.39985089 21.86033797 20.43141153 21.35089463 20.88494036 19.92818091
 19.70452286 19.25099404 21.27012922 21.07753479 22.83573559 18.64214712
 17.52385686 18.64835984 18.5054672  20.93464215 19.20129225 20.30094433
 22.05293241 17.84070577 21.6304672  20.65506958 22.36356859 22.02186879
 21.01540755 21.54970179 19.62375746 20.40656064 19.15780318 19.15780318
 20.2139662  20.36928429 20.25124254 20.03379722 21.06510934 21.08996024
 20.48111332 20.5805169  21.62425447 20.61158052 18.1389165  18.76640159
 18.94657058 19.11431412 19.20129225 22.05914513 21.1583002  19.64239563
 20.85387674 20.8166004  21.1583002  21.33225646 21.69880716 22.61207753
 18.49304175 19.46222664 18.71048708 20.02758449 20.96570577 19.31312127
 20.48111332 20.2139662  20.72962227 22.56237575 22.48161034 20.99676938
 21.38817097 21.61182903 22.8916501  18.91550696 18.7415507  18.39985089
 19.25720676 18.43712724 19.44980119 21.1334493  21.7360835  19.97166998
 20.65506958 21.11481113 20.48111332 23.51292247 22.39463221 17.97738569
 18.53653082 18.10785288 18.72291252 21.24527833 19.41873757 20.06486083
 21.23285288 21.53727634 19.67345924 22.33871769 21.81684891 22.68663022
 21.99080517 19.69209742 18.02087475 17.89040755 16.78454274 20.06486083
 18.7415507  19.02112326 19.25099404 20.06486083 21.3943837  21.87897614
 20.92842942 23.1277336  21.92246521 17.4555169  17.88419483 20.3195825
 18.06436382 20.3444334  20.19532803 20.27609344 22.08399602 20.76689861
 21.40059642 20.37549702 22.19582505 19.99652087 22.27037773 21.82927435
 17.57355865 18.44955268 19.68588469 18.31908549 19.74801193 19.11431412
 20.81038767 19.71694831 21.77335984 21.25770378 20.17047714 21.61182903
 20.85387674 21.54348907 17.01441352 19.92196819 17.88419483 19.10810139
 19.35661034 20.46247515 20.69234592 19.21993042 22.05914513 20.33200795
 22.11505964 20.8166004  20.86008946 23.40109344 19.21371769 19.91575547
 18.5862326  19.0583996  18.59865805 19.32554672 20.30715706 20.76689861
 21.38817097 20.83523857 19.35039761 20.73583499 21.21421471 20.39413519
 22.51888668 20.05243539]",37842.217885120735
2025-06-15 06:03:00+00:00,363,3651.2999999999997,9.0,20.338474576565332,20.34225894632207,24.103131212723657,"[18.9527833  18.79746521 19.35039761 19.319334   19.65482107 20.62400596
 20.15805169 21.84791252 19.72937376 19.18265408 22.2890159  22.25173956
 22.48161034 16.24403579 18.29423459 18.67321074 20.16426441 19.14537773
 20.97191849 20.74826044 19.09567594 21.17693837 21.01540755 22.05914513
 20.61779324 22.12748509 21.7112326  18.84095427 19.87847913 18.30666004
 19.23235586 19.44980119 20.84766402 21.03404573 21.86033797 20.49353877
 22.87301193 20.83523857 22.25795229 22.34493042 20.37549702 17.90904573
 17.22564612 19.01491054 19.88469185 18.95899602 18.97142147 19.10188867
 20.70477137 20.36307157 22.38220676 20.80417495 23.63717694 20.95328032
 23.06560636 22.53131213 18.33151093 19.1640159  20.07728628 18.16998012
 19.46843936 19.87847913 20.28230616 20.3444334  20.42519881 20.24502982
 20.99055666 21.64289264 21.38817097 23.20849901 18.76018887 18.64214712
 18.69184891 18.96520875 19.56784294 19.43737575 20.17668986 19.59890656
 22.46918489 22.95377734 21.10859841 21.17072565 22.69905567 22.43812127
 17.61704771 19.2944831  19.85984095 18.87823062 20.3195825  20.94706759
 18.92171968 20.51838966 21.3943837  21.22042744 20.87251491 23.38866799
 20.44383698 24.10313121 22.21446322 17.62947316 18.28180915 18.48682903
 18.10785288 22.24552684 18.53031809 19.31312127 19.7666501  22.16476143
 20.97191849 22.40705765 21.51242545 22.21446322 23.08424453 18.65457256
 18.21346918 18.39985089 20.41277336 18.71048708 20.46868787 19.75422465
 20.67370775 19.15159046 20.51217694 21.72365805 23.33275348 21.68016899
 22.91650099 18.43091451 17.88419483 20.04622266 19.4249503  19.31312127
 19.81635189 19.44980119 22.11505964 20.67370775 20.08349901 21.99080517
 21.46272366 20.33822068 20.4749006  17.83449304 18.64835984 19.27584493
 18.64214712 19.10188867 18.62972167 19.94060636 18.29423459 20.02758449
 20.80417495 21.46272366 21.48136183 21.15208748 23.1028827  21.04647117
 18.21968191 18.83474155 19.39388668 19.77907555 20.53081511 20.66749503
 19.77907555 20.23260437 20.90357853 19.5305666  21.3695328  21.74850895
 21.93489066 20.19532803 18.33772366 18.55516899 18.67321074 18.95899602
 19.24478131 20.64885686 19.91575547 20.89736581 20.69855865 22.19582505
 20.8166004  21.35710736 22.42569583 22.63692843 18.20725646 18.64835984
 19.51814115 19.13295229 19.4249503  20.51217694 21.17072565 21.91625249
 19.44980119 21.74850895 20.70477137 22.4194831  22.30144135 21.94110338
 22.51267396 18.97763419]",37934.00054335698
2025-06-15 06:04:00+00:00,364,3653.2299999999996,9.0,20.345344624497358,20.348254224652088,24.009940357852884,"[19.43116302 19.57405567 20.17047714 21.47514911 18.77882704 19.41252485
 20.18290258 21.58076541 20.66128231 22.61207753 21.30119284 23.9167495
 21.95352883 17.20700795 17.85313121 18.82852883 20.27609344 20.35685885
 20.11456262 21.09617296 18.91550696 21.74850895 20.05864811 22.05293241
 21.81063618 21.90382704 21.97837972 18.23210736 17.64189861 18.93414513
 18.66078529 18.80367793 20.5805169  19.41873757 20.90357853 20.22017893
 21.1583002  21.68016899 21.77335984 22.49403579 22.73633201 18.18861829
 19.33175944 19.00248509 19.67345924 19.77907555 20.87872763 21.28255467
 19.44358847 21.8416998  21.79821074 23.63717694 21.33846918 22.12748509
 21.58697813 22.08399602 18.13270378 19.03976143 19.06461233 19.01491054
 19.15159046 19.85984095 21.69259443 19.70452286 19.28205765 19.20750497
 20.89736581 21.98459245 21.94110338 22.69284294 17.52385686 19.40631213
 19.28205765 19.62375746 19.96545726 20.86630219 17.26913519 20.90979125
 20.00894632 20.4749006  21.18315109 21.66153082 20.46868787 22.00323062
 18.43091451 18.8223161  19.44358847 18.59865805 18.97142147 19.4249503
 20.72340954 19.96545726 18.49304175 19.46222664 21.92867793 20.25124254
 23.48807157 22.56237575 20.04000994 18.95899602 18.56759443 19.35661034
 20.11456262 20.59294235 18.70427435 20.13941352 22.51267396 20.62400596
 21.64910537 21.63667992 20.59294235 22.6804175  20.87872763 20.29473161
 17.38717694 17.94010934 18.23832008 20.24502982 19.73558648 20.67992048
 19.10810139 22.19582505 21.13966203 21.07753479 21.41923459 19.95924453
 22.48782306 18.15134195 19.38146123 19.85362823 19.13916501 18.90929423
 19.43737575 19.44980119 22.53752485 20.94085487 20.77932406 21.16451292
 21.8416998  22.73633201 24.00994036 19.06461233 18.9527833  18.20104374
 19.10188867 21.10238569 19.92818091 19.57405567 20.17047714 21.42544732
 20.75447316 19.43737575 20.43762425 21.48136183 20.84145129 21.81684891
 19.35039761 18.98384692 19.38146123 18.18861829 20.14562624 20.81038767
 19.48707753 21.45029821 21.86033797 19.90954274 23.72415507 20.60536779
 21.37574553 22.25795229 17.49900596 18.93414513 17.9276839  18.56759443
 20.93464215 19.35661034 19.94060636 20.67370775 20.82281312 21.7112326
 21.72987078 20.02137177 23.50670974 23.12152087 16.62301193 19.02733598
 17.2194334  20.60536779 20.00894632 18.06436382 18.40606362 22.35114314
 20.5805169  20.91600398 22.17097416 21.7360835  21.51242545 23.05318091
 22.35735586 19.79771372]",37956.98497571837
2025-06-15 06:05:00+00:00,365,3667.6,9.0,20.38893061601008,20.392892644135188,23.62475149105368,"[18.07057654 19.24478131 19.61754473 19.87847913 18.26317097 19.33797217
 19.38146123 20.20154076 22.27659046 21.34468191 21.07753479 20.31336978
 21.7112326  17.54870775 18.66699801 19.40631213 19.35039761 20.57430417
 19.9778827  21.15208748 21.93489066 20.43141153 21.10859841 21.69259443
 21.34468191 21.82306163 21.23906561 17.90904573 19.79771372 19.02112326
 18.19483101 18.43091451 17.43687873 19.85362823 20.08349901 20.36307157
 20.77311133 21.00298211 20.9222167  21.87276342 23.02833002 17.69781312
 20.04000994 19.21993042 20.54945328 20.3195825  19.01491054 20.12698807
 20.36928429 20.4500497  19.48707753 19.5305666  22.32007952 21.36332008
 21.38817097 21.32604374 18.27559642 19.8971173  21.54348907 18.35636183
 18.2445328  19.26963221 21.85412525 21.14587475 20.00894632 20.2388171
 21.08996024 20.83523857 20.86008946 22.63071571 19.61133201 18.2693837
 19.30690855 19.02112326 19.37524851 19.66724652 20.49353877 20.41277336
 19.92818091 22.62450298 20.35064612 22.38841948 23.20849901 23.20849901
 19.41873757 18.375      19.58026839 18.01466203 19.89090457 20.87872763
 20.90979125 21.34468191 20.00894632 20.84145129 21.24527833 22.41327038
 22.74254473 23.07181909 22.22067594 16.89637177 18.00223658 18.20725646
 20.97813121 20.02137177 19.91575547 20.49975149 20.88494036 21.20178926
 20.87251491 19.95924453 22.3138668  20.70477137 21.43787276 19.00248509
 20.28851889 20.38792247 20.56187873 18.57380716 20.57430417 19.89090457
 20.94085487 22.08399602 21.74850895 20.0027336  22.80467197 22.25173956
 22.66177932 17.57977137 16.9833499  19.15780318 18.69184891 19.34418489
 20.07107356 20.64885686 21.08374751 20.77932406 21.51863817 20.61158052
 20.75447316 21.1334493  20.48732604 17.66053678 18.08921471 19.5305666
 19.79150099 20.59915507 19.84120278 19.10810139 21.64289264 22.22688867
 21.28255467 21.25149105 21.12723658 21.3695328  20.26988072 23.62475149
 18.17619284 18.90308151 18.68563618 22.13991054 19.56784294 20.32579523
 19.14537773 21.41923459 21.58697813 19.99652087 22.36978131 22.05914513
 20.01515905 22.42569583 17.29398608 18.21968191 18.66699801 20.71719682
 19.33175944 21.53106362 22.11505964 21.17072565 21.56212724 21.79821074
 21.82306163 20.48111332 22.32007952 23.0221173  19.65482107 17.69781312
 20.23260437 18.10164016 19.75422465 21.3695328  21.00298211 20.25124254
 20.65506958 22.05293241 20.40034791 21.99701789 21.76714712 21.83548708
 23.13394632 19.93439364]",38102.80626892333
2025-06-15 06:06:00+00:00,366,3641.2599999999998,9.0,20.312384553995557,20.311071073558647,24.14662027833002,"[17.56734592 18.43091451 20.40656064 19.19507952 20.26366799 21.56212724
 21.43787276 20.64885686 20.66128231 21.98459245 21.42544732 22.0777833
 21.15208748 17.73508946 17.78479125 19.18265408 17.89662028 18.45576541
 19.7417992  18.67942346 21.43787276 21.70501988 21.58076541 22.5250994
 20.77311133 21.77957256 24.14662028 17.42445328 17.71645129 19.10188867
 20.77311133 20.72962227 19.92818091 19.1888668  21.02162028 22.34493042
 20.76689861 22.04671968 21.33225646 20.61158052 23.15879722 19.02112326
 19.90954274 18.89686879 18.66699801 21.18315109 19.64860835 23.13394632
 20.59294235 18.69184891 20.9222167  21.54348907 20.85387674 22.87301193
 22.50024851 23.09666998 18.38121272 19.41252485 20.10213718 18.5862326
 19.72316103 18.69806163 21.18936382 20.67992048 21.16451292 21.20800199
 22.45054672 21.64289264 20.02758449 22.10884692 19.40631213 18.07678926
 18.79746521 18.26317097 18.14512922 20.65506958 21.66153082 19.79771372
 20.93464215 21.52485089 20.23260437 21.57455268 20.7917495  21.18936382
 17.80964215 17.4555169  19.53677932 19.27584493 21.87276342 18.95899602
 21.30119284 20.18911531 19.84741551 20.77311133 21.63667992 21.07132207
 20.77932406 21.38817097 21.96595427 18.62972167 18.86580517 19.01491054
 19.8971173  21.36332008 20.41898608 18.53653082 20.99055666 20.26366799
 21.89140159 21.77957256 22.05914513 20.62400596 22.8916501  18.80989066
 17.12624254 18.99005964 19.4249503  19.10810139 18.99005964 19.43737575
 19.89090457 19.47465209 22.10884692 21.64289264 21.54348907 23.22713718
 22.40084493 18.05193837 18.77261431 18.89065606 18.43712724 19.26341948
 20.6861332  18.44333996 20.26988072 19.58648111 19.21371769 20.7109841
 22.81709742 21.58697813 22.51267396 18.69806163 17.89662028 18.92171968
 18.51789264 19.60511928 19.07082505 19.84741551 21.972167   20.98434394
 22.38841948 22.13991054 21.07753479 23.77385686 23.4445825  21.54348907
 19.25099404 20.95949304 18.42470179 18.80989066 19.44358847 19.84741551
 20.48111332 20.38792247 20.7917495  21.30119284 20.97191849 21.92246521
 19.25720676 22.41327038 17.35611332 18.39985089 17.46794235 20.39413519
 20.59294235 20.30094433 19.37524851 20.94085487 20.23260437 20.59915507
 19.94060636 20.25745527 23.09666998 21.44408549 17.72266402 19.48707753
 18.07678926 20.25745527 18.85959245 19.20129225 20.99055666 21.87276342
 20.13941352 19.62997018 20.31336978 20.8166004  21.93489066 21.31983101
 21.14587475 19.05218688]",37846.71376384754
2025-06-15 06:07:00+00:00,367,3641.0899999999997,9.0,20.313072221072943,20.31054299204771,23.985089463220675,"[17.64811133 18.76018887 19.75422465 19.6610338  20.1332008  20.66749503
 21.62425447 20.66128231 21.027833   21.64910537 22.64935388 20.40034791
 22.04671968 19.15159046 19.4000994  18.6110835  17.86555666 20.35685885
 20.97813121 20.32579523 19.23856859 19.02112326 21.7112326  21.22042744
 22.63692843 22.45675944 20.66128231 19.25099404 19.11431412 18.65457256
 19.25099404 19.33797217 19.23856859 18.90308151 18.97142147 19.28827038
 21.68016899 20.28851889 21.35089463 22.25173956 22.73633201 18.53653082
 19.07703777 18.43712724 19.47465209 19.23856859 20.07728628 20.86008946
 20.555666   20.8166004  20.7109841  21.68016899 20.99055666 21.95352883
 22.94756461 20.62400596 17.62947316 17.5859841  17.63568588 19.91575547
 18.08300199 20.7917495  19.71694831 21.9473161  21.2639165  19.19507952
 21.87897614 22.10263419 20.01515905 22.35735586 17.00198807 18.20725646
 18.69184891 18.75397614 19.12052684 21.76093439 21.54970179 22.16476143
 22.45675944 21.17072565 20.92842942 22.45675944 23.20849901 21.69880716
 18.60487078 19.30690855 18.18240557 18.87823062 20.15805169 20.3195825
 20.08971173 18.77882704 21.45029821 21.91625249 20.12698807 19.67345924
 22.6804175  20.07107356 23.680666   17.63568588 20.17668986 21.69259443
 18.51167992 19.71073559 19.61754473 19.14537773 20.38792247 20.89115308
 21.00298211 20.90357853 23.14637177 20.26988072 22.70526839 16.96471173
 17.5611332  19.12673956 19.17644135 19.6361829  19.77286282 20.63021869
 18.76018887 21.22042744 22.81709742 18.96520875 21.88518887 22.36356859
 21.3943837  18.86580517 18.69806163 19.51814115 18.67321074 20.12698807
 20.33822068 19.10810139 22.00944334 21.35710736 20.69234592 21.2887674
 20.94706759 20.35685885 20.48732604 19.26341948 17.43687873 17.64811133
 19.26341948 19.22614314 20.11456262 20.4749006  21.16451292 21.56833996
 21.58076541 20.74204771 22.00944334 20.30094433 22.19582505 23.41973161
 17.9276839  20.63643141 18.92793241 20.66128231 19.53677932 19.41873757
 19.59269384 19.64860835 19.44358847 21.12102386 22.74875746 23.98508946
 21.42544732 22.05914513 17.74751491 17.54870775 18.79125249 18.2445328
 20.56187873 20.53702783 20.06486083 22.2082505  22.10263419 22.10884692
 20.95328032 22.61829026 21.12102386 21.85412525 18.68563618 18.49925447
 18.86580517 20.97813121 18.96520875 20.84766402 19.30069583 20.06486083
 21.80442346 21.90382704 22.02186879 20.26366799 20.48111332 22.27037773
 21.59940358 17.18836978]",37849.01442282164
2025-06-15 06:08:00+00:00,368,3678.65,9.0,20.425107660205192,20.427217942345923,24.028578528827037,"[20.30715706 20.3444334  18.89065606 19.51192843 19.87847913 21.22664016
 22.18961233 21.78578529 21.37574553 20.5805169  20.05864811 22.09642147
 21.90382704 19.93439364 19.68588469 18.75397614 20.03379722 18.15134195
 19.77907555 19.47465209 20.77311133 21.76714712 20.12698807 21.3695328
 21.03404573 21.61804175 24.02857853 18.56759443 19.57405567 19.04597416
 20.30094433 20.33200795 19.70452286 19.92818091 19.95924453 22.34493042
 20.65506958 21.00919483 20.61158052 20.99055666 22.5499503  19.35661034
 19.24478131 19.90954274 17.79100398 21.27634195 19.05218688 19.8722664
 20.84766402 19.30069583 20.15183897 20.72962227 20.86008946 22.18961233
 22.0777833  20.72340954 19.30069583 17.72887674 19.8971173  19.71694831
 20.07728628 18.83474155 19.07703777 18.82852883 20.17668986 20.69855865
 20.37549702 22.09020875 22.57480119 23.1277336  19.54920477 19.39388668
 19.74801193 18.85959245 19.9778827  20.04000994 21.12102386 21.43166004
 20.20775348 22.87301193 21.54970179 21.25770378 23.47564612 21.3695328
 18.18240557 17.22564612 20.6861332  19.52435388 20.13941352 21.36332008
 20.40034791 19.81635189 20.23260437 21.49378728 20.36928429 20.93464215
 20.65506958 22.06535785 21.44408549 19.21371769 16.56709742 19.5305666
 19.36903579 20.93464215 21.08374751 19.36282306 23.22092445 19.18265408
 21.47514911 20.99055666 22.12127237 21.8665507  22.99105368 18.67321074
 20.06486083 18.46819085 17.80342942 20.94706759 19.76043738 20.4749006
 20.65506958 19.92818091 21.79199801 20.95949304 21.66153082 21.30740557
 22.3138668  17.16351889 17.87798211 19.98409543 18.9527833  20.94706759
 19.92196819 20.08349901 19.31312127 21.25770378 19.59890656 19.6361829
 22.13369781 23.74279324 22.35114314 19.40631213 19.7417992  18.17619284
 19.58026839 19.28205765 20.87251491 19.88469185 20.62400596 20.76068588
 21.37574553 20.63643141 20.15805169 22.5499503  23.8111332  22.20203777
 18.8223161  20.15183897 18.77261431 19.26341948 18.65457256 23.0221173
 21.79199801 20.18290258 20.82902584 19.92818091 22.70526839 21.69259443
 21.37574553 20.39413519 18.00223658 19.78528827 18.62350895 18.78503976
 21.81684891 20.86008946 20.7109841  20.44383698 20.89736581 22.24552684
 20.98434394 19.71694831 21.1583002  22.56858847 18.58001988 17.82206759
 18.2445328  17.75994036 20.15805169 19.77286282 19.54920477 21.58697813
 22.79224652 21.3695328  23.3389662  21.02162028 21.2639165  19.85984095
 21.01540755 18.847167  ]",38223.84018798248
2025-06-15 06:09:00+00:00,369,3703.21,9.0,20.498784399848606,20.503510188866798,24.544234592445328,"[18.76640159 20.36928429 21.56833996 18.87201789 21.76093439 22.01565606
 19.03976143 21.59940358 20.11456262 21.2887674  22.25173956 23.39488072
 24.17147117 17.85934394 19.43116302 18.75397614 18.66078529 20.82281312
 20.59294235 19.36903579 20.87251491 19.48707753 20.54945328 19.82877734
 21.9473161  22.16476143 21.68638171 18.17619284 17.23185885 18.12027833
 19.72937376 19.84741551 19.9778827  20.59915507 20.69234592 20.67370775
 21.81063618 22.02808151 22.88543738 22.82952286 22.43190855 16.56088469
 18.28802187 19.89090457 20.18911531 20.06486083 22.45675944 20.64885686
 21.10238569 20.10213718 21.63667992 21.25770378 21.2639165  20.64264414
 22.7860338  21.59940358 19.5305666  19.62375746 19.77907555 19.38146123
 19.02112326 19.90954274 21.67395626 20.28230616 19.13295229 20.84766402
 22.32629225 22.13369781 22.95999006 23.28926441 20.18290258 19.54299205
 18.55516899 17.89662028 19.84741551 19.67967197 17.62947316 20.58672962
 19.92818091 22.15854871 20.66749503 22.19582505 21.02162028 22.40084493
 18.48682903 18.74776342 19.72937376 18.91550696 21.22042744 18.62350895
 18.85959245 21.23285288 19.35039761 22.43812127 22.12127237 22.10884692
 21.36332008 24.54423459 23.31411531 18.62350895 19.06461233 18.79125249
 22.10263419 19.23856859 20.25745527 19.48086481 22.25795229 20.43762425
 19.48086481 20.71719682 21.02162028 22.66177932 22.81088469 16.97713718
 19.92196819 19.54299205 20.26988072 21.28255467 21.33846918 21.53106362
 21.09617296 20.95328032 21.25149105 22.73633201 21.52485089 21.11481113
 21.972167   17.88419483 17.10760437 18.36878728 18.77882704 19.77907555
 20.02758449 20.6861332  20.69234592 22.73633201 21.91003976 21.79199801
 21.71744533 20.12077535 23.35760437 18.87201789 20.18290258 19.1640159
 18.55516899 19.76043738 20.86630219 19.64860835 20.48111332 17.85313121
 20.02758449 22.3138668  21.40059642 21.1583002  22.24552684 22.9972664
 19.13916501 19.38767396 20.83523857 19.99030815 19.95924453 19.6361829
 19.1888668  20.1083499  20.52460239 20.64885686 21.54970179 22.83573559
 22.16476143 22.9972664  16.36207753 18.00223658 19.1640159  20.00894632
 19.38767396 20.10213718 20.67370775 19.39388668 22.12127237 20.37549702
 20.93464215 22.95999006 22.3138668  21.27634195 19.43737575 16.95849901
 18.12649105 21.36332008 20.56809145 19.84120278 19.7666501  19.6361829
 18.08300199 22.00944334 20.46247515 22.22688867 22.32007952 22.73011928
 22.39463221 17.78479125]",38470.3330881335
2025-06-15 06:10:00+00:00,370,3721.4,9.0,20.553667837154066,20.56001491053678,23.99751491053678,"[19.54299205 18.23832008 19.54299205 20.72340954 19.46843936 19.99652087
 20.05864811 19.40631213 19.85984095 20.59915507 23.66202783 22.45675944
 22.57480119 19.64239563 17.81585487 18.57380716 18.70427435 20.37549702
 22.33250497 19.33175944 20.95949304 20.74826044 21.90382704 20.43762425
 20.64264414 20.82902584 22.60586481 18.73533797 18.57380716 19.6610338
 18.79125249 19.49950298 19.58026839 18.25695825 20.94706759 21.6304672
 21.00298211 20.555666   19.8971173  21.27634195 22.14612326 18.847167
 19.00248509 18.77261431 21.00298211 20.24502982 19.48086481 20.88494036
 21.43787276 21.41302187 21.59940358 21.12723658 20.53702783 22.58722664
 22.73633201 23.99751491 18.03951292 18.9527833  18.99005964 21.45029821
 20.67370775 19.72316103 20.93464215 20.86630219 23.00969185 21.7112326
 21.07132207 21.70501988 21.76714712 23.25198807 18.01466203 17.64811133
 19.7417992  19.7666501  18.87201789 20.02758449 19.7666501  21.37574553
 20.86008946 21.45029821 21.14587475 22.84194831 23.73036779 21.3695328
 16.90258449 18.53653082 18.80367793 19.1888668  19.59269384 19.99652087
 20.4749006  18.59865805 18.97142147 22.15233598 21.36332008 23.14015905
 21.75472167 19.56163022 23.48185885 18.45576541 19.91575547 18.83474155
 19.98409543 19.95924453 20.35685885 21.25770378 20.82281312 21.1334493
 20.54324056 22.02808151 21.54970179 22.45054672 21.35089463 19.43116302
 19.54299205 20.53081511 18.9527833  20.83523857 19.37524851 21.30119284
 20.86008946 21.33846918 21.76714712 22.51267396 22.91028827 21.77957256
 22.59343936 19.38146123 18.87201789 19.59269384 19.46222664 20.14562624
 21.08374751 19.70452286 21.42544732 22.61829026 20.49975149 21.6056163
 21.91625249 22.51267396 23.64960239 17.51143141 18.54895626 19.40631213
 20.04622266 19.38767396 20.12698807 21.3695328  20.33822068 21.43166004
 21.32604374 21.41302187 21.51863817 22.18961233 21.48136183 22.74875746
 18.97763419 18.03951292 19.66724652 19.80392644 20.08349901 21.31983101
 22.55616302 21.67395626 23.53156064 20.79796223 22.21446322 20.57430417
 21.04025845 22.60586481 18.2445328  18.98384692 17.98359841 19.86605368
 18.90308151 19.41252485 20.43762425 20.24502982 21.58076541 19.90954274
 20.87872763 21.62425447 22.09642147 22.97862823 17.79100398 19.23235586
 17.95253479 17.65432406 20.17047714 18.44955268 21.0526839  20.91600398
 21.17693837 21.49378728 21.23285288 21.17693837 23.20228628 23.55019881
 22.23310139 18.46197813]",38653.95111598264
2025-06-15 06:11:00+00:00,371,3741.05,9.0,20.612864621665278,20.621054920477135,23.842196819085487,"[16.78454274 19.49950298 20.03379722 19.99652087 20.3444334  20.74826044
 19.94681909 22.3138668  22.22067594 20.50596421 20.63643141 22.61207753
 22.35114314 19.86605368 18.41227634 18.87201789 19.43116302 19.4000994
 19.01491054 19.94681909 19.86605368 20.7109841  21.77335984 21.66774354
 21.42544732 22.97241551 22.38220676 20.15183897 17.90904573 20.05243539
 17.87798211 20.97813121 21.66774354 19.32554672 21.7360835  20.98434394
 19.45601392 20.03379722 21.87897614 21.71744533 21.75472167 18.53653082
 18.89065606 19.07703777 19.59890656 18.2445328  20.76689861 19.71694831
 21.20178926 21.77335984 21.82306163 22.82331014 21.27634195 22.72390656
 21.43787276 22.49403579 18.92171968 19.48086481 19.01491054 20.26988072
 19.69209742 19.66724652 21.1334493  21.01540755 20.25745527 21.20178926
 23.05939364 21.68638171 23.06560636 23.79870775 18.46819085 20.64885686
 18.09542744 22.50646123 17.902833   20.09592445 19.38146123 20.86008946
 21.1334493  19.57405567 23.01590457 20.75447316 23.74279324 21.82306163
 19.71694831 19.56784294 22.12748509 20.07107356 19.96545726 18.41848907
 19.14537773 19.11431412 20.52460239 20.58672962 21.59940358 21.53106362
 21.82927435 23.42594433 21.16451292 20.91600398 18.51789264 19.49950298
 21.66153082 20.51838966 21.58076541 20.4500497  19.51814115 23.23956262
 22.12748509 21.37574553 21.04025845 23.20849901 23.17122266 18.56138171
 19.319334   20.11456262 22.30144135 20.70477137 20.40034791 19.40631213
 20.4749006  19.10188867 20.82902584 20.12698807 20.2139662  20.39413519
 22.1833996  16.05144135 18.97763419 19.95924453 20.83523857 19.99652087
 20.06486083 18.76640159 19.48707753 22.48161034 21.04647117 21.08996024
 21.85412525 22.15233598 22.53752485 17.44309145 20.61158052 17.30019881
 19.67967197 21.12723658 20.51838966 19.62997018 22.00323062 21.46272366
 20.62400596 20.82281312 20.67370775 20.57430417 21.35089463 23.73658052
 17.52385686 20.32579523 20.4749006  21.14587475 20.73583499 19.65482107
 19.67967197 19.10188867 23.84219682 20.62400596 22.1833996  23.34517893
 23.35139165 22.40705765 18.12027833 19.13916501 19.77907555 19.79771372
 20.23260437 21.08996024 21.00919483 22.16476143 20.5805169  22.34493042
 21.72987078 21.81684891 21.99701789 23.0221173  18.35014911 19.7666501
 20.7109841  18.70427435 18.22589463 20.00894632 20.86008946 18.87823062
 19.77907555 21.15208748 20.69234592 21.79821074 22.04671968 23.0221173
 21.24527833 19.23235586]",38851.99987824335
2025-06-15 06:12:00+00:00,372,3736.95,9.0,20.601978917744653,20.608318836978132,24.680914512922463,"[18.89065606 21.46893638 19.86605368 19.25720676 20.35685885 22.26416501
 22.86058648 21.04025845 22.11505964 22.61829026 22.7860338  23.38866799
 21.82306163 18.38121272 17.89662028 18.87823062 19.54299205 17.50521869
 19.62375746 21.19557654 19.93439364 21.89140159 19.5554175  22.37599404
 20.38792247 20.54945328 21.92867793 17.54249503 21.25149105 18.53653082
 19.57405567 19.7666501  20.51838966 19.02733598 20.82281312 20.56187873
 20.64885686 21.82306163 21.95352883 20.74826044 21.8665507  18.95899602
 19.31312127 19.51192843 20.33822068 18.47440358 20.24502982 19.57405567
 20.64264414 19.94060636 20.95328032 22.23310139 22.95999006 20.53081511
 21.27012922 23.50049702 18.04572565 20.30094433 20.71719682 19.72937376
 18.57380716 20.25124254 20.20775348 22.26416501 22.82952286 22.3138668
 21.48757455 20.70477137 23.40109344 23.50670974 18.03951292 19.13916501
 18.78503976 17.84070577 20.59915507 18.61729622 20.49975149 19.8971173
 20.72340954 21.00919483 20.22017893 21.34468191 22.54373757 23.12152087
 18.38121272 20.20154076 19.54920477 21.61182903 18.46197813 21.44408549
 19.5554175  21.65531809 21.87276342 21.74229622 21.03404573 22.93513917
 21.972167   22.45675944 23.58126243 19.9778827  18.36878728 20.72962227
 19.57405567 18.5862326  19.319334   20.15183897 20.53702783 21.38195825
 20.79796223 22.23310139 23.96023857 22.32007952 22.09020875 18.66699801
 17.53006958 18.28180915 18.40606362 20.33200795 20.82902584 21.0526839
 20.45626243 22.56237575 22.08399602 21.74229622 19.33797217 22.10263419
 24.68091451 17.72266402 20.25745527 19.59269384 19.86605368 19.38767396
 20.7109841  19.00248509 21.09617296 21.50621272 22.87922465 21.68016899
 21.92246521 21.41302187 23.59368787 19.87847913 18.69806163 20.39413519
 20.19532803 19.60511928 19.76043738 20.7917495  20.7917495  19.99030815
 21.98459245 21.87897614 22.12127237 21.33225646 21.15208748 21.56212724
 19.57405567 20.02758449 19.83499006 18.21346918 21.54970179 19.48086481
 20.41898608 20.54324056 21.17693837 21.75472167 22.11505964 22.10263419
 21.6304672  22.84194831 19.26963221 18.28802187 17.97738569 18.61729622
 18.31908549 20.31336978 22.59343936 20.3444334  20.53081511 22.50024851
 22.48782306 21.23906561 23.1028827  22.08399602 19.48086481 18.68563618
 18.18240557 17.93389662 19.36282306 20.83523857 20.41898608 19.39388668
 20.50596421 21.66153082 21.07132207 21.38195825 19.58026839 21.19557654
 21.05889662 18.4806163 ]",38815.58066720651
2025-06-15 06:13:00+00:00,373,3762.23,9.0,20.677799656064796,20.686847664015904,25.010188866799204,"[20.41898608 18.94657058 19.50571571 19.80392644 19.74801193 23.30168986
 20.84145129 22.63692843 22.50024851 21.12102386 23.55019881 23.15879722
 22.05293241 18.44333996 18.1637674  19.20750497 19.85984095 19.72937376
 19.31312127 21.25149105 20.74826044 21.00919483 20.57430417 23.32032803
 21.50621272 22.51267396 22.40705765 19.15159046 19.7417992  19.98409543
 19.79771372 21.7360835  19.92818091 21.30119284 20.60536779 20.25124254
 20.93464215 20.15805169 20.2139662  21.48757455 22.09642147 19.41873757
 18.55516899 19.28827038 20.19532803 19.46843936 20.22639165 19.67967197
 20.36928429 19.36903579 20.7109841  24.27087475 21.7112326  21.14587475
 22.25173956 22.17718688 20.4500497  19.64860835 19.85984095 19.64239563
 18.6110835  20.15183897 20.78553678 21.18315109 21.33846918 21.56833996
 23.64960239 23.18364811 20.1083499  22.40084493 19.90954274 18.22589463
 18.93414513 20.89115308 21.20178926 20.15805169 19.94060636 21.92867793
 21.23906561 21.23285288 22.51267396 22.59343936 21.91625249 22.95377734
 19.07082505 19.18265408 19.2944831  18.99627237 21.21421471 20.43762425
 20.8166004  20.4749006  19.46843936 20.59915507 19.80392644 20.85387674
 22.72390656 22.06535785 22.84816103 19.24478131 20.46247515 17.90904573
 19.99652087 18.36257455 21.3943837  20.64264414 23.32654076 20.3444334
 21.69259443 21.2639165  22.23310139 22.16476143 24.09691849 18.84095427
 17.74751491 20.81038767 20.05243539 19.77907555 19.58648111 19.46843936
 19.58026839 19.5554175  21.7112326  23.13394632 19.6361829  22.3138668
 22.33250497 19.44358847 17.71645129 19.20750497 19.02112326 19.9778827
 19.67967197 19.08946322 20.37549702 20.80417495 19.92818091 22.45675944
 21.72365805 21.17693837 21.95352883 17.79100398 17.85313121 19.98409543
 19.85362823 20.64885686 19.26963221 19.00248509 20.10213718 20.85387674
 22.25795229 21.22664016 20.74204771 20.79796223 21.27012922 23.59368787
 19.32554672 19.81013917 18.66078529 18.81610338 19.5554175  21.08374751
 22.18961233 19.39388668 20.33200795 21.76714712 21.83548708 21.19557654
 21.47514911 22.48782306 18.8223161  19.20750497 18.87201789 20.18290258
 21.95352883 21.93489066 20.64264414 21.31361829 21.43166004 20.89736581
 20.8166004  20.48111332 20.83523857 22.73011928 18.70427435 18.69184891
 19.58026839 20.44383698 20.53081511 19.69831014 20.25745527 21.20178926
 22.85437376 20.53702783 23.30168986 22.99105368 22.39463221 22.95999006
 25.01018887 18.74776342]",39069.24652933038
2025-06-15 06:14:00+00:00,374,3765.51,9.0,20.688702186193453,20.697036530815108,25.420228628230614,"[19.07703777 18.30044732 19.57405567 19.85362823 20.28230616 19.319334
 21.6056163  21.24527833 22.74254473 23.50670974 22.63692843 21.53106362
 22.3138668  18.15134195 18.49925447 18.58001988 20.10213718 21.16451292
 19.73558648 20.4500497  19.43116302 20.75447316 23.07181909 23.89189861
 22.03429423 22.16476143 22.39463221 18.30666004 19.25720676 19.64239563
 19.53677932 19.28827038 18.87823062 20.56809145 19.82877734 20.94085487
 20.43762425 21.18315109 21.62425447 21.89140159 24.25223658 19.72937376
 19.73558648 18.35636183 20.04622266 19.83499006 20.30094433 20.555666
 23.00347913 20.52460239 21.2639165  21.69259443 21.81684891 22.99105368
 22.51888668 22.2082505  17.13866799 19.12052684 19.59890656 20.02137177
 18.43712724 19.59269384 19.64860835 19.92196819 21.45651093 20.35064612
 21.72365805 22.04050696 23.31411531 22.70526839 19.67967197 20.07107356
 20.4749006  20.84766402 18.03951292 19.0832505  20.20154076 20.60536779
 21.00919483 21.35710736 21.00919483 21.87276342 21.04647117 21.17693837
 19.41873757 19.43737575 19.68588469 20.6861332  21.03404573 17.74130219
 21.53106362 21.40059642 22.28280318 22.45054672 21.59940358 21.31983101
 21.7112326  25.42022863 22.17097416 18.44955268 19.8971173  19.86605368
 19.97166998 19.46222664 22.13369781 20.41898608 21.82927435 21.99080517
 20.53081511 22.61829026 21.52485089 23.04696819 22.20203777 19.96545726
 20.98434394 20.33822068 17.48658052 19.23235586 18.29423459 19.82877734
 20.12077535 21.12102386 22.4194831  22.69284294 22.22688867 22.85437376
 23.1277336  18.27559642 18.12649105 18.12649105 18.40606362 20.22639165
 20.44383698 20.35685885 20.56187873 22.47539761 20.44383698 19.30069583
 21.62425447 23.53156064 21.18936382 17.50521869 17.54249503 19.85362823
 19.1888668  18.75397614 21.22664016 19.30690855 21.08374751 20.35685885
 20.94085487 22.09642147 22.94135189 22.74254473 23.40730616 22.34493042
 21.027833   17.61704771 20.82902584 20.70477137 20.95328032 19.00248509
 19.47465209 21.13966203 20.16426441 19.99652087 21.53727634 20.84766402
 20.08349901 23.2333499  18.83474155 18.18861829 20.56809145 19.99030815
 20.40034791 20.45626243 20.95328032 22.58101392 19.51192843 21.21421471
 21.74850895 22.88543738 21.66774354 23.66824056 17.48658052 19.02112326
 19.36903579 20.03379722 19.99030815 20.91600398 20.74826044 20.69234592
 20.51838966 21.99701789 22.66799205 23.50670974 22.58722664 20.59915507
 23.89189861 17.02062624]",39105.72203412882
2025-06-15 06:15:00+00:00,375,3768.55,9.0,20.698901196574052,20.706479870775347,24.32678926441352,"[18.41227634 20.7109841  19.56163022 19.72937376 21.74850895 20.94706759
 18.39363817 20.48732604 22.53131213 22.06535785 22.29522863 21.31983101
 23.43836978 19.59890656 20.3195825  20.28851889 18.62972167 19.4000994
 20.13941352 20.54324056 19.64860835 20.99676938 23.40109344 22.33250497
 22.2082505  23.43836978 22.28280318 18.41848907 18.99627237 18.64835984
 20.12698807 19.46222664 21.10238569 20.59294235 21.14587475 22.05914513
 20.46247515 21.25770378 22.4194831  22.444334   22.444334   18.61729622
 19.94681909 20.33200795 20.48732604 20.18911531 20.09592445 21.14587475
 20.22639165 22.61207753 20.24502982 20.75447316 21.53727634 21.76714712
 22.61829026 23.00969185 18.93414513 18.1389165  19.27584493 18.39985089
 19.86605368 19.20129225 20.88494036 20.20154076 21.20800199 21.40680915
 20.53081511 22.08399602 23.43215706 23.2333499  18.76018887 19.62997018
 18.65457256 20.89115308 19.75422465 19.94060636 19.86605368 20.85387674
 19.75422465 19.03976143 22.11505964 20.18290258 21.17693837 21.96595427
 18.44333996 18.93414513 19.13916501 19.81635189 19.25099404 22.06535785
 20.50596421 21.12723658 22.05293241 20.51217694 21.38195825 21.96595427
 21.91003976 22.81088469 22.61207753 18.59865805 18.31287276 21.54348907
 20.26988072 21.54348907 21.70501988 20.28230616 21.2639165  21.81684891
 21.05889662 22.25173956 22.17097416 21.51242545 21.40680915 18.55516899
 19.92818091 20.22639165 18.38121272 21.12723658 20.74826044 21.64910537
 20.70477137 22.23931412 21.99701789 20.96570577 21.21421471 22.24552684
 21.45029821 19.48707753 18.31908549 19.15780318 18.98384692 20.12698807
 19.30690855 19.66724652 19.52435388 20.48732604 22.1833996  22.11505964
 24.19010934 21.77957256 22.95999006 18.43712724 19.14537773 19.66724652
 19.13916501 19.7666501  20.90357853 18.80989066 21.13966203 21.02162028
 19.54920477 21.19557654 22.33250497 21.98459245 22.53752485 20.72340954
 19.4249503  19.62997018 21.72987078 18.57380716 20.07107356 20.53081511
 22.11505964 20.33822068 21.98459245 21.76093439 21.59940358 20.24502982
 22.05293241 24.32678926 19.12052684 18.66699801 17.97117296 20.15183897
 18.68563618 20.59915507 20.92842942 20.56809145 20.33822068 21.31983101
 21.76714712 21.90382704 22.74254473 22.4194831  18.20725646 18.87823062
 19.36903579 19.7417992  19.26341948 19.68588469 21.5        20.97813121
 21.40680915 21.027833   22.62450298 21.77335984 21.77957256 21.46272366
 22.46297217 19.81013917]",39139.84384325815
2025-06-15 06:16:00+00:00,376,3780.9399999999996,9.0,20.736697173273686,20.74496769383698,24.388916500994036,"[18.95899602 18.05815109 20.40656064 19.96545726 19.2944831  22.02808151
 21.45029821 21.53727634 21.1583002  21.91003976 23.13394632 21.41302187
 23.53156064 18.90929423 20.8166004  20.66128231 19.93439364 18.47440358
 18.2693837  20.99055666 21.07132207 21.45029821 22.57480119 22.84816103
 22.12748509 21.08374751 23.29547714 18.43712724 19.23235586 18.98384692
 20.30094433 19.26341948 18.95899602 20.11456262 21.10859841 20.57430417
 20.02137177 21.89140159 22.87922465 21.05889662 24.05342942 16.61058648
 17.90904573 19.26341948 19.41252485 21.13966203 20.35064612 19.69831014
 19.84741551 19.26341948 22.84194831 20.62400596 22.58101392 22.5499503
 22.47539761 22.12748509 17.66053678 19.86605368 16.05765408 20.03379722
 20.20154076 19.92196819 20.42519881 19.9778827  21.19557654 21.92867793
 22.12127237 21.67395626 22.3138668  22.06535785 19.49329026 20.07107356
 18.80367793 19.99030815 19.64239563 21.29498012 21.44408549 19.84120278
 19.93439364 21.56833996 23.50049702 21.96595427 23.24577535 22.40705765
 19.74801193 18.94035785 19.11431412 18.07057654 22.24552684 20.51217694
 21.20178926 20.37549702 20.9222167  20.44383698 22.51888668 21.85412525
 21.8416998  22.17718688 22.74254473 19.45601392 19.83499006 19.23856859
 20.555666   20.97191849 21.30119284 21.027833   18.02087475 21.18936382
 22.23931412 21.79821074 21.80442346 23.00347913 22.59343936 19.41873757
 20.59915507 20.78553678 20.37549702 20.98434394 21.25149105 20.07107356
 19.15159046 20.1332008  21.61182903 22.55616302 23.18986083 21.68016899
 22.91650099 18.72912525 17.75372763 18.66078529 19.69831014 21.53106362
 20.03379722 21.35710736 20.01515905 21.87276342 20.74826044 21.17072565
 22.05914513 23.75521869 24.3889165  19.19507952 19.54299205 19.67345924
 20.30094433 19.90333002 21.04025845 20.87251491 21.14587475 21.05889662
 22.68663022 22.28280318 22.37599404 21.027833   21.06510934 22.12127237
 19.54920477 19.40631213 20.28851889 19.35661034 20.91600398 19.8722664
 22.33250497 21.05889662 19.44358847 20.85387674 21.88518887 22.82331014
 22.09642147 21.77957256 19.79150099 17.53628231 18.73533797 19.36903579
 19.62375746 20.63021869 21.3695328  20.81038767 20.59915507 21.46272366
 20.88494036 21.79199801 22.10884692 21.76093439 18.56759443 19.74801193
 18.38121272 18.94657058 21.10859841 20.08971173 20.20154076 20.14562624
 20.83523857 19.21371769 22.13991054 21.36332008 21.92246521 22.66177932
 24.07206759 17.3499006 ]",39266.294062904446
2025-06-15 06:17:00+00:00,377,3780.1099999999997,9.0,20.73548503566942,20.742389413518886,24.27087475149105,"[19.59269384 18.72291252 20.56809145 21.35089463 20.04000994 20.92842942
 21.44408549 21.05889662 21.43166004 22.2890159  22.29522863 22.30765408
 23.22713718 19.6610338  18.58001988 17.20700795 22.43190855 19.66724652
 20.04622266 20.35685885 20.97191849 20.17668986 21.64289264 21.76714712
 21.45651093 22.63692843 22.32629225 19.84741551 20.13941352 20.20775348
 20.74204771 18.7166998  20.64264414 20.77932406 20.61158052 19.20750497
 22.09642147 22.10884692 21.06510934 22.0777833  23.49428429 18.04572565
 19.15159046 20.69855865 19.61754473 19.82877734 21.43166004 20.32579523
 19.92196819 20.94085487 21.72365805 21.05889662 21.61804175 22.23931412
 21.10238569 23.7055169  18.44955268 18.92793241 17.77857853 19.71694831
 19.96545726 19.51814115 21.33846918 21.74229622 22.02186879 20.66128231
 19.69831014 22.49403579 22.71148111 23.35760437 17.6667495  19.59269384
 17.94010934 19.72937376 20.40034791 19.27584493 20.1332008  21.58076541
 22.66799205 23.06560636 23.19607356 22.95999006 23.28926441 20.95328032
 18.10785288 19.40631213 18.18861829 18.72912525 17.99602386 19.31312127
 21.04025845 20.05864811 22.48782306 20.5805169  21.38195825 21.21421471
 23.93538767 22.33250497 23.07803181 18.86580517 18.62350895 17.76615308
 18.75397614 21.32604374 22.09020875 20.41277336 20.82281312 22.54373757
 21.35710736 23.15879722 21.70501988 20.92842942 22.61829026 18.42470179
 19.26963221 19.45601392 18.87823062 19.26341948 19.01491054 20.90979125
 19.8971173  22.18961233 20.71719682 22.81709742 21.91625249 22.75497018
 21.40059642 18.83474155 20.26366799 18.09542744 17.84691849 21.59940358
 18.5862326  22.20203777 21.62425447 20.11456262 22.43812127 22.18961233
 22.13369781 20.80417495 22.83573559 19.38767396 18.88444334 17.82828032
 19.66724652 19.27584493 20.36307157 19.6361829  20.23260437 23.69309145
 22.15233598 21.85412525 21.53727634 23.45079523 21.3943837  22.81088469
 21.01540755 20.03379722 18.43712724 19.56163022 19.95924453 19.40631213
 21.66153082 21.1334493  21.31983101 20.29473161 22.42569583 21.46893638
 23.41351889 20.98434394 17.64189861 19.2944831  19.92818091 18.98384692
 19.81635189 19.87847913 21.52485089 19.95924453 22.43190855 23.64338966
 22.81088469 22.36978131 21.00919483 22.13991054 18.56759443 17.48036779
 17.85313121 20.17668986 20.09592445 20.02137177 19.85362823 22.35735586
 22.15854871 21.68638171 24.27087475 22.50646123 21.027833   21.93489066
 22.27037773 18.0333002 ]",39262.23873533561
2025-06-15 06:18:00+00:00,378,3782.2,9.0,20.742894606130655,20.74888170974155,24.419980119284293,"[19.33175944 19.72316103 20.69234592 21.31361829 19.69209742 21.59940358
 19.35039761 20.29473161 21.97837972 21.53727634 22.47539761 22.50024851
 24.34542744 18.51789264 18.03951292 18.71048708 19.32554672 19.25099404
 19.09567594 19.76043738 21.36332008 20.2388171  21.20800199 23.50670974
 21.27634195 23.61853877 22.93513917 19.40631213 19.18265408 19.30069583
 21.12723658 19.91575547 20.26366799 22.17718688 19.69831014 21.57455268
 20.16426441 22.35735586 22.43812127 24.41998012 22.92892644 18.35636183
 18.76018887 18.46819085 19.85984095 19.61754473 20.59915507 19.23856859
 21.82927435 20.65506958 21.81684891 20.57430417 21.64910537 21.07132207
 22.9972664  23.37624254 19.4000994  17.79100398 20.28230616 17.84070577
 19.77286282 20.18911531 21.48136183 22.76739563 20.49353877 21.64289264
 21.92246521 22.38220676 22.71769384 23.53156064 18.5862326  18.43091451
 20.79796223 19.7666501  20.56809145 20.04622266 18.44955268 20.81038767
 21.22042744 23.02833002 22.40705765 21.32604374 21.82306163 24.41998012
 19.54920477 19.25720676 17.72266402 19.92818091 19.11431412 19.77907555
 20.74204771 22.22067594 20.35064612 19.77907555 22.8916501  22.33871769
 21.972167   22.59965209 22.98484095 19.10810139 17.35611332 19.52435388
 19.25099404 19.21371769 19.8971173  20.62400596 20.50596421 19.90954274
 21.51863817 22.11505964 21.45651093 22.90407555 24.19632207 17.47415507
 19.5305666  19.64860835 20.1083499  20.39413519 19.83499006 20.61779324
 23.14637177 20.27609344 21.90382704 22.17097416 21.85412525 22.64935388
 23.9167495  20.05243539 19.27584493 18.23832008 19.78528827 19.81013917
 20.38170974 19.30690855 19.01491054 19.66724652 22.45054672 21.22042744
 21.64289264 21.32604374 22.43812127 18.56759443 19.2944831  20.23260437
 20.61779324 20.08349901 19.30069583 20.77311133 20.51838966 23.4694334
 21.89140159 21.86033797 21.28255467 22.7860338  22.72390656 22.27037773
 19.67967197 19.25099404 18.76018887 19.7666501  19.85984095 20.10213718
 20.64885686 20.66749503 20.74826044 21.47514911 22.0777833  23.22092445
 22.49403579 22.12127237 18.38121272 19.23856859 20.32579523 20.40656064
 19.11431412 19.319334   19.25720676 20.41277336 22.30765408 20.555666
 21.50621272 22.69905567 23.63096421 22.40705765 16.58573559 19.35661034
 19.07082505 18.98384692 19.68588469 19.31312127 21.12723658 19.82877734
 20.81038767 21.30740557 21.61804175 22.33250497 23.50049702 22.3138668
 23.24577535 18.23832008]",39287.02819427072
2025-06-15 06:19:00+00:00,379,3787.99,9.0,20.761227675128918,20.766867544731607,24.631212723658052,"[21.06510934 19.19507952 18.73533797 19.48086481 20.49353877 21.10238569
 21.57455268 20.85387674 21.18315109 21.34468191 23.53156064 22.40705765
 24.2584493  17.01441352 17.73508946 18.94035785 20.08971173 19.83499006
 19.38767396 21.31983101 19.38767396 21.38195825 21.25149105 23.71172962
 22.51267396 22.63071571 23.78628231 19.84120278 18.43091451 19.02112326
 18.48682903 18.99627237 18.54274354 20.19532803 21.27634195 21.49378728
 21.25149105 22.66799205 20.7917495  20.43762425 21.68638171 18.40606362
 17.9276839  19.06461233 18.85337972 19.15780318 20.51838966 19.46843936
 21.99080517 21.25770378 21.43166004 22.24552684 22.56237575 22.25795229
 23.37002982 23.89811133 19.46222664 19.15159046 20.1083499  19.18265408
 20.56809145 21.027833   21.08374751 20.30715706 22.36356859 22.61829026
 23.07803181 21.972167   23.78628231 24.08449304 17.34368787 21.92246521
 18.29423459 20.22639165 19.77907555 20.3195825  20.20154076 22.10263419
 20.17047714 21.82306163 22.25173956 22.57480119 23.45700795 22.76739563
 20.23260437 18.07678926 17.28156064 18.54895626 18.28180915 20.76689861
 18.86580517 21.36332008 20.41898608 21.29498012 21.53727634 23.05939364
 21.78578529 19.82256461 22.02186879 19.58648111 20.64885686 19.20750497
 20.44383698 20.69234592 20.06486083 19.4249503  20.53702783 19.18265408
 20.41898608 20.82902584 22.81709742 23.91053678 21.47514911 18.13270378
 19.4249503  18.375      19.92196819 19.85362823 19.14537773 22.33250497
 20.555666   21.46272366 22.22067594 20.65506958 22.42569583 23.55019881
 22.2082505  19.83499006 18.28180915 18.00223658 21.00298211 20.30094433
 21.66153082 19.40631213 19.57405567 20.24502982 21.35710736 23.15879722
 20.17668986 20.59915507 21.40059642 20.24502982 18.56138171 19.36282306
 18.847167   20.43141153 21.12102386 20.86008946 20.18911531 19.67345924
 20.92842942 21.85412525 22.94135189 21.82927435 22.19582505 22.6555666
 18.89686879 19.80392644 18.89065606 18.93414513 21.85412525 20.14562624
 21.04647117 20.76068588 20.90979125 20.69234592 21.66774354 23.07803181
 24.63121272 21.10238569 19.31312127 19.28205765 20.02137177 21.62425447
 19.48086481 20.36307157 20.24502982 21.25149105 21.8416998  22.33871769
 22.54373757 22.36356859 22.56237575 24.2584493  19.28205765 17.75994036
 20.52460239 18.80989066 21.07753479 21.61182903 21.2887674  20.33200795
 20.63643141 20.43141153 23.09666998 22.57480119 21.04647117 22.92892644
 22.58101392 18.15755467]",39348.363309911314
2025-06-15 06:20:00+00:00,380,3838.5299999999997,9.0,20.911624564359595,20.923863071570576,24.48832007952286,"[18.23832008 18.97763419 19.06461233 20.33200795 20.56187873 19.64239563
 20.40034791 21.75472167 20.53081511 22.23310139 23.07181909 22.39463221
 22.56858847 19.25099404 18.07057654 19.28205765 19.44358847 19.56784294
 20.75447316 20.03379722 21.25770378 22.12127237 22.09642147 23.73658052
 22.14612326 21.90382704 22.26416501 20.67992048 20.46868787 20.13941352
 21.13966203 20.57430417 19.48707753 21.8416998  20.78553678 19.67967197
 21.3943837  22.36356859 22.7611829  22.17097416 22.56858847 19.47465209
 18.7415507  20.27609344 20.59915507 19.36282306 20.12077535 19.28205765
 21.027833   21.92246521 20.70477137 21.08374751 21.82927435 21.45029821
 22.6804175  20.43762425 19.13295229 20.22017893 20.35685885 20.63021869
 19.00869781 19.85984095 21.00919483 20.36928429 19.54920477 21.87897614
 20.89115308 23.0221173  21.97837972 21.91003976 19.92818091 19.22614314
 20.22017893 19.67967197 20.13941352 20.41277336 20.99676938 21.79199801
 20.3444334  21.48136183 21.92246521 22.35735586 23.82977137 23.48807157
 18.61729622 18.07678926 16.90258449 18.65457256 21.17693837 21.92246521
 19.25720676 21.45029821 22.87922465 22.87301193 21.86033797 22.54373757
 22.69905567 23.86083499 24.48832008 20.1083499  21.40680915 19.94060636
 21.27634195 22.34493042 21.2887674  21.17072565 21.56833996 23.61232604
 21.87276342 22.94135189 23.39488072 22.84816103 23.38245527 18.66699801
 18.28180915 20.06486083 20.33822068 19.18265408 20.33200795 20.99055666
 20.99055666 21.00919483 22.15854871 23.05939364 23.40109344 21.76714712
 22.93513917 18.53031809 17.40581511 17.23185885 20.76689861 19.90333002
 22.07157058 19.94060636 20.22639165 21.04647117 21.10859841 21.50621272
 21.41302187 21.63667992 21.45651093 17.49900596 18.69184891 18.0084493
 18.94657058 20.08971173 19.04597416 21.74850895 20.91600398 20.71719682
 21.15208748 22.57480119 21.6056163  23.35139165 22.59343936 22.68663022
 16.84666998 21.31361829 20.3195825  19.58648111 20.18290258 21.14587475
 19.9778827  21.64910537 21.23906561 22.0777833  22.64935388 20.32579523
 22.26416501 24.06585487 17.75994036 20.72340954 18.64835984 19.98409543
 20.12077535 22.09020875 19.41252485 21.61182903 21.71744533 20.2139662
 21.80442346 22.22688867 21.76093439 23.76764414 19.10188867 19.67967197
 20.92842942 19.60511928 19.58648111 21.17072565 20.62400596 20.40656064
 21.35710736 22.76739563 22.61829026 21.61182903 23.00969185 22.5499503
 22.67420477 17.74130219]",39851.53114252145
2025-06-15 06:21:00+00:00,381,3811.17,9.0,20.832139735589287,20.838873011928428,24.22738568588469,"[17.66053678 18.5054672  19.56784294 20.8166004  20.77932406 20.26988072
 21.00298211 21.64289264 21.66774354 20.15183897 21.44408549 22.7860338
 22.10884692 20.65506958 19.66724652 18.16998012 20.01515905 18.64835984
 21.22664016 22.45054672 22.92892644 20.17668986 22.67420477 22.02186879
 22.26416501 22.16476143 22.70526839 17.61704771 19.52435388 19.23856859
 20.12698807 20.36307157 18.96520875 20.3444334  22.56237575 20.86630219
 20.37549702 20.9222167  23.37624254 22.92892644 21.63667992 18.80367793
 18.94035785 20.27609344 18.18240557 18.73533797 19.1888668  21.54970179
 18.43712724 20.39413519 21.42544732 19.96545726 20.36928429 21.3695328
 22.08399602 21.89761431 18.43712724 19.22614314 19.66724652 19.08946322
 19.38146123 21.92867793 21.91003976 20.40656064 20.75447316 21.95352883
 24.14040755 22.87922465 22.8667992  22.29522863 17.90904573 18.54274354
 18.5862326  21.69880716 20.31336978 20.1083499  21.71744533 19.91575547
 22.39463221 23.81734592 22.36978131 21.20178926 21.27012922 21.27012922
 18.66078529 19.62997018 19.32554672 19.22614314 20.0027336  20.72962227
 21.30740557 21.19557654 22.13369781 22.50646123 22.92271372 22.82331014
 23.69930417 23.48807157 22.59965209 19.60511928 18.36878728 19.10188867
 21.5        20.64885686 19.77907555 21.89761431 22.42569583 21.09617296
 21.56212724 22.61829026 23.15879722 24.22738569 23.07803181 18.40606362
 18.7166998  18.62350895 19.14537773 21.98459245 21.20178926 21.76714712
 22.25795229 22.09642147 21.04025845 23.38866799 21.92867793 22.39463221
 22.12748509 18.60487078 18.66699801 19.82877734 19.41252485 20.16426441
 19.84741551 19.81635189 21.21421471 17.94010934 21.18315109 20.35685885
 20.93464215 21.48757455 23.10909543 19.44358847 18.07057654 19.85984095
 19.0832505  20.66128231 19.38146123 20.92842942 20.06486083 20.53702783
 20.88494036 23.01590457 22.32629225 21.70501988 23.07181909 23.0221173
 18.86580517 18.99627237 19.64860835 20.16426441 21.68638171 20.87872763
 19.61133201 20.6861332  21.00298211 21.40680915 22.40084493 21.69880716
 22.53131213 23.50670974 18.99005964 17.89662028 20.20775348 19.6361829
 19.93439364 20.1083499  20.22017893 21.78578529 21.59940358 22.41327038
 21.54970179 23.02833002 22.5250994  22.92271372 19.22614314 20.19532803
 19.02112326 20.42519881 18.48682903 21.18315109 20.86008946 20.64264414
 21.68638171 21.81684891 20.74204771 21.25149105 22.36356859 22.58722664
 22.96620278 18.70427435]",39585.60669938753
2025-06-15 06:22:00+00:00,382,3870.83,9.0,21.009459298111544,21.024198558648113,24.357852882703774,"[17.05168986 19.99652087 19.82256461 20.69855865 22.38220676 20.39413519
 21.6304672  20.72340954 22.43812127 23.00969185 22.05293241 22.08399602
 21.972167   18.67321074 18.54895626 20.64264414 20.76068588 20.14562624
 20.9222167  21.72987078 18.76640159 22.27037773 21.06510934 20.93464215
 22.81709742 22.48161034 21.6304672  17.48658052 19.17644135 18.49304175
 20.22639165 21.5        20.88494036 21.34468191 19.95303181 21.75472167
 19.80392644 22.43190855 22.92271372 22.76739563 23.29547714 17.31883698
 17.65432406 21.30119284 20.04622266 20.15805169 21.41302187 20.22639165
 20.72340954 20.2139662  21.82306163 23.43215706 22.75497018 21.86033797
 22.97862823 23.7055169  19.45601392 19.6361829  18.79746521 19.17644135
 19.30690855 19.86605368 21.15208748 22.85437376 21.87897614 22.24552684
 21.38817097 22.25173956 22.1833996  24.35785288 19.84741551 20.35685885
 19.94681909 19.58648111 22.42569583 20.15805169 20.77311133 21.57455268
 20.59294235 22.79845924 23.45079523 21.53727634 21.97837972 22.90407555
 19.13916501 18.45576541 16.62922465 18.90929423 19.97166998 21.07132207
 21.43787276 21.25770378 21.80442346 23.20228628 22.73633201 21.16451292
 22.11505964 22.64314115 22.13991054 20.50596421 19.10810139 19.62997018
 19.4000994  20.38792247 20.31336978 21.33225646 19.54299205 20.63643141
 21.51242545 22.67420477 23.71794235 22.18961233 22.37599404 18.94035785
 19.85984095 21.27634195 20.02758449 19.69209742 21.02162028 21.10859841
 20.50596421 20.39413519 22.75497018 20.77311133 22.36978131 23.07181909
 23.89811133 19.25720676 18.59244533 16.91500994 19.82877734 19.20129225
 19.79150099 21.1583002  21.30119284 21.27012922 20.54945328 21.77957256
 20.90979125 22.95377734 23.38866799 18.62350895 19.44980119 18.28802187
 19.2944831  21.27012922 20.60536779 20.72340954 21.15208748 20.69234592
 21.40059642 23.08424453 23.89189861 22.48161034 24.14040755 23.47564612
 19.23235586 20.7109841  19.99652087 18.69184891 21.7112326  20.43141153
 20.2139662  21.76714712 20.9222167  22.15854871 21.13966203 23.51913519
 22.88543738 21.58076541 19.17022863 21.51863817 20.67992048 19.47465209
 19.15159046 20.2139662  22.46297217 22.83573559 21.95352883 21.63667992
 22.25795229 23.05318091 22.68663022 21.8416998  18.20725646 20.17047714
 19.28827038 19.64239563 19.07703777 21.25149105 21.30740557 21.00298211
 22.07157058 22.14612326 20.90357853 23.80492048 23.09045726 23.19607356
 22.10263419 20.72962227]",40178.84702776198
2025-06-15 06:23:00+00:00,383,3813.54,9.0,20.841658836779114,20.84623508946322,24.544234592445328,"[17.24428429 20.66128231 21.00919483 22.35114314 20.18290258 21.16451292
 22.09642147 22.87301193 22.87301193 21.74850895 21.0526839  23.41973161
 22.36356859 19.13295229 19.38146123 20.01515905 20.89736581 21.01540755
 20.07107356 19.4249503  21.23906561 19.04597416 24.14040755 20.06486083
 23.05318091 24.22738569 24.54423459 18.89065606 19.81635189 19.81635189
 17.67296223 19.8722664  19.319334   20.59294235 19.2944831  21.04025845
 20.56187873 21.91625249 22.41327038 22.60586481 22.5499503  18.72912525
 17.1945825  18.28180915 18.85959245 18.76640159 22.46297217 20.78553678
 18.87201789 19.10810139 20.82902584 22.63071571 23.20849901 23.07181909
 20.98434394 23.82355865 17.94632207 18.97763419 18.99627237 18.07678926
 20.61158052 20.54324056 20.33822068 21.00298211 21.84791252 21.81063618
 22.59965209 21.94110338 23.56262425 22.59343936 19.62375746 17.10139165
 20.7109841  20.17668986 20.7917495  20.19532803 19.51814115 21.14587475
 21.52485089 20.64885686 21.41923459 21.027833   21.40680915 21.81063618
 19.68588469 19.57405567 18.21968191 19.62997018 20.39413519 21.15208748
 20.43762425 22.0777833  20.14562624 21.48136183 20.84766402 21.89761431
 22.54373757 23.34517893 21.16451292 19.40631213 19.56163022 20.86008946
 18.16998012 20.67992048 21.18315109 20.74204771 21.23906561 19.91575547
 22.17718688 22.59965209 23.64960239 22.51267396 23.37002982 18.83474155
 18.45576541 19.20129225 20.26988072 18.40606362 19.03976143 20.79796223
 21.28255467 21.82306163 22.13991054 21.46893638 21.64289264 23.32654076
 21.86033797 18.94657058 19.6610338  20.35064612 19.02112326 19.48707753
 21.02162028 21.76714712 21.94110338 22.62450298 20.67992048 21.82927435
 21.67395626 21.27012922 22.22688867 17.77857853 19.52435388 19.49950298
 19.64860835 18.06436382 20.51838966 21.76093439 21.51863817 21.28255467
 22.68663022 21.51242545 23.16500994 21.61804175 22.33250497 24.50695825
 19.25720676 19.91575547 18.01466203 20.54945328 20.49353877 19.7417992
 19.56163022 20.48111332 21.87276342 20.25124254 22.63692843 22.51267396
 22.79845924 22.40084493 19.47465209 19.52435388 19.91575547 21.10859841
 19.34418489 18.86580517 22.15854871 21.44408549 21.68016899 20.555666
 22.99105368 19.88469185 22.54373757 22.43190855 17.99602386 20.0027336
 18.35636183 21.07753479 20.76689861 20.28851889 19.28827038 19.92818091
 21.45029821 21.77957256 22.46918489 22.09642147 22.62450298 21.40680915
 23.680666   21.27634195]",39617.45380432821
2025-06-15 06:24:00+00:00,384,3827.31,9.0,20.88356406061277,20.889009691848905,25.17171968190855,"[20.1332008  20.67992048 18.74776342 19.67967197 21.76714712 21.69880716
 21.62425447 22.1833996  23.32032803 23.63096421 23.23956262 22.51888668
 22.81709742 18.32529821 18.44955268 19.36282306 19.12673956 18.81610338
 20.7109841  19.2944831  20.33822068 22.39463221 21.58697813 21.40059642
 22.94756461 24.33300199 22.79224652 19.66724652 18.5862326  18.76640159
 19.8971173  21.21421471 19.49950298 20.88494036 20.69855865 20.94706759
 21.80442346 22.46297217 21.1583002  21.91003976 22.2890159  19.41252485
 19.20750497 19.81635189 18.31287276 20.84766402 21.72987078 22.63071571
 20.84766402 21.30119284 21.64289264 20.81038767 21.40059642 22.8667992
 23.87326044 22.6555666  19.59890656 20.92842942 20.35064612 19.72316103
 21.61182903 21.64289264 20.78553678 21.44408549 21.99080517 20.90979125
 22.57480119 23.18986083 20.5805169  22.36978131 18.847167   18.89686879
 19.15780318 20.16426441 19.34418489 19.23235586 17.79100398 21.3695328
 22.2082505  21.65531809 22.91650099 22.74254473 22.98484095 21.87276342
 21.18315109 18.92793241 19.84120278 20.17047714 19.99652087 20.04000994
 20.12698807 21.9473161  20.30715706 21.7112326  22.75497018 22.58101392
 23.27683897 22.07157058 22.15233598 17.5611332  17.74751491 20.24502982
 20.71719682 19.72316103 19.79771372 19.53677932 21.01540755 21.34468191
 21.75472167 20.27609344 21.29498012 21.7112326  22.50646123 19.7417992
 19.20129225 20.3444334  21.00919483 19.72316103 21.13966203 21.64289264
 20.92842942 22.24552684 22.32629225 19.8722664  22.70526839 21.49378728
 23.45700795 18.82852883 20.01515905 19.28205765 20.48732604 20.61779324
 19.96545726 21.31361829 22.19582505 19.88469185 22.02808151 20.94085487
 21.34468191 23.89189861 22.39463221 19.37524851 17.36853877 18.59865805
 21.21421471 22.09020875 19.21371769 21.1334493  20.3444334  22.01565606
 21.18936382 22.20203777 20.2139662  20.91600398 22.15233598 23.28926441
 19.93439364 19.41873757 19.30690855 22.39463221 20.46868787 21.53106362
 20.97191849 18.77261431 20.56187873 21.24527833 23.71172962 22.21446322
 22.51888668 22.97862823 17.18215706 18.62972167 19.52435388 17.75994036
 21.18936382 20.40034791 20.20154076 20.90979125 21.46272366 20.30094433
 21.86033797 21.55591451 21.72365805 22.39463221 17.40581511 19.37524851
 17.85313121 20.51838966 20.07107356 18.64835984 23.05318091 19.12673956
 21.23906561 21.82306163 21.96595427 20.72340954 21.05889662 25.17171968
 22.43812127 17.59840954]",39757.651921186094
2025-06-15 06:25:00+00:00,385,3858.61,9.0,20.977205574173524,20.986238817097416,24.935636182902584,"[19.6361829  18.80989066 19.70452286 18.77261431 19.60511928 21.17693837
 20.16426441 21.12723658 21.2887674  21.8665507  22.94135189 21.87897614
 22.11505964 19.35661034 18.83474155 19.84120278 19.84120278 20.1332008
 20.84145129 22.69284294 21.69880716 21.91625249 22.05293241 22.15233598
 23.94781312 22.15854871 23.49428429 18.39363817 20.69234592 20.33822068
 21.27012922 21.76093439 20.95328032 20.13941352 21.30740557 21.3695328
 22.71148111 22.18961233 22.84816103 22.02808151 23.15879722 19.37524851
 19.11431412 19.81013917 18.80989066 20.84145129 21.69259443 20.2388171
 22.33871769 21.46893638 22.0777833  22.09020875 22.2890159  22.79845924
 21.82306163 23.80492048 19.64860835 20.40656064 18.77261431 20.7917495
 19.91575547 21.36332008 19.62997018 22.38841948 21.54348907 21.85412525
 22.81088469 21.5        23.63096421 22.58101392 18.17619284 20.26366799
 18.94035785 17.64189861 20.98434394 19.02733598 20.91600398 21.10859841
 23.22092445 22.21446322 21.82927435 23.33275348 22.53131213 22.13991054
 18.99005964 18.98384692 20.32579523 20.32579523 19.74801193 22.444334
 18.78503976 20.95949304 19.44358847 21.56212724 22.48161034 22.48782306
 22.50024851 21.27012922 22.81088469 18.67321074 18.66078529 19.94060636
 20.07107356 18.34393638 20.20154076 20.37549702 20.17047714 22.07157058
 24.93563618 22.88543738 21.86033797 23.56262425 23.20849901 19.50571571
 19.77907555 20.43762425 19.7417992  20.72962227 19.30069583 21.1583002
 20.22639165 21.35089463 20.45626243 22.33250497 22.7611829  22.24552684
 24.74304175 18.72291252 18.97142147 18.45576541 18.53031809 19.72937376
 18.89686879 20.48111332 18.92793241 20.72340954 22.17097416 21.06510934
 21.04647117 22.59343936 20.84766402 19.03354871 18.02087475 21.32604374
 18.55516899 19.26963221 19.10810139 21.00919483 20.35064612 21.13966203
 20.80417495 21.15208748 21.92246521 21.27634195 23.25198807 21.97837972
 19.30690855 18.85337972 20.32579523 20.51217694 21.6304672  21.00919483
 21.67395626 19.48086481 23.35139165 21.74229622 22.62450298 21.11481113
 22.30144135 22.43190855 17.96496024 19.9778827  19.56163022 20.1083499
 21.07753479 21.2887674  20.97191849 22.10263419 21.68638171 21.98459245
 22.99105368 20.69234592 22.55616302 24.33921471 20.23260437 20.48732604
 19.59269384 20.65506958 19.99652087 20.1083499  22.12748509 21.1334493
 21.76714712 20.94085487 21.08374751 21.86033797 21.00298211 23.38245527
 22.53752485 19.51814115]",40070.938968954935
2025-06-15 06:26:00+00:00,386,3883.3900000000003,9.0,21.05161075132053,21.063214463220675,24.724403578528825,"[19.12673956 19.69831014 19.92818091 21.20178926 20.28230616 19.23856859
 23.27683897 20.51838966 22.69284294 21.32604374 21.91625249 21.33225646
 23.8111332  18.97763419 19.54920477 21.35710736 20.27609344 20.4749006
 20.1083499  19.11431412 21.00919483 21.30119284 22.43812127 21.99080517
 22.75497018 22.5499503  22.58101392 18.10164016 20.59294235 19.93439364
 19.49329026 21.81684891 20.03379722 21.3943837  21.25770378 22.57480119
 22.04050696 21.78578529 22.9972664  22.03429423 23.7055169  18.82852883
 19.33175944 20.32579523 21.63667992 20.10213718 20.28230616 19.92196819
 20.5805169  21.0526839  21.56212724 22.36356859 19.79771372 22.27037773
 22.36978131 21.95352883 21.28255467 18.49925447 21.16451292 19.15780318
 18.6110835  21.61182903 20.51838966 23.1277336  22.6555666  21.94110338
 21.61804175 20.48111332 23.88568588 24.37027833 18.53653082 19.21993042
 18.90308151 19.90333002 20.43762425 19.99030815 21.17693837 23.04075547
 22.6804175  21.30119284 21.56212724 21.72365805 21.70501988 22.01565606
 20.98434394 20.45626243 19.26963221 21.83548708 21.29498012 20.7109841
 22.56237575 20.41898608 21.38195825 21.3695328  21.98459245 22.1833996
 21.82306163 22.9972664  22.59965209 17.54249503 19.18265408 19.64239563
 20.3444334  20.35685885 20.46868787 20.61158052 21.34468191 19.77286282
 21.29498012 20.77311133 23.17122266 23.68687873 23.28305169 18.90929423
 18.53653082 20.95949304 19.64860835 22.17718688 20.25124254 19.59890656
 20.32579523 20.26366799 20.62400596 21.43166004 23.73036779 22.25173956
 24.53802187 19.12673956 18.16998012 18.61729622 20.02137177 19.98409543
 20.36928429 21.31361829 22.63692843 22.43812127 22.47539761 21.66774354
 22.82331014 22.84194831 21.82927435 18.19483101 17.98359841 18.87201789
 20.60536779 19.69209742 20.43762425 22.12748509 19.95303181 21.76093439
 20.30715706 23.45700795 20.72962227 21.54348907 22.7611829  23.61232604
 17.72887674 20.94085487 19.60511928 19.61133201 21.14587475 21.52485089
 19.58648111 22.15854871 21.29498012 21.07132207 22.00944334 22.36978131
 23.99751491 23.35139165 19.28827038 20.2388171  20.41898608 19.71073559
 20.82902584 20.89736581 20.78553678 21.6304672  21.99080517 22.1833996
 21.74229622 22.63071571 22.14612326 21.55591451 18.90308151 19.51814115
 17.46172962 20.96570577 20.61158052 20.90357853 20.10213718 20.16426441
 20.16426441 22.00323062 22.7611829  22.8667992  23.67445328 24.72440358
 23.2333499  19.09567594]",40319.86892961798
2025-06-15 06:27:00+00:00,387,3918.0400000000004,9.0,21.15514717457541,21.170849900596423,25.58175944333996,"[19.27584493 19.19507952 20.45626243 19.67345924 18.44955268 22.23310139
 19.26341948 22.16476143 21.54348907 22.61829026 22.32007952 22.69905567
 23.3389662  18.69184891 19.1640159  19.54920477 19.24478131 19.76043738
 21.55591451 20.24502982 21.66774354 22.06535785 19.62997018 22.74254473
 22.50024851 22.64935388 23.30790258 19.79150099 19.40631213 19.37524851
 20.12698807 20.02758449 19.83499006 21.10238569 23.00347913 21.59940358
 20.91600398 21.71744533 21.92246521 23.08424453 21.3943837  19.97166998
 19.26341948 20.18911531 22.15854871 19.34418489 21.66774354 18.95899602
 20.44383698 22.28280318 21.97837972 21.027833   21.20178926 22.5250994
 23.2333499  25.58175944 18.18861829 19.59890656 20.26366799 19.49950298
 20.72962227 21.45029821 20.11456262 20.63643141 20.60536779 21.77335984
 22.29522863 22.00323062 24.43861829 23.72415507 18.64835984 20.18911531
 20.02137177 20.38170974 19.43737575 21.33225646 23.22713718 21.15208748
 21.7360835  22.39463221 24.66227634 23.84840954 23.40109344 21.48136183
 19.98409543 19.23856859 20.76689861 19.20750497 21.58697813 20.00894632
 21.19557654 19.15159046 22.12127237 22.54373757 23.96023857 21.95352883
 22.79845924 21.24527833 23.2582008  18.66078529 19.35039761 19.15780318
 20.61158052 20.79796223 22.40084493 20.89115308 22.91650099 20.5805169
 20.66128231 21.16451292 22.74254473 23.07803181 22.11505964 18.07057654
 19.84741551 19.27584493 21.58076541 21.53727634 20.36928429 21.80442346
 20.98434394 22.43190855 21.48136183 23.05939364 23.4445825  23.51292247
 22.61829026 19.18265408 19.97166998 19.38767396 18.94035785 18.63593439
 19.61133201 21.8416998  21.51242545 21.1583002  22.26416501 21.81063618
 22.46297217 21.84791252 22.04050696 18.49925447 19.64860835 20.05864811
 20.49353877 20.43141153 20.33822068 20.16426441 22.93513917 22.70526839
 21.46893638 22.7611829  23.22092445 21.92246521 23.77385686 22.56237575
 18.94035785 19.15780318 20.1332008  20.9222167  19.72937376 20.76689861
 21.61182903 21.34468191 21.48136183 24.30815109 21.6056163  23.0221173
 22.85437376 22.5250994  20.12077535 19.73558648 18.26317097 18.89686879
 20.97191849 20.94706759 20.02137177 21.32604374 23.22092445 21.48136183
 21.36332008 22.89786282 24.37027833 23.58747515 18.79125249 19.319334
 19.34418489 18.09542744 20.39413519 19.57405567 21.1583002  21.74850895
 21.58697813 22.86058648 21.6056163  21.69259443 23.40730616 22.6555666
 24.26466203 19.8722664 ]",40666.26038725949
2025-06-15 06:28:00+00:00,388,3900.5899999999997,9.0,21.104938639098805,21.11664388667992,25.712226640159045,"[19.62997018 18.43712724 18.75397614 19.41873757 20.33822068 20.80417495
 22.25173956 21.99701789 22.40705765 22.24552684 23.09045726 23.14015905
 24.61257455 17.71023857 20.02137177 17.91525845 20.98434394 21.10859841
 18.83474155 22.51267396 22.46918489 21.69259443 23.20228628 22.60586481
 23.19607356 22.09020875 23.43836978 19.30069583 19.76043738 20.01515905
 18.54895626 19.48707753 19.90333002 21.07753479 20.01515905 20.12077535
 21.82927435 22.5250994  22.02808151 23.03454274 23.00969185 18.39985089
 19.69209742 18.69806163 20.8166004  21.01540755 20.00894632 21.20178926
 21.12102386 21.14587475 22.66799205 22.24552684 20.89736581 20.555666
 22.58101392 22.77982107 19.43116302 21.14587475 21.49378728 20.18911531
 19.82256461 21.23906561 19.85984095 21.08996024 22.444334   21.61804175
 21.02162028 21.84791252 23.18364811 22.95377734 17.48658052 20.12077535
 18.55516899 19.6361829  21.64910537 21.36332008 19.6361829  20.62400596
 20.30715706 21.40059642 22.58722664 22.25795229 22.83573559 23.22713718
 19.03976143 19.20129225 19.25099404 18.5862326  20.74204771 22.96620278
 21.10238569 20.5805169  22.29522863 21.70501988 21.1583002  22.51267396
 21.91003976 22.49403579 23.23956262 19.49950298 20.31336978 19.51192843
 20.41898608 19.99030815 18.90929423 21.66774354 22.69905567 21.72365805
 21.40059642 24.61257455 23.12152087 20.98434394 22.73011928 19.319334
 19.02112326 20.03379722 18.43091451 19.11431412 21.68016899 19.30690855
 19.60511928 21.54348907 22.14612326 20.2388171  21.69880716 24.97291252
 25.71222664 20.37549702 18.25695825 21.10859841 21.1583002  19.84741551
 21.17693837 20.38792247 19.87847913 22.71148111 21.16451292 22.6804175
 21.77957256 23.48807157 22.5250994  18.41848907 18.28180915 19.1640159
 19.92818091 20.06486083 21.12102386 20.96570577 20.58672962 20.89736581
 22.19582505 20.87872763 24.00994036 22.45675944 24.66227634 23.30168986
 20.92842942 18.74776342 19.79771372 20.67370775 22.06535785 20.35685885
 21.91003976 23.9167495  22.18961233 21.6304672  22.30144135 22.48782306
 22.42569583 25.58797217 17.36853877 19.84741551 19.8971173  19.45601392
 20.82281312 18.86580517 21.24527833 21.24527833 21.02162028 20.92842942
 21.81063618 23.7055169  24.19010934 23.48185885 18.29423459 20.12698807
 19.34418489 19.09567594 19.71073559 20.69234592 21.1334493  20.41277336
 20.65506958 22.36978131 21.37574553 22.74254473 23.06560636 22.67420477
 23.87326044 19.77286282]",40498.28271096896
2025-06-15 06:29:00+00:00,389,3870.52,9.0,21.017492327144137,21.023235586481114,25.22142147117296,"[17.24428429 18.34393638 19.60511928 20.555666   20.66128231 20.91600398
 22.39463221 22.19582505 21.46893638 22.4194831  22.81088469 24.15904573
 25.22142147 18.59244533 19.0583996  18.77882704 19.07082505 19.9778827
 21.70501988 21.00298211 20.98434394 22.02186879 19.03354871 21.91625249
 22.74875746 22.7860338  22.87301193 20.26988072 18.1389165  20.3444334
 20.2139662  21.00919483 22.22688867 19.58648111 22.5250994  21.58697813
 22.03429423 22.96620278 21.79199801 21.89761431 21.76093439 19.04597416
 19.78528827 20.64264414 20.46868787 19.48707753 22.82952286 20.82902584
 21.42544732 18.99627237 21.02162028 21.84791252 22.00944334 23.4694334
 22.36978131 22.46297217 20.97191849 18.46819085 20.61158052 19.13916501
 20.23260437 19.6610338  18.59244533 21.66774354 22.62450298 21.46272366
 22.87301193 22.50024851 21.58697813 24.45725646 19.32554672 18.70427435
 20.73583499 17.74130219 20.99676938 21.89761431 21.74850895 20.89115308
 20.99676938 23.35139165 22.33250497 22.71769384 21.92246521 23.50049702
 19.45601392 19.92818091 19.38146123 18.66078529 20.04000994 21.06510934
 20.61779324 21.06510934 21.8416998  21.90382704 21.13966203 22.39463221
 22.99105368 22.10884692 24.68712724 18.07678926 18.5862326  18.82852883
 20.87251491 21.17072565 19.45601392 19.66724652 20.72962227 20.95328032
 21.91003976 21.08996024 22.04671968 23.75521869 22.46297217 18.46819085
 20.30094433 19.36282306 18.61729622 19.81013917 21.15208748 19.52435388
 21.48136183 21.54348907 20.39413519 22.72390656 23.0221173  22.35114314
 23.74900596 19.85984095 19.24478131 20.02758449 20.56809145 20.94085487
 19.64860835 20.53081511 19.54299205 20.61779324 22.43190855 21.77335984
 22.70526839 22.64314115 23.20849901 18.68563618 17.61704771 18.35636183
 20.64885686 20.51838966 21.27012922 20.18290258 21.38817097 20.46868787
 21.69880716 21.28255467 23.09666998 21.5        21.27634195 23.61232604
 20.10213718 20.94706759 19.97166998 19.8971173  20.07107356 21.27634195
 20.51838966 21.13966203 22.25795229 21.28255467 22.30765408 21.17072565
 23.22092445 22.90407555 19.07082505 18.03951292 19.56163022 19.02112326
 20.29473161 19.62997018 21.23285288 20.16426441 20.60536779 22.62450298
 22.84194831 21.70501988 22.79224652 24.25223658 19.04597416 18.89065606
 19.84741551 20.46247515 18.56138171 20.97813121 21.72365805 21.81684891
 20.72340954 21.35710736 22.79224652 23.78006958 20.63021869 23.90432406
 23.90432406 19.28827038]",40205.722329693424
2025-06-15 06:30:00+00:00,390,3915.01,9.0,21.15008020716348,21.16143762425447,24.19010934393638,"[19.0832505  19.32554672 21.24527833 21.23285288 22.28280318 20.26988072
 21.23285288 21.35089463 22.77982107 21.72365805 23.03454274 22.82331014
 24.19010934 19.71694831 19.95924453 19.74801193 19.33797217 18.78503976
 20.88494036 21.18315109 19.64860835 22.27037773 21.62425447 22.71769384
 21.83548708 22.88543738 23.02833002 18.64214712 19.41252485 19.41252485
 19.11431412 21.35089463 20.87251491 22.03429423 20.48111332 21.38195825
 20.98434394 21.3943837  23.48185885 22.54373757 22.32629225 18.02708748
 19.24478131 20.51838966 19.99030815 19.20750497 19.17644135 21.38817097
 20.07107356 21.35089463 20.77932406 21.76714712 23.39488072 23.7055169
 22.14612326 22.84816103 20.09592445 20.97191849 20.70477137 22.58101392
 20.71719682 20.50596421 19.90333002 21.6304672  22.45054672 21.25149105
 23.61232604 23.07803181 23.24577535 23.73036779 18.48682903 19.33797217
 20.85387674 19.61133201 19.99030815 19.76043738 19.98409543 21.48757455
 20.5805169  21.40680915 21.62425447 22.91650099 21.65531809 23.20849901
 19.13916501 18.21968191 19.54920477 21.25770378 19.07703777 21.05889662
 19.36282306 20.87872763 23.54398608 22.71769384 23.04696819 22.97241551
 22.45054672 22.444334   22.47539761 20.87251491 20.12077535 18.2445328
 21.31361829 21.18315109 22.60586481 21.13966203 22.7611829  21.68016899
 22.00323062 21.82306163 22.84816103 22.55616302 23.02833002 19.64860835
 18.57380716 20.66749503 20.75447316 19.98409543 21.21421471 21.32604374
 19.96545726 21.23906561 21.61182903 22.10884692 22.62450298 21.75472167
 24.14662028 18.36878728 20.33822068 18.48682903 18.78503976 19.14537773
 21.03404573 21.23285288 21.972167   21.14587475 21.34468191 21.2887674
 23.32032803 20.54324056 23.02833002 18.29423459 19.6610338  19.57405567
 19.76043738 19.33175944 20.7917495  20.61158052 21.59940358 21.29498012
 21.87897614 23.20849901 20.62400596 21.20178926 22.64935388 22.06535785
 20.3444334  19.33797217 18.99005964 20.90979125 19.21371769 20.69234592
 21.41923459 19.78528827 22.04671968 23.01590457 21.80442346 23.8359841
 22.66799205 22.59965209 19.08946322 17.42445328 20.85387674 21.17693837
 19.27584493 21.94110338 21.0526839  22.34493042 22.92271372 22.04050696
 23.50049702 21.94110338 23.69930417 22.63071571 19.35039761 20.22017893
 19.38767396 20.18911531 21.027833   22.5499503  21.75472167 21.2639165
 21.41923459 22.1833996  21.64910537 22.89786282 23.00347913 22.97241551
 23.27062624 17.38096421]",40649.30834108614
2025-06-15 06:31:00+00:00,391,3929.8799999999997,9.0,21.195262517903398,21.207629224652088,24.87350894632207,"[18.11406561 20.40034791 20.46247515 20.13941352 19.97166998 21.35089463
 21.7360835  22.53131213 22.59343936 21.1334493  20.5805169  23.15258449
 22.16476143 19.17022863 18.03951292 19.17022863 20.17047714 19.69831014
 20.9222167  21.74229622 21.56212724 21.22664016 21.68016899 21.6304672
 22.2082505  22.47539761 24.1776839  18.4806163  20.72340954 18.53031809
 20.32579523 21.99080517 21.08374751 20.69234592 24.71819085 21.04647117
 23.47564612 21.38195825 22.6555666  22.55616302 23.22092445 19.77286282
 19.69831014 19.11431412 21.08374751 20.90357853 19.39388668 21.30740557
 20.1332008  20.1083499  21.23906561 23.0221173  24.76789264 22.33871769
 22.54373757 22.49403579 18.86580517 20.00894632 20.39413519 19.99030815
 20.99676938 21.77957256 20.28851889 22.00944334 21.04647117 21.8416998
 22.62450298 24.32678926 21.972167   23.69930417 19.61133201 20.00894632
 18.86580517 20.19532803 18.67321074 19.9778827  21.33846918 20.7917495
 22.17097416 23.32654076 22.16476143 20.92842942 22.74254473 24.53180915
 18.36878728 18.20104374 18.76640159 19.7666501  19.74801193 19.99030815
 19.62997018 20.82902584 22.3138668  22.40084493 21.96595427 23.56883698
 21.33846918 23.28305169 24.87350895 19.60511928 20.0027336  18.06436382
 21.41302187 19.59890656 18.84095427 22.06535785 21.75472167 22.15854871
 21.56212724 21.68016899 23.3638171  23.25198807 24.44483101 20.83523857
 20.4500497  18.67942346 19.80392644 20.83523857 21.27634195 19.72937376
 22.50024851 23.17743539 21.72987078 21.22042744 21.0526839  24.625
 23.42594433 19.4249503  19.95924453 20.38170974 20.48111332 20.89115308
 20.83523857 21.12102386 20.38170974 20.06486083 21.89761431 24.04100398
 23.60611332 23.14637177 23.17122266 19.75422465 20.65506958 20.7109841
 19.59269384 19.56163022 22.16476143 20.49353877 21.18315109 21.43166004
 20.7917495  23.01590457 22.38220676 23.99130219 22.2890159  23.75521869
 20.04622266 19.09567594 19.64860835 19.38767396 20.13941352 20.89115308
 20.84766402 20.07728628 22.2890159  22.99105368 20.71719682 24.76789264
 21.18936382 22.36356859 17.74130219 19.25099404 19.69831014 21.75472167
 20.04622266 19.70452286 22.02186879 21.30119284 22.55616302 22.81088469
 21.50621272 22.38841948 24.04100398 23.18364811 19.15780318 19.26341948
 19.0583996  19.00869781 20.77932406 20.2388171  19.85362823 19.09567594
 22.74254473 22.06535785 21.76093439 21.89140159 21.85412525 23.96023857
 23.45079523 19.33797217]",40800.47027989761
2025-06-15 06:32:00+00:00,392,3978.9199999999996,9.0,21.34128631462812,21.359965208747518,26.004224652087473,"[21.68638171 21.35089463 19.22614314 19.81013917 21.35089463 22.24552684
 21.80442346 22.30144135 21.37574553 23.35760437 21.74229622 24.21496024
 24.88593439 19.54920477 20.02758449 17.72887674 20.77932406 20.79796223
 21.972167   20.90357853 21.41923459 22.84194831 23.01590457 23.4694334
 22.02186879 24.25223658 26.00422465 19.17022863 18.60487078 19.44358847
 19.02112326 19.43116302 20.64885686 20.48111332 21.53106362 23.30168986
 20.09592445 21.27012922 22.13369781 22.00323062 23.23956262 19.15159046
 19.24478131 20.63643141 19.15159046 20.2388171  21.12102386 21.56212724
 21.55591451 20.24502982 22.7611829  22.48161034 23.62475149 24.56908549
 23.63717694 21.62425447 19.28205765 18.8223161  20.37549702 20.37549702
 21.20178926 21.33846918 19.99030815 20.96570577 21.98459245 21.85412525
 22.80467197 21.92867793 23.79249503 22.9972664  17.22564612 20.23260437
 20.29473161 20.45626243 20.41277336 20.76689861 22.70526839 22.80467197
 22.5499503  21.54348907 22.66177932 19.64239563 22.45054672 23.43836978
 17.91525845 18.58001988 19.43116302 21.10238569 19.13916501 20.72962227
 21.17072565 20.81038767 21.23285288 22.9972664  22.66177932 22.1833996
 22.72390656 22.42569583 24.15904573 20.27609344 19.98409543 18.20104374
 19.12673956 21.38195825 20.4749006  20.94085487 20.52460239 21.94110338
 20.22017893 24.30815109 22.86058648 23.92296223 22.90407555 19.61133201
 19.44980119 19.45601392 21.36332008 21.85412525 23.13394632 20.26366799
 22.41327038 23.14015905 23.22092445 23.09045726 22.09020875 22.85437376
 23.32654076 17.902833   20.00894632 21.25770378 20.09592445 19.37524851
 19.21371769 21.46893638 21.67395626 21.972167   21.74850895 22.97241551
 21.95352883 22.72390656 25.32082505 18.33151093 20.04000994 18.79125249
 20.08349901 21.18936382 20.35685885 19.23856859 22.25795229 22.11505964
 22.02186879 21.10859841 23.17122266 22.79845924 24.16525845 22.30144135
 18.59865805 20.49975149 19.40631213 20.02137177 20.30715706 21.79199801
 21.43787276 23.53156064 21.93489066 22.38841948 21.8416998  22.19582505
 24.82380716 23.66824056 20.94085487 20.35685885 19.47465209 19.58648111
 19.85984095 20.48732604 20.81038767 21.07132207 22.73011928 21.1334493
 23.43215706 21.81063618 22.39463221 21.8416998  20.43141153 19.81013917
 20.38792247 20.95949304 19.51814115 20.64885686 20.42519881 21.41923459
 20.82281312 20.81038767 23.16500994 23.00347913 22.22688867 24.64985089
 23.4445825  19.61754473]",41289.00749421984
2025-06-15 06:33:00+00:00,393,3970.95,9.0,21.31907540450767,21.335207504970175,25.302186878727632,"[21.23285288 19.67967197 22.07157058 20.46868787 20.45626243 21.55591451
 19.66724652 22.61829026 20.15805169 21.23906561 24.03479125 22.82331014
 21.23906561 19.13916501 18.72291252 19.81013917 19.87847913 19.64239563
 21.49378728 21.79821074 21.45651093 22.59965209 20.91600398 23.06560636
 22.98484095 21.08996024 22.59965209 19.12673956 20.50596421 20.25124254
 20.79796223 19.70452286 20.40656064 22.25173956 23.71794235 20.64264414
 22.33250497 23.680666   22.50646123 24.05964215 21.71744533 19.39388668
 20.26988072 18.15134195 18.77261431 20.56187873 19.39388668 20.51217694
 22.14612326 21.8416998  21.3695328  21.43787276 24.20874751 23.39488072
 22.41327038 22.43812127 18.28802187 21.07132207 19.05218688 20.36928429
 21.0526839  20.45626243 20.73583499 21.85412525 22.19582505 23.21471173
 24.05964215 23.56262425 25.30218688 23.98508946 20.48732604 19.5554175
 18.86580517 21.6304672  21.18315109 20.51217694 21.80442346 20.85387674
 21.55591451 21.74850895 21.7360835  23.94781312 24.00994036 22.33250497
 20.02758449 19.62375746 19.32554672 21.05889662 19.39388668 20.36928429
 20.79796223 22.23931412 22.36978131 22.96620278 22.79224652 23.04075547
 22.16476143 23.5750497  24.61878728 18.7166998  20.74204771 19.8722664
 21.21421471 20.32579523 20.72340954 20.83523857 24.23981113 20.3195825
 22.43812127 23.10909543 22.18961233 22.29522863 23.26441352 17.75372763
 19.61133201 19.52435388 21.16451292 19.56163022 20.69855865 22.17097416
 20.20154076 21.51242545 21.03404573 23.63717694 22.77982107 23.87947316
 23.72415507 17.36853877 20.0027336  21.33846918 21.25770378 20.35064612
 22.19582505 20.09592445 21.99080517 20.67992048 22.77982107 23.05318091
 20.8166004  24.69333996 24.13419483 19.87847913 18.5862326  19.28827038
 20.01515905 22.30144135 20.76689861 20.79796223 20.86008946 20.12077535
 22.37599404 21.16451292 22.94756461 23.74279324 21.68638171 22.50024851
 19.04597416 19.20750497 20.84145129 19.52435388 20.63021869 21.06510934
 21.49378728 20.05243539 22.17718688 22.01565606 22.94135189 22.50024851
 23.55019881 24.48210736 19.79150099 19.21993042 20.03379722 16.94607356
 19.41252485 20.15805169 20.59915507 19.30690855 23.51292247 22.7611829
 21.38817097 23.86704771 23.26441352 22.79224652 18.14512922 19.51814115
 20.67992048 20.28851889 21.13966203 18.77261431 22.8667992  20.3444334
 22.59343936 22.5499503  22.43190855 21.23906561 22.41327038 22.85437376
 24.28951292 18.76640159]",41214.69867332087
2025-06-15 06:34:00+00:00,394,4013.71,9.0,21.446575214908606,21.468035536779325,25.861332007952285,"[19.0583996  20.48732604 19.6361829  20.20154076 21.47514911 20.91600398
 21.64910537 20.52460239 21.56212724 23.27683897 22.69905567 23.45700795
 24.48832008 20.22017893 19.00869781 19.65482107 19.81013917 21.10859841
 21.74850895 20.77311133 21.87897614 23.50049702 21.68638171 22.51267396
 22.20203777 21.70501988 23.74900596 19.22614314 18.65457256 19.76043738
 20.49353877 21.27634195 19.85362823 21.27012922 19.20129225 21.72365805
 21.15208748 21.69259443 23.53156064 24.83001988 25.86133201 20.12077535
 19.95924453 20.3195825  21.18936382 19.51814115 19.27584493 21.62425447
 21.49378728 21.96595427 22.4194831  22.84816103 22.84194831 24.09070577
 23.96645129 24.0472167  19.82256461 19.35039761 21.22042744 20.70477137
 21.07753479 21.12723658 19.93439364 19.94681909 21.27634195 24.84865805
 21.51863817 24.0472167  24.33921471 24.20874751 18.6110835  19.72937376
 20.36307157 20.72340954 19.8971173  20.80417495 20.49353877 20.89736581
 21.35710736 22.64935388 20.97191849 23.94781312 23.13394632 22.67420477
 18.8223161  18.12649105 20.09592445 19.02112326 20.09592445 23.04696819
 20.2388171  20.29473161 21.15208748 23.14015905 22.91650099 24.50695825
 22.84194831 21.97837972 24.8610835  20.67992048 22.38220676 21.16451292
 20.30715706 20.65506958 20.24502982 21.25770378 20.90979125 20.32579523
 21.54970179 22.08399602 21.972167   23.50670974 23.75521869 19.91575547
 18.94035785 20.11456262 19.67967197 20.40656064 20.25745527 20.09592445
 22.22067594 23.40109344 20.41898608 23.48185885 23.37002982 22.95377734
 21.93489066 19.319334   18.38742545 18.46819085 19.85362823 20.69234592
 21.28255467 22.75497018 22.88543738 21.29498012 21.28255467 23.07181909
 21.59319085 23.4694334  23.72415507 18.96520875 20.91600398 20.29473161
 21.59940358 21.33846918 20.53702783 22.63692843 23.15258449 21.46893638
 20.58672962 21.46893638 22.71769384 22.81088469 23.09045726 24.625
 19.94681909 18.54895626 20.58672962 21.8416998  22.04050696 21.79199801
 20.57430417 21.99701789 22.95999006 20.18290258 23.23956262 24.09070577
 24.27708748 20.84145129 19.51814115 19.94681909 19.90954274 20.98434394
 20.40656064 22.10263419 19.41873757 21.35089463 19.94060636 22.24552684
 22.6555666  22.95999006 23.74279324 24.20874751 20.17047714 19.94681909
 19.74801193 18.02087475 20.7917495  20.81038767 21.43166004 21.80442346
 22.04671968 22.28280318 23.52534791 22.26416501 24.50074553 23.33275348
 23.35139165 20.97813121]",41641.26203899823
2025-06-15 06:35:00+00:00,395,3950.8599999999997,9.0,21.26241954289745,21.272800695825048,25.24627236580517,"[18.43712724 22.05914513 18.375      22.92271372 21.02162028 20.56187873
 22.28280318 20.61158052 22.6555666  22.32629225 22.07157058 23.17122266
 24.40134195 19.89090457 20.10213718 18.77261431 20.3444334  19.61754473
 20.81038767 21.47514911 20.52460239 21.82927435 25.22142147 21.53106362
 22.7860338  22.59965209 24.67470179 20.22017893 18.49304175 20.92842942
 19.7417992  20.95328032 21.01540755 21.23285288 20.18290258 21.28255467
 20.39413519 21.22042744 21.28255467 22.56858847 22.46918489 18.55516899
 19.35661034 18.61729622 20.48732604 20.95949304 20.06486083 21.46272366
 21.88518887 23.0221173  21.95974155 22.22067594 22.51267396 23.58126243
 22.90407555 25.2027833  19.69831014 19.1888668  20.17047714 21.33225646
 21.17072565 19.83499006 21.74229622 20.16426441 22.2890159  21.95352883
 21.95974155 21.972167   22.40705765 24.91078529 18.18240557 19.00248509
 20.25124254 20.17047714 19.51814115 21.33225646 20.74204771 22.22067594
 20.99055666 21.47514911 21.75472167 22.35114314 22.55616302 23.40109344
 17.91525845 19.77907555 19.41873757 18.60487078 21.25149105 19.00248509
 20.54945328 22.04050696 22.444334   22.69284294 21.96595427 23.23956262
 22.67420477 22.22688867 24.61257455 19.51192843 19.21371769 19.85984095
 20.10213718 20.24502982 21.77335984 21.96595427 22.37599404 22.73011928
 21.58076541 21.49378728 21.61804175 22.38841948 23.51913519 19.52435388
 20.72340954 19.13916501 22.10884692 21.10859841 20.96570577 20.09592445
 22.13369781 19.65482107 20.99055666 22.85437376 23.8111332  25.24627237
 22.8667992  20.43141153 18.28802187 19.78528827 19.56784294 19.34418489
 19.14537773 21.00298211 20.61779324 21.62425447 20.73583499 21.97837972
 22.36356859 21.82306163 22.03429423 19.0583996  18.0333002  21.13966203
 20.70477137 21.23285288 18.49304175 20.81038767 21.85412525 20.36928429
 23.18364811 21.47514911 22.30144135 23.52534791 22.27659046 24.76167992
 21.10859841 20.33822068 19.33175944 21.13966203 21.20800199 21.23906561
 19.89090457 19.77286282 20.555666   20.555666   23.05939364 23.76143141
 23.9167495  23.8111332  19.26341948 20.26988072 21.92246521 20.51838966
 21.77335984 21.69259443 22.51267396 21.91625249 22.16476143 23.15879722
 22.17097416 22.87301193 23.60611332 22.61207753 19.36903579 18.64835984
 19.07082505 19.0583996  20.72962227 19.96545726 20.40034791 21.14587475
 21.91625249 21.41923459 22.48782306 20.85387674 22.84816103 23.41351889
 21.91625249 20.59294235]",41025.15082271771
2025-06-15 06:36:00+00:00,396,4035.4399999999996,9.0,21.513340470748176,21.535536779324058,24.966699801192842,"[19.87847913 21.66153082 20.99055666 21.40059642 21.79821074 21.96595427
 21.67395626 21.45651093 23.3389662  24.06585487 22.56858847 21.97837972
 22.72390656 18.97763419 20.53702783 20.33200795 20.27609344 22.06535785
 21.63667992 20.72340954 21.41302187 21.38195825 21.11481113 21.35089463
 21.07753479 22.23931412 22.59965209 19.99030815 19.02733598 19.38767396
 20.7917495  21.22664016 17.7972167  21.05889662 22.79224652 20.8166004
 20.43762425 22.69905567 23.98508946 21.84791252 23.45700795 20.56187873
 18.8223161  18.64214712 20.66749503 20.31336978 21.20178926 20.1083499
 22.51267396 21.28255467 23.71794235 23.37624254 23.15258449 23.13394632
 24.27708748 24.9666998  19.90954274 19.84741551 20.57430417 18.90308151
 21.03404573 18.67942346 20.58672962 23.04696819 22.90407555 21.30740557
 20.30094433 23.87947316 24.91078529 23.20849901 19.24478131 19.92818091
 20.39413519 19.11431412 20.65506958 22.25795229 19.0832505  22.03429423
 21.15208748 23.25198807 24.66227634 24.84865805 23.10909543 23.90432406
 16.55467197 20.58672962 20.22639165 20.78553678 22.2890159  19.71694831
 21.53727634 22.13369781 21.17072565 21.82306163 24.3889165  23.5750497
 22.40084493 23.78628231 22.09642147 21.54970179 19.54920477 20.58672962
 20.49975149 20.1083499  21.45029821 22.11505964 21.82927435 20.43762425
 22.68663022 22.48782306 22.48161034 22.01565606 23.37624254 19.97166998
 20.77311133 20.23260437 21.08996024 22.22067594 18.23832008 21.74229622
 21.31983101 21.63667992 20.94706759 23.05939364 23.27683897 23.22092445
 24.74304175 19.10810139 20.74204771 21.27012922 19.65482107 19.4000994
 18.9527833  21.8416998  20.42519881 23.15258449 21.27634195 23.72415507
 21.85412525 23.96645129 22.18961233 17.88419483 18.44955268 19.91575547
 20.50596421 21.72365805 21.05889662 21.56833996 21.38817097 21.70501988
 21.70501988 23.42594433 22.38841948 23.25198807 23.59368787 23.46322068
 20.54945328 19.95924453 18.72912525 20.20775348 21.95352883 22.32629225
 20.12077535 22.10884692 21.92246521 22.02808151 23.21471173 22.09020875
 22.02808151 23.27683897 19.51192843 20.48111332 19.53677932 21.35089463
 21.21421471 20.30715706 21.32604374 21.92246521 22.54373757 21.46272366
 23.71794235 24.14040755 24.21496024 24.00372763 20.41898608 18.71048708
 17.53628231 21.70501988 22.50024851 22.03429423 21.45029821 21.2639165
 21.61182903 23.82977137 22.61829026 22.28280318 24.20253479 23.79249503
 23.09666998 21.48757455]",41864.63187893509
2025-06-15 06:37:00+00:00,397,4014.3,9.0,21.452281251131488,21.469868290258447,25.07231610337972,"[19.85984095 19.53677932 20.14562624 20.57430417 20.15805169 20.77311133
 21.33846918 21.88518887 22.69284294 23.18986083 20.98434394 21.90382704
 23.96645129 20.69855865 20.08349901 19.02112326 21.15208748 21.61804175
 18.56759443 23.87947316 20.01515905 21.06510934 22.64314115 22.92892644
 22.96620278 23.06560636 22.79224652 19.25099404 20.08349901 19.37524851
 21.41302187 20.51217694 20.15805169 21.12102386 22.06535785 22.99105368
 21.5        22.88543738 23.99751491 22.54373757 22.81709742 19.60511928
 20.82902584 19.90333002 19.86605368 21.48136183 21.97837972 21.28255467
 21.77335984 21.81684891 21.58697813 22.83573559 22.26416501 22.5250994
 24.17147117 23.8359841  19.20750497 18.1637674  20.3444334  22.6555666
 20.94706759 21.00298211 20.96570577 21.95352883 21.04647117 22.79845924
 21.58076541 24.33921471 23.91053678 23.24577535 19.04597416 20.51217694
 19.72937376 20.74204771 20.27609344 21.10238569 21.27012922 22.2890159
 21.43166004 23.14015905 23.67445328 21.8665507  25.0723161  23.47564612
 18.81610338 19.35039761 20.15805169 20.36307157 19.91575547 20.7917495
 20.09592445 20.99055666 23.17122266 21.93489066 23.38245527 22.04050696
 22.96620278 23.64338966 23.66824056 18.56759443 19.26963221 20.40656064
 22.22067594 20.48111332 21.49378728 20.7109841  21.10859841 21.00919483
 22.48161034 22.66799205 23.28305169 23.55641153 23.35139165 18.1637674
 20.555666   19.80392644 20.93464215 20.51838966 21.27012922 20.94085487
 20.61779324 23.1277336  22.39463221 21.92246521 21.38817097 23.96023857
 24.90457256 19.35039761 21.8665507  19.36282306 20.17047714 20.19532803
 21.95974155 19.49329026 20.84145129 21.37574553 21.84791252 24.10313121
 24.03479125 24.45104374 23.3389662  18.88444334 19.65482107 20.555666
 20.06486083 20.41277336 21.03404573 21.07132207 21.6304672  22.14612326
 21.2639165  22.63692843 22.444334   24.14040755 23.40730616 21.83548708
 19.05218688 19.02112326 19.30690855 20.56809145 21.51242545 19.90333002
 20.7109841  20.90979125 22.46918489 24.20874751 22.90407555 23.60611332
 23.68687873 23.55019881 20.83523857 17.87798211 18.93414513 20.64264414
 20.35685885 19.85984095 20.38792247 20.26988072 21.72365805 21.69259443
 21.61804175 23.40730616 23.84840954 23.25198807 18.66699801 19.54920477
 19.40631213 21.96595427 19.50571571 20.87251491 20.61779324 21.40059642
 21.35089463 23.0221173  20.76068588 22.48782306 23.22713718 24.89214712
 24.64363817 19.74801193]",41660.35215378551
2025-06-15 06:38:00+00:00,398,3996.7599999999998,9.0,21.40184996019687,21.415382703777333,26.147117296222664,"[20.61779324 18.99627237 21.92246521 22.02186879 21.21421471 21.69880716
 21.7112326  21.66774354 22.53752485 24.20253479 22.63071571 22.83573559
 24.77410537 18.42470179 18.64835984 21.1334493  21.33225646 19.54299205
 20.50596421 21.67395626 21.98459245 20.09592445 23.03454274 23.33275348
 23.55641153 23.17743539 23.85462227 18.79125249 17.94010934 18.85959245
 20.61779324 19.6610338  19.79771372 20.61158052 21.33846918 20.67992048
 22.13991054 22.28280318 23.91053678 22.09020875 22.81088469 20.28851889
 19.10810139 19.80392644 21.33846918 19.8722664  20.84145129 21.12102386
 20.9222167  21.72365805 24.02857853 23.40109344 22.68663022 23.64338966
 24.45725646 23.2333499  19.82256461 19.98409543 20.26988072 20.50596421
 21.97837972 20.60536779 19.56784294 24.14662028 21.67395626 22.91650099
 23.86704771 23.50670974 24.00372763 23.56262425 18.36878728 20.33200795
 20.50596421 19.17022863 21.33225646 19.82877734 20.2139662  20.61158052
 21.57455268 21.31361829 22.45054672 23.680666   23.56262425 23.08424453
 20.37549702 20.1083499  19.96545726 20.12698807 20.38170974 20.08349901
 20.49975149 21.11481113 21.69880716 23.09666998 22.09642147 23.74900596
 22.444334   23.29547714 22.81709742 21.00919483 19.69209742 20.30094433
 20.04000994 20.69234592 21.36332008 21.2887674  20.88494036 21.29498012
 23.1028827  20.94085487 24.39512922 26.1471173  23.23956262 18.55516899
 18.61729622 19.19507952 18.69806163 20.24502982 21.72987078 21.35710736
 22.46918489 20.03379722 22.15854871 23.28926441 22.75497018 21.31983101
 23.99130219 19.8971173  21.03404573 19.36903579 20.59915507 19.5305666
 22.09642147 20.11456262 22.15854871 20.35685885 21.92867793 23.29547714
 22.00944334 22.5250994  22.9972664  19.26341948 19.21371769 20.32579523
 19.96545726 21.82306163 20.70477137 21.78578529 21.85412525 21.48136183
 22.25173956 21.3695328  23.00969185 23.92917495 22.45675944 23.32654076
 19.4249503  19.47465209 19.89090457 20.28851889 21.37574553 21.2887674
 20.84766402 23.04075547 20.24502982 21.74229622 22.04671968 23.00969185
 23.78006958 24.72440358 18.87823062 19.76043738 18.10164016 19.47465209
 18.47440358 20.94085487 19.56163022 21.43787276 20.00894632 21.58076541
 21.48757455 24.85487078 22.16476143 24.55044732 19.98409543 18.87201789
 19.84120278 20.78553678 21.76714712 20.43762425 22.59965209 21.10859841
 21.01540755 21.54348907 21.6304672  21.71744533 23.09045726 23.42594433
 24.66848907 19.22614314]",41491.629226834644
2025-06-15 06:39:00+00:00,399,4030.2799999999997,9.0,21.502103108408004,21.51950795228628,25.94831013916501,"[19.35039761 19.31312127 20.10213718 20.76068588 19.9778827  21.22042744
 21.53106362 21.53727634 23.56883698 22.38220676 23.23956262 24.19632207
 24.45725646 19.31312127 20.49353877 20.57430417 20.15183897 21.40680915
 20.92842942 20.40034791 22.83573559 21.45651093 21.92246521 22.01565606
 21.8665507  22.38220676 23.84840954 19.62997018 21.41923459 19.34418489
 20.46868787 20.25745527 22.13369781 21.40059642 21.95352883 21.95352883
 22.99105368 21.35710736 22.63692843 22.90407555 23.32032803 19.18265408
 20.0027336  20.95328032 19.84120278 19.92196819 20.79796223 21.3943837
 23.1277336  19.67967197 21.55591451 22.1833996  24.21496024 23.96645129
 23.02833002 23.75521869 19.37524851 20.61158052 21.08374751 21.45651093
 21.79821074 20.82281312 20.99676938 21.11481113 22.97241551 22.74254473
 22.96620278 23.52534791 23.23956262 22.54373757 21.10238569 21.30119284
 19.60511928 19.00248509 21.46272366 19.51192843 22.40084493 20.80417495
 20.90979125 21.02162028 24.48832008 22.94756461 21.92246521 23.24577535
 18.46819085 18.9527833  16.75969185 20.32579523 21.88518887 22.71148111
 21.34468191 21.10238569 22.41327038 21.33846918 21.51242545 22.24552684
 24.55044732 23.2582008  22.69284294 19.4000994  19.03354871 20.22017893
 22.19582505 20.26988072 21.07132207 21.04647117 21.2887674  23.63717694
 21.3695328  23.43215706 22.30765408 22.28280318 23.58747515 20.50596421
 19.07082505 19.49950298 21.65531809 21.84791252 21.04025845 21.33225646
 21.34468191 21.01540755 24.44483101 22.14612326 22.93513917 24.78031809
 23.2582008  19.23856859 19.85362823 18.21968191 20.51217694 19.58026839
 20.85387674 20.48732604 22.7860338  23.50670974 21.65531809 22.16476143
 22.02186879 21.83548708 22.55616302 21.37574553 18.67321074 20.02758449
 19.33797217 20.60536779 20.15183897 22.70526839 22.66177932 23.33275348
 21.21421471 22.2082505  23.00347913 22.22067594 23.77385686 22.74254473
 19.07703777 19.85984095 19.81635189 20.43141153 20.50596421 23.39488072
 21.88518887 21.94110338 23.52534791 22.32007952 23.92296223 22.71769384
 22.63692843 24.02236581 19.85362823 19.26341948 19.6610338  19.14537773
 20.17047714 22.00323062 20.8166004  21.57455268 23.04696819 22.32007952
 21.41302187 22.444334   22.33250497 22.30144135 20.84145129 19.36903579
 19.62997018 19.52435388 20.86630219 19.23235586 21.20178926 22.11505964
 21.29498012 25.94831014 22.7860338  22.84816103 21.44408549 23.5750497
 24.46968191 19.87847913]",41827.03615948981
2025-06-15 06:40:00+00:00,400,4026.09,9.0,21.491076517779888,21.506492296222664,24.985337972166995,"[20.76689861 19.4249503  20.69855865 20.17668986 19.40631213 22.33871769
 22.87922465 21.54348907 22.58722664 21.47514911 23.12152087 23.18986083
 23.17122266 19.1640159  22.00944334 19.6610338  20.52460239 20.66128231
 20.09592445 20.65506958 20.18911531 21.92867793 22.90407555 21.96595427
 22.1833996  23.37624254 24.2584493  19.9778827  21.37574553 19.89090457
 20.65506958 21.20178926 20.94085487 21.41302187 19.319334   21.30740557
 22.00323062 22.1833996  22.41327038 22.87922465 23.38866799 18.90308151
 18.65457256 20.01515905 20.30094433 21.17693837 20.12698807 22.23310139
 23.17122266 22.77360835 22.32629225 21.76714712 22.13369781 23.65581511
 24.35164016 23.60611332 19.2944831  22.25795229 20.35064612 20.93464215
 21.46272366 19.59890656 20.90357853 21.33846918 21.54348907 20.99055666
 24.98533797 23.86704771 23.99751491 22.80467197 18.86580517 19.67967197
 19.20129225 21.43166004 21.41923459 21.0526839  21.51863817 21.77957256
 21.15208748 22.22688867 24.02236581 23.82355865 24.625      23.4445825
 19.95303181 19.48707753 19.93439364 19.15780318 21.53106362 21.30740557
 21.12723658 21.17693837 21.38817097 22.06535785 23.58747515 22.48161034
 23.97266402 23.74900596 22.27659046 19.65482107 19.21371769 19.8971173
 21.41302187 20.33200795 21.61182903 21.10238569 21.95974155 23.01590457
 23.28305169 20.85387674 24.00372763 23.34517893 23.61232604 18.89686879
 20.40656064 20.09592445 19.79771372 20.53702783 19.89090457 22.38220676
 23.21471173 21.37574553 22.79224652 22.40084493 22.73633201 24.14040755
 23.61232604 18.79125249 19.07082505 19.9778827  20.13941352 21.64289264
 20.58672962 21.49378728 21.30740557 23.17743539 21.49378728 23.40730616
 21.87276342 23.52534791 21.00298211 18.98384692 18.56138171 19.22614314
 20.06486083 21.18315109 21.3695328  21.5        21.2887674  23.20228628
 21.27012922 23.25198807 24.03479125 23.2333499  22.97862823 22.83573559
 19.7666501  20.30715706 20.49353877 20.30715706 20.37549702 21.00919483
 23.32032803 22.41327038 21.61804175 23.35760437 21.8665507  22.79224652
 21.92246521 24.14662028 19.58648111 19.10810139 21.77957256 20.45626243
 20.77932406 21.16451292 19.83499006 21.8665507  22.3138668  22.77982107
 22.10263419 22.74254473 22.77982107 23.63717694 18.5862326  20.16426441
 18.95899602 20.39413519 20.28230616 22.02186879 20.49353877 21.30119284
 20.15183897 21.6056163  21.08374751 23.04075547 22.42569583 22.5499503
 22.82952286 18.45576541]",41790.14559788439
2025-06-15 06:41:00+00:00,401,4060.81,9.0,21.594879134006504,21.61434517892644,25.3581013916501,"[20.04622266 19.64860835 21.07132207 21.09617296 21.09617296 22.38841948
 23.28926441 21.02162028 22.6555666  22.63692843 23.35139165 22.68663022
 24.08449304 19.82256461 19.43116302 21.29498012 21.36332008 20.91600398
 20.26366799 20.06486083 22.56237575 22.5499503  22.70526839 22.53131213
 22.83573559 24.51317097 24.85487078 18.75397614 20.26366799 20.51838966
 19.49329026 18.71048708 19.10188867 21.51863817 23.3389662  20.71719682
 22.43812127 22.84816103 21.29498012 23.98508946 24.48210736 19.15159046
 20.36928429 19.58648111 21.29498012 19.58648111 20.69234592 20.99676938
 21.69259443 22.24552684 20.5805169  22.36978131 23.25198807 21.76093439
 23.40730616 23.25198807 20.95328032 19.24478131 22.10884692 18.0084493
 21.30119284 22.16476143 22.46297217 20.6861332  20.46868787 23.18986083
 23.4694334  24.79274354 25.29597416 22.35735586 22.02186879 19.28827038
 18.97763419 18.36257455 22.91028827 21.7360835  20.22639165 21.972167
 21.81063618 24.02857853 21.8416998  21.9473161  24.71819085 24.18389662
 19.28827038 20.90979125 18.84095427 20.17668986 22.10884692 21.45651093
 21.3695328  22.56237575 20.04622266 22.05293241 21.44408549 23.48185885
 24.01615308 24.17147117 23.30168986 18.28802187 18.54274354 19.86605368
 19.67967197 21.06510934 21.55591451 21.93489066 21.69259443 24.06585487
 22.0777833  22.85437376 22.95999006 22.15233598 24.81138171 20.74204771
 19.49950298 20.67992048 19.69831014 21.41923459 20.4749006  21.6056163
 22.30765408 21.45651093 22.12127237 23.69309145 21.81063618 25.32082505
 23.09045726 19.40631213 18.77882704 21.94110338 21.1583002  21.8665507
 18.93414513 21.53106362 22.51267396 21.12723658 21.85412525 23.27062624
 21.61804175 23.78006958 23.77385686 19.36903579 20.77311133 20.45626243
 19.46222664 20.36928429 20.57430417 22.49403579 21.29498012 21.83548708
 21.48757455 23.21471173 22.46918489 23.27062624 21.76093439 24.68091451
 19.15159046 20.89115308 20.00894632 21.04025845 21.76093439 23.12152087
 22.38841948 21.72987078 24.21496024 20.97813121 20.33822068 22.56237575
 23.38245527 23.16500994 19.75422465 19.64239563 21.55591451 17.44930417
 20.70477137 20.76068588 21.07132207 21.89761431 22.25795229 23.54398608
 23.38866799 23.74279324 22.48161034 22.07157058 18.64835984 18.34393638
 20.29473161 21.48757455 20.12077535 21.00298211 20.18290258 20.4749006
 22.27037773 20.61158052 22.32007952 23.50049702 23.06560636 25.35810139
 25.35188867 20.0027336 ]",42137.42763073216
2025-06-15 06:42:00+00:00,402,4060.49,9.0,21.595281247137283,21.61335114314115,25.25248508946322,"[19.59890656 20.09592445 20.67370775 20.63021869 22.99105368 20.05864811
 21.61182903 21.8665507  24.79274354 22.53131213 24.4945328  23.20228628
 23.38866799 19.1640159  19.56163022 21.88518887 20.61158052 20.48732604
 20.57430417 21.63667992 23.04075547 23.42594433 24.22117296 22.15854871
 22.99105368 24.47589463 23.86704771 19.69209742 20.28230616 20.11456262
 20.44383698 19.18265408 21.43166004 20.02758449 21.63667992 22.25173956
 21.56833996 22.58101392 23.51913519 24.48832008 24.20874751 19.17022863
 20.42519881 19.64860835 21.1583002  22.64314115 20.13941352 21.20178926
 20.61158052 19.78528827 21.19557654 20.83523857 23.74279324 22.42569583
 22.09642147 24.23359841 18.75397614 19.44358847 20.61158052 21.1334493
 21.3943837  20.35064612 21.11481113 22.95377734 20.27609344 22.94135189
 21.20800199 21.41923459 23.28926441 24.07206759 20.27609344 19.1640159
 18.93414513 22.15233598 20.77311133 19.20129225 20.04000994 20.75447316
 21.07753479 22.82952286 22.02808151 23.69930417 25.05367793 23.13394632
 19.44980119 19.23856859 20.64264414 20.03379722 19.91575547 22.30765408
 22.87922465 22.25173956 21.49378728 21.95974155 21.67395626 22.95999006
 21.3943837  23.75521869 24.2584493  17.62326044 18.62972167 20.555666
 22.17718688 21.27634195 21.06510934 23.56883698 21.79821074 23.04075547
 22.37599404 23.00969185 23.74900596 23.76764414 22.18961233 19.04597416
 20.09592445 20.91600398 19.31312127 21.24527833 21.31983101 22.58722664
 23.11530815 21.81063618 21.67395626 22.97241551 23.27683897 23.48807157
 22.13991054 20.19532803 20.10213718 20.98434394 21.00298211 19.94060636
 21.972167   21.45651093 19.88469185 22.84194831 22.20203777 21.58697813
 21.76093439 22.19582505 24.33300199 20.19532803 19.72316103 20.32579523
 21.10859841 22.07157058 21.50621272 20.90357853 20.28230616 20.66128231
 22.93513917 22.60586481 24.41998012 23.8111332  22.61829026 22.60586481
 19.92196819 19.94681909 20.57430417 20.15805169 21.34468191 20.65506958
 22.36356859 20.75447316 22.74254473 21.64910537 24.09070577 22.46297217
 25.25248509 23.92296223 20.48111332 19.83499006 21.027833   20.71719682
 20.0027336  21.79199801 19.93439364 21.18936382 21.46893638 22.62450298
 23.27683897 23.00969185 24.72440358 24.69333996 19.48707753 18.86580517
 19.65482107 19.35661034 19.79771372 21.22664016 20.50596421 21.94110338
 21.96595427 22.69905567 21.9473161  21.69880716 23.84840954 24.35164016
 23.26441352 20.30715706]",42138.772940422496
2025-06-15 06:43:00+00:00,403,4066.9599999999996,9.0,21.61572499108055,21.633449304174952,25.88618290258449,"[17.39338966 18.93414513 19.35661034 20.74204771 21.5        22.72390656
 22.29522863 20.8166004  24.46968191 20.80417495 23.45700795 23.12152087
 24.00994036 20.44383698 19.81635189 20.99055666 19.67345924 22.57480119
 20.72962227 20.64264414 22.38841948 22.08399602 25.38295229 21.65531809
 22.96620278 23.05318091 24.39512922 17.80964215 21.23906561 20.82281312
 21.06510934 19.84741551 20.2139662  20.78553678 21.00298211 20.62400596
 20.12698807 22.17718688 23.05939364 22.28280318 22.53131213 20.63643141
 20.36307157 20.05864811 21.23285288 20.5805169  23.09045726 20.48732604
 20.64264414 21.08374751 22.97862823 23.37002982 24.83001988 23.84840954
 24.14040755 23.05318091 19.88469185 20.10213718 20.28230616 19.37524851
 20.74204771 20.28230616 21.64910537 22.19582505 20.77311133 23.40109344
 22.40084493 23.63717694 21.81063618 24.20874751 19.39388668 20.24502982
 21.08996024 19.82877734 21.22664016 21.15208748 20.53702783 21.12102386
 21.80442346 21.81063618 23.1028827  23.41973161 23.08424453 24.34542744
 20.70477137 20.97813121 19.58648111 19.94681909 20.20154076 20.92842942
 22.38841948 21.65531809 20.16426441 24.83001988 22.35114314 22.13369781
 22.53752485 24.66227634 25.71222664 19.41873757 19.67345924 21.8665507
 21.91625249 20.7917495  20.87251491 21.72365805 20.25124254 20.61779324
 20.60536779 24.04100398 23.22092445 23.2333499  24.24602386 20.04622266
 19.08946322 20.66749503 21.64910537 20.1332008  19.66724652 19.53677932
 21.56833996 20.69234592 22.50024851 23.52534791 21.89140159 22.22067594
 24.33300199 20.37549702 19.59890656 19.67967197 19.20750497 18.30666004
 21.62425447 21.41923459 23.45079523 22.20203777 21.41923459 22.6555666
 22.59343936 22.96620278 23.92296223 18.72291252 20.02758449 21.07132207
 20.66128231 20.72340954 20.19532803 20.79796223 19.92818091 20.36928429
 22.81709742 20.7917495  22.91028827 23.4694334  24.58151093 24.59393638
 19.2944831  21.76093439 20.91600398 20.81038767 21.69259443 21.89761431
 21.03404573 22.22688867 23.37624254 22.85437376 20.95949304 24.31436382
 24.55666004 24.30193837 19.92818091 19.84741551 19.37524851 20.17047714
 21.68638171 20.41277336 18.8223161  23.21471173 21.1583002  22.57480119
 24.69955268 24.06585487 22.55616302 23.23956262 20.22017893 20.89736581
 20.40656064 21.34468191 21.99701789 20.94085487 21.69880716 22.5499503
 21.51863817 20.16426441 22.46918489 24.01615308 23.17122266 25.8861829
 24.30815109 20.17668986]",42207.16953015909
2025-06-15 06:44:00+00:00,404,4062.34,9.0,21.603445678097074,21.61909791252485,25.445079522862823,"[19.20750497 19.28827038 21.10859841 21.9473161  22.80467197 21.31983101
 22.6555666  22.1833996  23.45700795 22.69905567 24.28951292 25.32703777
 24.05342942 20.49353877 18.21346918 18.47440358 20.22639165 20.12698807
 22.444334   22.76739563 22.27037773 21.21421471 20.63021869 23.26441352
 23.76143141 22.56858847 22.10263419 20.77932406 19.91575547 19.89090457
 21.93489066 19.52435388 21.1583002  18.5054672  22.36356859 21.44408549
 22.12748509 20.60536779 21.80442346 22.71769384 23.10909543 18.93414513
 18.41227634 19.38146123 23.58126243 22.19582505 20.38170974 23.45079523
 21.65531809 21.27634195 21.10238569 22.73633201 20.77311133 22.79224652
 23.86704771 22.93513917 19.99652087 20.00894632 21.43787276 19.9778827
 21.84791252 19.7417992  23.62475149 21.20800199 23.62475149 21.83548708
 22.59965209 22.97862823 22.16476143 23.31411531 19.9778827  19.79771372
 19.81013917 20.17047714 21.68638171 20.99055666 21.95352883 21.54970179
 22.46297217 21.34468191 24.2584493  23.50670974 22.84194831 22.87301193
 19.34418489 19.94681909 20.15183897 19.95303181 21.89761431 20.24502982
 21.75472167 22.75497018 21.05889662 22.41327038 22.50024851 22.10263419
 23.27062624 23.45700795 23.9167495  20.37549702 18.4806163  19.06461233
 21.89140159 20.29473161 23.52534791 22.89786282 20.81038767 22.75497018
 20.85387674 23.18986083 22.88543738 24.41998012 23.62475149 21.04647117
 19.67345924 19.20750497 20.69234592 21.15208748 20.1083499  21.74850895
 22.34493042 21.8416998  23.82977137 22.33871769 22.99105368 22.19582505
 25.26491054 20.0027336  20.80417495 19.51814115 21.56833996 20.54324056
 20.52460239 20.35685885 21.89761431 23.07181909 20.41277336 23.3638171
 22.84194831 23.15879722 24.87350895 18.42470179 19.58026839 20.38792247
 20.12077535 19.58648111 20.77932406 20.28851889 22.42569583 20.97191849
 22.81709742 21.76714712 23.74279324 23.55641153 23.97266402 23.58126243
 20.6861332  20.4749006  19.54299205 19.59269384 21.23285288 20.43762425
 22.60586481 21.99080517 21.54348907 22.33871769 21.25770378 22.36978131
 22.67420477 22.62450298 21.13966203 19.75422465 18.51789264 19.19507952
 21.15208748 21.38195825 20.35064612 20.82281312 23.73036779 21.30740557
 23.27683897 25.44507952 23.65581511 23.18364811 19.56163022 19.27584493
 19.0832505  20.24502982 20.96570577 20.93464215 20.82902584 22.85437376
 22.27659046 23.8359841  23.50670974 22.43190855 21.00919483 24.43861829
 24.77410537 20.45626243]",42166.08786064158
2025-06-15 06:45:00+00:00,405,4050.9900000000007,9.0,21.571309833094784,21.583840705765407,25.33325049701789,"[19.40631213 20.16426441 20.1083499  21.62425447 21.6304672  21.33846918
 22.37599404 22.29522863 23.76143141 22.4194831  22.79224652 23.87326044
 25.3332505  18.89686879 20.13941352 20.84766402 20.14562624 20.82902584
 20.77311133 22.10263419 22.34493042 22.70526839 22.94135189 23.40730616
 23.60611332 23.17743539 22.92271372 18.79746521 20.29473161 17.72266402
 19.77286282 21.20800199 21.22664016 22.25173956 20.25124254 23.92917495
 20.13941352 23.4694334  23.18364811 21.28255467 23.69309145 19.03976143
 18.97763419 20.30094433 19.33797217 21.12723658 22.2082505  19.67967197
 22.444334   21.51863817 22.36356859 23.13394632 23.14015905 21.27012922
 24.59393638 24.65606362 20.01515905 20.3195825  20.08971173 19.95924453
 21.76093439 19.10188867 20.61158052 21.71744533 21.6304672  21.64289264
 22.05914513 23.04696819 24.02236581 22.86058648 19.46843936 21.72365805
 21.1583002  20.61779324 21.52485089 21.1583002  22.00944334 21.05889662
 20.92842942 21.1334493  22.97241551 23.06560636 23.73036779 24.19010934
 19.84741551 19.52435388 20.27609344 20.36307157 22.37599404 20.98434394
 22.00323062 21.22042744 21.37574553 21.46893638 21.8665507  21.93489066
 23.0221173  24.53180915 22.87301193 21.04647117 21.68638171 20.06486083
 21.38817097 20.18911531 19.15780318 21.30119284 21.61182903 23.9416004
 22.75497018 21.40059642 22.18961233 23.8111332  23.17743539 20.65506958
 18.68563618 20.64885686 20.22017893 21.75472167 21.34468191 20.63643141
 22.42569583 20.51217694 21.90382704 24.4945328  21.92246521 23.43836978
 23.16500994 19.77907555 19.93439364 19.81635189 19.71694831 21.14587475
 19.33797217 22.06535785 21.78578529 24.34542744 22.00323062 21.00919483
 23.5750497  25.01640159 24.0472167  18.85337972 20.94706759 18.7166998
 19.5305666  19.07082505 21.22042744 22.06535785 22.01565606 21.43787276
 21.25149105 22.05914513 23.15879722 22.92892644 22.96620278 22.92271372
 19.95924453 18.02087475 19.77907555 19.7666501  19.74801193 20.35685885
 21.7112326  22.91028827 21.72365805 23.06560636 22.10263419 24.46346918
 23.73658052 22.49403579 19.04597416 21.51863817 21.54970179 21.83548708
 18.90308151 21.25149105 22.87301193 22.09020875 21.22042744 21.24527833
 25.14065606 24.76789264 22.11505964 22.77982107 19.74801193 19.5554175
 19.13916501 20.14562624 20.8166004  20.74204771 21.2887674  20.9222167
 22.67420477 22.74254473 22.92271372 22.00323062 22.4194831  25.32082505
 22.58101392 19.09567594]",42058.57417760191
2025-06-15 06:46:00+00:00,406,4101.49,9.0,21.72170000973263,21.740711978131213,25.5506958250497,"[21.2639165  19.88469185 20.76689861 20.1332008  22.35114314 20.49975149
 21.9473161  22.11505964 21.30740557 22.35114314 24.32678926 23.48807157
 23.71172962 22.02186879 19.07703777 21.52485089 20.16426441 19.08946322
 21.81684891 22.53752485 22.67420477 22.10263419 22.36356859 21.35089463
 22.72390656 23.30168986 24.89835984 19.10188867 21.30119284 19.51192843
 19.53677932 22.59965209 22.25795229 21.58076541 22.51888668 22.81709742
 22.35735586 22.76739563 21.40059642 25.4388668  23.01590457 20.1083499
 20.03379722 21.45651093 20.2139662  22.99105368 22.53131213 22.30144135
 21.53727634 21.69259443 22.13991054 24.02857853 22.36978131 23.4445825
 23.39488072 23.23956262 21.56212724 21.95352883 21.91625249 19.51192843
 21.00298211 20.57430417 19.45601392 21.67395626 24.152833   22.79224652
 22.48782306 22.35735586 22.17097416 23.37624254 17.74751491 20.28230616
 19.09567594 20.77311133 20.59294235 21.51863817 19.58026839 20.85387674
 20.86008946 20.79796223 23.32032803 19.8971173  22.51888668 24.81759443
 20.12698807 18.57380716 22.4194831  20.65506958 20.87251491 20.30094433
 22.32007952 22.32007952 23.28926441 21.01540755 21.74850895 23.40109344
 23.64338966 23.48185885 24.48210736 18.28802187 19.72937376 19.95924453
 20.69855865 20.99055666 23.05939364 21.72365805 22.33871769 21.14587475
 22.25795229 22.80467197 23.80492048 24.69333996 24.09070577 20.22017893
 18.49304175 21.1334493  20.08349901 22.29522863 21.45651093 23.20228628
 22.5250994  21.30740557 24.22117296 21.71744533 23.30790258 23.40109344
 23.77385686 19.10188867 20.75447316 21.25770378 20.48111332 21.57455268
 19.75422465 22.36978131 21.97837972 21.33846918 22.2890159  21.1583002
 22.57480119 22.62450298 23.28926441 18.90308151 18.8223161  19.67967197
 20.46868787 20.54945328 20.99055666 22.04671968 21.31983101 21.79199801
 22.10884692 23.50049702 22.81709742 22.83573559 24.83001988 23.74279324
 19.58648111 21.57455268 18.29423459 20.89115308 20.64885686 21.08374751
 22.90407555 21.027833   20.67370775 23.20228628 22.96620278 24.13419483
 24.0472167  23.51913519 19.1640159  19.90954274 18.89686879 21.18936382
 20.51838966 19.77907555 22.73011928 23.11530815 23.98508946 21.46893638
 22.36978131 25.55069583 22.73633201 24.39512922 17.28156064 20.2388171
 21.49378728 19.95924453 20.67992048 21.08996024 21.33846918 21.81063618
 21.72987078 22.72390656 22.38220676 22.25795229 23.8359841  24.81759443
 24.37027833 20.31336978]",42561.71955256149
2025-06-15 06:47:00+00:00,407,4127.5599999999995,9.0,21.80000012839325,21.82169483101391,25.016401590457257,"[18.7166998  19.8971173  20.77311133 21.6056163  22.3138668  20.51838966
 23.78628231 22.11505964 24.09070577 22.48782306 23.63717694 24.54423459
 24.70576541 18.82852883 18.66078529 19.46222664 20.1083499  20.03379722
 21.13966203 21.00298211 22.94756461 21.61182903 23.61853877 23.84219682
 21.95974155 24.71819085 23.41973161 19.49329026 20.27609344 19.81013917
 21.28255467 21.19557654 20.8166004  21.99701789 21.27012922 21.07132207
 23.00969185 22.87922465 23.20849901 23.86083499 23.41973161 21.30119284
 19.44358847 19.4249503  22.39463221 19.49950298 19.78528827 20.56187873
 21.66153082 21.05889662 20.75447316 22.53131213 23.16500994 24.09691849
 24.65606362 22.444334   18.9527833  20.60536779 22.13369781 21.35710736
 21.64910537 20.1332008  22.33250497 21.77957256 22.82331014 23.63096421
 23.05318091 24.19632207 22.4194831  23.61232604 18.56759443 20.89115308
 19.47465209 21.66774354 21.76714712 21.8416998  20.9222167  22.2890159
 22.7611829  22.40705765 22.10263419 21.17693837 24.07206759 23.19607356
 19.46222664 19.59269384 20.05243539 22.444334   19.95924453 20.41277336
 20.89115308 22.42569583 24.19632207 23.10909543 24.0472167  22.95377734
 24.02236581 22.99105368 23.2582008  20.66749503 21.14587475 20.10213718
 21.41923459 21.69880716 20.25745527 21.2887674  20.29473161 21.64289264
 22.03429423 21.95974155 24.35785288 24.16525845 25.01640159 19.30069583
 21.05889662 20.37549702 21.69880716 21.81063618 21.00919483 21.17072565
 22.58101392 22.82331014 22.92892644 22.14612326 22.07157058 23.17122266
 24.97912525 21.36332008 20.08971173 21.30740557 22.58101392 22.46918489
 20.40034791 20.27609344 21.33846918 21.37574553 23.43215706 23.31411531
 21.25149105 24.26466203 23.42594433 19.81013917 18.98384692 20.05864811
 18.81610338 21.05889662 21.04647117 21.91003976 21.85412525 21.93489066
 23.13394632 21.94110338 23.82355865 23.71172962 24.87972167 22.5499503
 18.45576541 21.68016899 20.02758449 22.43190855 20.20154076 23.13394632
 24.30815109 21.08996024 22.05293241 23.14637177 22.59343936 22.30765408
 23.55019881 24.22738569 21.20800199 18.41227634 18.72912525 21.05889662
 20.64885686 21.05889662 23.97266402 22.69905567 22.74875746 21.45651093
 22.59343936 24.45725646 21.38817097 24.29572565 21.67395626 19.59890656
 19.86605368 20.41277336 20.62400596 21.12723658 21.0526839  20.22017893
 21.33225646 21.91625249 23.20849901 24.66848907 22.83573559 23.13394632
 23.95402584 20.64885686]",42823.680429552456
2025-06-15 06:48:00+00:00,408,4121.51,9.0,21.783516636720258,21.80290134194831,25.159294234592444,"[20.48111332 20.91600398 21.72365805 21.67395626 21.04647117 21.1334493
 22.39463221 22.58722664 23.58747515 22.66177932 24.20874751 22.35735586
 21.23906561 19.95303181 18.23210736 19.5305666  21.07132207 20.88494036
 21.75472167 23.12152087 22.38841948 23.58747515 23.78006958 22.00944334
 24.54423459 23.29547714 24.69333996 19.26341948 21.17693837 20.70477137
 22.14612326 20.26988072 21.37574553 22.59965209 22.8916501  23.22092445
 22.27037773 23.07803181 23.05318091 22.94756461 24.25223658 18.88444334
 19.57405567 20.32579523 21.74229622 20.57430417 20.44383698 21.97837972
 22.48782306 23.02833002 22.8667992  23.65581511 21.54970179 24.04100398
 23.92917495 24.27708748 21.1583002  20.37549702 21.40059642 21.3943837
 19.88469185 21.1583002  21.48136183 23.45079523 22.71148111 21.70501988
 22.45054672 23.07803181 21.81684891 23.84840954 20.14562624 20.08971173
 19.90333002 20.12698807 20.52460239 21.64910537 20.75447316 21.5
 23.0221173  21.972167   22.40084493 22.33250497 25.097167   23.11530815
 21.22664016 19.97166998 21.01540755 19.41873757 23.08424453 20.36928429
 21.99701789 21.11481113 22.32007952 20.555666   23.21471173 23.28305169
 24.152833   23.20849901 23.2582008  20.59915507 20.38170974 19.94060636
 19.82256461 23.64960239 20.35685885 22.0777833  23.21471173 23.11530815
 22.5250994  23.38866799 23.50049702 23.71794235 23.76143141 19.1888668
 19.44358847 20.91600398 20.61779324 20.13941352 20.05243539 23.2333499
 21.74850895 22.40705765 22.06535785 22.74254473 22.57480119 23.24577535
 23.53156064 17.95253479 19.46843936 19.07703777 20.37549702 19.80392644
 21.28255467 21.69880716 22.92271372 20.59294235 23.54398608 22.69284294
 22.70526839 21.79199801 22.33250497 19.99030815 21.04025845 18.69184891
 19.8971173  21.27634195 21.69259443 21.69880716 22.38841948 20.90979125
 21.17072565 24.1776839  25.15929423 24.05342942 24.91699801 23.78628231
 20.05243539 20.41898608 19.0832505  21.5        22.18961233 21.12102386
 22.36356859 21.23285288 21.98459245 22.16476143 22.34493042 22.14612326
 22.93513917 24.58151093 19.90333002 19.72316103 22.2082505  20.72340954
 21.972167   21.77335984 21.41302187 21.20800199 21.82927435 22.17718688
 22.17718688 22.08399602 24.8610835  21.99701789 18.18240557 19.84741551
 21.64289264 18.76640159 19.06461233 20.8166004  21.18315109 22.37599404
 19.81635189 22.56858847 22.5499503  22.32007952 25.14686879 24.48210736
 24.58772366 19.80392644]",42768.5332598113
2025-06-15 06:49:00+00:00,409,4108.469999999999,9.0,21.746409237749926,21.76239438369781,25.51341948310139,"[19.95924453 21.30740557 21.6304672  20.70477137 20.87872763 20.06486083
 21.0526839  22.48782306 21.71744533 22.77982107 21.22664016 22.33871769
 24.47589463 19.33797217 19.77907555 18.27559642 19.5554175  20.86008946
 19.70452286 20.79796223 22.42569583 22.37599404 21.74229622 23.95402584
 23.17743539 22.6804175  24.40134195 18.375      19.86605368 21.55591451
 20.12077535 20.7109841  22.49403579 21.92246521 22.97241551 21.55591451
 21.81063618 23.2333499  22.92271372 24.00372763 23.41351889 20.0027336
 19.39388668 18.0333002  19.18265408 21.33225646 21.3943837  21.20800199
 20.82281312 24.3889165  22.07157058 21.69259443 22.10884692 22.94756461
 25.46371769 24.56287276 17.96496024 20.41277336 20.77932406 21.1334493
 18.94657058 21.35710736 21.23285288 21.66153082 22.71769384 22.56858847
 23.73036779 22.98484095 25.3332505  23.11530815 19.21371769 18.60487078
 19.54920477 20.04000994 19.95303181 22.18961233 21.67395626 22.46918489
 22.23931412 22.00323062 24.80516899 23.8359841  23.84840954 22.13991054
 19.02733598 19.35039761 21.07753479 21.68638171 20.25124254 21.11481113
 21.53727634 21.62425447 20.67992048 21.89761431 23.67445328 23.14637177
 23.54398608 24.66227634 24.09691849 20.67370775 19.46843936 20.25745527
 22.08399602 20.56809145 21.94110338 22.40705765 23.14637177 22.21446322
 21.07132207 23.07803181 23.86704771 24.68712724 21.92867793 21.08374751
 19.08946322 21.55591451 21.61182903 21.1334493  21.87276342 22.25173956
 22.63071571 21.8416998  22.26416501 24.2584493  23.04075547 24.30193837
 23.82977137 20.56809145 20.37549702 20.88494036 20.5805169  21.22664016
 19.77286282 23.58747515 22.05914513 21.54348907 21.59319085 21.53106362
 21.31983101 25.38916501 24.10934394 18.4806163  20.44383698 21.45651093
 20.02758449 20.2388171  20.72340954 20.87251491 20.74204771 23.79249503
 21.88518887 21.77335984 23.78628231 22.26416501 23.43215706 24.56908549
 19.58026839 20.97191849 19.94060636 19.30690855 20.17668986 22.9972664
 21.52485089 22.05914513 23.30790258 24.46968191 22.94135189 23.61853877
 24.08449304 23.95402584 19.77907555 19.44358847 20.41898608 19.8722664
 22.14612326 21.30119284 22.30765408 21.97837972 20.0027336  22.92271372
 24.23359841 24.2584493  22.55616302 23.73658052 19.50571571 20.30715706
 19.4000994  21.79821074 20.12077535 22.12127237 21.61804175 20.67992048
 24.12176938 21.42544732 25.51341948 22.12127237 22.32007952 23.95402584
 24.5193837  18.7415507 ]",42644.38674581614
2025-06-15 06:50:00+00:00,410,4150.59,9.0,21.8720852736095,21.893234343936385,25.519632206759443,"[19.0832505  21.66153082 20.59915507 21.61804175 21.23906561 21.17072565
 21.40059642 22.12127237 22.75497018 20.86008946 22.48782306 22.64314115
 23.89189861 19.43116302 21.11481113 21.96595427 19.98409543 19.70452286
 20.555666   22.56858847 21.36332008 21.92246521 22.16476143 23.76143141
 23.58747515 21.38817097 23.41973161 21.64289264 20.41277336 20.5805169
 22.5499503  19.69209742 21.32604374 22.444334   22.35114314 22.0777833
 21.59319085 23.07181909 24.68712724 22.62450298 21.96595427 19.67345924
 20.53081511 21.43787276 20.86008946 21.41302187 20.42519881 22.94756461
 21.61804175 22.82952286 21.972167   22.37599404 21.43166004 21.34468191
 22.6804175  24.48832008 20.33200795 19.24478131 21.82927435 20.84145129
 20.46868787 20.48732604 22.37599404 21.40680915 23.45700795 23.79870775
 22.63071571 23.05939364 23.28305169 24.152833   18.97142147 19.78528827
 22.2082505  20.03379722 22.12127237 22.84194831 22.49403579 22.28280318
 21.40059642 21.27634195 22.76739563 22.74875746 22.76739563 24.46968191
 19.41873757 20.02137177 21.10238569 18.77261431 19.59269384 22.24552684
 22.19582505 22.97862823 21.1334493  23.77385686 21.22042744 22.79224652
 23.22092445 23.62475149 24.53802187 20.22017893 21.12102386 21.01540755
 21.55591451 19.41873757 20.82902584 22.13369781 23.30168986 21.35089463
 23.97266402 23.84219682 23.59368787 24.4137674  23.89811133 19.88469185
 18.92793241 20.28851889 22.06535785 22.34493042 20.26988072 21.76093439
 20.90357853 22.51267396 22.87922465 24.68091451 23.54398608 23.00969185
 23.8359841  20.98434394 21.46893638 21.48136183 22.0777833  21.38195825
 21.2887674  20.22639165 22.03429423 21.81684891 22.81088469 22.59343936
 23.13394632 23.76764414 24.83001988 19.21993042 19.65482107 22.13991054
 21.43787276 19.91575547 20.3444334  21.40680915 22.49403579 21.93489066
 22.92271372 22.89786282 22.69905567 22.11505964 23.99130219 22.71148111
 20.64885686 19.38146123 20.75447316 20.54324056 21.51242545 20.52460239
 22.17718688 21.71744533 22.91650099 21.58076541 24.23359841 24.37649105
 23.46322068 24.67470179 20.44383698 19.96545726 18.98384692 21.57455268
 22.47539761 21.56833996 23.33275348 21.48136183 21.85412525 22.19582505
 24.11555666 23.09045726 25.26491054 24.00372763 20.9222167  20.50596421
 18.58001988 21.81684891 19.14537773 22.06535785 20.45626243 20.51217694
 20.94085487 23.97266402 22.82952286 25.51963221 22.91650099 24.78031809
 24.26466203 19.52435388]",43064.84849138795
2025-06-15 06:51:00+00:00,411,4130.740000000001,9.0,21.814888965080353,21.831573061630216,26.128479125248507,"[20.48732604 20.64885686 22.3138668  23.2582008  21.00298211 22.46297217
 20.90979125 24.00372763 24.71819085 21.42544732 24.14040755 22.94756461
 24.52559642 20.53702783 20.13941352 21.35089463 21.17072565 20.45626243
 24.10934394 21.86033797 23.03454274 24.94806163 22.63692843 22.27037773
 22.38220676 22.88543738 24.40755467 19.4000994  19.82877734 22.04050696
 19.93439364 19.71694831 21.54970179 22.05293241 22.29522863 21.29498012
 22.26416501 23.73658052 23.35760437 21.79199801 25.00397614 19.69831014
 18.76018887 19.8722664  19.99652087 21.12102386 20.82902584 21.23906561
 21.70501988 22.36978131 22.12127237 22.81088469 22.94756461 24.68712724
 23.15258449 23.18364811 19.95303181 19.95924453 20.3195825  22.45675944
 22.83573559 21.31983101 20.41898608 21.15208748 22.92892644 21.90382704
 24.04100398 24.03479125 22.40705765 23.8359841  18.35014911 18.65457256
 19.48707753 20.10213718 22.41327038 21.28255467 22.02186879 22.82952286
 20.30094433 21.3943837  24.19010934 23.45700795 21.6056163  23.87326044
 19.00869781 21.23285288 19.90333002 21.41302187 22.11505964 22.07157058
 20.37549702 21.27634195 22.7611829  23.32032803 22.46918489 23.94781312
 21.53727634 23.71172962 26.12847913 21.66774354 19.1640159  20.29473161
 19.43116302 20.53702783 19.52435388 21.5        22.15854871 21.76714712
 22.73633201 22.6804175  23.47564612 23.48185885 22.73633201 20.13941352
 19.8722664  19.98409543 21.09617296 21.99701789 22.08399602 22.7611829
 23.96645129 20.92842942 22.67420477 22.86058648 23.4445825  23.05318091
 24.00372763 20.74826044 21.79199801 20.10213718 19.82256461 21.82306163
 21.16451292 20.56809145 19.86605368 21.82306163 22.76739563 21.79821074
 22.17097416 24.76167992 23.59368787 18.88444334 19.2944831  20.67370775
 19.08946322 20.64264414 22.58722664 22.09642147 21.53106362 21.66774354
 22.69284294 21.95352883 22.2890159  22.79224652 25.14065606 24.23359841
 19.85984095 21.57455268 20.97191849 20.0027336  21.84791252 20.52460239
 21.69880716 21.80442346 20.25124254 24.04100398 22.81088469 23.0221173
 22.02186879 24.79274354 20.38792247 19.94681909 20.42519881 20.12698807
 20.42519881 21.12102386 21.69880716 21.7360835  21.6056163  21.51863817
 21.93489066 24.05342942 22.85437376 23.18986083 19.4249503  19.28205765
 20.90979125 22.02186879 21.38817097 21.05889662 21.12723658 21.63667992
 22.46297217 22.64935388 24.20253479 21.66774354 22.84816103 24.22738569
 23.43836978 20.72962227]",42873.49252157283
2025-06-15 06:52:00+00:00,412,4173.09,9.0,21.94125138674754,21.963127485089466,25.942097415506957,"[21.19557654 18.61729622 19.91575547 23.66202783 20.91600398 21.76093439
 21.04025845 23.86083499 23.5750497  22.32007952 24.12176938 21.86033797
 23.80492048 21.05889662 22.18961233 20.67992048 21.29498012 20.63021869
 21.85412525 21.41923459 22.56237575 23.29547714 23.37624254 24.90457256
 23.53156064 24.00372763 23.04696819 19.43737575 20.25745527 21.07753479
 20.35064612 20.77311133 19.90333002 22.25795229 22.5499503  21.45029821
 22.27659046 24.0472167  24.02857853 22.69284294 22.87922465 18.22589463
 19.01491054 19.95924453 20.56187873 21.59940358 21.5        20.66749503
 20.74204771 22.64314115 22.87301193 22.79224652 23.58126243 24.43861829
 25.36431412 24.37649105 19.78528827 20.82281312 20.64264414 22.03429423
 21.0526839  19.62997018 21.76093439 20.86630219 22.18961233 22.86058648
 23.35760437 21.95352883 25.02261431 24.96048708 20.97813121 19.76043738
 18.66699801 20.18911531 20.04622266 21.41923459 21.69880716 22.5499503
 21.56833996 22.53131213 23.02833002 23.99130219 24.4137674  23.17743539
 19.69209742 18.60487078 21.70501988 21.08374751 22.17097416 22.27037773
 23.09666998 21.45651093 22.9972664  22.33871769 22.24552684 23.86704771
 23.9416004  22.56858847 24.25223658 21.45651093 21.33225646 20.35685885
 20.30094433 21.54348907 21.972167   22.08399602 22.45675944 20.90357853
 23.96645129 25.21520875 23.99751491 24.2833002  24.87350895 18.63593439
 21.31361829 20.77932406 20.30094433 22.7611829  20.82902584 22.72390656
 21.93489066 21.2639165  21.74229622 23.58126243 24.10313121 23.43836978
 22.62450298 20.18290258 20.23260437 19.02112326 19.91575547 21.31361829
 22.16476143 21.92246521 21.38817097 23.26441352 22.46297217 22.79224652
 22.97862823 24.14662028 23.48807157 20.67370775 19.18265408 19.64860835
 20.20154076 22.05293241 20.70477137 20.59294235 22.43812127 21.08996024
 23.18364811 22.38841948 23.32654076 23.76764414 23.31411531 25.71222664
 19.24478131 19.13916501 20.86630219 21.45651093 22.69905567 20.95328032
 21.70501988 21.68016899 22.67420477 22.67420477 25.61282306 22.79224652
 25.58175944 23.79249503 18.66699801 20.26366799 19.21993042 20.74204771
 22.13991054 19.69831014 20.3195825  21.84791252 23.16500994 22.2082505
 23.85462227 22.64314115 23.38245527 23.33275348 18.00223658 19.17644135
 19.35039761 20.08349901 20.95949304 21.17693837 20.76689861 22.98484095
 21.51863817 22.32629225 23.28926441 23.26441352 25.94209742 25.66252485
 24.02857853 21.33846918]",43296.250639502556
2025-06-15 06:53:00+00:00,413,4155.200000000001,9.0,21.88984671700033,21.907554671968192,26.053926441351887,"[19.92818091 21.08996024 20.81038767 22.07157058 22.74875746 22.48782306
 21.7360835  22.50024851 21.8665507  22.36356859 22.93513917 24.50074553
 24.83001988 19.52435388 18.88444334 21.61804175 19.48086481 20.07107356
 23.04696819 21.49378728 23.46322068 23.45079523 21.79199801 23.47564612
 23.92917495 22.91650099 24.29572565 19.66724652 19.90954274 20.52460239
 22.17718688 20.72340954 22.35114314 23.07181909 22.84194831 20.72340954
 21.49378728 24.29572565 23.76764414 23.33275348 22.88543738 19.48707753
 19.4249503  19.47465209 21.21421471 21.65531809 20.43762425 21.46893638
 21.22664016 21.41302187 21.8665507  22.69284294 22.48161034 22.88543738
 23.89811133 23.3638171  19.34418489 19.77907555 20.28230616 20.04000994
 20.72340954 21.27634195 19.79150099 22.7860338  21.30119284 23.20849901
 21.07132207 23.5999006  22.75497018 26.05392644 20.05243539 20.04000994
 20.08971173 19.99652087 20.41898608 20.63021869 20.69855865 20.69234592
 22.11505964 23.58126243 23.86083499 22.27037773 24.23981113 23.1028827
 20.37549702 19.84741551 20.84145129 22.15854871 20.38170974 21.32604374
 22.35114314 20.43141153 23.07181909 23.03454274 23.09045726 22.67420477
 23.50049702 23.49428429 24.84244533 19.60511928 21.3695328  20.53702783
 20.25745527 24.36406561 22.32629225 21.77335984 21.1334493  21.91625249
 22.99105368 23.71172962 23.30168986 23.10909543 22.56858847 18.89065606
 20.42519881 20.56187873 21.92867793 20.64264414 22.29522863 21.87276342
 21.83548708 22.40705765 21.22664016 21.79199801 22.53131213 24.22738569
 23.78006958 18.7415507  20.67992048 21.49378728 20.64264414 20.56187873
 20.86630219 22.94135189 20.71719682 20.99676938 24.29572565 22.58722664
 24.32057654 24.79895626 24.76789264 19.59269384 20.76068588 21.9473161
 19.04597416 20.05864811 22.40084493 21.027833   23.01590457 20.22017893
 23.1277336  23.22713718 24.8610835  23.46322068 23.86083499 24.44483101
 20.37549702 21.31361829 18.59244533 20.31336978 20.41898608 20.38170974
 22.97241551 22.08399602 22.22067594 23.5999006  22.54373757 24.4137674
 22.63071571 25.97316103 20.0027336  20.29473161 20.56809145 19.21371769
 21.03404573 22.17718688 22.64935388 19.92196819 22.5499503  22.59965209
 23.65581511 23.35760437 21.69259443 23.27062624 21.67395626 20.04622266
 19.6361829  20.87251491 20.12698807 21.15208748 21.43787276 21.76093439
 23.20228628 23.07803181 23.91053678 22.64314115 23.87326044 24.94806163
 24.32057654 21.8665507 ]",43124.27117639631
2025-06-15 06:54:00+00:00,414,4206.3,9.0,22.04203831159136,22.066289761431406,26.047713717693835,"[22.22067594 19.25099404 21.16451292 22.00944334 22.14612326 23.15879722
 23.51913519 23.01590457 22.63692843 24.26466203 23.80492048 24.87350895
 26.04771372 21.34468191 19.56784294 21.84791252 21.66153082 22.2082505
 20.77311133 23.01590457 21.54970179 22.24552684 23.43836978 23.08424453
 22.98484095 25.38295229 24.07828032 18.41848907 20.08349901 19.00869781
 20.36928429 21.69259443 22.29522863 21.44408549 21.3943837  22.67420477
 21.53106362 24.02236581 22.2082505  24.82380716 24.29572565 19.94681909
 19.9778827  20.1083499  20.90357853 22.5250994  20.79796223 22.09642147
 22.18961233 24.45104374 24.09070577 21.82927435 22.99105368 23.54398608
 25.77435388 23.5750497  20.26366799 20.92842942 19.5305666  22.07157058
 20.53081511 20.49975149 21.76093439 21.99701789 21.48136183 23.87326044
 24.43861829 23.79249503 24.37027833 25.66873757 19.66724652 20.8166004
 19.23235586 21.45029821 22.69905567 21.18315109 22.01565606 23.20849901
 23.78628231 21.79821074 22.5499503  22.81709742 23.39488072 23.27683897
 20.98434394 20.74204771 21.38817097 20.26988072 22.53131213 21.90382704
 21.49378728 22.40705765 23.58126243 23.61232604 23.21471173 24.45725646
 23.63096421 24.63742545 25.61282306 19.36903579 20.03379722 20.86008946
 21.25149105 20.75447316 20.95328032 20.20154076 22.33250497 21.28255467
 22.08399602 22.95999006 24.7554672  23.21471173 23.22713718 22.00323062
 19.54299205 19.82256461 19.93439364 22.50646123 20.66128231 21.08374751
 22.24552684 22.40705765 23.15879722 22.98484095 23.86083499 23.98508946
 23.99751491 20.02758449 20.555666   21.22042744 19.64239563 20.67370775
 21.3943837  21.49378728 22.17097416 22.53131213 21.47514911 22.40705765
 22.3138668  23.66202783 24.9915507  18.96520875 19.80392644 20.29473161
 21.49378728 21.00919483 20.72962227 22.08399602 20.77932406 20.99055666
 21.20800199 23.48185885 22.97241551 23.50670974 22.53131213 23.56262425
 19.38146123 20.62400596 19.69209742 21.8665507  20.77311133 21.81684891
 22.88543738 23.51913519 21.82306163 21.62425447 24.20253479 24.14040755
 24.42619284 24.09691849 17.72887674 20.63643141 21.38195825 19.52435388
 20.56809145 19.81635189 23.0221173  22.79224652 22.5499503  22.22067594
 22.99105368 23.03454274 25.04125249 24.79274354 17.41824056 19.40631213
 19.7666501  20.72340954 21.57455268 20.98434394 21.6056163  22.5499503
 21.76714712 23.07181909 22.97862823 25.04125249 23.67445328 23.53777336
 22.61207753 20.19532803]",43633.44337526005
2025-06-15 06:55:00+00:00,415,4227.389999999999,9.0,22.105672813975094,22.131802932405563,26.196819085487075,"[20.09592445 21.02162028 20.11456262 19.01491054 21.70501988 22.60586481
 22.63071571 24.46346918 21.36332008 24.43861829 23.07803181 24.10934394
 25.35188867 19.73558648 19.62375746 19.1640159  19.90954274 20.56187873
 21.62425447 21.71744533 23.34517893 23.84219682 23.64960239 23.00969185
 22.7860338  23.53777336 24.63742545 18.97763419 20.25124254 20.06486083
 21.81684891 21.38817097 21.38195825 20.61779324 21.18936382 22.23310139
 21.41923459 22.74254473 20.49975149 22.8916501  24.61257455 20.28851889
 22.3138668  21.1334493  20.12077535 22.76739563 21.77335984 22.74875746
 20.31336978 21.56833996 22.01565606 24.16525845 24.18389662 23.04075547
 25.84890656 23.96645129 20.22017893 21.31361829 20.41898608 19.97166998
 19.71073559 21.96595427 22.63692843 21.13966203 24.44483101 24.37649105
 24.15904573 22.51267396 22.51888668 22.94756461 20.43141153 21.79199801
 20.555666   21.78578529 22.32629225 21.96595427 22.28280318 21.18315109
 25.20899602 22.15233598 24.87972167 21.74850895 25.12823062 26.19681909
 20.30715706 20.69234592 19.26963221 21.972167   21.66774354 20.26366799
 22.1833996  21.63667992 24.42619284 22.20203777 22.74254473 22.51267396
 22.53752485 23.51292247 23.42594433 20.83523857 20.57430417 21.27634195
 21.33225646 22.04050696 22.98484095 22.84816103 21.78578529 22.13369781
 22.82952286 24.26466203 23.33275348 23.2582008  23.38245527 18.56138171
 18.39985089 21.18315109 21.55591451 20.35685885 21.54970179 20.67992048
 21.95974155 23.62475149 22.35114314 22.58101392 24.20874751 23.74279324
 24.33921471 19.83499006 20.46868787 19.44358847 20.84766402 19.9778827
 21.33846918 22.07157058 21.56212724 22.97862823 23.02833002 22.50024851
 23.26441352 22.87922465 23.64960239 20.14562624 21.6304672  19.98409543
 20.61158052 20.79796223 20.18290258 23.30790258 20.48732604 24.78653082
 23.99130219 23.84219682 22.49403579 23.04075547 25.38295229 24.17147117
 19.15780318 19.98409543 23.38866799 21.57455268 20.58672962 20.94706759
 21.52485089 23.08424453 23.43215706 23.37002982 22.09020875 23.84219682
 23.98508946 23.86083499 18.88444334 20.25124254 21.66774354 19.77907555
 22.04671968 22.33871769 22.76739563 23.53777336 24.06585487 22.06535785
 21.92867793 24.69955268 25.12823062 24.45725646 20.35064612 20.20154076
 22.50646123 21.3943837  22.05293241 21.82927435 21.89140159 22.23931412
 22.38841948 24.12176938 23.99130219 22.13991054 23.8111332  23.15879722
 23.62475149 20.73583499]",43846.33896643507
2025-06-15 06:56:00+00:00,416,4258.75,9.0,22.199618239304357,22.229218439363823,26.02286282306163,"[19.62997018 20.2139662  19.6361829  20.83523857 20.98434394 21.49378728
 22.47539761 23.18986083 22.18961233 23.80492048 23.22713718 26.02286282
 22.48161034 18.88444334 21.85412525 21.18315109 21.18936382 21.46893638
 22.70526839 21.59319085 22.56237575 22.88543738 23.73036779 23.88568588
 23.34517893 25.23384692 24.78031809 18.79746521 19.35661034 20.91600398
 20.40656064 21.76093439 21.19557654 21.00919483 20.8166004  22.64935388
 23.27062624 24.03479125 23.87947316 23.0221173  24.02236581 18.7415507
 20.18911531 21.79821074 21.52485089 22.5499503  20.72340954 21.86033797
 22.72390656 23.30168986 22.53752485 22.94135189 22.73633201 24.17147117
 25.34567594 22.43812127 19.5554175  19.72937376 20.90357853 21.80442346
 21.12102386 22.79224652 21.00919483 21.87276342 23.18364811 24.36406561
 24.41998012 23.92296223 23.680666   22.86058648 18.90308151 20.36928429
 20.28230616 20.92842942 21.89761431 22.02186879 21.87276342 22.70526839
 20.30094433 21.70501988 23.7055169  24.20253479 23.55641153 22.90407555
 18.67942346 20.8166004  20.85387674 21.2887674  20.84145129 21.49378728
 22.5499503  21.35710736 22.32629225 21.47514911 23.15258449 24.42619284
 24.78653082 24.27087475 24.21496024 20.88494036 20.48111332 19.76043738
 20.65506958 22.07157058 22.79845924 21.53727634 22.66177932 22.67420477
 22.48782306 22.38220676 23.09045726 23.61232604 23.35139165 21.35710736
 21.38195825 22.23310139 20.74826044 20.40034791 21.7360835  22.27037773
 20.82902584 23.69309145 24.78653082 23.92296223 25.32082505 23.61853877
 23.28305169 19.6610338  19.94060636 18.70427435 21.20800199 21.47514911
 20.53702783 22.18961233 21.58697813 22.86058648 23.11530815 23.82355865
 25.45129225 23.47564612 23.11530815 19.31312127 21.74229622 19.59269384
 21.21421471 22.91650099 22.84194831 22.14612326 22.97241551 23.58747515
 22.51888668 21.99080517 23.84840954 24.51317097 24.37027833 25.06610338
 19.57405567 20.26366799 22.50646123 19.40631213 21.06510934 20.46868787
 24.47589463 22.89786282 23.66202783 23.66202783 22.40705765 23.39488072
 24.44483101 23.56262425 21.67395626 20.95328032 19.77286282 21.92867793
 23.1277336  22.56237575 21.59319085 23.34517893 20.72340954 23.66202783
 23.00969185 23.09045726 24.39512922 23.77385686 19.73558648 21.20178926
 20.9222167  20.86630219 21.72365805 24.14662028 21.87897614 22.24552684
 22.1833996  23.50049702 23.41973161 24.51317097 24.86729622 25.23384692
 24.63742545 20.2388171 ]",44160.64278141665
2025-06-15 06:57:00+00:00,417,4196.860000000001,9.0,22.01838251319824,22.036965705765407,26.24652087475149,"[18.49304175 20.82902584 20.59294235 19.62997018 22.73011928 22.41327038
 21.74229622 23.5750497  24.98533797 21.99080517 24.7306163  23.99130219
 24.56287276 20.61779324 19.72316103 19.90954274 19.28827038 21.84791252
 20.84766402 21.47514911 22.67420477 22.97862823 24.68712724 23.18986083
 21.93489066 23.54398608 22.97862823 21.84791252 19.02733598 19.79150099
 21.75472167 20.2139662  21.7360835  23.14015905 21.6056163  22.5250994
 21.22042744 23.97266402 22.45054672 23.96023857 24.4137674  19.30069583
 21.2639165  19.79771372 20.13941352 20.92842942 20.63021869 20.555666
 21.72365805 22.34493042 21.99701789 23.82355865 22.76739563 24.5193837
 24.19632207 25.48235586 18.73533797 21.1334493  21.72987078 20.41277336
 21.027833   21.3695328  22.23931412 23.13394632 21.89761431 23.55019881
 23.01590457 24.07206759 22.92892644 24.15904573 19.60511928 20.84766402
 20.64264414 22.63071571 21.49378728 20.41898608 21.6056163  22.40084493
 24.52559642 22.53752485 22.46918489 24.72440358 24.61878728 23.3389662
 18.76640159 19.14537773 19.96545726 19.4000994  19.54299205 20.7109841
 21.94110338 21.3943837  21.2639165  22.66799205 21.70501988 22.27037773
 24.38270378 23.99130219 25.14065606 20.86630219 20.04622266 21.38817097
 21.91003976 21.49378728 21.56212724 22.26416501 22.81088469 21.45651093
 23.07803181 21.23285288 23.58126243 24.63121272 24.69955268 18.89065606
 19.73558648 20.10213718 20.71719682 21.98459245 21.19557654 21.76714712
 22.11505964 21.55591451 20.50596421 21.972167   23.52534791 22.77982107
 26.24652087 18.94657058 20.49975149 20.88494036 20.7109841  20.42519881
 22.10263419 21.23906561 22.71769384 21.3695328  24.68091451 22.16476143
 23.84840954 22.05914513 23.17122266 20.86630219 21.02162028 20.17668986
 20.35064612 19.44358847 21.99701789 20.63643141 21.83548708 22.00944334
 24.35164016 21.90382704 24.46346918 24.14662028 24.28951292 24.45104374
 20.14562624 21.55591451 21.94110338 22.05293241 19.43116302 22.27659046
 22.63071571 23.53777336 24.30193837 23.49428429 23.86704771 23.98508946
 24.14040755 24.50074553 19.71073559 19.84120278 20.28230616 19.71073559
 21.40059642 19.90333002 21.7112326  20.69855865 22.49403579 25.17171968
 23.52534791 24.03479125 25.16550696 24.1776839  19.6361829  21.27012922
 20.5805169  22.01565606 21.23906561 21.89140159 21.28255467 22.54373757
 22.02186879 23.56262425 23.32032803 21.83548708 25.75571571 24.24602386
 23.680666   19.2944831 ]",43554.300536156035
2025-06-15 06:58:00+00:00,418,4213.26,9.0,22.068187651663095,22.087910039761432,27.103876739562622,"[20.40034791 20.85387674 21.54348907 21.80442346 22.90407555 21.48136183
 22.53752485 21.67395626 23.45079523 23.41351889 23.59368787 23.53777336
 26.25894632 18.67321074 19.69209742 20.63643141 20.7917495  22.71769384
 21.30740557 21.42544732 22.33250497 23.54398608 23.18986083 24.15904573
 23.27683897 23.20228628 24.30815109 19.4249503  18.95899602 20.13941352
 21.36332008 22.25795229 22.25795229 20.54324056 21.68638171 22.12748509
 23.99130219 23.80492048 24.97912525 23.37002982 24.24602386 19.44358847
 21.11481113 21.12723658 20.86008946 19.54299205 21.91003976 20.81038767
 22.58722664 21.89761431 22.51888668 22.22067594 22.12127237 23.77385686
 23.58747515 22.88543738 19.76043738 19.96545726 19.33797217 22.12127237
 23.45700795 20.9222167  23.03454274 21.79199801 24.19632207 20.49975149
 21.57455268 24.90457256 25.4388668  25.18414513 19.94060636 21.00919483
 20.81038767 21.31983101 19.49950298 22.66799205 20.57430417 21.84791252
 21.33846918 22.25795229 24.31436382 24.08449304 24.94806163 23.98508946
 20.51217694 19.02112326 22.15233598 22.32007952 19.49950298 20.20775348
 21.68016899 21.18315109 22.6555666  22.06535785 22.86058648 25.74950298
 23.45700795 23.51292247 22.96620278 20.39413519 20.90979125 20.52460239
 22.02186879 19.50571571 21.46893638 21.51242545 22.53752485 22.29522863
 22.98484095 23.49428429 22.48161034 24.82380716 23.47564612 18.94657058
 20.25124254 20.57430417 20.84145129 22.30144135 22.13991054 21.72987078
 22.30765408 21.79821074 23.20849901 22.83573559 22.45675944 25.79920477
 24.01615308 19.41252485 20.56809145 18.08921471 20.36928429 19.71694831
 21.70501988 21.83548708 22.98484095 23.64338966 21.44408549 22.91028827
 23.38245527 24.41998012 23.85462227 19.61754473 19.72937376 18.00223658
 21.00298211 20.96570577 20.94085487 21.82927435 22.13369781 24.55044732
 22.61207753 24.04100398 23.54398608 24.35164016 22.93513917 24.68091451
 19.65482107 18.9527833  20.39413519 22.69284294 21.54970179 22.53131213
 20.77932406 22.89786282 21.84791252 22.71769384 23.23956262 23.15258449
 22.62450298 26.2527336  19.81635189 21.56212724 20.8166004  19.78528827
 20.33200795 21.59940358 23.51292247 22.0777833  23.99751491 23.31411531
 22.61207753 23.26441352 23.56262425 23.92917495 20.09592445 19.47465209
 19.79771372 19.59890656 21.79821074 20.69855865 23.61853877 23.14637177
 22.29522863 23.65581511 23.4445825  23.28926441 24.64363817 24.37027833
 27.10387674 19.27584493]",43720.92860740405
2025-06-15 06:59:00+00:00,419,4269.42,9.0,22.235329912683472,22.262363320079523,25.718439363817097,"[19.6610338  20.88494036 22.1833996  21.0526839  20.82902584 23.06560636
 22.5250994  23.67445328 24.22117296 22.56237575 24.73682903 23.79249503
 23.72415507 20.69855865 21.57455268 21.10859841 22.16476143 22.02808151
 20.26366799 22.69905567 22.5250994  24.27708748 23.3389662  23.84219682
 23.02833002 23.89189861 24.55044732 19.74801193 19.86605368 20.17047714
 20.2388171  19.98409543 20.87251491 20.50596421 21.33846918 23.3389662
 23.89189861 22.96620278 24.23359841 24.11555666 23.40109344 18.54895626
 20.33200795 21.51242545 20.1083499  20.82281312 19.89090457 23.00347913
 20.63021869 21.72365805 22.95999006 22.93513917 23.32032803 23.75521869
 24.36406561 24.24602386 20.51217694 19.00869781 21.46272366 20.41898608
 22.41327038 22.59343936 21.46893638 23.27062624 22.69284294 23.39488072
 23.7055169  23.91053678 24.09691849 25.57554672 19.99652087 20.2139662
 21.89761431 19.89090457 21.48136183 21.31361829 23.67445328 23.00969185
 22.84194831 22.07157058 21.7112326  23.27062624 23.85462227 23.28926441
 18.69184891 19.53677932 21.35089463 21.57455268 21.03404573 20.67370775
 22.0777833  24.47589463 23.07181909 22.82331014 23.43215706 23.15258449
 24.10934394 24.78031809 23.22092445 19.85362823 20.45626243 21.56833996
 21.972167   23.45700795 23.77385686 23.65581511 22.50024851 23.56262425
 24.78653082 23.88568588 23.28305169 25.25248509 23.28305169 22.75497018
 19.27584493 21.59940358 20.29473161 21.85412525 21.46272366 24.04100398
 22.66177932 22.98484095 21.98459245 22.10884692 22.15233598 22.5250994
 23.59368787 20.25745527 20.46247515 19.33175944 23.03454274 20.02758449
 21.04647117 21.48136183 23.32654076 22.25795229 23.09045726 23.43215706
 23.71794235 23.2333499  24.32678926 19.89090457 20.72340954 20.09592445
 21.08374751 21.10859841 21.3943837  22.84194831 22.84194831 23.30790258
 23.33275348 24.59393638 21.22664016 24.33300199 24.53180915 25.71843936
 19.4000994  20.82281312 20.60536779 20.04622266 20.95949304 21.08996024
 21.16451292 21.75472167 23.46322068 22.62450298 23.2582008  22.4194831
 24.74925447 25.07852883 20.05864811 22.11505964 19.85984095 21.55591451
 20.90357853 22.12127237 21.45651093 22.45675944 21.92246521 24.5193837
 23.25198807 24.08449304 24.14040755 23.66202783 19.26963221 20.91600398
 22.17718688 21.24527833 22.00323062 21.78578529 21.30740557 21.81063618
 21.76714712 21.96595427 24.87350895 24.55666004 23.51913519 25.35810139
 25.36431412 19.59269384]",44280.119755873835
2025-06-15 07:00:00+00:00,420,4245.610000000001,9.0,22.166480802683893,22.188400844930417,25.41401590457256,"[21.64289264 20.51838966 22.59965209 21.22042744 21.56833996 23.03454274
 21.10859841 22.67420477 24.36406561 22.53131213 23.92296223 25.4140159
 24.58772366 20.49353877 19.65482107 21.46893638 20.97813121 21.61804175
 22.15233598 23.60611332 24.50695825 22.41327038 22.17718688 22.63692843
 23.13394632 23.86704771 23.96023857 20.46868787 19.5554175  19.95303181
 20.97813121 20.37549702 22.77982107 21.83548708 20.95949304 20.27609344
 23.18986083 21.1334493  22.7860338  23.4445825  24.58772366 20.4500497
 20.02758449 23.13394632 23.31411531 23.05318091 21.8665507  21.38817097
 20.66749503 25.3083996  23.41351889 22.69284294 23.42594433 25.15929423
 25.2027833  24.50074553 20.42519881 20.76689861 22.35114314 21.89140159
 21.87276342 22.18961233 20.43141153 21.42544732 21.0526839  24.3889165
 22.25795229 24.10934394 23.81734592 23.48185885 20.96570577 21.28255467
 20.555666   20.36307157 21.95352883 21.972167   20.17668986 23.64338966
 22.86058648 23.82355865 21.77957256 23.78006958 22.8916501  24.47589463
 19.96545726 18.66078529 18.72291252 21.027833   22.07157058 22.19582505
 22.66799205 21.62425447 23.79870775 23.95402584 23.04075547 23.04696819
 23.66824056 22.5250994  24.79895626 20.40034791 19.39388668 20.26988072
 21.91625249 21.59319085 21.48757455 22.13369781 21.83548708 22.10884692
 23.31411531 23.28926441 23.05939364 24.77410537 25.01640159 20.12698807
 20.82902584 20.86008946 20.2388171  21.68016899 21.027833   20.69234592
 20.64264414 20.44383698 23.05939364 22.6804175  23.08424453 24.24602386
 24.71197813 20.13941352 20.63021869 20.72340954 21.17693837 22.86058648
 20.43762425 21.7360835  22.34493042 22.90407555 24.28951292 24.46346918
 23.20228628 24.70576541 22.45675944 18.92793241 20.52460239 22.1833996
 20.87251491 20.67370775 22.21446322 22.61829026 22.36356859 22.30765408
 23.02833002 23.05318091 21.77335984 24.08449304 23.87326044 22.81088469
 19.78528827 19.58026839 21.49378728 20.76689861 21.41923459 21.53106362
 21.33846918 23.9416004  22.87301193 22.35735586 24.3889165  24.64363817
 23.73036779 24.86729622 21.82306163 20.91600398 19.74801193 22.46918489
 21.1334493  22.22688867 21.38817097 22.15233598 21.90382704 23.62475149
 22.43190855 23.61853877 20.70477137 23.28305169 18.69806163 19.10810139
 20.54945328 22.55616302 22.27659046 21.78578529 21.61182903 21.972167
 20.66749503 23.40730616 22.74254473 24.43240557 23.30168986 23.61853877
 25.00397614 20.97191849]",44049.77817345924
2025-06-15 07:01:00+00:00,421,4275.01,9.0,22.254660299690386,22.279727882703774,26.21545725646123,"[21.6304672  21.13966203 21.35089463 20.6861332  21.70501988 21.22664016
 23.58747515 22.40084493 23.8359841  22.95377734 25.29597416 24.82380716
 25.79299205 19.44980119 20.82902584 21.45029821 19.08946322 22.42569583
 19.99030815 22.37599404 23.49428429 23.30790258 23.0221173  22.79224652
 23.20849901 23.66824056 25.45750497 18.64214712 19.26963221 21.12102386
 21.69880716 20.60536779 21.72365805 21.95974155 22.07157058 23.53156064
 22.92892644 24.05342942 23.45079523 24.30815109 25.24627237 19.37524851
 19.2944831  21.16451292 21.10859841 21.81063618 20.43762425 19.36903579
 21.78578529 21.98459245 23.41351889 23.11530815 23.86704771 24.89835984
 23.97887674 25.31461233 21.40680915 21.2887674  21.7360835  21.59940358
 20.14562624 21.97837972 22.20203777 22.9972664  22.95999006 23.55641153
 22.66799205 23.68687873 25.73086481 24.60636183 20.81038767 21.19557654
 22.09642147 20.64264414 21.00919483 19.56784294 21.1583002  22.96620278
 22.43812127 23.50670974 23.09045726 24.09691849 24.42619284 23.68687873
 19.56163022 20.02137177 19.23856859 21.34468191 21.85412525 19.90333002
 22.43190855 22.444334   22.5250994  22.75497018 22.23310139 25.0723161
 25.2027833  23.38866799 23.30790258 20.67992048 20.92842942 21.07753479
 21.58697813 21.59940358 22.28280318 21.54970179 22.6804175  22.81709742
 23.29547714 23.79870775 22.81709742 24.72440358 24.0472167  20.2139662
 20.74204771 19.81635189 20.40034791 22.32629225 20.86008946 21.56833996
 22.09642147 21.14587475 23.28926441 22.90407555 24.64985089 22.66799205
 23.59368787 18.80989066 20.6861332  21.94110338 20.40034791 20.42519881
 20.95949304 22.51888668 22.49403579 23.04696819 23.1277336  25.75571571
 22.6804175  23.87326044 22.8916501  20.94706759 22.04050696 20.81038767
 20.18290258 22.66177932 23.64338966 20.18911531 22.88543738 20.85387674
 22.6804175  23.42594433 24.46346918 24.16525845 24.56908549 25.79299205
 20.98434394 20.51217694 20.87872763 20.72962227 20.50596421 21.22042744
 23.35139165 22.36978131 23.58126243 22.63071571 23.41973161 22.71148111
 24.33300199 24.99776342 18.75397614 21.15208748 21.40059642 21.38817097
 21.92867793 22.47539761 23.26441352 23.41973161 23.40109344 24.0472167
 22.47539761 22.21446322 22.37599404 23.60611332 19.17022863 19.1640159
 21.50621272 21.64910537 22.10263419 20.53081511 21.72987078 22.77360835
 23.4445825  23.75521869 23.63096421 22.91028827 24.20253479 23.41351889
 26.21545726 19.47465209]",44344.79149864415
2025-06-15 07:02:00+00:00,422,4267.78,9.0,22.234746607307123,22.25726888667992,26.54473161033797,"[17.80342942 21.63667992 20.36928429 22.66799205 22.5250994  20.64264414
 23.39488072 22.60586481 23.28305169 21.82306163 24.4137674  24.05342942
 25.01018887 19.59890656 20.7109841  19.97166998 20.73583499 22.30765408
 21.42544732 23.30168986 20.59915507 21.53727634 22.14612326 22.50024851
 22.7611829  23.97266402 25.03503976 21.10238569 20.82281312 20.32579523
 21.24527833 21.56833996 22.13369781 21.77335984 22.02808151 23.50670974
 23.48807157 23.98508946 23.50049702 23.680666   24.69333996 19.62375746
 18.87823062 20.17668986 19.84120278 21.17693837 20.70477137 19.6610338
 22.43812127 22.70526839 21.31983101 24.32057654 22.46297217 24.67470179
 24.09070577 24.92321074 19.88469185 22.13369781 20.0027336  21.69880716
 21.78578529 21.42544732 23.59368787 21.3695328  22.15233598 24.34542744
 21.37574553 22.67420477 23.69309145 24.97291252 20.32579523 21.12723658
 19.8971173  20.62400596 22.39463221 22.59343936 21.28255467 23.58747515
 22.84194831 22.61829026 21.972167   25.2027833  23.86704771 23.82355865
 20.75447316 20.12698807 19.44358847 21.57455268 20.53081511 22.7860338
 20.96570577 22.17718688 23.14637177 25.45750497 22.79224652 23.40109344
 23.87947316 23.31411531 26.54473161 21.06510934 21.027833   22.33250497
 19.79771372 22.82952286 22.70526839 20.9222167  21.78578529 22.10884692
 21.89761431 24.30193837 24.61878728 24.21496024 26.43911531 19.28827038
 22.33250497 21.51242545 22.15854871 21.38817097 22.40084493 23.1028827
 21.8416998  25.5444831  24.12176938 23.52534791 23.66202783 23.18986083
 25.35810139 19.03354871 20.26366799 20.51838966 19.12052684 22.35735586
 21.87897614 22.32007952 21.92867793 20.66128231 22.40084493 23.26441352
 25.04125249 22.94135189 24.32678926 19.14537773 19.99030815 20.51217694
 22.25173956 20.53702783 23.13394632 22.50024851 21.5        21.80442346
 22.55616302 23.80492048 23.39488072 24.02857853 24.32678926 23.96023857
 20.15183897 20.73583499 21.25149105 20.69234592 21.3943837  21.87276342
 22.36356859 23.680666   23.11530815 22.36978131 23.30168986 25.14686879
 24.35785288 26.3583499  19.07703777 19.25720676 20.24502982 20.72340954
 20.11456262 21.99701789 19.36282306 24.08449304 21.91625249 23.07181909
 22.43190855 24.28951292 24.27708748 21.70501988 19.60511928 19.91575547
 20.18290258 20.2139662  21.0526839  22.70526839 21.99080517 23.86704771
 22.99105368 23.17743539 24.02857853 23.79249503 24.67470179 26.04771372
 24.91078529 20.12698807]",44278.16824940671
2025-06-15 07:03:00+00:00,423,4267.85,9.0,22.236379049846196,22.257486332007954,26.526093439363816,"[21.98459245 21.74850895 20.77932406 21.10238569 21.07132207 22.16476143
 22.58722664 23.11530815 23.73658052 23.75521869 23.96023857 24.3889165
 24.60636183 19.30690855 20.22639165 19.7666501  21.04025845 22.18961233
 21.69259443 21.38817097 21.40680915 21.81063618 23.02833002 22.61207753
 24.41998012 22.33250497 26.52609344 20.13941352 18.18240557 21.31983101
 20.70477137 21.89140159 21.45651093 22.73011928 22.88543738 22.71148111
 23.61853877 23.03454274 25.27733598 24.59393638 24.22738569 18.15755467
 20.16426441 20.08349901 19.59269384 22.84194831 22.3138668  21.28255467
 22.25173956 22.5499503  21.59319085 22.74875746 21.20800199 23.07181909
 23.51913519 25.66873757 20.58672962 19.30690855 19.96545726 21.92246521
 22.8667992  22.41327038 21.54970179 22.8916501  23.87947316 23.40109344
 22.73633201 23.78628231 25.26491054 25.96694831 18.86580517 20.08971173
 21.12723658 21.99701789 21.5        21.37574553 22.02186879 22.79845924
 21.00919483 23.59368787 22.56858847 25.30218688 23.79870775 25.58797217
 20.93464215 19.50571571 21.5        21.48757455 20.02758449 21.83548708
 21.69880716 21.32604374 23.42594433 24.53802187 23.04075547 23.50670974
 24.29572565 25.17171968 25.86754473 19.57405567 18.51167992 21.77957256
 19.95924453 21.76093439 23.21471173 22.63692843 22.71769384 21.59319085
 23.51913519 24.83001988 23.07181909 25.20899602 24.43861829 19.82877734
 22.23931412 20.49353877 21.31361829 22.61829026 20.82902584 22.77360835
 20.81038767 22.15854871 21.77957256 22.92892644 23.28305169 23.73658052
 23.79249503 19.8971173  20.72962227 20.84145129 19.33797217 21.82927435
 20.56187873 22.77982107 20.49975149 21.22664016 22.82331014 22.87922465
 24.13419483 23.46322068 25.37052684 20.76068588 21.41923459 21.42544732
 20.74826044 20.7917495  22.40705765 20.99676938 22.85437376 23.0221173
 24.31436382 21.43787276 22.83573559 25.28976143 23.89189861 25.89239563
 21.12723658 20.67370775 20.07728628 18.85337972 21.79821074 21.62425447
 21.74850895 22.45054672 24.41998012 22.09642147 23.75521869 25.40159046
 23.18986083 25.79920477 20.84766402 20.56187873 20.66128231 19.99030815
 21.22664016 23.37002982 21.95974155 21.83548708 22.46918489 22.06535785
 24.30815109 23.65581511 26.0166501  23.04696819 20.19532803 19.5554175
 19.6361829  19.8971173  20.48732604 20.63021869 21.65531809 23.18364811
 22.4194831  23.78628231 22.59343936 24.22117296 24.56287276 24.42619284
 24.55666004 19.89090457]",44283.62974916543
2025-06-15 07:04:00+00:00,424,4308.620000000001,9.0,22.358122460996093,22.384132703777336,26.165755467196817,"[19.71694831 19.319334   21.63667992 21.90382704 19.58026839 23.33275348
 21.89140159 22.8916501  23.63717694 25.4388668  23.11530815 24.34542744
 23.60611332 17.31262425 18.89065606 20.30094433 21.61182903 20.4749006
 22.39463221 22.37599404 21.98459245 23.26441352 22.79224652 23.04075547
 23.15879722 23.54398608 25.84890656 20.88494036 20.56187873 20.72340954
 22.35735586 21.79199801 21.18936382 22.61207753 22.77982107 23.99751491
 22.62450298 24.47589463 24.92321074 24.26466203 24.73682903 19.7417992
 21.37574553 20.39413519 20.51217694 22.77982107 20.12698807 22.35114314
 22.73011928 23.2582008  25.18414513 23.66202783 25.35810139 23.81734592
 23.55641153 24.12798211 19.07082505 21.09617296 22.51267396 22.04050696
 20.49975149 22.19582505 21.5        23.680666   22.79845924 23.98508946
 24.45104374 24.48832008 24.26466203 24.23359841 19.66724652 20.74204771
 21.40059642 21.48136183 21.22042744 22.21446322 20.9222167  22.7611829
 24.71819085 24.15904573 23.63717694 22.70526839 26.16575547 24.46968191
 20.4500497  18.78503976 19.35039761 21.98459245 20.82281312 23.38245527
 21.15208748 22.03429423 23.22713718 23.62475149 23.64338966 23.81734592
 24.39512922 24.03479125 24.65606362 19.79771372 19.78528827 21.88518887
 21.83548708 21.95352883 22.77360835 23.55641153 22.41327038 22.58722664
 23.07803181 24.625      23.680666   23.09666998 24.76167992 19.89090457
 17.95253479 20.16426441 21.58076541 21.27012922 23.00969185 22.16476143
 20.32579523 22.66177932 23.48185885 23.73036779 24.46346918 23.77385686
 24.98533797 20.17047714 19.12052684 21.77335984 20.80417495 21.80442346
 21.87897614 23.43215706 21.9473161  22.72390656 22.84194831 22.84816103
 23.20228628 24.4137674  25.56312127 20.79796223 18.80367793 18.59865805
 20.43141153 21.08374751 22.70526839 22.87922465 24.0472167  23.81734592
 23.96023857 21.16451292 23.07803181 22.89786282 24.23359841 24.61257455
 19.76043738 21.52485089 22.62450298 20.07728628 22.64935388 21.6056163
 20.72962227 23.53777336 22.05293241 22.57480119 22.6804175  24.64363817
 24.27087475 24.26466203 20.33822068 20.89736581 22.07157058 21.972167
 21.77335984 23.17122266 22.83573559 23.14637177 22.91028827 23.56262425
 22.94756461 23.43215706 23.20849901 24.625      18.85959245 20.44383698
 20.38792247 22.35735586 19.5305666  20.6861332  22.40084493 21.56212724
 23.38866799 22.60586481 23.28926441 24.56287276 24.41998012 24.7306163
 24.81138171 19.22614314]",44690.93450550852
2025-06-15 07:05:00+00:00,425,4303.289999999999,9.0,22.343826217122427,22.36757579522863,26.265159045725646,"[20.52460239 19.72316103 21.85412525 20.07728628 21.68016899 21.6304672
 22.7860338  21.38195825 24.15904573 22.61829026 22.36356859 22.97862823
 24.45725646 20.29473161 19.11431412 21.57455268 20.93464215 19.23856859
 23.41351889 22.76739563 22.1833996  25.30218688 23.85462227 23.90432406
 25.15929423 24.64363817 22.64935388 20.57430417 20.95949304 21.62425447
 21.86033797 22.07157058 21.88518887 22.99105368 21.53106362 23.04075547
 22.6804175  24.09070577 24.24602386 23.64338966 24.2584493  20.45626243
 20.50596421 21.43166004 19.99030815 20.62400596 24.05342942 21.29498012
 21.41302187 23.58126243 22.8667992  24.2584493  24.67470179 25.21520875
 23.67445328 23.98508946 20.98434394 21.75472167 20.69234592 22.33871769
 21.87897614 21.67395626 21.51242545 21.95974155 23.19607356 23.45700795
 24.73682903 22.89786282 22.87922465 23.35139165 20.73583499 18.69184891
 21.51242545 20.29473161 21.98459245 21.0526839  22.43190855 22.5250994
 21.35710736 24.11555666 22.94135189 24.10934394 24.10934394 26.02286282
 21.58076541 19.85984095 19.08946322 19.7417992  19.90333002 20.26988072
 20.43762425 22.8916501  24.31436382 24.13419483 23.15879722 23.86083499
 22.72390656 24.5193837  26.26515905 20.51217694 22.72390656 22.32007952
 21.15208748 21.61182903 21.89761431 22.66799205 23.71172962 21.64289264
 23.48185885 23.5999006  23.4445825  24.30193837 23.75521869 19.12673956
 21.22664016 20.84766402 21.40680915 22.40705765 22.7860338  21.30740557
 22.53752485 23.04696819 21.99701789 23.05939364 24.17147117 24.85487078
 23.97266402 21.20800199 19.96545726 21.71744533 19.86605368 20.20775348
 23.16500994 22.71148111 23.55019881 21.58697813 23.22092445 22.35735586
 24.67470179 23.9167495  24.32678926 21.27634195 20.22017893 21.25149105
 19.51192843 20.94706759 22.56237575 23.35760437 23.50049702 23.05939364
 23.5750497  22.98484095 24.37649105 26.2527336  24.19010934 23.680666
 21.46272366 20.94085487 21.99701789 22.81709742 22.27037773 21.35089463
 21.09617296 22.32007952 20.87872763 24.00372763 22.33250497 23.82355865
 23.48185885 24.90457256 18.44333996 19.52435388 21.38195825 22.48161034
 20.57430417 21.97837972 21.82306163 21.93489066 23.71172962 22.00323062
 23.47564612 24.10313121 23.74900596 25.50099404 18.97142147 20.41277336
 19.51192843 20.53081511 22.11505964 21.35710736 23.53777336 22.43812127
 23.01590457 22.97241551 22.74875746 22.59965209 23.26441352 24.625
 25.10337972 20.4500497 ]",44643.10499200478
2025-06-15 07:06:00+00:00,426,4349.199999999999,9.0,22.480744888361894,22.510188866799204,26.21545725646123,"[20.53081511 20.79796223 19.24478131 23.61853877 21.79199801 22.19582505
 24.61878728 21.77957256 23.32654076 23.69309145 24.4137674  25.46371769
 26.21545726 19.17022863 20.89115308 21.04025845 20.48732604 21.64289264
 24.86729622 21.85412525 23.12152087 22.77982107 22.81088469 23.91053678
 22.81709742 23.15879722 25.22763419 21.89761431 19.9778827  19.90333002
 21.10238569 19.46843936 22.56237575 21.64289264 21.67395626 22.63071571
 21.99701789 21.97837972 24.35785288 25.13444334 24.28951292 20.15805169
 21.51863817 20.2388171  20.92842942 22.23931412 23.03454274 22.21446322
 21.58076541 23.64338966 22.18961233 24.152833   22.72390656 23.92917495
 24.93563618 25.19657058 20.19532803 20.84145129 20.38170974 20.06486083
 22.39463221 21.97837972 22.63071571 23.53156064 23.97887674 22.79224652
 23.41973161 23.71172962 24.19010934 24.09691849 21.34468191 19.95303181
 19.11431412 22.03429423 21.74229622 22.28280318 22.90407555 23.79249503
 24.97291252 22.59343936 22.46918489 24.27087475 24.47589463 25.55690855
 20.03379722 20.42519881 21.71744533 20.50596421 21.23285288 21.91003976
 21.87897614 21.99701789 22.32629225 22.45054672 23.87947316 23.48185885
 25.68116302 23.37002982 24.73682903 21.83548708 20.28230616 21.87276342
 20.99055666 22.86058648 21.97837972 21.5        23.59368787 23.04696819
 24.11555666 22.86058648 23.08424453 25.27112326 25.28354871 19.8971173
 21.75472167 19.81013917 20.90357853 21.18936382 20.91600398 24.05964215
 23.07803181 21.40680915 21.88518887 22.66799205 23.65581511 23.02833002
 25.24627237 20.15805169 20.90979125 21.1583002  20.08971173 20.06486083
 23.03454274 23.30790258 22.08399602 23.39488072 23.18364811 23.38866799
 25.86754473 24.45104374 23.65581511 20.52460239 19.37524851 22.12127237
 22.61829026 20.69234592 22.43190855 22.39463221 21.23906561 24.61878728
 22.74254473 24.66848907 24.28951292 23.09666998 23.73658052 25.12201789
 18.5862326  20.56809145 22.04050696 19.45601392 21.42544732 23.92296223
 22.1833996  22.2082505  23.5999006  22.74875746 24.36406561 24.0472167
 24.9915507  24.9666998  21.02162028 22.2890159  19.20750497 20.39413519
 21.18936382 22.5499503  22.87922465 23.4445825  22.3138668  22.09642147
 23.73036779 23.30168986 23.38866799 25.87375746 20.72962227 22.92892644
 20.06486083 20.12698807 20.8166004  22.20203777 22.87301193 22.53752485
 23.49428429 23.56262425 25.15929423 23.66202783 24.27708748 25.28354871
 26.0166501  20.90357853]",45101.18009850354
2025-06-15 07:07:00+00:00,427,4334.639999999999,9.0,22.43921735144584,22.464960238568587,26.929920477137177,"[20.61779324 22.04671968 18.87201789 23.22092445 22.23310139 22.26416501
 22.33871769 22.96620278 23.32032803 25.87375746 23.72415507 23.89811133
 26.2278827  20.33822068 21.6304672  22.40705765 20.26988072 21.01540755
 19.92196819 24.70576541 23.56262425 23.40109344 24.00372763 24.93563618
 24.94806163 25.00397614 23.76143141 19.72316103 19.37524851 22.80467197
 20.56809145 22.26416501 21.84791252 22.6804175  21.15208748 22.38841948
 24.29572565 23.19607356 23.09045726 23.92917495 25.73707753 19.27584493
 18.89686879 19.49329026 20.95949304 19.4000994  21.99701789 20.67370775
 20.93464215 21.64910537 24.7306163  25.11580517 22.48782306 23.85462227
 24.625      25.25869781 19.44980119 20.64264414 20.2139662  19.96545726
 20.96570577 22.69905567 22.444334   23.11530815 22.23310139 22.50024851
 23.56883698 25.05989066 25.29597416 23.31411531 19.57405567 19.99652087
 20.56809145 21.12723658 22.69905567 20.95949304 23.20228628 22.64314115
 22.35114314 23.95402584 23.76764414 23.79870775 24.40755467 23.78006958
 20.82281312 20.48111332 20.07728628 21.75472167 19.46843936 22.72390656
 21.37574553 22.36356859 22.84194831 22.444334   23.99130219 24.31436382
 23.30168986 23.15258449 23.68687873 19.18265408 21.87276342 23.06560636
 21.30119284 21.74850895 21.30740557 21.41302187 22.81709742 22.68663022
 23.58747515 24.00994036 24.80516899 24.19632207 25.63767396 20.48111332
 20.39413519 21.89140159 21.17693837 23.22713718 21.00298211 21.68016899
 23.38866799 21.98459245 23.680666   23.43836978 24.60636183 23.4445825
 24.64985089 20.51838966 21.5        21.40059642 21.74229622 21.76714712
 21.31361829 22.5499503  22.2890159  25.22763419 23.60611332 24.24602386
 24.76789264 23.79870775 24.51317097 20.51217694 20.77311133 18.82852883
 22.0777833  22.15854871 20.61779324 22.74875746 23.28305169 23.35139165
 23.71794235 23.97266402 23.01590457 25.15929423 24.53180915 24.45104374
 21.06510934 20.67992048 21.37574553 20.28230616 21.10859841 22.72390656
 20.67370775 23.48185885 24.63121272 22.5250994  23.24577535 26.92992048
 24.88593439 22.80467197 18.96520875 20.51217694 21.06510934 21.92246521
 23.0221173  22.30765408 22.53752485 21.88518887 22.91650099 22.91650099
 23.35139165 22.51267396 24.86729622 22.92892644 21.51863817 21.65531809
 21.1334493  22.45675944 20.75447316 20.28851889 21.65531809 22.91028827
 21.78578529 22.46918489 24.625      24.02857853 23.92917495 23.16500994
 24.07206759 20.28851889]",44962.245570997206
2025-06-15 07:08:00+00:00,428,4355.98,9.0,22.50363566395529,22.53125,26.240308151093437,"[20.54945328 20.97813121 21.82927435 23.23956262 21.1334493  20.30094433
 22.45675944 23.40109344 23.84219682 22.45054672 23.45079523 25.61282306
 25.8861829  21.17693837 19.71073559 21.20178926 19.9778827  21.40680915
 22.90407555 21.30119284 23.29547714 22.71148111 24.52559642 23.82355865
 23.13394632 25.4140159  23.97266402 20.15183897 20.49975149 21.37574553
 21.91003976 22.46297217 21.51863817 22.29522863 22.47539761 23.30168986
 24.01615308 24.40755467 22.99105368 24.45104374 25.86754473 19.12052684
 21.3943837  22.77360835 21.05889662 22.97862823 23.24577535 24.10934394
 21.72365805 22.68663022 24.60014911 24.79274354 23.0221173  24.9915507
 23.66824056 23.680666   21.80442346 21.15208748 21.89761431 21.32604374
 22.75497018 21.66774354 22.89786282 22.77360835 23.51913519 22.8667992
 24.20874751 24.04100398 22.62450298 25.27112326 19.79150099 20.79796223
 19.86605368 21.09617296 22.05293241 22.88543738 21.67395626 23.14637177
 23.53156064 22.09642147 22.6555666  23.81734592 25.43265408 23.41973161
 21.00919483 19.22614314 20.30715706 21.15208748 21.25770378 22.91028827
 23.10909543 24.48210736 23.7055169  22.6555666  23.45079523 23.38245527
 24.05964215 24.31436382 22.35114314 20.38792247 20.88494036 19.35039761
 19.28827038 21.45029821 21.77957256 23.69309145 24.19010934 21.64910537
 24.7554672  23.88568588 25.06610338 25.66252485 24.41998012 20.2139662
 19.98409543 20.67992048 22.1833996  22.09020875 21.68638171 21.18936382
 21.56212724 23.68687873 22.71769384 23.27062624 22.6804175  23.96023857
 23.32032803 20.51217694 19.37524851 20.04000994 20.51838966 21.20178926
 21.69880716 22.46918489 23.3389662  21.79821074 23.38866799 23.43836978
 23.93538767 24.53802187 25.73086481 20.89115308 20.70477137 21.93489066
 22.18961233 22.73633201 22.9972664  21.95352883 23.63717694 22.48161034
 22.48782306 23.50670974 22.73011928 23.48807157 23.58747515 24.32057654
 19.92196819 20.86630219 22.54373757 21.62425447 19.99652087 21.89761431
 23.680666   23.86083499 23.65581511 22.51888668 24.19010934 24.10934394
 25.69980119 23.66824056 20.95949304 19.73558648 21.36332008 22.29522863
 22.29522863 20.40034791 21.23285288 24.11555666 24.76789264 22.24552684
 22.33250497 23.99130219 23.84219682 26.24030815 19.7417992  21.24527833
 20.49975149 21.08374751 21.50621272 20.90979125 23.30168986 22.91028827
 23.03454274 23.06560636 20.83523857 23.1028827  24.43861829 25.39537773
 24.05964215 20.04622266]",45177.763477328815
2025-06-15 07:09:00+00:00,429,4384.85,9.0,22.590278687581858,22.62093066600398,27.029324055666002,"[21.07132207 21.89761431 21.12723658 22.75497018 22.84194831 21.40059642
 23.32654076 21.6304672  23.79249503 24.86729622 24.97912525 25.37052684
 24.56908549 20.41277336 20.12698807 22.12748509 22.16476143 21.23906561
 22.13369781 22.34493042 23.41351889 23.98508946 23.04075547 24.10313121
 24.19632207 22.55616302 24.46346918 20.25124254 21.91625249 19.84120278
 21.3943837  21.29498012 22.38220676 22.50646123 21.98459245 23.96645129
 23.24577535 25.00397614 25.37052684 23.22092445 24.33921471 20.53081511
 21.40059642 20.86630219 20.33200795 22.1833996  21.83548708 21.68638171
 21.37574553 22.72390656 24.20253479 24.06585487 24.74304175 23.91053678
 24.87350895 23.30790258 18.92793241 20.61779324 21.2887674  21.81684891
 22.36978131 23.16500994 21.25149105 23.40730616 22.50646123 23.4694334
 24.27708748 23.60611332 24.91078529 24.22738569 20.43762425 20.94085487
 20.27609344 21.58076541 21.99080517 22.70526839 21.43166004 24.23981113
 23.76764414 23.56262425 22.98484095 24.22738569 25.72465209 23.75521869
 22.0777833  19.82877734 20.43762425 20.39413519 21.41302187 22.29522863
 22.91650099 21.30119284 21.51863817 23.37624254 24.60014911 23.43215706
 24.58151093 25.52584493 27.02932406 18.41227634 20.46247515 21.59940358
 22.17097416 20.84766402 21.94110338 21.51242545 22.54373757 22.47539761
 23.42594433 25.16550696 24.09691849 25.6749503  23.96023857 19.93439364
 20.7917495  22.10884692 21.29498012 22.04050696 22.07157058 21.76093439
 22.59965209 24.93563618 23.2333499  23.13394632 24.63742545 22.85437376
 26.23409543 19.91575547 19.58026839 20.15805169 20.67370775 21.30119284
 22.38841948 23.77385686 22.42569583 21.91003976 24.55044732 23.8359841
 23.49428429 24.57529821 25.31461233 18.47440358 19.62375746 20.86008946
 21.63667992 22.08399602 21.13966203 22.28280318 24.39512922 25.02261431
 24.50695825 23.92917495 23.03454274 24.61878728 23.63096421 25.30218688
 18.76018887 22.02186879 19.51814115 21.7360835  23.20228628 22.24552684
 22.33871769 23.08424453 24.12176938 24.56908549 24.18389662 22.81709742
 23.79249503 25.73086481 19.99030815 21.00919483 21.1334493  22.50646123
 22.70526839 23.02833002 21.3943837  22.27037773 22.24552684 23.08424453
 23.52534791 23.84219682 23.34517893 24.29572565 19.7666501  20.49975149
 21.08374751 22.64935388 23.59368787 22.83573559 22.40705765 21.91625249
 22.60586481 23.49428429 22.33871769 23.0221173  23.40730616 23.45700795
 24.87972167 22.48161034]",45467.636377173854
2025-06-15 07:10:00+00:00,430,4375.7,9.0,22.564726352541832,22.592507455268386,26.43911530815109,"[20.3444334  20.80417495 21.12102386 22.12127237 22.49403579 21.58076541
 22.12748509 23.24577535 24.44483101 23.3638171  25.39537773 25.097167
 24.63121272 22.46918489 22.05293241 22.07157058 23.04696819 22.22688867
 23.07181909 23.53156064 22.75497018 24.60014911 22.79845924 23.46322068
 24.27708748 23.3389662  23.32654076 21.38817097 21.88518887 21.51242545
 21.18936382 21.94110338 22.25173956 21.6304672  23.08424453 24.15904573
 24.43240557 25.02261431 23.32654076 23.10909543 23.99751491 21.28255467
 20.02137177 20.57430417 21.79199801 21.27634195 21.77335984 21.18315109
 22.19582505 23.35760437 22.86058648 21.41923459 24.46968191 23.58747515
 23.35760437 26.43911531 19.57405567 22.02186879 21.54970179 21.24527833
 22.63071571 23.17122266 22.60586481 22.05293241 23.52534791 22.58101392
 23.27062624 24.83001988 25.55069583 24.40755467 20.46868787 21.58697813
 22.37599404 20.89736581 22.12748509 22.17718688 22.40084493 22.34493042
 23.76143141 23.98508946 23.74900596 24.02236581 24.44483101 24.2584493
 19.84120278 21.35710736 21.07132207 21.52485089 21.0526839  21.3695328
 23.18986083 23.64338966 24.02236581 23.43836978 23.31411531 22.40705765
 25.04746521 23.69309145 25.23384692 20.54945328 21.2887674  20.51838966
 20.64885686 22.08399602 21.64910537 24.23359841 23.72415507 23.49428429
 22.89786282 24.27708748 24.2833002  24.00372763 25.75571571 20.00894632
 23.1277336  20.97813121 22.75497018 23.26441352 22.37599404 22.8916501
 23.32032803 22.39463221 24.15904573 25.39537773 23.5750497  24.31436382
 23.55019881 19.83499006 19.21993042 21.66153082 23.2582008  21.23285288
 22.21446322 21.51242545 19.99652087 23.41351889 22.03429423 22.45054672
 22.49403579 23.40109344 23.69309145 20.72340954 18.62972167 19.4000994
 21.02162028 22.66799205 21.99080517 21.24527833 22.37599404 23.86704771
 22.61829026 25.04746521 22.49403579 25.86133201 23.51913519 24.76167992
 20.89736581 21.10859841 19.25099404 18.97763419 20.82902584 20.46247515
 22.77982107 23.09045726 23.99130219 24.48832008 23.82355865 23.13394632
 23.00969185 24.95427435 20.76068588 19.49950298 21.76093439 20.84766402
 21.53727634 21.69880716 22.64314115 22.19582505 20.78553678 23.73036779
 24.58772366 23.5999006  24.35785288 22.94135189 18.99005964 18.92793241
 20.94706759 21.40680915 21.9473161  20.48732604 23.11530815 23.37624254
 24.06585487 23.05318091 24.41998012 24.05964215 24.76789264 24.10934394
 25.31461233 21.46272366]",45382.14848506395
2025-06-15 07:11:00+00:00,431,4399.08,9.0,22.635174766920606,22.665134194831015,26.165755467196817,"[20.37549702 20.22639165 21.63667992 22.40084493 22.04671968 23.54398608
 22.30144135 22.82952286 24.90457256 24.66227634 24.82380716 25.3083996
 24.87350895 21.13966203 20.57430417 21.92867793 22.48161034 21.84791252
 22.02808151 24.33300199 21.70501988 23.28305169 23.42594433 23.58126243
 23.54398608 25.34567594 25.20899602 21.07132207 19.71694831 22.05293241
 22.12748509 23.71172962 20.70477137 21.33225646 21.49378728 22.59343936
 22.61207753 24.27087475 24.0472167  23.18364811 25.70601392 20.28851889
 20.59294235 21.08374751 18.87201789 21.87276342 22.33250497 22.16476143
 23.54398608 21.67395626 23.00969185 22.95377734 24.79895626 22.66799205
 24.69333996 25.50099404 20.86008946 20.59294235 17.85934394 20.56187873
 20.33200795 23.1277336  23.78006958 22.6804175  22.93513917 25.17793241
 24.64363817 25.73086481 23.32654076 25.12201789 21.20178926 20.60536779
 20.63643141 21.18315109 20.555666   21.07753479 21.35710736 22.63071571
 24.06585487 22.9972664  24.91699801 23.09666998 23.28305169 25.25869781
 21.5        20.58672962 21.38817097 20.18290258 22.63692843 21.17693837
 21.84791252 22.2082505  22.91650099 23.86704771 25.28976143 22.87922465
 24.01615308 24.43240557 26.16575547 19.8971173  21.84791252 21.42544732
 23.04696819 23.48185885 21.46893638 21.37574553 21.56212724 21.95974155
 22.444334   24.41998012 26.08499006 26.04771372 25.34567594 20.53081511
 21.05889662 20.72340954 21.79199801 21.27012922 21.45651093 24.04100398
 24.03479125 23.37002982 23.5999006  23.9167495  23.56262425 25.14065606
 25.63767396 20.4749006  20.8166004  19.26963221 21.66774354 22.74254473
 21.3943837  22.80467197 22.70526839 22.84816103 24.57529821 24.68712724
 24.92942346 25.40780318 24.0472167  20.04000994 21.10238569 19.84741551
 21.1334493  21.46272366 21.20800199 22.74875746 22.36356859 23.63717694
 23.49428429 21.71744533 24.87350895 24.70576541 25.4388668  24.07828032
 20.89736581 21.12723658 21.95974155 22.88543738 21.46893638 21.70501988
 23.30168986 23.43215706 23.2333499  25.097167   24.43861829 24.35164016
 24.65606362 23.63096421 20.36307157 21.27634195 22.3138668  21.1334493
 22.54373757 22.15233598 21.97837972 24.28951292 23.58126243 23.63717694
 22.91650099 24.35785288 23.19607356 26.10984095 19.72937376 20.2388171
 20.45626243 19.8722664  20.25745527 24.22117296 21.92246521 22.34493042
 21.92867793 22.26416501 22.89786282 21.86033797 24.95427435 23.17122266
 26.04150099 20.33822068]",45617.84070020958
2025-06-15 07:12:00+00:00,432,4395.71,9.0,22.626686030291506,22.654665755467196,26.302435387673956,"[21.80442346 21.18936382 21.30119284 22.20203777 22.32007952 23.52534791
 22.17718688 24.43240557 23.71794235 25.74950298 23.84219682 24.89835984
 26.25894632 20.54324056 21.42544732 20.08971173 22.87922465 22.83573559
 22.50024851 22.13369781 22.25173956 23.77385686 23.61232604 22.18961233
 24.46346918 24.56908549 25.57554672 20.64264414 20.12077535 21.94110338
 22.3138668  21.41923459 21.9473161  23.04075547 22.62450298 24.64363817
 24.00372763 24.47589463 24.42619284 24.80516899 23.67445328 19.7666501
 22.62450298 19.88469185 20.24502982 21.22664016 22.9972664  21.92867793
 22.4194831  21.0526839  23.82355865 25.14686879 24.0472167  23.96023857
 25.01018887 24.05964215 20.40034791 21.44408549 20.72340954 20.96570577
 22.33871769 22.09642147 22.81709742 23.00969185 21.92246521 22.81088469
 24.28951292 22.82331014 24.97912525 25.49478131 20.6861332  20.41277336
 20.76068588 20.20154076 22.15854871 20.51838966 22.32007952 23.32032803
 23.53777336 24.05964215 23.4694334  24.03479125 24.46346918 24.94184891
 21.7112326  18.82852883 20.05864811 21.00919483 21.81063618 22.5499503
 21.68638171 21.34468191 22.4194831  23.61232604 23.38245527 24.10313121
 22.04671968 25.28976143 24.48832008 20.31336978 20.82281312 21.12102386
 23.40109344 21.20178926 22.58101392 22.37599404 24.66227634 23.09666998
 23.64338966 23.06560636 26.30243539 25.12823062 25.40159046 19.79150099
 21.20178926 20.3195825  21.28255467 21.43787276 21.40059642 21.8665507
 23.76143141 23.66824056 22.23310139 24.81138171 24.46968191 22.66177932
 25.60039761 19.6610338  20.36307157 22.30765408 19.86605368 22.43190855
 21.72987078 21.74229622 22.11505964 23.50049702 23.66202783 22.29522863
 22.56858847 24.09691849 25.46371769 20.04000994 20.63021869 20.70477137
 21.68638171 21.74850895 22.2890159  22.1833996  22.20203777 24.67470179
 25.4388668  23.73658052 25.79920477 23.73658052 24.66227634 22.95377734
 19.92196819 20.89115308 21.30740557 21.1334493  20.7917495  22.6804175
 21.46893638 21.95352883 23.79249503 24.03479125 22.82331014 24.61878728
 24.38270378 25.83026839 21.51242545 20.36307157 21.23285288 22.58722664
 22.98484095 21.5        23.38866799 21.72987078 25.01018887 24.37027833
 23.55019881 24.92942346 23.49428429 22.34493042 21.36332008 19.67345924
 20.63021869 21.72987078 21.61182903 22.45675944 22.53752485 21.49378728
 22.94756461 23.82355865 24.30193837 22.64314115 25.2027833  24.37649105
 25.37673956 18.34393638]",45589.44078294326
2025-06-15 07:13:00+00:00,433,4416.200000000001,9.0,22.6886124384877,22.718315109343933,26.594433399602384,"[20.7109841  21.79199801 22.19582505 20.87251491 24.14040755 22.73011928
 23.55019881 23.27062624 24.17147117 23.89189861 23.50670974 26.24030815
 25.37673956 18.56759443 21.65531809 22.99105368 21.67395626 24.40755467
 22.51267396 22.73633201 23.61853877 25.02882704 23.66202783 24.37027833
 25.15929423 24.25223658 25.79920477 19.90954274 19.75422465 20.64885686
 22.9972664  19.9778827  22.92271372 21.43787276 22.07157058 22.84816103
 24.53180915 25.64388668 25.31461233 24.68091451 23.54398608 20.4500497
 21.74229622 20.6861332  21.04647117 23.14637177 21.45651093 22.91650099
 22.22067594 21.57455268 24.46968191 23.7055169  23.4445825  24.71819085
 23.54398608 23.8111332  20.16426441 20.86008946 20.54945328 21.46272366
 22.26416501 21.9473161  21.64289264 22.45675944 21.72365805 24.2833002
 22.95377734 22.60586481 22.89786282 25.15308151 19.44358847 20.46247515
 21.92867793 21.20800199 22.21446322 22.40705765 20.84766402 23.32032803
 23.86083499 22.6555666  24.84865805 25.46993042 25.05989066 24.02857853
 18.94657058 22.6804175  20.11456262 22.68663022 21.76714712 22.38841948
 21.77335984 22.13369781 22.56237575 24.05342942 22.56858847 24.20874751
 25.26491054 25.50720676 26.25894632 20.1332008  21.89761431 21.23285288
 23.9416004  21.0526839  22.00944334 21.35710736 22.36356859 23.93538767
 22.79224652 23.05939364 23.81734592 25.51963221 25.01018887 20.11456262
 20.54945328 20.80417495 20.98434394 21.95352883 22.22067594 22.05914513
 22.63692843 22.50024851 23.11530815 24.63121272 24.53180915 24.26466203
 24.31436382 20.49975149 22.5499503  19.90333002 23.86083499 21.1583002
 20.89736581 21.75472167 24.40755467 23.71172962 24.2833002  23.67445328
 24.76167992 25.56312127 25.46993042 19.5305666  21.18315109 20.44383698
 21.7112326  21.82306163 23.71794235 21.51863817 21.82306163 21.6304672
 23.22092445 23.42594433 23.680666   24.40755467 24.19010934 26.5944334
 20.54945328 20.56187873 21.00919483 20.60536779 21.53106362 22.33250497
 20.97191849 22.36356859 24.11555666 24.7554672  23.30790258 24.12798211
 24.09070577 25.84890656 20.64885686 19.02112326 21.52485089 21.00298211
 21.46272366 22.43812127 21.3695328  23.41973161 23.06560636 23.48807157
 24.32057654 22.91650099 24.85487078 24.14040755 21.00919483 20.61779324
 20.07107356 19.49950298 20.80417495 22.94135189 21.6056163  24.02857853
 23.43836978 24.19010934 25.12201789 24.1776839  23.68687873 24.64363817
 26.15954274 21.88518887]",45796.621774204454
2025-06-15 07:14:00+00:00,434,4437.56,9.0,22.75310946819515,22.784666998011925,26.824304174950296,"[21.7360835  22.25173956 21.25149105 22.29522863 21.93489066 23.84219682
 22.71769384 25.01018887 22.79845924 24.25223658 24.86729622 25.86754473
 24.60636183 20.76068588 20.15183897 21.62425447 21.81684891 21.7112326
 22.21446322 22.04050696 24.15904573 24.77410537 23.71172962 23.96645129
 23.55641153 24.36406561 24.64985089 20.46868787 20.99055666 20.75447316
 21.66153082 21.14587475 22.38841948 22.63071571 23.14637177 22.50024851
 23.45079523 23.53777336 24.46968191 25.46371769 24.9915507  21.15208748
 19.24478131 21.82927435 24.04100398 19.62997018 22.30144135 22.09642147
 23.04075547 23.58126243 23.87947316 23.2333499  22.91650099 24.73682903
 24.79274354 26.25894632 20.66128231 22.01565606 20.74204771 22.05914513
 23.7055169  22.97862823 24.10934394 24.12798211 21.97837972 23.64338966
 25.21520875 24.44483101 26.1222664  25.59418489 20.9222167  20.43762425
 20.46868787 21.33846918 21.31983101 23.48185885 19.02112326 22.12127237
 24.89835984 22.40705765 25.86754473 23.89189861 24.52559642 25.06610338
 21.22042744 19.90333002 20.35685885 20.31336978 22.7611829  21.64910537
 22.33871769 22.60586481 21.97837972 24.10313121 23.88568588 24.81138171
 22.6804175  25.13444334 24.79274354 19.75422465 20.10213718 22.92271372
 21.40059642 21.77957256 22.45675944 23.30168986 23.89811133 23.91053678
 25.48856859 24.152833   25.09095427 24.53802187 25.71222664 21.28255467
 21.24527833 21.54348907 23.20228628 23.60611332 20.3444334  23.87326044
 23.4445825  22.11505964 23.30790258 24.58772366 23.13394632 24.152833
 23.73658052 20.92842942 20.77311133 21.18936382 19.13295229 21.2887674
 21.82927435 22.77982107 21.61804175 23.63717694 22.87301193 24.06585487
 24.43861829 25.42022863 26.82430417 19.01491054 20.95328032 20.06486083
 20.1083499  22.83573559 21.87276342 21.40680915 22.45054672 23.13394632
 25.79920477 22.76739563 22.14612326 24.79274354 24.71819085 24.70576541
 21.43787276 21.43787276 22.06535785 23.00347913 22.08399602 21.63667992
 23.75521869 23.85462227 23.18986083 22.56237575 24.1776839  24.30815109
 24.19010934 24.03479125 21.27012922 20.41277336 21.15208748 20.10213718
 21.53106362 20.95949304 22.94756461 22.24552684 21.47514911 23.74279324
 25.42022863 23.40730616 23.69309145 23.78006958 20.59915507 21.23906561
 20.18911531 20.9222167  22.30144135 20.62400596 23.18364811 21.09617296
 21.85412525 23.68687873 25.72465209 23.96645129 24.85487078 23.92296223
 24.38270378 21.88518887]",46012.4030367937
2025-06-15 07:15:00+00:00,435,4447.99,9.0,22.78535477546211,22.817066351888666,26.855367793240553,"[21.50621272 21.45651093 19.8971173  23.34517893 21.12102386 24.0472167
 22.21446322 24.11555666 24.06585487 24.10313121 25.70601392 24.71819085
 24.89835984 21.04647117 20.2139662  20.17668986 21.29498012 22.9972664
 22.7611829  21.18315109 23.34517893 23.65581511 23.07803181 22.96620278
 24.4137674  25.38295229 24.94806163 20.37549702 20.76689861 21.06510934
 22.1833996  23.3389662  22.60586481 21.61804175 22.88543738 23.39488072
 23.81734592 24.03479125 24.65606362 23.92917495 23.53777336 22.54373757
 20.67992048 20.33822068 21.31361829 22.91650099 20.8166004  22.48782306
 22.42569583 23.45079523 22.2082505  24.60014911 25.10337972 26.13469185
 24.31436382 25.78677932 19.51192843 21.56833996 21.87276342 21.24527833
 21.29498012 22.2082505  23.76143141 23.9416004  23.26441352 22.92271372
 24.4137674  25.14686879 25.53827038 25.22763419 20.42519881 20.18911531
 21.32604374 20.90979125 21.05889662 21.45029821 22.45675944 24.79274354
 23.02833002 23.53156064 22.62450298 24.83001988 24.12176938 24.33921471
 19.67967197 21.59940358 20.84145129 22.00944334 23.92917495 22.6555666
 22.40084493 22.23310139 23.55019881 22.444334   23.64338966 23.73658052
 25.65631213 25.27112326 25.01018887 21.53727634 21.48757455 22.41327038
 22.82952286 21.97837972 22.99105368 21.8416998  23.2333499  21.95974155
 23.76764414 24.32057654 22.94756461 25.04125249 24.94806163 20.91600398
 20.44383698 22.46918489 21.62425447 20.87251491 20.86630219 21.75472167
 23.5999006  22.61207753 23.55641153 24.50695825 24.66848907 26.44532803
 25.31461233 20.26988072 21.6304672  21.56212724 21.45029821 21.972167
 22.64935388 23.37624254 22.53131213 22.51888668 23.84840954 23.82977137
 23.2333499  23.93538767 24.97291252 20.00894632 21.13966203 21.37574553
 21.76093439 20.36307157 22.39463221 20.92842942 20.74204771 22.41327038
 24.4137674  24.70576541 23.20228628 25.66873757 25.11580517 24.92942346
 19.64860835 19.99652087 21.27634195 21.8665507  23.45079523 22.32007952
 23.80492048 23.35139165 22.57480119 23.21471173 23.62475149 22.6804175
 24.9915507  24.66227634 19.58026839 21.07132207 23.29547714 21.3695328
 22.05914513 23.56883698 22.99105368 22.43812127 24.21496024 23.8359841
 24.78031809 24.82380716 22.74875746 26.85536779 21.9473161  20.08971173
 21.67395626 22.1833996  21.41923459 22.16476143 22.95999006 22.89786282
 22.89786282 22.18961233 23.5750497  23.90432406 22.30765408 25.66252485
 24.4945328  20.40656064]",46120.282936786025
2025-06-15 07:16:00+00:00,436,4452.17,9.0,22.79915921707139,22.830050944333998,26.960984095427435,"[20.19532803 20.75447316 22.91028827 20.94085487 22.38220676 23.71794235
 23.22092445 22.10263419 22.74875746 22.92892644 25.6500994  24.78653082
 24.09691849 20.48732604 21.10238569 21.25770378 23.21471173 21.74229622
 22.29522863 22.8916501  22.64935388 24.55044732 24.11555666 24.94806163
 24.64985089 24.59393638 23.63096421 19.94060636 19.64860835 20.46868787
 22.76739563 21.66153082 22.45054672 22.38220676 23.48185885 23.8111332
 23.63096421 23.08424453 25.14686879 24.33921471 23.76143141 21.12723658
 20.35685885 20.82902584 20.77311133 21.79199801 24.14662028 21.34468191
 22.32007952 23.74279324 22.25173956 24.18389662 25.28976143 24.07206759
 25.76192843 25.7805666  21.06510934 20.94706759 20.48732604 22.54373757
 22.02186879 23.42594433 22.5499503  22.71148111 23.58747515 24.19632207
 23.680666   24.27087475 25.87997018 23.54398608 20.05243539 19.72937376
 20.23260437 19.84741551 22.17097416 20.72962227 20.64885686 23.15258449
 22.95377734 23.77385686 23.79249503 23.84219682 24.45104374 25.48856859
 22.06535785 20.4500497  20.97813121 20.10213718 21.63667992 21.69880716
 23.84840954 23.02833002 23.71172962 24.41998012 23.03454274 24.74304175
 24.65606362 26.88643141 26.40183897 21.72987078 22.39463221 21.6056163
 21.66774354 23.87326044 23.30168986 22.91650099 23.69930417 24.09691849
 23.73658052 25.40159046 24.60014911 25.12823062 26.65656064 20.51217694
 19.7666501  22.28280318 21.28255467 21.28255467 22.12748509 21.31361829
 22.17718688 23.2333499  23.63096421 24.41998012 23.30790258 26.62549702
 24.84865805 21.40680915 21.53106362 20.08971173 20.84145129 22.17718688
 21.91625249 22.88543738 23.14637177 23.45079523 23.92296223 24.11555666
 23.94781312 25.66252485 23.87326044 19.4000994  21.77957256 20.46868787
 21.17693837 22.13991054 21.57455268 22.90407555 24.58151093 23.32032803
 23.7055169  22.12748509 25.19035785 24.22117296 25.20899602 24.91699801
 18.1637674  20.08971173 20.80417495 21.30740557 22.5499503  21.58076541
 22.33250497 23.37624254 22.61207753 24.15904573 26.9609841  24.63121272
 24.28951292 26.52609344 21.89761431 21.27634195 20.97191849 20.63643141
 21.03404573 20.76689861 22.45675944 21.93489066 24.00372763 23.65581511
 23.06560636 24.70576541 24.63121272 24.21496024 20.1332008  21.15208748
 20.77311133 21.31361829 21.12723658 22.10884692 22.99105368 23.33275348
 24.28951292 22.36356859 23.89189861 25.02261431 25.15308151 24.51317097
 24.92942346 20.62400596]",46166.46707663405
2025-06-15 07:17:00+00:00,437,4421.27,9.0,22.709444174099588,22.734064363817097,26.998260437375745,"[20.25124254 20.38170974 21.27634195 21.24527833 22.84816103 23.04075547
 23.87326044 23.76764414 23.07803181 24.71819085 25.82405567 25.95452286
 25.91724652 20.41277336 19.74801193 20.73583499 22.58101392 22.82331014
 21.72987078 22.77982107 22.8667992  24.53180915 23.2333499  22.77360835
 24.54423459 25.13444334 26.13469185 21.1334493  21.77335984 19.25099404
 20.69855865 21.46893638 21.49378728 22.07157058 24.05964215 22.79224652
 22.58722664 23.85462227 24.25223658 23.66824056 23.8359841  20.48732604
 20.83523857 20.9222167  20.60536779 21.20800199 21.22664016 23.80492048
 23.11530815 23.00347913 23.50670974 21.48136183 25.44507952 24.37027833
 23.49428429 24.63121272 20.80417495 19.96545726 21.45029821 23.22713718
 22.30144135 23.50049702 22.05914513 22.55616302 21.99080517 23.59368787
 24.79274354 24.36406561 23.85462227 26.99826044 20.24502982 21.94110338
 20.76689861 20.13941352 22.84194831 21.76714712 23.28926441 23.38866799
 23.98508946 22.62450298 24.30815109 23.7055169  23.96023857 25.61903579
 19.84741551 21.38195825 20.10213718 21.25770378 21.87897614 20.3195825
 23.45079523 22.84816103 22.54373757 24.19632207 24.35164016 23.21471173
 23.38245527 25.82405567 25.16550696 21.56833996 19.51192843 21.08374751
 21.54348907 21.91003976 21.25770378 21.08996024 23.39488072 23.42594433
 24.55666004 23.04696819 24.64985089 24.20253479 25.52584493 21.1334493
 20.99676938 20.05864811 21.54970179 22.35735586 21.51242545 21.34468191
 23.94781312 22.41327038 23.60611332 24.25223658 25.53827038 25.0723161
 24.48210736 19.15159046 19.96545726 19.92818091 21.46893638 23.09045726
 23.58747515 22.41327038 23.90432406 23.0221173  23.65581511 24.10313121
 24.43861829 23.07181909 24.87350895 21.027833   19.89090457 21.08374751
 21.59319085 21.66774354 22.64314115 23.55019881 19.64239563 22.91650099
 22.82331014 23.34517893 24.0472167  24.72440358 25.01018887 25.50720676
 18.74776342 22.71148111 20.44383698 23.40109344 21.23285288 22.71769384
 22.59965209 23.05318091 21.74229622 22.82331014 25.64388668 25.63146123
 23.8359841  24.86729622 19.73558648 21.27012922 20.15805169 22.45675944
 22.82952286 21.51863817 22.55616302 22.59965209 25.097167   24.69955268
 25.71222664 23.43836978 23.66824056 24.48210736 18.07678926 20.54324056
 21.40680915 21.91003976 21.13966203 21.00919483 23.25198807 21.972167
 24.8610835  24.2833002  24.56908549 24.37649105 24.78031809 24.98533797
 25.60039761 20.10213718]",45866.316428867576
2025-06-15 07:18:00+00:00,438,4465.1,9.0,22.840263731341025,22.8702162027833,27.451789264413517,"[22.58722664 20.33822068 23.42594433 21.67395626 22.97241551 23.7055169
 22.89786282 23.32032803 23.84840954 24.7306163  25.0723161  24.36406561
 25.49478131 22.32007952 22.15854871 22.56858847 19.46843936 21.38817097
 21.75472167 23.58747515 22.48161034 22.27659046 25.097167   21.34468191
 25.76814115 26.4888171  25.03503976 19.90954274 20.60536779 20.66128231
 20.94706759 22.21446322 22.02808151 22.71769384 23.22092445 21.40059642
 23.41973161 24.27708748 24.54423459 25.85511928 24.66848907 19.14537773
 20.80417495 20.3195825  22.38220676 20.76068588 23.15258449 22.17718688
 21.66774354 23.11530815 24.05342942 23.39488072 24.14662028 26.51366799
 25.10959245 25.66873757 20.2139662  20.97813121 21.12102386 23.04696819
 21.01540755 20.12077535 23.8111332  23.82977137 23.02833002 22.43812127
 23.79870775 22.04050696 23.37624254 27.10387674 19.60511928 21.50621272
 22.05293241 23.15258449 21.23285288 22.39463221 21.46893638 24.7306163
 22.32007952 23.03454274 23.09666998 24.66848907 25.45750497 24.21496024
 20.94706759 20.12698807 19.7417992  21.86033797 22.00323062 21.72987078
 22.63071571 23.18986083 24.34542744 23.78006958 24.53180915 24.00994036
 25.52584493 24.20874751 27.45178926 21.23906561 19.95924453 21.52485089
 21.8665507  22.25795229 22.35114314 24.82380716 23.69930417 23.35760437
 24.31436382 23.67445328 25.16550696 25.60661034 24.12798211 20.30094433
 22.02186879 21.91003976 20.02758449 21.95352883 22.63692843 22.5250994
 22.75497018 24.13419483 23.54398608 23.87326044 24.10934394 22.7611829
 25.46993042 21.56833996 20.35685885 19.54299205 21.027833   22.66799205
 23.00969185 22.30765408 21.69880716 24.12798211 23.2582008  22.64314115
 23.80492048 23.60611332 24.22738569 20.05243539 19.97166998 22.8667992
 21.5        20.85387674 22.38841948 21.61804175 22.66799205 23.29547714
 25.97316103 23.97887674 24.68091451 24.11555666 24.92321074 26.04771372
 20.71719682 20.74826044 22.6555666  21.43787276 22.0777833  21.40680915
 24.00372763 22.82331014 23.34517893 24.51317097 24.83001988 23.20228628
 26.97962227 25.93588469 20.67992048 21.62425447 21.78578529 22.88543738
 22.45675944 21.74850895 20.76068588 22.35735586 23.87326044 24.68091451
 23.56883698 25.25869781 23.82355865 25.07852883 19.66724652 22.36356859
 19.7666501  21.17693837 20.65506958 22.97241551 21.66153082 22.63071571
 24.79895626 22.85437376 24.40134195 23.39488072 23.53156064 25.99801193
 24.84865805 21.29498012]",46303.986339574534
2025-06-15 07:19:00+00:00,439,4458.0,9.0,22.82078970464431,22.848161033797215,27.557405566600394,"[19.89090457 21.8416998  21.2639165  22.99105368 21.94110338 23.37002982
 22.13991054 24.72440358 23.4694334  24.21496024 24.14040755 25.46371769
 25.02261431 18.20104374 20.37549702 20.64885686 21.67395626 23.0221173
 22.59343936 21.92246521 24.36406561 22.86058648 23.26441352 24.20874751
 26.27758449 24.63742545 25.01640159 20.08971173 19.36903579 22.48161034
 21.64910537 21.92246521 22.69905567 20.89736581 24.20253479 23.3389662
 24.89214712 24.95427435 23.04696819 24.89835984 23.9416004  21.17693837
 20.45626243 22.27659046 21.58076541 22.35114314 22.05914513 21.1334493
 22.00323062 23.16500994 24.37027833 25.20899602 24.35164016 24.99776342
 23.35760437 24.55666004 19.92818091 19.38767396 22.85437376 19.74801193
 21.45651093 22.8916501  22.71148111 23.3389662  22.27037773 24.34542744
 21.88518887 24.37649105 23.82977137 23.75521869 20.96570577 21.10859841
 20.86630219 23.68687873 20.66128231 23.05318091 23.67445328 23.61232604
 25.63146123 22.51888668 22.12127237 23.72415507 25.50720676 24.2833002
 21.61804175 21.38817097 20.97813121 21.91625249 22.19582505 21.34468191
 22.41327038 22.7860338  24.10313121 23.68687873 25.25248509 23.78006958
 24.81759443 24.45725646 23.42594433 19.88469185 20.41898608 20.97813121
 22.70526839 22.66799205 21.8416998  22.88543738 23.0221173  22.96620278
 23.50670974 22.90407555 25.53827038 23.66202783 27.55740557 20.28230616
 21.05889662 22.48782306 21.04647117 21.87897614 21.68638171 23.680666
 24.87972167 22.37599404 23.93538767 22.27037773 23.76764414 24.7554672
 26.10984095 20.46868787 21.59940358 20.71719682 20.62400596 22.13369781
 22.24552684 23.82355865 22.87922465 22.92892644 23.71794235 24.79895626
 25.22763419 26.70626243 24.61257455 20.46868787 21.11481113 20.86630219
 21.36332008 21.29498012 21.44408549 22.7860338  23.64960239 23.47564612
 22.96620278 23.37002982 21.96595427 24.54423459 24.87972167 25.48235586
 19.21993042 22.53752485 21.94110338 22.91650099 22.00323062 23.22713718
 23.29547714 21.35089463 24.35785288 24.9915507  24.10313121 23.32654076
 23.82977137 23.51913519 21.027833   19.96545726 21.24527833 23.05318091
 22.4194831  23.46322068 21.40680915 22.38220676 24.12176938 24.84865805
 23.71172962 24.37027833 25.14065606 25.5444831  19.44980119 21.48136183
 20.97191849 20.40656064 22.30765408 21.89761431 21.58697813 22.73011928
 21.58697813 23.17743539 23.48185885 24.31436382 24.94184891 26.88643141
 25.63767396 23.21471173]",46238.834035858
2025-06-15 07:20:00+00:00,440,4493.23,9.0,22.926236404829343,22.957598161033797,26.731113320079523,"[21.10238569 22.1833996  21.07753479 21.77335984 24.72440358 21.14587475
 21.56833996 21.30119284 24.60636183 23.52534791 25.86754473 22.95377734
 25.61282306 22.94135189 21.77957256 20.65506958 22.60586481 22.74875746
 20.4749006  22.70526839 22.56237575 23.87326044 24.50695825 23.24577535
 23.89189861 25.32082505 24.85487078 19.98409543 21.03404573 20.99676938
 21.30119284 23.18364811 21.10859841 23.7055169  23.49428429 23.48185885
 24.58151093 23.00347913 24.29572565 24.83001988 24.86729622 20.62400596
 20.26988072 20.96570577 21.99080517 23.55641153 22.79845924 24.00372763
 21.10859841 24.05342942 24.29572565 24.08449304 24.23981113 23.76764414
 24.94184891 25.69980119 20.17668986 21.27634195 20.71719682 21.08996024
 22.54373757 22.85437376 23.84219682 23.93538767 24.86729622 24.01615308
 23.88568588 24.66848907 26.58200795 26.22166998 20.65506958 22.67420477
 20.22017893 21.25149105 20.96570577 23.05939364 22.69905567 22.15233598
 22.33250497 24.43861829 24.51317097 25.58175944 24.4137674  24.68091451
 19.78528827 21.31361829 20.03379722 23.37624254 22.38841948 23.55019881
 22.58101392 22.13991054 22.07157058 22.79224652 23.19607356 23.61232604
 25.73707753 23.97266402 24.8610835  22.40705765 19.86605368 21.21421471
 22.81088469 20.74204771 22.5499503  23.28305169 23.34517893 22.71148111
 23.97887674 23.79249503 25.71222664 24.0472167  26.11605368 19.82877734
 20.56187873 22.51267396 20.54324056 21.7112326  20.74204771 22.17097416
 23.79249503 23.61232604 24.94806163 23.84219682 24.43861829 24.10934394
 25.01640159 19.48707753 21.59319085 20.17668986 23.25198807 21.83548708
 23.56883698 23.80492048 22.8667992  21.81063618 22.79845924 23.96645129
 22.63071571 23.99130219 23.3638171  20.38170974 20.35064612 22.94135189
 22.71769384 20.89115308 22.50646123 21.35710736 22.82952286 21.59940358
 24.84244533 24.02857853 25.569334   25.52584493 25.32703777 25.51963221
 21.38817097 20.78553678 19.1888668  22.37599404 22.60586481 23.02833002
 24.53180915 22.25795229 23.82355865 24.94184891 26.13469185 24.59393638
 24.67470179 25.24627237 20.90357853 20.15183897 22.5499503  20.49975149
 22.04050696 23.43836978 23.2582008  21.972167   22.7860338  22.84194831
 23.38245527 24.69333996 26.08499006 25.46371769 21.57455268 21.38817097
 21.29498012 23.10909543 21.75472167 21.72365805 23.15879722 23.05939364
 22.79224652 24.23981113 25.66873757 24.7554672  24.68712724 26.73111332
 25.01018887 19.38146123]",46591.616515997055
2025-06-15 07:21:00+00:00,441,4502.87,9.0,22.956168913035793,22.987543489065605,26.824304174950296,"[20.52460239 21.78578529 22.58101392 20.99055666 24.02236581 23.51292247
 23.2582008  25.27733598 22.86058648 25.50720676 24.61257455 24.77410537
 23.75521869 20.99676938 21.32604374 20.79796223 21.7360835  22.77982107
 22.25795229 23.71172962 22.5499503  22.53131213 23.63096421 25.08474155
 25.24005964 24.50074553 23.68687873 21.89140159 21.81063618 22.42569583
 19.54920477 22.75497018 21.18936382 24.84244533 23.74900596 23.63096421
 23.14637177 23.17743539 25.47614314 24.10934394 26.55715706 19.23856859
 20.98434394 20.12077535 22.53131213 22.96620278 23.30168986 23.40730616
 23.62475149 22.97241551 22.93513917 24.4137674  24.89835984 24.20253479
 26.51988072 26.82430417 19.84741551 21.76093439 21.40680915 23.14015905
 21.76714712 22.74254473 21.32604374 23.04696819 22.15854871 24.03479125
 24.87350895 24.07206759 24.27708748 23.85462227 20.39413519 21.54348907
 22.71148111 20.98434394 22.49403579 22.61207753 22.95377734 22.61207753
 22.89786282 22.58101392 24.50074553 25.097167   23.48807157 25.35188867
 19.09567594 21.80442346 21.41302187 21.58076541 22.20203777 21.49378728
 21.6304672  23.32654076 24.22738569 23.86083499 23.28926441 23.06560636
 24.28951292 25.22142147 25.9110338  22.91650099 21.76714712 19.58648111
 20.46247515 22.83573559 22.86058648 22.73633201 22.94135189 23.34517893
 24.45725646 24.8362326  24.06585487 25.51341948 24.45104374 21.31361829
 23.02833002 22.30765408 22.7860338  21.77957256 21.69259443 24.94184891
 21.91003976 22.4194831  23.50670974 25.12201789 24.42619284 25.18414513
 24.58151093 21.44408549 21.50621272 22.19582505 22.04050696 22.71769384
 21.78578529 21.92246521 24.64363817 24.66227634 23.78628231 24.71197813
 25.06610338 23.76143141 25.17793241 20.65506958 21.027833   21.34468191
 20.88494036 22.53131213 23.04696819 22.75497018 23.60611332 21.21421471
 23.56883698 23.34517893 23.680666   25.10959245 24.81138171 23.71794235
 20.25745527 21.2887674  21.20800199 21.27012922 21.85412525 22.12748509
 23.42594433 23.33275348 22.32629225 25.05989066 23.46322068 26.68141153
 24.10313121 25.32703777 19.38767396 21.972167   20.56187873 21.16451292
 19.86605368 22.95377734 22.06535785 23.56883698 23.04075547 24.35164016
 24.12176938 25.73707753 26.1471173  24.71819085 20.54324056 20.76068588
 21.56212724 21.45029821 19.82877734 22.11505964 20.53081511 23.01590457
 23.87947316 22.80467197 25.07852883 24.61878728 25.17793241 26.27137177
 25.3083996  20.19532803]",46691.75871545254
2025-06-15 07:22:00+00:00,442,4511.870000000001,9.0,22.984215742254406,23.015500745526836,26.376988071570576,"[21.79821074 23.10909543 22.02186879 22.68663022 22.46297217 23.46322068
 23.47564612 25.07852883 23.27683897 25.7805666  24.23359841 26.37698807
 25.42022863 20.88494036 20.84145129 20.80417495 21.3695328  22.09642147
 21.972167   22.6804175  22.66177932 22.47539761 25.34567594 23.78628231
 25.28976143 26.34592445 26.37698807 20.53081511 22.45054672 20.42519881
 21.51863817 22.24552684 23.17743539 24.02857853 23.14015905 23.71794235
 24.66848907 24.35785288 23.86083499 24.56908549 24.15904573 19.4249503
 19.59269384 21.45651093 22.29522863 22.75497018 21.88518887 24.46346918
 22.00323062 22.67420477 24.80516899 25.0723161  23.27062624 24.28951292
 24.42619284 24.51317097 20.67370775 20.59915507 20.18290258 22.59965209
 22.04050696 21.77957256 24.63742545 24.97291252 24.23359841 22.18961233
 23.41351889 25.24005964 25.12823062 25.43265408 21.59319085 20.35685885
 20.67992048 21.66774354 20.94085487 21.90382704 21.87897614 24.02236581
 23.07803181 24.60014911 23.31411531 23.2333499  25.05367793 25.79299205
 21.79199801 22.64314115 20.58672962 22.03429423 21.42544732 22.16476143
 22.27037773 22.9972664  24.152833   23.99130219 24.78653082 23.74279324
 24.23359841 25.94209742 24.87972167 20.67370775 20.97191849 21.74850895
 21.48757455 22.50024851 22.55616302 22.02186879 23.0221173  24.20874751
 24.69955268 26.24030815 24.8610835  25.76814115 25.51341948 20.48111332
 23.53156064 21.72365805 21.76714712 23.11530815 21.45029821 23.59368787
 23.15879722 24.33921471 24.4137674  22.32629225 23.40109344 24.89214712
 25.94209742 19.00248509 21.09617296 21.09617296 21.64289264 21.76093439
 22.00323062 22.33871769 23.69930417 22.75497018 23.96645129 23.43215706
 24.34542744 25.76814115 25.98558648 20.23260437 21.2639165  22.03429423
 21.85412525 21.59319085 21.48136183 22.1833996  22.55616302 24.33300199
 24.32057654 24.38270378 24.53802187 22.76739563 25.76192843 25.68116302
 20.95328032 19.82877734 21.59940358 21.93489066 22.10884692 22.45054672
 22.45054672 23.4445825  23.18364811 22.81709742 24.4945328  25.48856859
 24.12798211 25.73086481 20.5805169  19.89090457 20.80417495 21.54348907
 21.18936382 21.29498012 23.24577535 21.95352883 23.09045726 24.9666998
 23.85462227 25.01640159 24.19632207 25.85511928 20.43141153 21.98459245
 20.3444334  20.1083499  23.85462227 21.7360835  23.19607356 21.15208748
 22.69284294 22.66799205 25.63146123 23.19607356 24.63121272 25.10337972
 26.15954274 21.0526839 ]",46785.59218728634
2025-06-15 07:23:00+00:00,443,4491.8,9.0,22.92647869070732,22.95315606361829,27.408300198807154,"[21.61182903 22.12127237 21.72365805 23.14015905 22.30144135 21.57455268
 24.50074553 22.82952286 22.67420477 25.96694831 24.23981113 24.43240557
 23.7055169  21.03404573 21.56833996 22.30144135 22.46918489 23.09666998
 23.60611332 22.16476143 22.62450298 22.71148111 24.12798211 25.9917992
 23.1277336  23.91053678 23.23956262 22.01565606 20.49975149 20.92842942
 20.46247515 23.09045726 23.54398608 21.88518887 22.2082505  22.0777833
 22.91650099 23.63096421 24.16525845 25.57554672 25.07852883 21.5
 19.38146123 21.77335984 20.97191849 22.09020875 23.13394632 23.03454274
 24.11555666 23.34517893 23.76764414 24.37649105 24.31436382 23.08424453
 23.40730616 26.27758449 19.84120278 21.31983101 22.54373757 21.65531809
 22.87301193 22.84816103 22.10263419 22.32629225 23.0221173  27.4083002
 24.20253479 24.32678926 24.40134195 25.62524851 20.20775348 21.99080517
 21.61182903 22.45054672 21.27012922 20.74826044 21.56833996 23.3638171
 23.53156064 23.74900596 23.58126243 24.87350895 25.17793241 25.69980119
 21.82927435 20.30094433 21.23906561 21.12102386 22.17097416 22.39463221
 22.27659046 22.99105368 24.58151093 23.88568588 23.80492048 24.33300199
 24.8362326  24.32057654 25.17793241 20.28230616 20.93464215 20.74204771
 22.88543738 21.64910537 22.2082505  23.43215706 23.00969185 23.27062624
 23.92917495 25.8054175  23.11530815 24.66227634 22.21446322 20.94706759
 19.5305666  22.21446322 22.30765408 23.59368787 21.91003976 23.41973161
 21.68016899 22.13991054 23.5750497  24.01615308 25.76192843 24.63121272
 23.07181909 21.37574553 20.46868787 22.61207753 21.18315109 20.61158052
 22.49403579 22.62450298 21.51863817 23.58126243 22.6804175  24.68091451
 25.93588469 24.82380716 24.48832008 21.58697813 21.3943837  20.9222167
 22.05293241 23.15879722 21.95974155 24.71819085 23.17122266 23.53777336
 23.1028827  24.91699801 24.12798211 24.98533797 25.27733598 25.45750497
 20.74826044 21.23906561 20.76068588 21.37574553 21.81684891 22.59343936
 22.1833996  23.11530815 23.75521869 23.24577535 23.71172962 24.51317097
 23.06560636 27.08523857 21.93489066 22.62450298 22.27659046 21.90382704
 22.11505964 21.69880716 22.92892644 23.51292247 22.70526839 23.53777336
 23.00347913 24.23359841 25.18414513 26.3832008  21.09617296 20.60536779
 20.7917495  23.04075547 20.76068588 23.23956262 23.54398608 23.24577535
 23.94781312 23.50670974 23.27062624 23.45079523 25.31461233 24.07828032
 26.66277336 19.4000994 ]",46592.427107630414
2025-06-15 07:24:00+00:00,444,4535.62,9.0,23.057286755864467,23.089276838966203,27.489065606361827,"[20.3195825  23.84840954 24.78653082 23.00969185 23.00347913 23.86704771
 23.15879722 24.32057654 24.91078529 22.30144135 24.73682903 25.3332505
 26.51366799 19.97166998 19.7417992  21.25149105 20.63021869 22.97862823
 23.08424453 25.04746521 23.87947316 24.81759443 23.41351889 23.5750497
 25.24627237 26.10984095 25.93588469 19.59890656 21.35710736 22.30144135
 21.13966203 23.0221173  21.76714712 21.65531809 24.22117296 24.45104374
 23.91053678 24.58772366 23.86704771 25.09095427 24.09691849 18.92793241
 21.3695328  21.38817097 20.63643141 21.83548708 23.35760437 22.64935388
 24.57529821 21.42544732 24.00372763 23.1028827  24.64985089 24.88593439
 23.81734592 27.48906561 20.2388171  21.3943837  21.16451292 21.83548708
 21.89140159 22.02808151 24.08449304 22.53752485 23.50049702 22.99105368
 25.81784294 24.55044732 24.19010934 26.64413519 22.84194831 22.25795229
 21.68638171 21.1334493  21.54348907 23.38245527 21.76714712 22.444334
 22.14612326 23.51913519 24.61878728 26.29622266 26.42668986 24.3889165
 22.29522863 20.51217694 22.51267396 23.5999006  20.40034791 23.97887674
 21.22042744 22.92892644 22.9972664  23.29547714 23.15879722 22.98484095
 26.03528827 26.22166998 24.94184891 23.61853877 20.77311133 21.27634195
 21.27634195 21.78578529 22.22067594 23.14637177 22.97241551 22.95999006
 24.04100398 23.34517893 25.097167   23.95402584 25.26491054 21.23906561
 21.48757455 21.0526839  22.43190855 23.28305169 22.12748509 22.4194831
 22.74875746 24.45725646 23.82355865 24.38270378 23.50670974 26.38941352
 25.74329026 20.66128231 23.07181909 19.58648111 22.46297217 22.32007952
 21.43166004 22.40705765 22.21446322 23.46322068 22.54373757 24.74304175
 23.58747515 25.43265408 25.03503976 19.5554175  20.02758449 21.2887674
 22.13991054 22.01565606 22.32629225 21.30740557 22.18961233 22.86058648
 24.98533797 23.64338966 21.97837972 25.06610338 26.50745527 27.25298211
 20.08971173 21.9473161  21.29498012 21.38195825 22.76739563 24.23359841
 23.14015905 23.4445825  22.76739563 25.01640159 25.17793241 24.91078529
 25.86754473 25.86754473 19.41252485 21.61182903 20.3444334  20.1332008
 24.12798211 23.55019881 23.78006958 24.15904573 21.7112326  24.61878728
 25.18414513 23.22092445 25.01640159 26.60064612 19.49950298 21.53727634
 20.91600398 20.6861332  22.23310139 21.35710736 22.56858847 21.5
 23.50049702 24.83001988 22.8916501  25.22142147 25.82405567 24.04100398
 25.96073559 19.59890656]",47030.05857042016
2025-06-15 07:25:00+00:00,445,4573.539999999999,9.0,23.170686566849692,23.20707007952286,27.594681908548708,"[20.2139662  21.10238569 23.92917495 22.54373757 23.09045726 23.66202783
 23.0221173  23.61853877 23.43836978 24.26466203 24.84244533 24.09070577
 25.19035785 20.555666   20.82281312 19.86605368 23.18364811 22.42569583
 22.03429423 23.15258449 23.86704771 23.48185885 23.74900596 25.69358847
 26.10984095 25.95452286 25.01640159 21.85412525 22.11505964 21.56212724
 22.15233598 20.80417495 22.71769384 22.38220676 21.92246521 24.22117296
 22.69905567 24.67470179 23.9416004  24.53802187 24.36406561 20.28230616
 20.90979125 23.69309145 22.69905567 23.50670974 22.38841948 23.18986083
 23.95402584 24.67470179 23.76764414 23.88568588 24.45725646 26.02907555
 25.39537773 25.16550696 21.13966203 21.57455268 21.7360835  23.41973161
 21.6056163  22.17097416 22.14612326 23.85462227 22.6804175  24.45725646
 24.97912525 25.0723161  23.94781312 27.59468191 20.08971173 20.08971173
 20.03379722 21.18315109 23.05939364 22.51888668 22.42569583 25.01018887
 23.15879722 23.63096421 24.7306163  25.29597416 24.37649105 26.56336978
 22.13991054 21.52485089 21.45029821 22.71769384 22.94756461 22.25795229
 23.77385686 23.680666   24.39512922 22.61207753 24.10934394 26.01043738
 24.42619284 24.04100398 24.93563618 19.51192843 21.94110338 22.24552684
 21.17072565 23.35139165 23.55019881 22.87301193 22.06535785 22.43190855
 24.74925447 26.16575547 26.09741551 24.13419483 25.48856859 20.62400596
 19.70452286 21.83548708 20.99676938 21.30740557 22.62450298 21.7112326
 24.16525845 23.65581511 25.07852883 24.625      25.51963221 24.63121272
 26.66277336 20.80417495 20.99055666 20.45626243 23.07181909 22.45675944
 22.70526839 22.26416501 22.69284294 22.51888668 23.9167495  24.13419483
 24.73682903 24.39512922 26.04771372 20.33822068 21.35710736 21.66774354
 21.69880716 23.37624254 22.86058648 21.87897614 22.02186879 25.24627237
 24.01615308 24.94806163 24.23359841 25.79299205 25.18414513 26.1222664
 21.79199801 21.23285288 21.23906561 23.72415507 21.89140159 23.21471173
 22.81709742 22.14612326 23.74900596 25.56312127 24.5193837  23.99751491
 24.66848907 26.26515905 18.6110835  20.41277336 21.56212724 20.4749006
 21.06510934 22.88543738 22.68663022 23.33275348 23.8111332  25.06610338
 24.35164016 24.47589463 23.82355865 23.78628231 22.3138668  19.70452286
 21.50621272 21.38195825 23.71172962 22.53752485 24.07206759 24.29572565
 25.55690855 24.97291252 24.56908549 24.45104374 24.67470179 24.45104374
 25.43265408 21.32604374]",47409.44897805233
2025-06-15 07:26:00+00:00,446,4582.57,9.0,23.19883359965005,23.235120526838966,27.02311133200795,"[20.35685885 22.7611829  22.36978131 22.77360835 21.68016899 23.04696819
 23.30790258 23.81734592 22.90407555 23.97266402 26.27137177 24.92942346
 26.70626243 21.94110338 21.07753479 21.74229622 22.37599404 22.05914513
 23.79249503 21.1583002  22.93513917 22.32629225 23.41973161 24.97291252
 24.4945328  24.78653082 25.43265408 20.08349901 20.33822068 21.92867793
 23.24577535 21.42544732 22.74875746 22.77982107 22.01565606 22.48782306
 23.20849901 24.47589463 23.50049702 26.19060636 23.74900596 19.47465209
 22.28280318 23.00347913 22.01565606 21.66774354 22.99105368 22.08399602
 22.94135189 23.07181909 23.7055169  24.89214712 25.33946322 25.02261431
 23.680666   26.23409543 20.78553678 23.06560636 22.38220676 21.28255467
 22.59965209 22.19582505 22.46918489 22.84816103 23.51292247 22.75497018
 23.53156064 24.27087475 26.805666   25.52584493 21.74229622 20.93464215
 20.09592445 22.37599404 21.64289264 23.54398608 23.07181909 22.92892644
 23.19607356 23.89189861 25.0723161  26.64413519 23.64338966 24.34542744
 20.89736581 21.82927435 20.72340954 22.97862823 23.79249503 23.97887674
 22.30765408 24.18389662 24.84244533 24.66848907 24.33300199 22.47539761
 23.63096421 24.82380716 24.87972167 21.10238569 21.79821074 20.84145129
 22.444334   22.2082505  22.91650099 23.15258449 23.50049702 24.63742545
 24.92942346 25.51963221 26.55715706 26.20924453 26.47017893 20.95328032
 20.73583499 21.66774354 23.22713718 22.47539761 21.66774354 22.34493042
 22.17097416 24.46968191 23.38245527 22.42569583 24.66227634 23.55019881
 25.48235586 21.43166004 21.11481113 20.43141153 24.10934394 23.56883698
 22.92892644 22.68663022 24.17147117 22.71769384 24.53802187 26.16575547
 24.19632207 25.44507952 25.47614314 21.65531809 21.08374751 20.15805169
 20.99055666 22.30765408 21.04647117 22.35735586 22.07157058 23.43215706
 24.47589463 24.79274354 24.94184891 26.73111332 27.02311133 26.01043738
 21.35089463 22.39463221 20.4500497  21.33846918 22.41327038 22.11505964
 22.74254473 23.82977137 24.56287276 24.04100398 25.52584493 22.84816103
 25.43265408 24.93563618 20.94085487 20.87872763 20.51838966 22.49403579
 23.28305169 22.51267396 24.59393638 25.0723161  25.68116302 24.16525845
 25.81163022 24.77410537 26.27758449 23.99130219 21.65531809 22.84816103
 21.72365805 21.95352883 22.73011928 22.50024851 23.30168986 22.56237575
 24.50695825 25.28976143 23.85462227 23.05939364 25.76192843 24.73682903
 25.69358847 18.80367793]",47503.61769098921
2025-06-15 07:27:00+00:00,447,4621.2699999999995,9.0,23.314540946997052,23.355336729622266,27.53876739562624,"[20.04000994 19.7666501  21.64289264 23.79870775 24.05342942 23.75521869
 24.03479125 22.25173956 24.27708748 24.66227634 25.3332505  25.58175944
 25.7805666  20.18911531 21.20800199 21.6304672  20.37549702 23.40109344
 23.86704771 23.98508946 24.52559642 23.47564612 24.53180915 24.83001988
 24.47589463 25.33946322 26.89885686 20.30715706 22.04671968 20.7917495
 22.85437376 23.06560636 22.84816103 23.07803181 23.66202783 24.04100398
 24.91699801 24.56908549 25.04746521 24.8362326  26.4888171  22.07157058
 20.43762425 20.11456262 21.62425447 22.66799205 22.0777833  23.73036779
 23.89811133 23.92917495 24.20253479 23.73036779 26.32107356 25.6500994
 24.50074553 25.4388668  19.98409543 20.9222167  22.15854871 21.56212724
 23.3638171  22.84816103 23.59368787 25.16550696 24.01615308 25.18414513
 22.83573559 25.17793241 25.01640159 26.02907555 21.67395626 20.90979125
 22.87922465 21.64910537 22.09020875 22.15233598 24.53180915 25.68116302
 23.02833002 23.93538767 24.43240557 23.46322068 25.01018887 27.5387674
 21.64910537 21.45651093 23.79870775 20.12077535 22.71769384 23.0221173
 22.91028827 24.13419483 22.24552684 24.56287276 24.8362326  25.27112326
 25.38295229 24.1776839  25.71222664 20.87872763 21.51863817 22.09642147
 23.24577535 21.54348907 21.74850895 24.17147117 23.45700795 23.69309145
 24.63742545 25.48856859 26.63792247 23.56262425 26.65656064 20.56809145
 19.91575547 22.04671968 21.57455268 22.99105368 22.58101392 22.68663022
 26.17818091 23.63096421 23.29547714 25.2027833  23.9167495  27.03553678
 26.4888171  19.53677932 19.7417992  21.56833996 20.64885686 23.86083499
 22.36978131 24.09691849 24.70576541 23.09045726 25.32082505 24.02236581
 25.59418489 25.58175944 25.35188867 19.83499006 20.00894632 22.0777833
 20.83523857 22.56237575 23.09045726 22.42569583 22.72390656 23.07803181
 23.49428429 25.55069583 24.5193837  24.152833   26.28379722 25.60661034
 22.00944334 21.38195825 22.94135189 22.00944334 21.74850895 21.66153082
 23.71794235 22.1833996  23.7055169  24.53802187 23.75521869 24.92321074
 24.97912525 25.35810139 21.22664016 20.37549702 21.33225646 22.05293241
 21.72987078 23.79249503 24.80516899 24.65606362 24.32678926 22.69284294
 26.01043738 24.96048708 24.98533797 23.20849901 21.84791252 20.71719682
 21.30119284 21.59940358 21.6056163  23.28305169 23.09666998 23.67445328
 23.0221173  22.29522863 24.625      23.74279324 25.27733598 25.25869781
 25.8861829  22.09020875]",47890.728192273345
2025-06-15 07:28:00+00:00,448,4591.39,9.0,23.227868533078947,23.262518638170974,27.221918489065605,"[21.19557654 21.50621272 21.91625249 22.74875746 23.66202783 22.82331014
 22.04671968 23.61232604 24.31436382 24.03479125 24.63742545 25.61903579
 25.9917992  21.43787276 21.53727634 21.92867793 22.02186879 22.54373757
 24.7306163  23.87326044 23.78006958 22.91650099 24.56908549 24.40755467
 23.51913519 23.97887674 25.83026839 20.99676938 20.37549702 22.45054672
 19.30069583 22.6555666  23.88568588 22.3138668  23.78006958 23.55019881
 22.81088469 24.36406561 26.35213718 23.96645129 26.17818091 21.14587475
 19.94681909 22.444334   21.40059642 20.30094433 24.53180915 23.30790258
 24.1776839  24.50074553 23.46322068 24.19632207 24.35785288 24.70576541
 25.73707753 24.9915507  19.94681909 21.68016899 20.74204771 21.05889662
 23.64960239 21.17693837 21.98459245 23.10909543 23.43836978 22.30765408
 23.74900596 25.02882704 25.19657058 27.22191849 21.18936382 19.1640159
 20.59294235 22.0777833  21.78578529 22.89786282 22.25173956 24.35164016
 24.36406561 23.22092445 23.96023857 24.33300199 26.04771372 25.9917992
 21.76093439 22.97862823 21.20178926 20.77932406 22.2082505  22.71769384
 23.43215706 24.43861829 23.04075547 23.93538767 24.35785288 24.87350895
 25.46371769 24.16525845 23.8111332  21.56833996 22.444334   22.66177932
 21.41302187 22.33250497 22.04671968 23.38866799 24.27708748 23.80492048
 24.54423459 22.8916501  25.61903579 24.58151093 25.59418489 20.99676938
 20.57430417 21.62425447 21.20800199 22.95999006 23.03454274 24.76789264
 21.74850895 24.11555666 24.71819085 23.93538767 23.84219682 24.84865805
 25.78677932 21.54970179 20.7917495  21.93489066 21.69880716 21.51242545
 23.32032803 23.67445328 23.38866799 23.09045726 24.37027833 26.43911531
 24.94806163 24.50695825 26.15954274 20.77311133 21.17693837 21.3943837
 21.61804175 22.43812127 22.42569583 22.12748509 20.84145129 23.12152087
 24.5193837  25.79299205 24.34542744 25.79920477 24.60636183 25.96694831
 21.06510934 22.20203777 21.08996024 22.28280318 22.32629225 22.66799205
 21.9473161  24.08449304 25.28976143 23.79249503 24.78653082 26.60685885
 24.22738569 26.28379722 21.08996024 23.43215706 21.2639165  23.99751491
 22.74875746 23.72415507 23.02833002 23.39488072 23.11530815 23.5999006
 25.17171968 25.22763419 25.4140159  25.83648111 21.42544732 22.17718688
 21.31361829 21.82927435 21.08996024 23.99751491 24.37649105 23.5750497
 24.84865805 23.76764414 24.00372763 22.51267396 24.19632207 26.02286282
 25.62524851 21.32604374]",47600.756964268934
2025-06-15 07:29:00+00:00,449,4590.94,9.0,23.22804812596671,23.26112077534791,26.793240556660038,"[21.02162028 22.22688867 20.81038767 21.67395626 22.8916501  22.72390656
 23.43215706 23.9167495  26.30864811 23.97887674 24.93563618 24.76167992
 25.73707753 21.79821074 20.7917495  23.41973161 21.08374751 22.95999006
 21.8416998  23.28926441 22.45675944 26.1222664  23.4445825  22.72390656
 25.51341948 24.8362326  24.34542744 21.11481113 21.99701789 21.50621272
 21.61804175 22.2890159  22.00323062 23.40109344 23.26441352 23.97266402
 23.16500994 25.24005964 25.81784294 25.42022863 24.91699801 20.15805169
 21.58076541 21.68016899 22.98484095 23.73036779 22.62450298 24.04100398
 22.83573559 22.6804175  24.24602386 25.40780318 24.24602386 26.16575547
 26.08499006 26.02907555 20.7109841  21.65531809 22.51267396 23.00969185
 22.8916501  22.59343936 23.06560636 22.09642147 25.02261431 23.21471173
 24.48832008 25.13444334 25.65631213 24.7306163  21.30740557 20.46868787
 21.46272366 22.51267396 22.87922465 21.92867793 21.66153082 24.57529821
 23.93538767 25.04746521 23.14637177 24.52559642 25.74329026 25.60661034
 21.92867793 20.05243539 21.44408549 22.21446322 21.05889662 21.75472167
 22.89786282 23.94781312 23.11530815 24.14662028 24.78031809 24.71819085
 24.98533797 24.20874751 26.5944334  21.18936382 21.75472167 22.40084493
 22.16476143 22.88543738 22.12127237 24.08449304 24.7554672  24.22117296
 23.51292247 23.40730616 24.53180915 25.15929423 25.37673956 20.43141153
 22.40705765 21.38195825 22.60586481 23.33275348 23.82977137 22.36356859
 23.30168986 22.67420477 24.85487078 24.68091451 25.58175944 24.7554672
 26.19060636 20.67992048 20.91600398 21.51863817 21.62425447 22.08399602
 23.75521869 23.49428429 23.01590457 22.77982107 23.92296223 25.27112326
 24.80516899 26.12847913 25.13444334 18.2693837  20.40034791 21.6056163
 22.48161034 22.03429423 22.03429423 24.46968191 24.68091451 24.27708748
 21.07132207 24.20253479 24.59393638 24.11555666 24.01615308 24.00372763
 21.52485089 19.26341948 20.57430417 22.91650099 22.93513917 22.8667992
 23.86083499 23.43836978 23.51292247 24.19010934 24.58151093 22.68663022
 26.20303181 26.79324056 20.35064612 21.20178926 20.31336978 22.4194831
 21.10859841 20.94706759 23.35139165 24.19010934 25.50099404 23.68687873
 24.89835984 25.31461233 25.97937376 26.29622266 20.56187873 23.11530815
 21.27634195 21.77335984 20.91600398 22.7611829  23.2333499  23.2582008
 22.7611829  23.67445328 23.55019881 25.49478131 25.38916501 25.28976143
 25.12201789 21.09617296]",47601.35781023423
2025-06-15 07:30:00+00:00,450,4602.95,9.0,23.26500048473188,23.298428180914506,27.290258449304172,"[22.22067594 21.68638171 22.4194831  22.91650099 23.96645129 23.17122266
 24.03479125 23.86704771 23.93538767 25.37052684 24.50695825 26.25894632
 24.84244533 19.87847913 23.4445825  21.28255467 20.8166004  23.30168986
 21.95974155 22.0777833  23.85462227 23.63096421 24.79274354 24.05342942
 24.84244533 24.51317097 26.15333002 20.85387674 21.3943837  20.4749006
 21.82306163 23.8111332  22.6555666  23.00347913 22.40705765 25.17793241
 26.06635189 25.40780318 24.61878728 25.86133201 23.43215706 20.50596421
 21.18936382 21.67395626 21.25770378 20.77311133 23.39488072 21.74850895
 21.63667992 23.99751491 23.59368787 25.0723161  25.02882704 25.76192843
 25.38916501 26.27758449 20.17668986 19.54299205 20.65506958 20.35064612
 21.48757455 22.16476143 21.76714712 21.89140159 24.92942346 25.40159046
 25.23384692 24.9666998  25.65631213 26.07256461 20.43762425 20.56187873
 22.16476143 22.5499503  23.73036779 22.17718688 22.24552684 23.4445825
 22.59965209 25.03503976 25.12201789 24.63742545 25.20899602 25.91724652
 20.59915507 20.81038767 22.00323062 22.23310139 21.74850895 24.07828032
 23.17743539 22.79224652 22.47539761 24.73682903 23.34517893 25.6749503
 24.84244533 25.53827038 25.9110338  21.07132207 21.00919483 23.18364811
 22.05914513 21.91625249 23.96023857 22.70526839 22.71769384 24.30815109
 23.50049702 25.15308151 26.30864811 26.805666   24.4137674  20.93464215
 20.91600398 22.41327038 23.76764414 21.8416998  23.59368787 25.62524851
 24.80516899 22.47539761 24.52559642 25.79920477 24.07206759 24.91699801
 26.63792247 20.57430417 19.12052684 20.61779324 21.72365805 23.32654076
 23.75521869 23.08424453 25.50720676 22.69284294 24.37027833 24.78031809
 24.55044732 24.47589463 25.84269384 20.00894632 22.28280318 21.31361829
 19.94681909 22.29522863 22.74875746 22.3138668  23.40109344 23.40730616
 22.56237575 23.95402584 26.30864811 24.74925447 23.77385686 26.62549702
 20.74204771 21.2639165  22.43812127 20.36928429 21.30740557 22.80467197
 22.48161034 22.81088469 22.43812127 24.89214712 25.09095427 26.39562624
 27.29025845 25.25869781 19.7417992  20.56809145 23.04696819 22.38841948
 23.48807157 23.61853877 22.79845924 23.92917495 21.99080517 24.7554672
 23.07803181 23.84840954 25.05989066 25.4388668  22.55616302 21.27634195
 22.14612326 21.8416998  21.35710736 24.02236581 22.81088469 24.23359841
 24.45104374 23.97887674 23.84219682 23.69309145 25.6500994  25.94831014
 24.56908549 22.23931412]",47724.985621718966
2025-06-15 07:31:00+00:00,451,4620.83,9.0,23.31927820238946,23.3539699304175,27.04796222664016,"[21.46893638 21.87897614 23.28926441 22.48782306 22.49403579 23.22092445
 23.64338966 24.43861829 23.99130219 23.98508946 25.48235586 26.47639165
 26.77460239 21.03404573 20.84766402 21.80442346 21.88518887 23.09045726
 23.99751491 23.24577535 23.42594433 23.07181909 24.58151093 25.12823062
 25.32082505 25.3332505  27.00447316 20.18911531 22.36356859 22.09020875
 22.30765408 24.01615308 22.32629225 21.81684891 24.00372763 23.99751491
 24.53180915 25.097167   25.7805666  26.81187873 24.94184891 20.56187873
 20.63643141 21.95352883 21.69880716 21.76093439 22.18961233 25.22763419
 24.41998012 23.79249503 25.96073559 24.00994036 26.21545726 24.46968191
 24.89214712 24.72440358 21.33225646 20.67370775 21.56833996 19.76043738
 22.9972664  22.77982107 22.46918489 24.47589463 23.89811133 24.1776839
 24.05342942 23.29547714 25.68116302 25.58797217 20.84145129 19.44358847
 21.96595427 23.05318091 23.34517893 23.09045726 22.74875746 23.17743539
 24.8362326  24.37027833 24.51317097 26.52609344 25.97316103 24.55044732
 20.33200795 20.87251491 22.38841948 23.37002982 21.46893638 22.93513917
 22.2890159  22.87301193 25.47614314 24.25223658 24.55666004 24.26466203
 25.44507952 24.76789264 25.96694831 20.90979125 20.72340954 21.05889662
 22.22067594 22.66177932 24.50074553 22.8916501  23.71172962 24.14662028
 24.8610835  25.2027833  26.22166998 24.67470179 25.38295229 19.95303181
 22.70526839 23.17743539 21.23285288 22.16476143 23.22092445 23.35760437
 22.8916501  24.05964215 22.61207753 24.77410537 24.78653082 27.04796223
 23.20849901 22.68663022 19.75422465 21.43166004 21.04025845 23.35760437
 20.79796223 22.77360835 22.64314115 23.1028827  25.25248509 25.15308151
 24.66848907 25.34567594 23.92296223 20.39413519 21.12102386 19.90333002
 22.43812127 22.22688867 22.7860338  22.41327038 22.59965209 23.30790258
 24.86729622 25.71843936 22.79845924 24.78031809 25.81163022 26.45775348
 21.35710736 22.04050696 22.17718688 22.63692843 21.35710736 22.17097416
 23.47564612 23.39488072 24.4137674  24.58772366 23.0221173  24.46968191
 25.39537773 25.01018887 20.77932406 23.06560636 19.54920477 22.70526839
 22.66799205 24.40755467 23.00347913 22.94135189 23.8359841  23.55019881
 22.86058648 23.87947316 25.05367793 25.60661034 19.72316103 21.81063618
 22.04671968 23.05939364 21.00919483 21.22042744 23.66202783 24.10934394
 24.00372763 24.78653082 23.20228628 25.38916501 25.96073559 25.69358847
 26.32107356 20.82902584]",47906.577153914164
2025-06-15 07:32:00+00:00,452,4610.530000000001,9.0,23.290398210868638,23.32197440357853,27.79970178926441,"[18.88444334 22.20203777 21.07753479 22.51888668 23.42594433 23.76143141
 23.07803181 24.42619284 23.71794235 24.36406561 24.82380716 25.24005964
 26.60064612 21.87897614 21.33225646 21.03404573 21.65531809 24.32057654
 21.72987078 23.68687873 23.04075547 25.12823062 25.15929423 24.39512922
 26.20303181 25.25248509 25.95452286 20.76689861 20.75447316 21.12102386
 21.74229622 22.71769384 23.00347913 23.47564612 26.17196819 24.17147117
 22.95377734 24.66848907 24.08449304 24.36406561 24.32678926 21.5
 20.81038767 21.62425447 22.0777833  23.2333499  22.87922465 22.36978131
 24.05964215 23.7055169  24.60636183 23.73036779 26.54473161 27.79970179
 24.59393638 25.12823062 20.13941352 21.09617296 21.47514911 22.97241551
 23.54398608 21.59319085 22.87922465 22.94756461 24.48832008 25.26491054
 24.76789264 23.3389662  26.51366799 25.4140159  21.47514911 21.8416998
 21.31983101 21.9473161  21.972167   23.20228628 23.69930417 23.96023857
 23.1277336  23.94781312 24.87350895 25.75571571 26.66898608 24.52559642
 23.35139165 22.05914513 22.32629225 21.18936382 22.04671968 22.09020875
 23.30790258 24.4137674  25.27733598 22.7611829  23.4694334  23.85462227
 24.87350895 23.67445328 25.55690855 22.94135189 20.84145129 23.33275348
 23.10909543 22.73011928 22.27659046 22.58101392 23.17743539 22.91650099
 25.01018887 23.40109344 24.46346918 25.81163022 25.55069583 22.46297217
 21.03404573 20.67992048 23.15258449 21.88518887 21.99701789 23.18364811
 22.63692843 23.17743539 23.7055169  26.17818091 24.06585487 27.32132207
 27.69408549 20.29473161 21.46893638 20.49975149 20.76068588 22.48782306
 24.14040755 22.26416501 23.14015905 23.78628231 22.97862823 25.61282306
 23.53156064 25.49478131 24.33921471 20.0027336  22.30765408 20.59915507
 20.78553678 21.40059642 23.08424453 22.81088469 23.76764414 23.96023857
 23.17743539 26.01043738 26.84915507 25.82405567 24.02236581 25.40780318
 21.8416998  20.00894632 20.38792247 22.12127237 21.06510934 22.11505964
 21.82927435 22.28280318 24.55666004 26.07256461 23.92917495 25.04746521
 27.0417495  24.9915507  19.90954274 20.30094433 20.69234592 21.61804175
 20.78553678 23.680666   23.5999006  24.1776839  24.26466203 23.75521869
 24.46346918 24.68712724 26.25894632 26.51988072 21.72987078 21.94110338
 19.07082505 22.97241551 22.50024851 21.3943837  22.4194831  23.00347913
 22.69905567 23.0221173  24.05964215 24.24602386 25.45750497 26.43911531
 26.47017893 21.95352883]",47809.95625428211
2025-06-15 07:33:00+00:00,453,4664.34,9.0,23.4507123078523,23.48912773359841,28.035785288270375,"[21.23906561 21.96595427 22.74875746 24.0472167  21.55591451 23.51292247
 24.08449304 25.9110338  24.05342942 23.45079523 24.2833002  26.36456262
 28.03578529 21.74850895 21.11481113 20.29473161 21.76093439 23.55019881
 23.80492048 23.1277336  23.69930417 24.29572565 23.50049702 23.90432406
 24.7554672  26.03528827 25.98558648 20.63021869 22.05293241 21.51242545
 22.3138668  22.15854871 22.56858847 22.82952286 22.71769384 24.152833
 25.71222664 24.30193837 25.03503976 25.76192843 26.95477137 20.05864811
 21.40059642 21.2887674  22.34493042 23.72415507 22.79845924 23.92917495
 23.1028827  24.61257455 23.66202783 25.07852883 24.74304175 25.22763419
 26.51366799 26.06013917 22.11505964 19.49329026 23.04696819 20.99055666
 22.71769384 23.1028827  23.40109344 24.84865805 23.66824056 21.30119284
 25.90482107 23.97887674 24.91078529 26.94234592 21.45029821 22.04671968
 23.00347913 22.51267396 24.58151093 24.27087475 21.50621272 23.10909543
 24.01615308 24.43240557 24.76167992 25.7805666  24.93563618 25.06610338
 20.17668986 22.18961233 20.50596421 22.02808151 22.62450298 21.40059642
 22.95377734 22.43190855 21.75472167 24.14040755 22.90407555 24.17147117
 25.91724652 26.50745527 26.42668986 20.85387674 18.85959245 22.61829026
 23.16500994 21.67395626 22.53131213 22.9972664  22.63071571 23.51292247
 24.40755467 24.84865805 24.96048708 25.04125249 25.32082505 20.70477137
 22.91650099 21.32604374 21.12102386 22.90407555 23.00969185 24.43861829
 22.73011928 24.61878728 23.14015905 24.22738569 25.8861829  26.2278827
 25.52584493 20.30715706 22.2890159  23.06560636 22.47539761 22.35735586
 22.6555666  25.66873757 24.81138171 25.097167   23.66824056 24.58151093
 25.60039761 26.20924453 26.73111332 21.02162028 20.33200795 22.09642147
 20.06486083 21.95352883 22.02808151 23.00969185 22.03429423 22.34493042
 22.56237575 24.17147117 24.92942346 24.3889165  26.33349901 25.40159046
 21.18936382 22.27037773 20.96570577 21.17693837 22.57480119 22.5499503
 23.2333499  24.60014911 22.79224652 24.96048708 25.27112326 25.47614314
 26.7000497  24.19632207 22.35114314 23.20228628 21.06510934 22.50024851
 23.76143141 22.79224652 23.680666   24.625      24.57529821 24.03479125
 25.569334   26.01043738 24.87972167 25.77435388 21.71744533 21.07132207
 23.00969185 23.43215706 21.74229622 23.5999006  25.15308151 24.41998012
 22.07157058 23.55641153 26.02907555 25.47614314 23.87326044 27.02932406
 26.0166501  20.35064612]",48346.30309715065
2025-06-15 07:34:00+00:00,454,4648.89,9.0,23.406639761151354,23.441134443339962,27.402087475149102,"[22.5250994  22.95377734 21.72365805 22.14612326 22.97241551 23.81734592
 22.81088469 23.75521869 23.69930417 24.34542744 25.55069583 24.48210736
 25.81163022 21.28255467 21.08996024 22.27659046 21.81684891 22.92271372
 22.54373757 24.11555666 24.63121272 24.34542744 24.81138171 25.68116302
 24.37027833 25.37052684 25.50720676 21.87897614 22.45054672 21.17693837
 21.89761431 21.50621272 23.61232604 23.15879722 22.66177932 24.48832008
 23.64338966 25.81163022 22.89786282 26.07256461 24.28951292 21.89761431
 22.29522863 20.49975149 20.76068588 22.45675944 25.12823062 25.16550696
 23.32654076 23.69930417 23.95402584 25.01018887 23.63717694 25.06610338
 26.94234592 27.25298211 21.80442346 20.79796223 21.17072565 21.33225646
 23.61232604 22.53131213 22.40084493 23.80492048 24.1776839  24.79895626
 23.48185885 25.63146123 24.50695825 25.49478131 21.06510934 21.72365805
 22.20203777 21.56833996 20.20775348 24.08449304 23.07181909 23.20228628
 24.63121272 24.89835984 26.16575547 23.94781312 25.93588469 24.4137674
 21.17072565 21.58076541 22.40705765 21.69259443 21.84791252 22.37599404
 23.30168986 23.02833002 23.62475149 23.63096421 23.79870775 22.63071571
 23.73036779 25.58175944 25.65631213 21.89140159 22.19582505 20.63021869
 22.98484095 22.00323062 22.11505964 24.67470179 22.6804175  24.20874751
 26.78081511 24.35164016 25.23384692 24.40134195 26.96719682 20.35064612
 23.89811133 19.48707753 23.16500994 21.16451292 23.55019881 23.88568588
 23.66202783 24.48210736 23.96023857 24.95427435 23.79870775 24.74925447
 27.40208748 22.30765408 21.54970179 23.27683897 23.74279324 23.71794235
 21.97837972 21.99701789 24.06585487 23.33275348 24.50074553 24.625
 25.64388668 26.5695825  25.48856859 19.58026839 21.14587475 20.93464215
 21.91625249 23.45700795 23.39488072 24.76167992 24.22738569 23.73658052
 22.81709742 24.9915507  25.10337972 23.87947316 25.53827038 25.19035785
 22.18961233 21.50621272 23.3389662  20.6861332  22.07157058 20.98434394
 24.56908549 24.20253479 25.56312127 23.79249503 24.66227634 24.68712724
 26.78702783 26.55094433 21.68016899 19.48707753 21.46272366 21.25770378
 23.11530815 21.51242545 23.91053678 25.3332505  23.32032803 24.71819085
 24.55666004 22.87301193 25.5444831  25.55690855 21.7112326  21.21421471
 20.09592445 21.91625249 23.13394632 24.41998012 22.84194831 24.61257455
 23.62475149 21.76093439 25.35188867 24.88593439 23.5750497  24.09070577
 26.0166501  21.23285288]",48198.85398490795
2025-06-15 07:35:00+00:00,455,4675.53,9.0,23.486779261985557,23.52388792246521,28.184890656063615,"[21.99701789 21.17693837 22.39463221 20.53702783 23.10909543 22.70526839
 23.19607356 22.89786282 25.07852883 24.07828032 24.79274354 26.42668986
 26.81809145 20.92842942 21.52485089 22.14612326 22.34493042 22.54373757
 23.58747515 22.99105368 23.22713718 24.09691849 23.61853877 25.33946322
 24.27708748 25.4388668  26.79324056 22.03429423 21.54348907 20.97191849
 20.18911531 23.92296223 24.63742545 23.45700795 23.87326044 24.65606362
 24.09691849 24.30815109 24.7306163  27.5139165  26.20303181 21.92246521
 22.22067594 22.12127237 21.83548708 23.14637177 21.972167   22.5250994
 21.63667992 24.7306163  21.88518887 23.41973161 25.30218688 26.51366799
 26.10362823 26.34592445 22.54373757 22.12748509 21.37574553 21.18936382
 21.972167   22.32629225 23.98508946 24.73682903 22.56858847 23.40730616
 25.03503976 26.02907555 26.24652087 25.95452286 20.69855865 21.76714712
 22.69284294 22.99105368 21.16451292 23.52534791 22.30144135 23.5750497
 25.11580517 24.51317097 24.35785288 23.30168986 25.10959245 26.13469185
 20.41277336 19.28827038 21.8665507  23.18364811 21.85412525 22.7860338
 20.56809145 23.5750497  25.79299205 24.10313121 24.74925447 24.63121272
 28.18489066 24.96048708 25.3083996  23.06560636 20.79796223 20.31336978
 21.71744533 22.74254473 22.25795229 23.79870775 25.42022863 25.01018887
 24.47589463 24.56287276 26.0166501  26.5944334  26.24652087 22.00323062
 23.15879722 22.22067594 22.97241551 23.22092445 23.29547714 20.85387674
 23.78628231 24.72440358 25.9917992  25.73707753 25.63767396 24.22117296
 24.27708748 21.3695328  20.555666   21.25149105 23.62475149 22.35735586
 19.99652087 24.625      23.46322068 24.91078529 22.96620278 24.22117296
 26.18439364 24.79895626 25.94831014 21.59319085 21.14587475 21.9473161
 21.31983101 21.56212724 23.09045726 23.74279324 24.13419483 25.04125249
 24.48210736 24.70576541 27.30889662 25.10959245 24.81138171 25.15308151
 22.40705765 20.49353877 22.92271372 20.40656064 23.30168986 23.09666998
 21.91003976 24.09070577 23.89811133 23.5999006  25.28354871 26.57579523
 26.16575547 24.97912525 21.51242545 21.40059642 22.47539761 24.26466203
 21.56212724 21.83548708 23.43836978 22.41327038 25.10959245 23.59368787
 24.23981113 24.56287276 25.02882704 27.27162028 20.6861332  21.79199801
 23.90432406 20.38170974 22.73633201 21.8416998  22.66799205 22.07157058
 25.44507952 24.27087475 25.21520875 24.11555666 25.21520875 26.06635189
 26.33971173 21.74850895]",48466.96869889888
2025-06-15 07:36:00+00:00,456,4684.02,9.0,23.51335990659447,23.550260934393638,27.34617296222664,"[20.91600398 21.25149105 24.30815109 23.86704771 24.87350895 22.95999006
 22.84816103 25.61282306 25.24627237 25.56312127 25.83026839 24.35785288
 27.13494036 20.53702783 21.35710736 22.66177932 21.36332008 22.03429423
 23.18364811 22.23310139 22.62450298 24.74925447 24.30815109 24.76167992
 25.59418489 25.25869781 24.35164016 22.05293241 21.04647117 21.63667992
 21.16451292 22.19582505 25.17793241 22.94135189 22.33871769 23.17743539
 23.66824056 25.19035785 26.63170974 25.35810139 25.48856859 21.79199801
 19.90333002 21.41923459 21.25770378 20.69855865 22.09020875 22.48161034
 24.43240557 24.32678926 23.82977137 23.49428429 25.09095427 26.81187873
 25.92967197 26.28379722 20.64264414 21.95352883 21.93489066 22.95377734
 23.10909543 22.96620278 22.49403579 23.28926441 24.2833002  24.25223658
 24.04100398 26.32728628 24.152833   26.02286282 22.35735586 21.41923459
 21.20800199 21.72365805 22.13369781 23.4694334  25.10337972 25.08474155
 25.569334   23.87326044 25.66252485 25.10959245 24.68712724 25.7805666
 21.37574553 20.37549702 23.27683897 23.58126243 21.83548708 21.79821074
 21.46893638 23.42594433 26.06013917 21.92246521 24.67470179 26.89264414
 24.17147117 25.82405567 25.70601392 21.19557654 22.15233598 22.39463221
 23.1277336  21.12723658 23.81734592 22.2890159  22.82331014 23.14637177
 26.40805169 25.83026839 25.4388668  25.9110338  26.53230616 20.46868787
 21.31361829 22.97241551 21.85412525 22.21446322 21.7112326  24.52559642
 24.66848907 25.36431412 23.77385686 23.53156064 26.26515905 27.34617296
 26.7000497  20.04622266 22.1833996  19.21371769 20.06486083 22.53752485
 22.58722664 23.99130219 22.59965209 23.92296223 24.35785288 24.02236581
 25.86754473 26.41426441 26.10362823 22.32629225 21.10859841 22.33250497
 22.43812127 21.36332008 23.40109344 23.25198807 22.05914513 23.19607356
 24.48832008 25.29597416 24.53802187 25.05989066 24.68712724 27.12872763
 19.90954274 24.28951292 21.91003976 22.15854871 22.5499503  23.80492048
 23.06560636 24.28951292 22.81088469 25.46371769 25.13444334 25.07852883
 24.66227634 26.44532803 22.12748509 19.66724652 22.05293241 23.1028827
 21.99701789 23.56262425 23.79249503 23.34517893 24.26466203 24.68091451
 23.80492048 25.27112326 25.97316103 25.85511928 21.29498012 20.69855865
 20.26988072 22.53752485 22.79224652 23.79870775 24.93563618 23.99751491
 23.97887674 23.91053678 25.32082505 24.2833002  24.98533797 25.50720676
 26.65656064 20.82902584]",48555.896903502464
2025-06-15 07:37:00+00:00,457,4660.54,9.0,23.445598241466563,23.47732355864811,27.638170974155067,"[20.07728628 21.38817097 20.2139662  23.87947316 24.50074553 23.05939364
 23.64338966 25.17171968 24.76789264 25.63767396 26.03528827 24.09691849
 26.16575547 20.77311133 21.54348907 22.81088469 22.55616302 22.09642147
 23.40730616 22.09020875 25.0723161  23.8359841  25.99801193 25.64388668
 25.19035785 25.07852883 25.02882704 21.79199801 19.58026839 21.48136183
 21.20800199 22.87301193 23.27683897 23.73036779 22.5499503  23.87947316
 24.44483101 23.60611332 26.33971173 24.31436382 26.19681909 21.28255467
 21.17693837 20.24502982 21.92867793 23.17743539 21.70501988 23.00347913
 25.68116302 24.71197813 23.60611332 24.19632207 25.73707753 25.23384692
 25.48856859 24.23981113 20.95328032 23.07181909 20.94085487 21.63667992
 22.17097416 22.32007952 23.50049702 25.89239563 24.55044732 25.28354871
 24.84244533 25.04746521 25.46993042 26.95477137 20.18911531 21.81684891
 22.12748509 22.46297217 24.20874751 21.86033797 23.73658052 23.87326044
 24.86729622 24.00994036 23.5999006  24.8362326  25.75571571 25.25248509
 21.25770378 21.21421471 22.53131213 22.79845924 21.80442346 23.55019881
 22.94756461 24.0472167  25.37673956 24.48210736 23.53777336 23.80492048
 25.52584493 25.97316103 26.71247515 21.04647117 21.37574553 21.32604374
 22.72390656 22.00323062 23.02833002 23.43215706 24.35164016 24.55044732
 25.6749503  24.65606362 24.33921471 26.67519881 25.65631213 21.47514911
 21.59319085 21.6056163  20.63021869 22.25795229 23.4694334  22.4194831
 22.79224652 23.66824056 25.4388668  23.7055169  25.03503976 27.63817097
 26.1471173  20.65506958 21.62425447 21.6056163  20.30715706 21.62425447
 23.14637177 23.35760437 23.98508946 24.27087475 24.26466203 24.09070577
 25.84890656 24.70576541 25.32082505 21.85412525 21.72987078 22.4194831
 22.50646123 22.5499503  21.99701789 21.88518887 23.1277336  22.40084493
 24.71197813 24.1776839  25.66252485 24.50074553 26.9609841  25.42644135
 21.46893638 21.05889662 20.38792247 21.05889662 22.82331014 22.94756461
 22.9972664  23.11530815 23.7055169  23.04075547 23.54398608 24.74304175
 25.2027833  26.10362823 22.84816103 20.25124254 22.11505964 21.12723658
 23.5750497  24.2833002  22.08399602 21.48757455 25.8054175  25.69358847
 24.74304175 25.02882704 24.76789264 24.91078529 21.72987078 21.95352883
 22.14612326 21.98459245 23.22092445 24.58151093 21.89140159 24.24602386
 21.9473161  24.96048708 24.0472167  25.6749503  24.98533797 26.34592445
 25.62524851 20.52460239]",48329.19347665053
2025-06-15 07:38:00+00:00,458,4682.35,9.0,23.51149187665991,23.545073310139163,27.31510934393638,"[20.41898608 23.20849901 24.17147117 23.18986083 24.51317097 23.97266402
 24.46968191 24.90457256 24.36406561 25.98558648 25.26491054 25.65631213
 26.12847913 21.33225646 22.05914513 20.99676938 21.87276342 21.31361829
 22.91028827 22.87301193 23.55641153 24.53802187 25.70601392 24.04100398
 23.84840954 25.45750497 26.29000994 21.77957256 20.72340954 21.62425447
 21.95974155 22.96620278 23.02833002 22.48782306 24.05342942 23.58747515
 23.95402584 24.89835984 25.71222664 25.77435388 24.9666998  22.25173956
 20.38792247 22.19582505 21.45651093 22.27659046 22.59965209 23.48807157
 23.19607356 24.37649105 23.97266402 25.04746521 24.18389662 26.47017893
 25.48856859 25.92967197 20.00894632 21.61804175 21.78578529 21.33846918
 20.93464215 22.41327038 23.12152087 23.79249503 23.90432406 25.37673956
 24.09691849 23.78628231 25.0723161  25.77435388 21.38195825 22.43812127
 20.93464215 23.18986083 23.85462227 23.15258449 23.62475149 23.07803181
 25.77435388 23.73036779 24.21496024 24.85487078 24.26466203 25.34567594
 20.5805169  22.2082505  22.20203777 22.70526839 22.13369781 24.05342942
 25.35810139 24.17147117 23.47564612 24.44483101 25.79299205 24.84865805
 26.33349901 24.56908549 26.02286282 20.85387674 20.41898608 22.04671968
 22.87922465 22.40705765 22.43190855 21.94110338 23.03454274 23.82977137
 24.8610835  24.64985089 24.57529821 27.31510934 26.0166501  21.48757455
 21.85412525 22.84194831 21.8416998  22.91028827 23.38866799 21.71744533
 23.64960239 23.51292247 24.76789264 23.9416004  24.71819085 25.89860835
 24.68091451 21.33846918 21.15208748 23.59368787 23.03454274 22.32629225
 23.23956262 22.48782306 23.50049702 22.69905567 24.8610835  23.75521869
 25.23384692 25.29597416 24.38270378 24.12798211 23.27683897 22.18961233
 21.19557654 21.46893638 22.36356859 22.3138668  22.75497018 25.83648111
 23.58747515 23.89189861 25.25248509 26.36456262 25.51963221 26.91128231
 20.74204771 20.69234592 24.27087475 23.06560636 21.6056163  24.625
 23.20228628 23.28305169 22.48161034 25.75571571 23.95402584 25.64388668
 24.78031809 25.7805666  20.87872763 21.32604374 22.82952286 23.11530815
 23.45079523 21.53727634 22.39463221 25.35810139 22.6804175  22.40084493
 24.08449304 25.87375746 23.84219682 27.12251491 21.20800199 21.07132207
 21.14587475 22.97241551 23.60611332 22.45675944 24.15904573 23.680666
 24.31436382 25.25869781 24.23359841 27.02311133 24.5193837  24.87972167
 24.94184891 22.69284294]",48549.647222553394
2025-06-15 07:39:00+00:00,459,4676.24,9.0,23.494994870991565,23.526093439363816,27.638170974155067,"[21.22042744 22.89786282 24.24602386 22.6555666  24.25223658 23.95402584
 23.5750497  25.22763419 24.02236581 25.48856859 26.71868787 25.40780318
 26.57579523 21.35710736 21.83548708 21.82306163 22.02186879 23.32654076
 23.79870775 23.20849901 23.17743539 22.53752485 23.33275348 25.13444334
 25.01018887 24.74304175 25.25869781 20.86630219 20.64264414 22.1833996
 21.77957256 21.50621272 22.73633201 22.29522863 22.51267396 23.45700795
 24.63121272 25.8861829  24.152833   25.73707753 25.07852883 22.23310139
 22.50024851 21.58076541 20.16426441 22.74875746 21.94110338 22.80467197
 23.71172962 23.78006958 25.43265408 23.41351889 24.55044732 24.48210736
 25.097167   26.73111332 20.7917495  20.17047714 22.23931412 24.10934394
 22.49403579 22.73633201 22.74875746 24.00372763 24.30815109 25.17793241
 22.48782306 22.36356859 24.23359841 25.55069583 23.15879722 21.96595427
 21.49378728 22.25795229 21.2887674  22.5250994  23.22092445 24.23981113
 25.21520875 23.90432406 24.06585487 25.57554672 26.04150099 27.63817097
 20.42519881 20.2139662  20.58672962 22.88543738 22.87301193 22.46918489
 23.74279324 22.42569583 24.77410537 24.34542744 22.26416501 24.84865805
 24.61878728 25.05989066 25.6749503  21.56833996 22.21446322 19.15780318
 22.97241551 22.63692843 22.28280318 24.0472167  23.78628231 25.32082505
 24.50695825 24.78653082 25.8054175  26.805666   25.28976143 21.78578529
 20.61779324 19.78528827 23.61853877 20.96570577 22.69284294 23.22092445
 23.93538767 23.39488072 24.63121272 24.55044732 25.11580517 26.02286282
 26.92992048 22.32629225 20.58672962 23.64960239 22.50646123 22.71148111
 24.19632207 21.34468191 23.50049702 22.7611829  24.33300199 25.69980119
 25.13444334 25.92967197 26.8305169  19.71694831 21.01540755 21.03404573
 23.40109344 22.7611829  22.53131213 24.64985089 22.79224652 25.15308151
 23.30790258 25.53205765 25.99801193 24.25223658 25.42644135 26.06635189
 21.49378728 21.80442346 22.81088469 22.77982107 24.52559642 24.06585487
 22.66799205 23.35760437 24.40134195 23.5999006  24.02236581 26.51366799
 26.05392644 25.9917992  20.89115308 22.97241551 22.18961233 22.46918489
 23.5999006  21.3695328  23.93538767 23.40730616 24.38270378 24.27087475
 24.08449304 24.22738569 24.85487078 26.63792247 20.53081511 20.25124254
 21.6056163  21.54970179 22.21446322 23.48185885 23.32032803 24.65606362
 24.14040755 25.38916501 24.83001988 25.18414513 26.17818091 27.40208748
 25.83648111 21.00919483]",48494.454840389386
2025-06-15 07:40:00+00:00,460,4708.35,9.0,23.591289228062017,23.62583871769383,27.89910536779324,"[21.49378728 21.66153082 22.08399602 23.16500994 22.26416501 22.25795229
 24.19010934 23.58126243 23.99130219 24.82380716 26.68762425 26.94855865
 26.10984095 21.45651093 22.36356859 21.84791252 22.10263419 21.87897614
 22.26416501 25.50720676 23.61232604 24.92321074 24.20253479 23.51292247
 25.68116302 26.07256461 27.89910537 20.74204771 21.81063618 21.66774354
 21.59319085 22.45675944 22.48161034 24.07206759 23.26441352 23.82355865
 22.89786282 24.38270378 26.11605368 24.43240557 26.39562624 20.36928429
 22.37599404 22.18961233 22.63071571 22.73011928 22.63071571 21.72987078
 24.27087475 24.31436382 23.45079523 25.39537773 24.57529821 24.11555666
 25.50099404 26.33971173 21.59319085 21.41923459 21.8416998  24.1776839
 21.66153082 23.10909543 22.82952286 22.95999006 25.11580517 24.22738569
 25.87997018 25.97937376 25.28354871 26.63792247 20.90357853 22.96620278
 22.18961233 21.58076541 22.93513917 24.79895626 23.04075547 23.76143141
 24.40134195 24.32678926 25.15308151 26.23409543 26.51366799 25.44507952
 22.80467197 21.59319085 21.42544732 21.14587475 22.30144135 23.46322068
 23.26441352 22.81088469 23.56262425 25.00397614 25.71843936 25.10959245
 24.87350895 26.52609344 24.86729622 21.43166004 21.1583002  22.00323062
 21.98459245 22.26416501 22.5499503  24.31436382 24.23359841 24.20874751
 25.25869781 24.94184891 26.06635189 26.1471173  25.97316103 22.06535785
 22.24552684 21.69880716 22.36978131 22.1833996  22.04671968 22.66177932
 22.47539761 24.33921471 23.32032803 23.72415507 25.83026839 26.67519881
 25.36431412 21.89140159 22.62450298 21.76093439 23.04075547 22.98484095
 24.0472167  21.90382704 24.77410537 24.96048708 23.84219682 24.34542744
 25.59418489 24.68712724 25.74950298 21.43787276 21.79199801 22.15854871
 21.95974155 23.13394632 22.05293241 22.61829026 24.13419483 24.06585487
 23.53156064 25.86133201 26.9361332  24.93563618 25.81163022 24.22117296
 22.92271372 22.66177932 21.45651093 23.46322068 22.85437376 22.26416501
 23.25198807 22.3138668  23.64960239 25.3332505  26.1222664  23.86704771
 25.96073559 26.01043738 19.7666501  20.54945328 22.74875746 21.58076541
 22.87922465 24.07828032 24.27708748 24.9915507  23.30168986 24.74925447
 24.8610835  25.81163022 25.71222664 25.43265408 20.53702783 21.79199801
 20.63021869 20.87872763 23.03454274 21.96595427 23.86704771 22.69905567
 23.78628231 24.06585487 26.03528827 24.72440358 26.27758449 27.22813121
 26.61307157 18.99005964]",48816.617241404274
2025-06-15 07:41:00+00:00,461,4713.7300000000005,9.0,23.60870462786605,23.642550944333998,27.46421471172962,"[21.92246521 22.95999006 22.6804175  23.4694334  22.62450298 24.22117296
 24.10934394 23.14015905 25.3083996  25.22763419 26.89885686 24.94806163
 26.81187873 23.71794235 21.20800199 20.88494036 21.8665507  24.32678926
 23.55641153 24.85487078 24.02236581 23.680666   24.34542744 23.50049702
 25.8054175  25.60039761 24.31436382 17.94632207 22.35735586 21.20178926
 23.16500994 22.93513917 21.97837972 23.30790258 24.99776342 23.69930417
 24.625      26.1471173  25.32082505 25.27733598 25.6749503  21.36332008
 21.3943837  21.66774354 21.69259443 23.98508946 23.97887674 22.84816103
 23.38245527 22.93513917 23.76143141 24.37649105 27.12872763 25.42022863
 25.14686879 24.48210736 22.07157058 21.85412525 22.16476143 22.04050696
 21.15208748 22.2082505  24.14662028 24.07206759 24.74304175 26.30243539
 25.95452286 26.28379722 24.69333996 26.04150099 20.89736581 21.5
 22.30765408 20.94085487 23.5750497  22.72390656 23.09045726 24.67470179
 23.4694334  25.35810139 23.66824056 24.59393638 26.5944334  24.16525845
 21.53106362 22.444334   20.06486083 22.17718688 21.65531809 22.05293241
 22.84816103 24.56908549 24.58772366 23.43836978 23.9416004  25.81163022
 26.21545726 26.23409543 25.22142147 20.70477137 21.61804175 23.07181909
 22.01565606 22.64935388 23.25198807 24.64363817 25.19657058 22.43812127
 24.89214712 24.9915507  23.61232604 25.82405567 26.24652087 23.62475149
 21.79199801 22.68663022 20.97813121 22.43812127 23.00969185 24.7306163
 22.30765408 24.77410537 23.18364811 23.99751491 25.71222664 27.14736581
 27.00447316 20.67370775 21.10859841 22.38220676 22.74875746 22.95377734
 23.75521869 23.43215706 23.66202783 22.49403579 25.02261431 25.68116302
 25.02882704 26.15954274 26.3832008  21.30119284 22.58722664 20.08971173
 21.14587475 21.94110338 22.33871769 23.45079523 23.20228628 23.22092445
 22.38841948 23.92296223 23.96023857 23.92917495 25.43265408 25.11580517
 22.45675944 21.27012922 22.18961233 22.32007952 22.51267396 22.32007952
 22.92892644 25.03503976 24.36406561 24.07206759 25.99801193 26.17196819
 25.45750497 26.3583499  21.07753479 21.11481113 22.71148111 22.66799205
 21.30740557 22.99105368 22.17097416 25.89239563 25.58797217 24.51317097
 25.05367793 25.89239563 26.17196819 25.53827038 22.41327038 22.27037773
 21.90382704 22.95377734 21.04647117 22.57480119 22.95999006 23.03454274
 22.62450298 25.72465209 25.39537773 25.00397614 26.88021869 24.98533797
 27.46421471 22.7860338 ]",48874.88220298865
2025-06-15 07:42:00+00:00,462,4768.57,9.0,23.772081063473216,23.812903827037772,27.38344930417495,"[24.24602386 21.61182903 24.42619284 23.65581511 25.23384692 25.35188867
 23.64960239 23.45079523 23.22713718 27.09145129 25.93588469 25.89239563
 26.42668986 20.41898608 21.76093439 22.60586481 21.64910537 25.04746521
 22.59343936 23.96023857 21.99080517 22.7611829  24.40134195 24.10313121
 26.27758449 25.92345924 26.62549702 22.16476143 22.27659046 22.22688867
 19.8722664  22.3138668  23.46322068 23.33275348 25.73086481 25.02261431
 23.89811133 25.63146123 24.81759443 27.34617296 25.08474155 22.20203777
 21.56212724 21.94110338 24.02857853 22.51267396 24.33921471 23.48807157
 24.53802187 24.30815109 23.89811133 24.26466203 24.56908549 25.51963221
 26.85536779 26.89264414 20.93464215 21.38817097 22.66799205 23.08424453
 23.23956262 23.84840954 22.51888668 24.38270378 24.02857853 24.85487078
 25.097167   25.05367793 27.05417495 26.40183897 20.92842942 20.90357853
 23.37624254 22.47539761 23.13394632 22.50646123 23.20228628 23.5750497
 25.27733598 23.84840954 23.90432406 26.61307157 26.79324056 26.51988072
 22.444334   20.05864811 21.49378728 22.37599404 22.12127237 21.51242545
 22.26416501 23.87947316 24.15904573 23.74900596 26.31486083 24.56287276
 25.18414513 24.56287276 25.3083996  19.82877734 21.5        21.45029821
 22.72390656 24.00994036 23.69309145 24.68091451 23.22092445 25.99801193
 24.69955268 25.64388668 24.5193837  27.3834493  25.2027833  21.00298211
 21.24527833 22.06535785 23.31411531 22.7860338  23.3638171  22.40705765
 24.20874751 24.27087475 26.26515905 25.49478131 24.42619284 24.84244533
 26.88021869 20.60536779 20.90979125 22.90407555 22.60586481 22.5499503
 22.56858847 23.56883698 23.86704771 25.3332505  24.05342942 25.07852883
 26.61928429 25.01640159 25.38916501 22.10884692 21.10859841 22.05293241
 23.89811133 22.94756461 24.60014911 23.37624254 22.96620278 23.31411531
 24.37027833 24.23359841 25.24627237 26.79324056 26.39562624 26.40183897
 22.87301193 21.46893638 21.54348907 22.79224652 21.65531809 23.53777336
 23.84219682 25.35810139 25.9110338  24.68091451 24.89835984 26.10984095
 26.36456262 26.51988072 22.01565606 22.70526839 22.02808151 23.14637177
 21.97837972 20.96570577 24.60014911 25.19657058 22.76739563 23.9416004
 23.61232604 22.95377734 25.66252485 25.8054175  23.10909543 20.29473161
 23.27062624 21.59319085 22.05914513 22.61207753 22.0777833  24.55044732
 22.72390656 25.60039761 23.81734592 25.05989066 26.02286282 25.4388668
 26.71247515 22.66799205]",49421.474405955996
2025-06-15 07:43:00+00:00,463,4793.18,9.0,23.84624983009404,23.8893513916501,28.215954274353876,"[21.61804175 21.16451292 20.87251491 23.96023857 25.61903579 22.75497018
 24.32678926 24.96048708 24.85487078 25.6500994  25.86133201 26.41426441
 28.21595427 22.10263419 20.70477137 23.18986083 21.51242545 23.97887674
 25.05989066 24.26466203 24.09070577 24.08449304 25.57554672 24.24602386
 26.63792247 25.39537773 27.28404573 21.58076541 23.66824056 23.22092445
 22.64314115 22.47539761 24.92942346 23.76764414 24.152833   23.01590457
 25.42022863 25.7805666  25.46993042 23.74279324 26.95477137 20.88494036
 21.41302187 22.12748509 23.45079523 22.40084493 23.84219682 23.73658052
 25.12201789 22.87301193 25.05989066 26.89885686 26.30864811 26.37698807
 26.28379722 27.60089463 21.74229622 22.61829026 21.43787276 20.05864811
 23.55641153 24.13419483 23.62475149 23.27683897 23.43215706 24.43861829
 26.08499006 25.48856859 23.95402584 26.1471173  21.96595427 21.54348907
 22.53131213 21.70501988 23.19607356 21.5        23.41973161 24.8362326
 25.02261431 26.00422465 25.23384692 24.94806163 26.24652087 26.74975149
 20.40656064 21.78578529 21.16451292 23.79249503 21.79821074 25.28976143
 23.9416004  22.30765408 27.79348907 23.38866799 23.59368787 25.61282306
 25.74329026 26.30243539 26.43911531 21.79199801 21.2639165  22.85437376
 25.02882704 23.69309145 22.38220676 23.13394632 23.27062624 25.53827038
 24.52559642 24.90457256 24.63121272 26.03528827 26.51988072 21.71744533
 21.18315109 23.12152087 21.58076541 23.35139165 23.77385686 23.74279324
 25.5444831  24.59393638 22.40084493 24.34542744 24.68091451 25.8861829
 25.00397614 21.99080517 21.30740557 23.40730616 22.68663022 22.61829026
 22.79845924 24.78653082 23.15879722 24.70576541 26.14090457 24.4945328
 25.17171968 25.91724652 26.45154076 22.23931412 21.59940358 22.97241551
 22.60586481 23.20228628 22.96620278 22.03429423 24.64363817 25.569334
 23.18986083 24.2833002  24.02236581 26.07256461 25.55690855 26.23409543
 22.32629225 20.46247515 22.19582505 22.69905567 21.6056163  23.05318091
 22.48161034 23.28305169 24.7306163  23.39488072 23.41973161 23.15258449
 25.55069583 26.20924453 22.12127237 22.88543738 22.80467197 23.82355865
 22.07157058 23.00969185 25.40780318 24.27087475 25.16550696 22.50646123
 25.86133201 25.25248509 26.40805169 25.83648111 21.01540755 22.57480119
 19.83499006 22.32007952 23.01590457 22.43190855 23.0221173  24.625
 25.19035785 24.77410537 23.96023857 25.12201789 26.1471173  25.68737575
 25.22142147 21.74850895]",49669.61343156263
2025-06-15 07:44:00+00:00,464,4751.42,9.0,23.72456017766505,23.75962972166998,27.986083499005964,"[22.8916501  21.16451292 20.6861332  22.43190855 22.14612326 24.10313121
 25.07852883 24.18389662 25.30218688 25.55690855 26.90506958 26.0166501
 26.4639662  23.00969185 22.95377734 24.87350895 21.01540755 23.8111332
 23.74900596 23.33275348 23.04696819 24.46346918 24.05342942 25.09095427
 25.569334   26.36456262 24.9915507  20.72962227 22.5250994  22.0777833
 22.2890159  21.64289264 22.01565606 23.1028827  24.66227634 24.625
 25.31461233 24.24602386 26.03528827 24.97291252 25.76192843 20.30094433
 21.56212724 21.68016899 21.81063618 22.95999006 24.1776839  23.99751491
 22.32007952 23.78628231 25.75571571 24.77410537 26.3832008  27.04796223
 24.66227634 27.9860835  21.1334493  22.71769384 20.27609344 22.74254473
 22.83573559 22.17097416 23.85462227 25.44507952 22.85437376 25.98558648
 25.52584493 25.89239563 26.07877734 26.00422465 21.30740557 20.78553678
 20.99055666 22.95999006 23.00347913 23.96023857 23.92296223 24.69955268
 24.01615308 23.32654076 24.84865805 25.53827038 26.51366799 26.61307157
 20.6861332  22.36978131 22.57480119 22.38841948 23.89811133 22.38841948
 24.10934394 23.17122266 23.51913519 24.50074553 26.03528827 25.16550696
 25.81784294 27.00447316 25.29597416 19.92818091 21.75472167 20.46247515
 21.43166004 24.19010934 23.17122266 22.81088469 22.61829026 25.63767396
 23.25198807 24.80516899 25.22142147 26.00422465 23.98508946 22.22067594
 21.43166004 22.58722664 23.18364811 23.19607356 23.01590457 23.21471173
 23.61853877 22.33871769 25.00397614 23.79870775 26.29622266 24.94806163
 26.45154076 21.35089463 22.8916501  21.14587475 22.2890159  24.66227634
 24.76167992 24.91078529 22.81088469 24.80516899 23.95402584 25.96073559
 25.55069583 26.73732604 25.87997018 20.99055666 20.7109841  22.64935388
 21.79199801 21.36332008 23.32032803 22.8916501  25.07852883 22.9972664
 24.9666998  24.39512922 26.19681909 25.11580517 26.5695825  27.07281312
 20.43762425 21.58697813 21.45029821 23.15879722 23.42594433 23.06560636
 23.97887674 24.09691849 24.22117296 26.15333002 25.4140159  23.78628231
 26.4888171  25.72465209 20.66749503 21.64910537 22.3138668  21.82306163
 24.15904573 24.5193837  25.01018887 22.61829026 23.22092445 24.37649105
 25.01640159 24.06585487 24.99776342 26.41426441 20.17047714 21.77957256
 20.74204771 22.74254473 23.28305169 22.61829026 21.75472167 23.63717694
 24.51317097 23.66824056 25.17171968 24.95427435 25.81784294 25.22763419
 27.08523857 21.12723658]",49262.48853039618
2025-06-15 07:45:00+00:00,465,4763.599999999999,9.0,23.762052148821454,23.797465208747518,27.774850894632205,"[21.17693837 23.75521869 21.94110338 24.05964215 24.20253479 24.92942346
 25.97316103 23.20849901 25.68737575 22.81088469 25.73707753 27.77485089
 25.3083996  21.05889662 20.95328032 23.93538767 22.18961233 23.28305169
 23.9416004  23.76764414 24.92942346 25.02261431 24.40134195 25.65631213
 25.83026839 26.73111332 25.7805666  22.12127237 21.04025845 21.33225646
 20.37549702 22.6555666  23.60611332 23.49428429 23.50670974 25.05367793
 25.61282306 23.81734592 24.46346918 26.21545726 26.28379722 20.35685885
 21.07753479 22.01565606 23.3638171  22.98484095 24.63121272 20.88494036
 22.63071571 23.51913519 26.58822068 23.71172962 25.50099404 25.15308151
 26.10362823 24.56908549 22.13991054 21.45029821 21.35710736 23.14015905
 22.32007952 23.97887674 23.35139165 23.81734592 25.19035785 26.30864811
 24.36406561 25.3083996  24.5193837  26.1222664  22.0777833  21.58697813
 21.81063618 23.23956262 21.9473161  24.52559642 23.9416004  22.56237575
 24.95427435 26.97962227 24.18389662 25.12823062 26.10362823 26.9609841
 21.58076541 21.79199801 22.4194831  23.69309145 23.40730616 21.42544732
 24.05342942 25.4388668  23.97266402 23.74900596 25.05989066 26.50745527
 26.79945328 25.69980119 25.60039761 22.68663022 22.4194831  21.12102386
 24.21496024 22.38220676 24.57529821 23.10909543 23.26441352 23.22713718
 25.10337972 25.66252485 27.61332008 25.57554672 25.76814115 21.61804175
 22.73011928 21.95974155 24.48210736 23.82355865 23.53156064 22.95377734
 23.99130219 24.45104374 25.14065606 25.82405567 25.569334   24.02236581
 27.49527833 21.25149105 23.30168986 20.1332008  20.43762425 22.46297217
 24.50695825 22.43812127 23.91053678 24.4945328  26.07877734 23.66202783
 24.00372763 27.11630219 25.69980119 20.78553678 21.45651093 20.70477137
 23.15258449 22.30765408 22.48161034 23.20849901 24.93563618 22.97862823
 23.73036779 22.75497018 26.97962227 23.29547714 25.36431412 27.66302187
 21.82927435 22.36356859 20.94085487 22.35114314 23.37624254 23.18364811
 22.56858847 25.11580517 24.12798211 22.84194831 25.87997018 23.90432406
 25.9110338  26.30243539 20.94085487 21.3695328  23.50049702 22.24552684
 24.97912525 23.59368787 21.20178926 24.82380716 21.75472167 25.50720676
 24.52559642 26.12847913 25.19035785 23.45700795 20.41277336 22.43812127
 21.81063618 22.88543738 24.35164016 23.04696819 23.67445328 24.22117296
 21.38195825 24.92942346 25.48856859 24.73682903 24.72440358 26.3832008
 26.30243539 19.89090457]",49387.92166909706
2025-06-15 07:46:00+00:00,466,4740.0599999999995,9.0,23.694135132575724,23.724341451292247,27.656809145129223,"[21.19557654 21.2887674  23.23956262 23.38245527 23.63096421 23.05939364
 24.03479125 25.18414513 24.96048708 24.95427435 26.87400596 26.40805169
 25.91724652 21.08374751 22.05293241 21.40680915 21.32604374 22.04671968
 24.35785288 24.152833   23.37002982 22.12127237 25.09095427 24.78031809
 24.9666998  25.22142147 26.29000994 21.66774354 21.93489066 23.15879722
 21.92867793 22.67420477 22.17718688 21.62425447 22.7611829  25.32703777
 25.85511928 26.30864811 24.97912525 25.72465209 25.35810139 20.44383698
 20.94085487 21.00298211 22.12748509 21.2639165  21.2887674  22.88543738
 24.0472167  25.02261431 25.92345924 24.77410537 25.10959245 26.45775348
 25.20899602 25.53205765 21.07132207 22.38220676 22.26416501 22.96620278
 23.49428429 24.80516899 22.59343936 24.38270378 22.48161034 25.43265408
 23.17122266 26.65034791 25.52584493 26.54473161 23.12152087 21.81684891
 21.99701789 23.28305169 23.46322068 22.70526839 22.21446322 23.41973161
 22.25795229 24.32057654 24.18389662 25.93588469 25.56312127 26.42668986
 22.03429423 21.65531809 23.64338966 21.46893638 22.02186879 22.64935388
 22.63071571 23.40109344 22.99105368 23.40109344 26.79324056 26.11605368
 26.33971173 24.11555666 27.14736581 22.08399602 22.04050696 21.87897614
 22.79224652 21.85412525 22.89786282 23.38245527 25.26491054 23.56883698
 25.0723161  24.45104374 25.73086481 25.07852883 25.40159046 21.89761431
 21.05889662 21.10859841 20.2139662  23.74279324 24.44483101 23.5999006
 23.84219682 22.67420477 25.69358847 25.76192843 25.18414513 27.50149105
 25.27112326 20.17047714 20.28230616 22.23931412 22.92271372 22.2082505
 22.70526839 23.39488072 23.4694334  24.33300199 24.80516899 26.39562624
 26.77460239 25.02261431 24.55666004 22.05293241 21.49378728 21.79199801
 21.77335984 23.40730616 23.61232604 23.14637177 24.19010934 23.97266402
 25.06610338 26.3583499  25.59418489 25.79920477 26.40183897 25.81163022
 22.10263419 20.99055666 21.35710736 21.11481113 22.94756461 24.87972167
 21.94110338 24.46346918 26.09120278 24.38270378 24.53802187 25.69358847
 24.9915507  26.20303181 21.71744533 21.82927435 22.20203777 22.29522863
 22.36356859 23.67445328 24.10313121 22.77982107 24.74304175 23.74900596
 24.27708748 23.58126243 25.20899602 24.69955268 22.91028827 21.33846918
 23.45079523 22.87301193 24.05342942 24.43240557 24.24602386 24.55666004
 25.66252485 22.99105368 25.01640159 23.680666   26.5695825  27.65680915
 25.66252485 20.81038767]",49160.69849954534
2025-06-15 07:47:00+00:00,467,4814.21,9.0,23.91450784443738,23.954678180914517,28.42097415506958,"[21.2639165  21.89761431 22.7860338  22.25795229 22.80467197 24.76167992
 24.4137674  23.81734592 23.60611332 25.0723161  23.89811133 26.65656064
 27.03553678 21.50621272 22.39463221 21.76093439 22.87301193 24.90457256
 23.53156064 24.21496024 23.9167495  26.04771372 27.42072565 24.7306163
 25.61903579 25.75571571 27.32753479 22.13369781 21.21421471 21.84791252
 21.17693837 23.09666998 22.63692843 22.41327038 22.90407555 23.22713718
 22.51267396 25.59418489 26.2278827  27.53255467 27.17842942 22.28280318
 21.63667992 21.41302187 22.59965209 23.97266402 22.67420477 23.98508946
 24.41998012 24.66848907 25.4140159  23.65581511 25.25248509 27.6195328
 28.42097416 26.41426441 21.40680915 21.08374751 23.97266402 24.00372763
 23.43215706 24.74925447 22.22688867 24.2833002  22.73633201 22.92892644
 25.79920477 25.8054175  26.63792247 25.29597416 22.40084493 22.16476143
 22.25795229 23.92917495 23.17743539 22.50646123 22.59965209 25.19035785
 25.55690855 23.79249503 25.46993042 24.64363817 26.66898608 28.07306163
 22.74875746 21.82927435 21.06510934 23.20228628 21.94110338 22.61829026
 22.5499503  25.38916501 25.58797217 25.03503976 23.59368787 24.23981113
 24.53802187 25.32703777 26.89885686 21.1583002  23.1028827  22.50646123
 23.05939364 23.20228628 23.90432406 24.66227634 24.08449304 24.20253479
 26.63170974 26.64413519 26.50124254 27.03553678 27.12251491 22.49403579
 21.29498012 20.90357853 23.74279324 22.69905567 23.76143141 22.38220676
 24.90457256 24.14040755 22.67420477 25.63146123 24.10313121 26.68141153
 26.30864811 21.69880716 21.09617296 23.43215706 22.50024851 22.68663022
 24.58772366 24.08449304 21.94110338 25.05989066 22.81088469 24.11555666
 25.04125249 24.66848907 26.30243539 21.03404573 22.51888668 23.3389662
 23.39488072 22.14612326 24.44483101 23.52534791 25.21520875 24.35785288
 25.27112326 23.20228628 24.48210736 27.07281312 25.94209742 27.06038767
 21.31983101 19.99030815 23.09045726 22.63071571 22.50646123 23.14015905
 23.63096421 24.72440358 24.39512922 25.55690855 24.38270378 24.79274354
 25.96073559 24.08449304 20.67992048 22.79224652 23.09045726 22.50646123
 23.72415507 24.87350895 23.78628231 23.64960239 24.32678926 24.2833002
 26.26515905 24.46346918 25.68737575 26.79945328 21.71744533 20.75447316
 21.61182903 21.71744533 23.56262425 25.06610338 24.08449304 22.24552684
 23.8359841  25.78677932 25.17793241 26.13469185 25.72465209 25.22763419
 25.71222664 21.10859841]",49897.97744434971
2025-06-15 07:48:00+00:00,468,4831.16,9.0,23.96608309033007,24.0073310139165,28.775099403578526,"[20.86008946 23.45700795 23.40109344 22.42569583 22.57480119 24.11555666
 24.86729622 23.28305169 24.81138171 25.61282306 26.4888171  25.82405567
 26.60064612 19.71073559 21.15208748 22.48161034 24.25223658 24.81138171
 24.33300199 24.89214712 24.36406561 25.23384692 26.07256461 25.96073559
 25.83026839 27.87425447 26.78081511 21.71744533 23.55641153 23.0221173
 22.35735586 23.12152087 24.26466203 24.53180915 23.51913519 24.152833
 24.02857853 26.56336978 25.4140159  24.91078529 26.61307157 21.31361829
 19.73558648 22.33250497 22.96620278 22.74254473 22.92271372 25.22763419
 24.1776839  23.14015905 25.31461233 23.37002982 24.43240557 26.67519881
 26.28379722 23.73036779 22.67420477 22.28280318 22.27037773 22.81088469
 21.23906561 20.4500497  24.33921471 23.04075547 22.37599404 24.02236581
 25.35810139 26.44532803 24.4137674  25.4140159  20.30094433 23.25198807
 21.30119284 21.95974155 23.85462227 24.87972167 24.16525845 24.71197813
 24.85487078 24.78653082 25.11580517 26.03528827 26.3832008  25.38916501
 22.74254473 23.49428429 21.82927435 22.40705765 21.84791252 21.87276342
 23.00969185 23.79249503 24.94184891 24.625      24.92321074 25.40159046
 24.9666998  26.57579523 27.28404573 23.12152087 22.50646123 21.81684891
 23.08424453 24.97912525 24.47589463 23.15879722 23.8359841  23.75521869
 25.84890656 24.35785288 24.70576541 28.22837972 26.06013917 20.58672962
 21.96595427 21.74229622 23.80492048 23.59368787 21.65531809 22.23931412
 24.80516899 24.55666004 25.79299205 24.39512922 24.4137674  25.60039761
 24.59393638 20.94085487 21.43787276 22.59965209 22.28280318 23.3389662
 23.1028827  22.61207753 24.30193837 24.03479125 25.55690855 26.90506958
 25.66252485 24.65606362 25.59418489 22.85437376 21.41923459 21.79199801
 23.85462227 23.66824056 23.78628231 22.58101392 24.59393638 23.80492048
 25.78677932 26.26515905 25.8861829  27.09766402 26.3832008  27.02311133
 21.69259443 22.04671968 22.09642147 22.74875746 24.47589463 24.78031809
 23.85462227 22.63071571 23.73658052 26.12847913 28.7750994  26.95477137
 25.84890656 26.04150099 22.09642147 20.41277336 22.48782306 20.71719682
 23.50670974 25.27733598 25.97316103 24.79274354 24.42619284 23.69930417
 23.59368787 27.01689861 26.7000497  27.02311133 21.2639165  21.17693837
 23.28926441 22.4194831  22.97241551 23.71172962 21.40059642 22.77360835
 22.79224652 24.41998012 24.97291252 25.8054175  26.32107356 27.09766402
 26.20924453 21.74850895]",50070.52758700827
2025-06-15 07:49:00+00:00,469,4843.6,9.0,24.004351335180598,24.04597415506958,28.694333996023854,"[21.79821074 22.17718688 22.32007952 24.09070577 23.79249503 24.4945328
 23.55019881 24.09070577 23.74279324 26.89885686 24.58151093 26.97340954
 25.29597416 22.50024851 22.53131213 22.11505964 23.25198807 24.63121272
 23.05939364 24.40755467 22.61829026 24.87972167 24.84244533 25.61282306
 24.92942346 25.50099404 26.28379722 21.0526839  23.19607356 21.80442346
 21.23906561 23.73036779 22.25173956 22.47539761 23.72415507 24.73682903
 25.25869781 24.40134195 25.77435388 25.13444334 28.694334   22.59965209
 21.0526839  23.45079523 23.45079523 24.47589463 22.27659046 23.81734592
 22.7611829  23.52534791 23.80492048 24.18389662 24.8362326  26.19681909
 26.57579523 25.53827038 21.61182903 20.80417495 22.01565606 24.00372763
 23.32032803 22.17097416 24.08449304 24.91078529 23.04075547 26.15954274
 26.36456262 25.65631213 24.2584493  26.77460239 21.71744533 20.45626243
 23.32032803 22.67420477 22.53131213 23.29547714 23.18364811 23.80492048
 24.89835984 23.20849901 25.82405567 26.35213718 25.81163022 26.71868787
 22.40084493 22.67420477 21.64289264 23.54398608 24.05964215 23.97266402
 23.58747515 24.52559642 24.51317097 24.47589463 27.48906561 24.78031809
 24.50695825 25.89239563 24.98533797 21.27634195 20.96570577 22.83573559
 25.60661034 23.22713718 22.04671968 25.50720676 23.62475149 23.15879722
 25.0723161  25.19657058 26.23409543 25.63767396 25.15308151 23.00969185
 21.88518887 23.02833002 21.76093439 23.64338966 24.79274354 23.26441352
 23.77385686 24.25223658 25.62524851 24.98533797 24.56287276 24.9915507
 27.47042744 21.52485089 22.75497018 23.34517893 22.60586481 23.82977137
 23.55641153 24.09070577 23.5999006  23.94781312 24.55666004 24.625
 25.71843936 24.69955268 25.97316103 20.18911531 21.43787276 23.04075547
 22.53131213 23.48185885 24.01615308 24.07828032 25.17793241 24.41998012
 24.91699801 24.56908549 23.51292247 28.06684891 25.17793241 25.33946322
 22.72390656 22.22688867 22.75497018 21.31361829 23.4694334  23.22713718
 24.64985089 24.03479125 24.68091451 26.53230616 26.15333002 24.20874751
 26.65656064 25.21520875 21.00919483 22.66799205 22.17718688 24.44483101
 22.16476143 22.47539761 24.71197813 24.94806163 21.7360835  26.17196819
 25.04125249 25.04125249 26.1471173  26.71868787 21.82927435 24.11555666
 22.82952286 23.17743539 23.50049702 24.91078529 23.54398608 24.14040755
 23.82977137 25.85511928 26.51366799 25.14065606 26.63792247 27.65680915
 27.16600398 22.6555666 ]",50198.557826980206
2025-06-15 07:50:00+00:00,470,4824.879999999999,9.0,23.950667233734602,23.987823061630216,28.681908548707753,"[21.48757455 22.62450298 23.77385686 23.24577535 22.47539761 23.28305169
 24.68712724 24.18389662 25.37673956 24.48832008 25.66873757 26.42047714
 27.12251491 21.58697813 23.95402584 22.16476143 21.11481113 20.93464215
 23.39488072 22.76739563 23.01590457 25.30218688 24.7306163  25.81163022
 26.77460239 24.96048708 25.28976143 21.63667992 22.57480119 22.77360835
 22.95999006 21.35089463 21.81684891 25.25869781 25.18414513 24.61878728
 25.35188867 25.75571571 25.4140159  24.64363817 26.15954274 20.99055666
 22.84194831 22.74875746 22.24552684 22.32629225 22.72390656 23.73036779
 23.17122266 24.80516899 23.86704771 23.43836978 27.20328032 25.71843936
 25.84269384 27.01689861 20.44383698 23.9167495  21.34468191 21.50621272
 24.53180915 23.19607356 22.58101392 24.81138171 25.17171968 24.95427435
 25.26491054 26.94234592 26.60064612 26.08499006 21.72987078 21.10238569
 23.42594433 22.41327038 23.02833002 23.59368787 25.31461233 24.52559642
 24.94806163 23.3638171  25.01640159 24.7554672  25.43265408 27.32753479
 21.53106362 20.96570577 22.77360835 21.2639165  22.14612326 25.38295229
 23.42594433 23.8111332  23.27062624 24.7554672  25.55069583 26.02286282
 24.4945328  26.86779324 26.33971173 20.67370775 21.56833996 21.15208748
 24.625      23.59368787 23.08424453 24.22738569 22.87922465 24.71819085
 25.48856859 25.76814115 26.82430417 26.4888171  26.55094433 22.08399602
 22.27659046 22.27037773 21.38195825 23.680666   23.76143141 23.47564612
 23.32032803 24.89835984 24.86729622 26.05392644 26.76838966 27.04796223
 28.68190855 21.06510934 22.45054672 22.51267396 24.00994036 22.32007952
 23.1028827  22.62450298 23.86083499 25.78677932 23.87326044 26.17818091
 26.09120278 25.87997018 26.97962227 21.30119284 22.49403579 22.69284294
 22.12127237 23.46322068 22.27659046 24.71197813 23.92296223 23.74900596
 25.00397614 25.60039761 23.01590457 24.48210736 26.61307157 27.22813121
 21.57455268 21.00298211 21.77335984 21.32604374 23.47564612 23.78006958
 24.88593439 23.64338966 24.61257455 23.52534791 25.68737575 25.03503976
 26.12847913 26.51988072 23.48807157 22.1833996  22.6804175  21.93489066
 21.65531809 23.81734592 24.19632207 25.37052684 25.58175944 23.71794235
 25.08474155 26.30243539 26.20924453 27.75621272 21.23285288 21.7360835
 21.35089463 22.87922465 23.18364811 22.50024851 23.84219682 24.23359841
 23.32032803 23.42594433 25.01018887 25.97937376 25.92345924 25.71222664
 26.05392644 21.8665507 ]",50018.95229718249
2025-06-15 07:51:00+00:00,471,4859.16,9.0,24.05339059725692,24.094309145129223,27.892892644135188,"[20.85387674 21.92246521 22.94135189 23.00347913 24.16525845 24.48832008
 24.37649105 25.12201789 24.37649105 25.14065606 24.52559642 26.44532803
 26.9361332  20.35064612 22.59965209 22.20203777 23.21471173 23.48807157
 22.8667992  24.31436382 23.58126243 25.68737575 24.22117296 27.16600398
 27.89289264 26.14090457 26.19681909 22.33871769 22.14612326 22.59965209
 22.04671968 22.444334   22.36356859 23.48807157 23.680666   24.14662028
 25.28354871 26.81187873 25.91724652 26.67519881 27.13494036 22.33250497
 21.99701789 23.10909543 22.70526839 22.77982107 24.50074553 23.64960239
 25.27733598 23.75521869 24.33921471 24.4137674  25.45750497 25.89239563
 24.89214712 26.39562624 22.30144135 21.66774354 21.72365805 23.2333499
 23.78006958 24.26466203 24.21496024 25.42022863 24.63121272 25.58175944
 25.15308151 27.45178926 26.26515905 26.13469185 22.1833996  22.22067594
 22.43812127 23.3389662  22.40705765 24.12798211 22.54373757 23.5999006
 24.2833002  26.29622266 24.23981113 26.22166998 26.10362823 25.94209742
 21.45029821 21.95352883 21.82306163 21.86033797 22.444334   24.50695825
 23.71794235 23.97266402 26.13469185 25.91724652 24.13419483 24.56908549
 26.03528827 26.63792247 25.89239563 20.77932406 23.37624254 23.50670974
 22.15233598 22.2890159  23.5750497  22.58101392 22.48161034 23.30168986
 24.92942346 24.67470179 25.23384692 26.77460239 25.90482107 20.53081511
 21.77957256 21.12723658 23.46322068 23.48185885 22.91650099 24.45104374
 25.81163022 25.21520875 25.48856859 24.85487078 24.61257455 25.52584493
 26.36456262 19.59890656 22.30144135 22.89786282 22.87922465 23.92296223
 23.1028827  23.35760437 22.98484095 25.70601392 24.55666004 26.0166501
 25.66873757 25.12823062 26.8305169  21.38817097 22.54373757 20.54945328
 22.2082505  23.59368787 24.35785288 24.32678926 22.59965209 25.92345924
 23.45079523 24.9666998  24.97291252 25.46371769 27.32132207 26.60685885
 22.57480119 23.69309145 22.97241551 22.95999006 23.9167495  23.05939364
 23.32032803 24.64985089 26.58200795 25.78677932 25.63146123 27.57604374
 26.5944334  26.37077535 22.35114314 23.48185885 22.59343936 22.444334
 23.7055169  22.58101392 22.58101392 23.78628231 25.9917992  25.04125249
 25.35188867 25.3083996  24.54423459 25.82405567 20.3195825  20.59294235
 23.17122266 22.91028827 24.37027833 22.97862823 23.77385686 24.2584493
 24.94184891 24.87350895 25.00397614 26.53230616 26.24030815 24.89835984
 27.29647117 21.40059642]",50362.62358218276
2025-06-15 07:52:00+00:00,472,4847.48,9.0,24.02048610774687,24.058026838966203,28.762673956262425,"[22.2890159  22.83573559 23.63717694 23.25198807 22.13369781 24.63742545
 25.63146123 24.8362326  24.53180915 24.58772366 25.37052684 24.96048708
 27.14736581 22.05293241 21.41923459 23.77385686 22.66799205 21.99701789
 24.2833002  24.55666004 24.9666998  25.31461233 25.91724652 27.83076541
 26.45775348 26.60685885 26.40805169 21.54348907 22.02186879 21.55591451
 24.58772366 22.84816103 23.69309145 23.20228628 22.79845924 24.70576541
 24.625      25.28976143 25.34567594 25.68737575 26.50124254 21.24527833
 22.66799205 22.1833996  23.81734592 23.17743539 21.83548708 23.40109344
 24.50074553 25.24627237 25.30218688 25.99801193 24.8610835  27.58225646
 27.0417495  26.84294235 22.25173956 22.77982107 22.81088469 23.9416004
 22.09020875 24.78653082 22.13991054 25.11580517 25.64388668 24.66227634
 24.71819085 27.4083002  25.08474155 26.74353877 20.7109841  23.00347913
 22.38220676 21.9473161  25.569334   24.57529821 22.79845924 22.93513917
 25.25248509 23.69930417 24.25223658 25.97316103 26.38941352 28.76267396
 21.65531809 23.28926441 22.61207753 22.69905567 23.05939364 22.80467197
 23.72415507 24.35785288 24.36406561 25.15308151 24.32057654 24.92321074
 25.35188867 25.66252485 28.20352883 22.13991054 22.75497018 22.87301193
 21.7112326  24.20253479 23.20849901 25.53827038 25.6500994  24.74925447
 27.12251491 25.17171968 24.92942346 26.9361332  25.85511928 21.76093439
 21.03404573 22.37599404 23.59368787 22.82331014 24.28951292 25.3083996
 24.12176938 25.45750497 23.51913519 24.94806163 24.05342942 26.09120278
 25.16550696 21.43166004 21.81063618 23.48807157 23.03454274 22.88543738
 23.76764414 24.06585487 25.5444831  24.91699801 24.37649105 25.40159046
 25.01640159 25.6749503  25.76814115 20.17047714 22.94135189 20.45626243
 22.66177932 21.49378728 22.55616302 23.10909543 23.43836978 22.71769384
 24.40755467 24.57529821 26.57579523 25.8861829  26.84915507 27.31510934
 22.2890159  22.26416501 21.51863817 21.72987078 23.09045726 23.11530815
 23.51292247 24.61257455 22.71769384 24.55666004 25.39537773 27.71272366
 26.13469185 25.84890656 21.92867793 22.444334   20.7917495  23.22092445
 22.61207753 22.72390656 24.10313121 24.19010934 23.63096421 22.69905567
 24.28951292 25.08474155 27.33996024 24.38270378 21.62425447 22.2082505
 21.30119284 21.93489066 21.78578529 22.70526839 22.91650099 22.79845924
 24.55666004 22.70526839 26.29622266 24.63121272 27.35238569 26.2278827
 26.63792247 21.43787276]",50252.538322077926
2025-06-15 07:53:00+00:00,473,4823.48,9.0,23.951226846765824,23.98347415506958,29.19756461232604,"[20.49975149 22.59343936 22.72390656 22.95377734 23.48185885 24.17147117
 25.63146123 25.72465209 23.51292247 24.48832008 25.8861829  25.33946322
 26.07877734 21.21421471 21.53106362 22.57480119 22.73011928 22.92271372
 22.37599404 26.68141153 23.87947316 24.87972167 26.68141153 25.569334
 24.30193837 27.02311133 27.49527833 22.29522863 21.30740557 22.58101392
 23.78628231 22.26416501 23.71172962 25.4388668  25.07852883 23.43836978
 25.58797217 23.00969185 26.17818091 26.13469185 27.22813121 21.27634195
 21.56212724 22.30144135 22.10263419 23.06560636 21.84791252 22.99105368
 24.48832008 25.52584493 22.68663022 24.625      24.87350895 24.99776342
 26.13469185 25.72465209 20.58672962 21.61804175 23.30168986 23.58747515
 23.24577535 25.48235586 25.10959245 23.5999006  25.4388668  24.22117296
 25.40159046 24.02236581 25.98558648 24.40755467 22.84194831 22.35735586
 22.43190855 22.95377734 25.19657058 22.23310139 24.58772366 24.02236581
 25.12823062 25.95452286 25.64388668 26.03528827 26.48260437 25.82405567
 21.58697813 22.84194831 21.27012922 22.97241551 22.94135189 26.22166998
 22.58101392 25.76814115 24.72440358 23.50049702 25.66873757 25.07852883
 26.48260437 26.55094433 25.61282306 20.1083499  23.2582008  23.77385686
 21.22042744 24.0472167  23.8359841  23.14015905 23.86704771 22.57480119
 26.15954274 24.74925447 25.63767396 26.64413519 29.19756461 20.99676938
 21.31361829 23.04075547 22.64935388 21.86033797 24.10934394 23.54398608
 24.28951292 24.11555666 25.71222664 25.46993042 25.97316103 26.17818091
 25.3332505  21.32604374 22.20203777 21.06510934 21.30119284 22.19582505
 24.37649105 23.27062624 23.82977137 26.06013917 25.74950298 26.14090457
 26.805666   25.32082505 26.63170974 20.37549702 23.08424453 21.01540755
 22.38841948 22.42569583 21.8416998  23.680666   24.30193837 24.87350895
 25.19035785 24.87972167 25.03503976 25.08474155 26.33971173 26.33349901
 19.40631213 23.51913519 20.91600398 22.70526839 22.02808151 23.22092445
 24.33300199 23.79249503 23.14015905 25.24005964 26.19060636 27.40208748
 24.53180915 28.71297217 21.90382704 24.23359841 21.0526839  23.55019881
 23.22092445 23.45079523 23.2582008  22.38220676 23.1028827  25.95452286
 24.71197813 24.31436382 26.84915507 26.69383698 19.88469185 22.83573559
 22.59965209 22.84194831 23.89189861 21.05889662 23.09045726 23.86083499
 23.37624254 23.81734592 23.30168986 24.94184891 25.60661034 26.84915507
 25.24627237 21.0526839 ]",50020.82453853973
2025-06-15 07:54:00+00:00,474,4869.679999999999,9.0,24.089132913728076,24.126988071570576,28.066848906560633,"[23.86704771 22.29522863 20.75447316 23.48185885 25.62524851 24.79274354
 25.14065606 23.8111332  24.88593439 25.7805666  25.86754473 28.02335984
 28.06684891 21.91003976 20.99055666 21.77957256 23.20849901 24.41998012
 22.09642147 23.67445328 24.94184891 24.39512922 25.08474155 26.16575547
 26.86779324 27.14115308 25.48235586 20.85387674 21.25770378 22.83573559
 22.30144135 23.69309145 22.73633201 24.1776839  23.3389662  25.75571571
 24.65606362 23.43215706 26.03528827 24.27708748 26.09741551 21.03404573
 22.36356859 24.19632207 22.11505964 22.07157058 22.71148111 23.09045726
 24.625      25.13444334 24.28951292 26.45775348 25.63767396 26.31486083
 25.50099404 25.14686879 21.20178926 20.49975149 22.0777833  24.3889165
 23.37002982 24.23981113 23.96645129 23.25198807 24.40134195 24.60014911
 25.46993042 25.51963221 27.55740557 26.66277336 22.40084493 20.91600398
 22.7860338  21.6056163  21.08374751 22.28280318 24.76167992 25.32082505
 24.13419483 23.87947316 24.31436382 25.06610338 25.6749503  25.52584493
 20.29473161 20.94706759 23.64338966 23.04696819 22.45675944 23.09045726
 25.50099404 25.97316103 24.94806163 25.12823062 26.2278827  24.51317097
 25.69980119 25.46371769 26.09120278 20.02758449 22.05914513 22.61207753
 23.05318091 24.68091451 25.14686879 23.30790258 24.09070577 24.81138171
 25.76814115 24.89835984 27.277833   25.20899602 26.71868787 21.95352883
 22.05293241 23.31411531 22.46918489 24.02236581 25.35188867 24.23359841
 24.64985089 24.11555666 24.36406561 25.78677932 26.04150099 26.36456262
 25.30218688 22.10263419 22.94135189 22.61829026 23.13394632 21.48757455
 23.99130219 23.26441352 24.51317097 24.22117296 26.89885686 24.66848907
 24.63121272 26.7000497  25.31461233 21.64910537 21.6056163  24.20253479
 23.69930417 22.98484095 23.03454274 24.06585487 23.66824056 24.25223658
 25.01018887 24.51317097 24.8362326  26.83672962 25.22142147 27.19085487
 21.48757455 21.80442346 22.16476143 22.84816103 22.91650099 22.17097416
 23.37002982 26.50745527 25.66873757 25.74950298 24.45725646 25.19035785
 26.51988072 26.94234592 21.01540755 22.38220676 22.13369781 21.91625249
 22.80467197 23.56262425 25.16550696 24.61878728 23.45079523 26.60064612
 26.23409543 27.47042744 25.44507952 25.64388668 21.48136183 22.61829026
 22.5499503  21.71744533 23.65581511 24.33921471 24.54423459 24.8610835
 24.77410537 25.55069583 25.97316103 25.08474155 26.09741551 26.66898608
 26.68141153 20.94085487]",50482.20307616865
2025-06-15 07:55:00+00:00,475,4918.4400000000005,9.0,24.234595680374557,24.27845427435388,28.433399602385684,"[22.7860338  23.40730616 25.02261431 23.46322068 23.59368787 25.09095427
 22.97862823 26.25894632 24.16525845 23.91053678 26.26515905 27.12872763
 26.69383698 21.23906561 23.13394632 24.78653082 22.69284294 22.90407555
 22.02808151 23.71794235 24.00372763 26.31486083 24.4137674  25.09095427
 26.00422465 26.75596421 27.21570577 18.88444334 21.79199801 23.61232604
 22.9972664  24.3889165  23.45079523 25.53827038 24.12798211 24.82380716
 25.15308151 26.37077535 26.51366799 25.5444831  28.12897614 22.54373757
 23.63717694 23.99751491 23.22713718 25.08474155 23.55019881 24.02236581
 22.84816103 24.45104374 24.50695825 24.46968191 25.44507952 25.89239563
 25.94209742 25.71222664 20.56809145 22.46297217 23.25198807 24.40755467
 22.22067594 23.1028827  25.83648111 24.98533797 23.72415507 26.22166998
 26.17818091 24.29572565 25.65631213 26.73732604 22.75497018 20.82281312
 22.81709742 24.9666998  24.52559642 23.43836978 24.37027833 24.70576541
 24.96048708 23.7055169  25.48235586 26.24652087 24.85487078 27.08523857
 21.64289264 22.35735586 23.99751491 23.53777336 21.41923459 22.69284294
 24.09691849 24.33921471 23.92917495 26.35213718 23.60611332 26.06013917
 25.15308151 27.96744533 28.4333996  22.26416501 20.38792247 22.95377734
 23.82977137 23.85462227 23.7055169  23.53777336 24.61257455 25.71222664
 24.88593439 26.1471173  26.5695825  26.88021869 28.22837972 23.25198807
 22.61829026 22.68663022 21.46272366 22.76739563 22.87922465 23.53156064
 23.28926441 25.00397614 23.15879722 24.86729622 26.24652087 26.34592445
 26.48260437 21.69259443 22.28280318 21.82306163 22.27037773 23.94781312
 23.55019881 23.2333499  24.91078529 23.67445328 25.46993042 23.01590457
 25.83648111 24.50074553 24.19010934 20.89736581 24.1776839  23.02833002
 22.79224652 21.85412525 22.12748509 23.76764414 23.64960239 24.59393638
 25.0723161  24.50695825 25.4388668  26.34592445 26.00422465 27.15357853
 22.25173956 23.07803181 22.34493042 23.66202783 21.7112326  24.02236581
 25.79299205 25.50099404 24.59393638 24.74304175 26.81187873 26.57579523
 26.95477137 27.57604374 20.85387674 22.04671968 22.15854871 21.47514911
 24.65606362 24.63121272 23.680666   23.87947316 25.03503976 26.71247515
 26.22166998 25.74329026 25.28976143 27.84940358 22.04050696 21.40680915
 23.29547714 21.91003976 23.23956262 21.94110338 24.12798211 24.09070577
 24.40134195 26.1222664  27.05417495 24.37649105 25.51963221 25.35188867
 28.39612326 22.89786282]",50968.86330826112
2025-06-15 07:56:00+00:00,476,4923.56,9.0,24.251276896141192,24.294358846918485,28.079274353876738,"[22.46297217 23.71172962 23.66202783 24.78031809 25.65631213 25.27112326
 24.84244533 24.37649105 24.94184891 25.47614314 27.37723658 27.277833
 26.7249006  20.63643141 21.17072565 23.42594433 23.56262425 20.84766402
 23.26441352 21.35710736 25.61903579 24.68712724 26.35213718 24.16525845
 26.32728628 24.90457256 25.30218688 22.30144135 22.36978131 21.7112326
 21.41923459 25.24627237 22.45054672 22.97862823 26.64413519 24.46968191
 25.51963221 26.2527336  24.15904573 26.90506958 26.71868787 20.7109841
 20.53081511 20.63643141 23.4445825  23.11530815 25.02882704 24.29572565
 24.03479125 23.84219682 25.75571571 24.89835984 25.59418489 25.35810139
 27.10387674 26.63792247 22.38841948 21.17693837 22.67420477 22.37599404
 21.95352883 24.36406561 24.44483101 23.35139165 24.61878728 26.66277336
 26.29000994 26.02907555 27.12872763 24.81759443 22.16476143 22.30765408
 20.65506958 24.24602386 23.04075547 22.45675944 25.17793241 25.21520875
 23.98508946 25.26491054 24.67470179 25.66873757 27.5139165  25.65631213
 21.1334493  21.96595427 21.82306163 21.18936382 23.27683897 23.21471173
 22.73011928 24.57529821 24.92942346 27.52012922 24.93563618 26.33349901
 26.89885686 27.38966203 27.11630219 20.17047714 21.8665507  22.86058648
 24.00994036 23.67445328 23.26441352 25.10337972 24.68091451 23.18364811
 24.43240557 26.67519881 24.58772366 27.11630219 28.07927435 22.38220676
 22.79224652 22.72390656 22.59965209 23.86083499 25.0723161  26.29000994
 23.95402584 24.56908549 24.13419483 26.50124254 24.87972167 26.98583499
 25.82405567 23.42594433 22.39463221 23.05318091 23.73036779 22.79224652
 22.94756461 23.90432406 24.67470179 25.06610338 26.05392644 25.10959245
 26.52609344 27.48906561 27.90531809 21.95352883 22.27659046 22.1833996
 22.84194831 23.65581511 22.02808151 24.39512922 24.19010934 24.04100398
 25.22142147 24.69333996 25.18414513 26.43290258 26.40805169 26.81187873
 22.48782306 22.21446322 22.02808151 24.38270378 23.82977137 24.32057654
 23.88568588 25.14686879 23.58747515 27.53255467 26.54473161 25.8861829
 25.73086481 26.06013917 21.66153082 21.71744533 22.6555666  22.80467197
 23.29547714 23.5750497  24.73682903 23.680666   25.16550696 23.85462227
 25.79920477 25.57554672 26.86158052 26.43290258 22.71769384 23.72415507
 22.27659046 23.79870775 22.80467197 23.84219682 23.49428429 25.32703777
 26.16575547 24.73682903 25.37673956 24.61257455 25.60039761 24.97912525
 26.66277336 21.97837972]",51024.67198372997
2025-06-15 07:57:00+00:00,477,4886.099999999999,9.0,24.142304637463617,24.177994532803176,28.4955268389662,"[21.81063618 22.12127237 23.14015905 25.5444831  23.82355865 25.69980119
 24.08449304 25.50099404 26.64413519 25.78677932 26.55094433 26.18439364
 26.9361332  22.48161034 22.04671968 22.30765408 22.97862823 22.05914513
 24.20253479 23.8359841  24.36406561 23.35760437 26.09120278 24.8610835
 25.59418489 25.98558648 24.87972167 21.54970179 22.26416501 22.64935388
 22.70526839 23.37624254 23.02833002 24.71819085 25.19035785 25.27112326
 24.84244533 24.63121272 24.4945328  25.07852883 25.91724652 22.26416501
 22.09020875 22.8667992  21.68016899 23.56262425 21.18315109 23.40109344
 23.40109344 24.27087475 25.56312127 25.76192843 26.29622266 26.19060636
 27.12251491 27.1722167  23.66824056 21.82927435 21.22042744 23.58126243
 23.40109344 24.50074553 24.31436382 25.48235586 25.8054175  24.01615308
 25.64388668 26.11605368 27.25298211 28.49552684 22.45675944 22.21446322
 25.0723161  23.42594433 22.38841948 23.89811133 23.8111332  24.22117296
 25.53827038 24.43861829 25.40159046 25.29597416 26.89885686 25.63146123
 20.90979125 22.7860338  22.07157058 21.63667992 23.09666998 22.81709742
 24.14040755 23.99130219 25.32082505 26.31486083 26.66898608 27.23434394
 26.63170974 26.51988072 25.4140159  21.38195825 23.7055169  22.29522863
 22.74254473 23.85462227 24.25223658 24.79274354 24.74304175 24.02857853
 23.48807157 24.36406561 25.82405567 25.48235586 26.63792247 21.02162028
 22.02808151 22.86058648 23.92917495 21.68016899 23.75521869 24.12798211
 24.35785288 24.16525845 23.92296223 26.19681909 25.94209742 25.94831014
 26.805666   21.88518887 23.22713718 21.55591451 22.91650099 24.08449304
 22.77982107 23.97887674 25.37052684 24.69955268 24.44483101 24.45725646
 22.49403579 27.11008946 26.02286282 20.28851889 20.41277336 22.45675944
 20.67370775 23.84219682 24.00372763 24.14662028 23.82977137 25.46993042
 25.17171968 23.55019881 24.7306163  26.06635189 24.50074553 26.62549702
 20.02758449 20.80417495 21.96595427 23.82977137 23.82355865 24.50074553
 23.55019881 23.59368787 25.99801193 25.3332505  24.77410537 27.89910537
 26.9609841  28.34020875 21.74229622 20.88494036 24.152833   22.67420477
 23.07803181 22.30144135 22.56858847 25.11580517 24.98533797 23.76764414
 25.73707753 24.8610835  25.63767396 26.89885686 19.48707753 23.93538767
 22.13369781 24.05964215 24.31436382 22.42569583 22.95999006 24.05964215
 24.60636183 24.10313121 24.625      26.07256461 26.35213718 27.40208748
 25.94831014 23.18364811]",50660.09439509827
2025-06-15 07:58:00+00:00,478,4894.17,9.0,24.167695338095903,24.203062872763418,28.44582504970179,"[22.46918489 23.18364811 24.09691849 23.59368787 24.42619284 24.0472167
 24.1776839  25.40159046 26.51988072 24.0472167  26.86779324 25.48856859
 25.0723161  20.86630219 22.95999006 22.11505964 24.09691849 22.63071571
 24.58772366 24.33300199 23.27683897 24.16525845 26.68141153 26.00422465
 26.32107356 27.41451292 25.12201789 23.14637177 20.4500497  22.96620278
 23.3638171  23.3389662  24.15904573 21.90382704 24.85487078 23.56262425
 24.55666004 25.3083996  27.19706759 25.26491054 26.43911531 20.70477137
 22.05914513 21.80442346 23.89811133 23.35139165 22.51888668 22.16476143
 24.93563618 24.05342942 24.14662028 24.61257455 27.16600398 27.01068588
 27.15357853 28.06063618 22.0777833  23.9416004  23.62475149 21.64289264
 22.58722664 24.20253479 23.55641153 24.99776342 24.07828032 26.2278827
 24.83001988 27.52012922 25.01018887 26.40183897 21.48136183 20.07728628
 21.43787276 24.1776839  21.61804175 23.5750497  23.84219682 23.74279324
 24.87972167 24.74304175 25.30218688 25.25248509 25.63767396 27.55119284
 20.57430417 20.555666   22.4194831  23.20849901 23.35760437 24.42619284
 25.39537773 24.68712724 24.29572565 24.53802187 26.92992048 24.02857853
 25.43265408 28.44582505 26.19681909 22.37599404 20.53702783 23.20228628
 21.82306163 24.09691849 24.38270378 23.53777336 23.79870775 25.46993042
 24.83001988 26.3832008  27.12251491 25.12823062 26.42668986 21.13966203
 21.61804175 21.66153082 23.79870775 23.37624254 24.22117296 23.03454274
 24.36406561 24.86729622 24.50695825 26.62549702 25.91724652 25.15308151
 26.5695825  22.97241551 21.8416998  22.69905567 22.49403579 22.58101392
 23.5750497  24.4945328  25.33946322 24.79895626 24.48210736 25.25869781
 25.53205765 24.80516899 25.72465209 21.01540755 23.3389662  21.43166004
 22.51888668 25.12823062 23.66202783 23.19607356 23.96645129 24.58151093
 26.38941352 25.12823062 25.9917992  25.47614314 28.27808151 26.52609344
 21.74850895 23.66824056 23.3638171  22.70526839 22.66799205 24.78653082
 24.85487078 25.50099404 24.05342942 26.58822068 25.36431412 24.70576541
 25.42644135 25.11580517 19.62375746 23.1028827  21.65531809 21.48136183
 23.73036779 25.97937376 22.69284294 25.63146123 24.25223658 24.15904573
 25.3332505  24.2833002  28.25944334 27.75       21.28255467 21.13966203
 22.27037773 22.73633201 23.50670974 22.48161034 23.88568588 26.92370775
 25.27112326 24.53180915 24.70576541 25.86133201 25.84890656 25.7805666
 28.02335984 20.05243539]",50745.04152313365
2025-06-15 07:59:00+00:00,479,4921.17,9.0,24.24895120461802,24.286934642147116,28.166252485089462,"[21.80442346 23.49428429 22.67420477 23.13394632 23.17743539 22.86058648
 23.91053678 23.14015905 26.10362823 25.28976143 26.81187873 26.3583499
 25.81784294 21.91003976 22.63692843 21.90382704 22.13369781 21.38195825
 23.32032803 24.48832008 25.61282306 25.19035785 25.74950298 23.51913519
 23.91053678 26.18439364 26.04771372 21.40680915 21.54970179 22.61207753
 23.37624254 24.76167992 22.90407555 25.24005964 23.64338966 26.51366799
 25.68116302 24.83001988 25.05989066 26.58200795 26.36456262 21.46893638
 20.79796223 21.48757455 21.78578529 23.42594433 22.8916501  24.74925447
 24.06585487 25.96073559 23.30168986 26.95477137 26.62549702 26.2278827
 26.97962227 27.04796223 21.70501988 22.39463221 22.03429423 24.48210736
 24.01615308 24.53180915 25.66873757 25.01640159 25.22142147 26.26515905
 25.75571571 26.2278827  25.93588469 27.42693837 22.69905567 20.87251491
 20.32579523 23.84219682 23.71172962 23.8359841  24.89835984 24.69955268
 26.32107356 26.48260437 26.31486083 27.3026839  25.96694831 26.92370775
 20.10213718 21.99080517 24.05964215 24.8610835  22.33871769 22.58101392
 25.81784294 24.06585487 24.15904573 23.87326044 24.56908549 25.56312127
 25.3332505  27.76242545 27.14736581 21.5        21.20800199 22.6804175
 22.4194831  22.19582505 24.68712724 24.42619284 24.64985089 26.84915507
 24.93563618 24.13419483 25.77435388 25.60661034 25.79920477 22.30144135
 22.43190855 22.72390656 22.59343936 22.92892644 23.3389662  25.32082505
 24.71197813 24.01615308 25.19657058 26.02907555 26.94855865 27.02311133
 28.16625249 20.57430417 21.07753479 22.04050696 22.97241551 23.58747515
 23.97887674 21.77335984 24.09691849 25.18414513 25.5444831  24.3889165
 25.56312127 25.96694831 26.1471173  21.57455268 21.0526839  22.28280318
 23.64960239 23.9416004  24.09070577 23.58126243 24.53802187 23.50670974
 24.40134195 24.43240557 25.66873757 27.11630219 26.68141153 26.97340954
 20.58672962 22.48782306 23.89811133 24.05342942 24.00372763 23.20849901
 23.17122266 24.88593439 25.68737575 25.50099404 25.84269384 26.20303181
 27.60710736 26.90506958 22.50646123 22.82331014 23.30790258 24.2584493
 22.46918489 23.26441352 23.07181909 24.16525845 25.28976143 25.69980119
 25.61903579 26.47017893 27.14115308 26.01043738 20.63021869 22.53752485
 21.41302187 22.50646123 22.43190855 21.06510934 24.43240557 24.83001988
 24.50695825 24.92321074 26.33349901 26.1471173  26.88021869 27.57604374
 27.44557654 22.63692843]",51016.89115017004
2025-06-15 08:00:00+00:00,480,4949.57,9.0,24.33434041027343,24.37515531809145,28.402335984095426,"[23.63717694 21.87276342 22.05914513 22.23931412 23.00969185 24.79895626
 23.73036779 25.15308151 26.04771372 26.5695825  24.70576541 26.47639165
 26.94234592 20.80417495 21.7360835  21.04647117 21.99080517 23.16500994
 24.82380716 23.99130219 24.8610835  25.15308151 25.30218688 26.40183897
 25.89239563 25.96073559 27.02311133 21.79821074 20.63021869 22.28280318
 21.10238569 23.21471173 23.86704771 24.81759443 23.79249503 23.37002982
 23.45700795 24.60014911 26.43911531 26.73732604 26.89264414 23.98508946
 22.90407555 22.34493042 22.73633201 23.18364811 25.20899602 22.89786282
 23.78006958 24.2584493  24.11555666 25.94209742 25.73707753 26.33971173
 26.33349901 26.90506958 22.06535785 22.15854871 23.26441352 22.87922465
 21.69259443 23.71172962 24.02857853 24.47589463 26.20303181 24.91699801
 25.86133201 25.63146123 27.16600398 25.76192843 20.8166004  20.12077535
 22.16476143 22.95377734 24.35785288 24.625      23.18364811 26.98583499
 25.09095427 25.06610338 26.20303181 24.64363817 26.67519881 25.81163022
 23.16500994 23.00969185 23.49428429 23.74900596 23.14015905 22.64935388
 27.66302187 26.19681909 23.64338966 24.8362326  26.27137177 27.15979125
 26.44532803 27.05417495 26.92370775 21.61182903 22.81088469 24.23981113
 22.8916501  23.27683897 25.42022863 22.45054672 24.21496024 26.02286282
 25.92345924 26.24030815 25.21520875 28.40233598 26.40805169 21.04647117
 21.6056163  22.71769384 24.96048708 23.45700795 23.40730616 23.74279324
 25.57554672 24.10313121 25.55690855 25.97937376 27.57604374 26.24030815
 26.92370775 22.19582505 22.24552684 22.74254473 22.32007952 22.8667992
 24.61878728 24.40755467 26.3832008  25.33946322 24.69955268 24.39512922
 25.35810139 26.79945328 26.06635189 23.22713718 21.1334493  22.12748509
 23.07803181 23.88568588 24.66227634 24.22117296 23.90432406 25.59418489
 26.24652087 26.40805169 24.53180915 25.27112326 27.14736581 26.83672962
 22.32629225 23.50670974 22.5499503  22.63071571 23.32032803 23.63717694
 23.00969185 26.58822068 26.12847913 24.52559642 27.07281312 25.59418489
 27.07902584 27.72514911 22.1833996  21.35710736 22.80467197 23.66824056
 22.09020875 23.19607356 24.28951292 24.50695825 24.63742545 24.50695825
 24.71197813 25.86754473 27.07902584 25.19035785 20.46247515 22.83573559
 21.83548708 24.05342942 23.76764414 24.23359841 23.50670974 25.32703777
 23.96645129 26.4639662  25.99801193 25.94209742 25.68737575 25.40159046
 26.60685885 21.43787276]",51302.56927661079
2025-06-15 08:01:00+00:00,481,4930.74,9.0,24.280353668031278,24.31666252485089,29.284542743538765,"[23.07181909 21.79199801 22.95377734 22.94756461 24.87972167 22.74875746
 23.680666   25.42644135 26.02286282 26.1471173  26.97340954 27.29647117
 26.82430417 21.74229622 21.00298211 22.03429423 23.86704771 21.66774354
 23.73036779 24.9915507  23.18986083 24.9915507  24.2584493  23.76143141
 23.69930417 26.76217694 25.59418489 22.17718688 20.77311133 20.8166004
 23.45700795 22.61207753 24.02857853 24.1776839  23.80492048 26.29000994
 24.87972167 25.83648111 27.43315109 26.68762425 27.57604374 22.32007952
 20.38170974 22.59343936 23.31411531 23.07181909 23.11530815 21.91003976
 24.36406561 24.68091451 24.21496024 26.32107356 25.50099404 25.30218688
 27.52634195 27.65059642 21.7112326  21.43787276 23.89811133 24.20874751
 24.29572565 24.14040755 24.43861829 25.27112326 24.52559642 25.02882704
 26.83672962 25.97937376 25.96694831 29.28454274 21.95352883 22.58722664
 22.27659046 23.06560636 21.48757455 22.76739563 24.23981113 23.37624254
 24.12176938 27.47664016 27.19085487 27.38966203 26.51988072 28.05442346
 21.87897614 21.6304672  21.32604374 22.05914513 21.78578529 23.49428429
 24.9915507  23.2582008  24.68712724 24.61878728 25.48856859 26.45154076
 25.25248509 25.31461233 27.18464215 20.66128231 22.02186879 23.2333499
 22.74254473 24.12798211 23.27062624 24.95427435 25.15308151 24.2833002
 25.51963221 26.92992048 26.50124254 25.4388668  27.25919483 20.89115308
 22.15233598 23.99130219 23.2582008  22.74875746 24.32057654 23.73658052
 24.51317097 22.59343936 23.40730616 26.20924453 26.32107356 27.25298211
 27.71272366 22.64314115 20.53702783 23.20228628 21.89140159 22.04050696
 23.1277336  24.58151093 21.08996024 22.33250497 26.15333002 27.02932406
 24.61257455 26.52609344 26.70626243 21.08996024 22.71148111 22.59343936
 24.70576541 24.07828032 24.152833   24.45725646 22.95999006 25.20899602
 25.24627237 26.43911531 24.48832008 25.42022863 27.43936382 25.87375746
 23.54398608 23.79870775 23.20228628 23.04075547 22.8667992  23.97887674
 23.28305169 24.06585487 25.10337972 26.27758449 26.1471173  26.30243539
 26.91128231 25.20899602 22.45675944 23.1028827  21.71744533 23.09045726
 23.45079523 24.28951292 24.95427435 27.0666004  26.50124254 25.65631213
 25.05989066 24.68712724 27.12251491 26.83672962 22.91650099 21.18936382
 22.46918489 23.35139165 24.03479125 23.58126243 24.20874751 24.4137674
 24.57529821 25.3332505  24.37027833 27.11630219 25.92967197 26.32728628
 27.90531809 21.51242545]",51121.95123176544
2025-06-15 08:02:00+00:00,482,5009.91,9.0,24.51557102979171,24.56259319085487,28.19731610337972,"[24.67470179 23.11530815 24.625      23.15879722 25.94209742 25.94831014
 25.2027833  25.18414513 26.08499006 25.20899602 26.19060636 26.04771372
 26.79324056 21.74229622 21.8416998  22.86058648 23.84219682 23.02833002
 23.51913519 23.53156064 23.48807157 23.64338966 25.27733598 24.84244533
 27.33374751 25.8054175  27.5387674  21.53106362 22.69284294 23.84219682
 21.53727634 22.02808151 23.9167495  24.54423459 25.32082505 24.63742545
 25.60661034 26.7249006  27.6443837  27.83697813 27.16600398 21.33846918
 23.90432406 21.59940358 23.08424453 22.64935388 24.27087475 25.58797217
 23.13394632 24.42619284 27.36481113 25.83026839 26.5695825  26.4888171
 26.74353877 26.96719682 21.51242545 22.82952286 21.70501988 23.78006958
 24.74304175 23.67445328 24.93563618 25.81784294 24.96048708 26.79324056
 25.24005964 24.91078529 25.56312127 26.64413519 22.02808151 21.3695328
 24.79274354 23.78628231 24.55044732 24.68712724 24.7306163  24.07206759
 25.36431412 26.19681909 26.70626243 27.25919483 26.13469185 27.20328032
 22.29522863 22.56237575 21.93489066 23.5999006  23.15258449 23.30790258
 23.60611332 22.1833996  25.29597416 26.11605368 24.14662028 26.02286282
 27.06038767 27.01689861 27.24676938 22.2082505  21.58697813 23.18986083
 22.1833996  23.18364811 25.18414513 25.17793241 25.38916501 25.22142147
 25.07852883 25.99801193 24.78031809 26.50745527 27.55740557 23.28305169
 22.32629225 21.05889662 24.90457256 22.51267396 23.74900596 26.0166501
 24.56287276 26.86158052 26.03528827 25.61903579 25.15929423 25.6749503
 25.40159046 20.84766402 24.00372763 22.92271372 22.62450298 22.87301193
 23.7055169  24.00372763 25.81784294 24.46346918 26.16575547 26.19060636
 26.28379722 27.22813121 24.78653082 22.12127237 22.57480119 21.12102386
 23.51913519 24.70576541 23.73658052 23.81734592 24.93563618 24.152833
 25.97937376 25.52584493 25.83648111 26.23409543 27.06038767 27.29647117
 20.77311133 20.53081511 23.09666998 22.48161034 23.56262425 25.27112326
 23.86083499 23.55019881 25.75571571 24.27708748 26.97962227 25.94209742
 27.29025845 27.99850895 21.72987078 22.24552684 21.88518887 22.43190855
 20.90357853 23.69309145 23.98508946 24.35785288 25.00397614 26.53851889
 25.7805666  26.58822068 26.8305169  27.90531809 22.41327038 22.33871769
 22.33871769 22.42569583 23.99751491 24.94806163 24.48210736 26.07877734
 26.07877734 25.59418489 25.86133201 25.93588469 25.14686879 26.51366799
 28.1973161  22.97241551]",51908.89443727114
2025-06-15 08:03:00+00:00,483,4992.120000000001,9.0,24.464656978334805,24.5073310139165,28.315357852882702,"[22.64314115 21.76714712 22.40084493 21.55591451 25.40780318 24.40134195
 23.1028827  24.63121272 25.569334   24.20253479 24.79274354 28.03578529
 27.54498012 21.72987078 21.48136183 22.87922465 23.04075547 24.10934394
 23.80492048 24.71197813 24.68091451 24.85487078 26.31486083 27.35859841
 27.09766402 27.68166004 26.1222664  20.46247515 23.58126243 22.36356859
 23.8111332  24.28951292 23.15879722 25.29597416 25.05367793 25.84269384
 25.42644135 24.04100398 26.35213718 26.09741551 27.79348907 20.79796223
 21.46272366 22.99105368 23.63717694 23.5999006  24.55666004 22.61207753
 24.00994036 24.78031809 26.92992048 24.69955268 25.40159046 26.81187873
 27.27162028 26.45154076 19.86605368 22.32007952 22.67420477 23.8111332
 24.21496024 24.23359841 24.4137674  24.19010934 26.40183897 26.29000994
 24.96048708 25.3332505  27.56361829 27.46421471 22.69284294 22.59965209
 22.21446322 23.84840954 24.99776342 22.35114314 26.04771372 24.03479125
 25.03503976 26.58200795 25.02882704 26.19060636 26.03528827 27.1722167
 21.57455268 20.95949304 22.66799205 22.46918489 23.35139165 24.85487078
 23.0221173  24.25223658 25.58797217 26.00422465 25.6500994  25.73086481
 26.09120278 26.24652087 27.75       23.73658052 23.11530815 24.12176938
 24.1776839  22.37599404 24.18389662 24.58151093 24.78653082 25.46993042
 24.05964215 25.64388668 24.56908549 28.31535785 27.52012922 22.69905567
 23.89811133 22.53752485 21.64289264 22.63692843 24.15904573 23.79249503
 24.0472167  24.91699801 25.37052684 23.03454274 25.48235586 27.5139165
 27.70029821 22.61207753 21.79821074 23.56883698 24.76789264 23.69930417
 24.03479125 23.24577535 23.48807157 25.92967197 24.76789264 25.01018887
 24.27708748 27.40208748 26.65656064 22.94756461 23.67445328 22.83573559
 22.83573559 23.41351889 24.08449304 25.65631213 23.74279324 23.9416004
 24.1776839  26.89885686 26.04771372 25.4388668  27.20328032 25.83026839
 22.0777833  21.92867793 22.74875746 24.39512922 22.9972664  24.33921471
 24.51317097 25.75571571 23.69309145 25.36431412 27.50770378 26.58200795
 27.12872763 26.4639662  23.82355865 21.43166004 21.82306163 23.68687873
 24.0472167  23.63717694 25.14686879 23.43836978 25.40780318 23.97266402
 26.35213718 26.02907555 26.76838966 27.80591451 22.68663022 22.94756461
 24.09691849 23.28305169 24.5193837  23.06560636 23.65581511 25.36431412
 25.32082505 23.89811133 26.61928429 25.53827038 24.97291252 26.84915507
 25.81163022 21.6056163 ]",51738.55638671691
2025-06-15 08:04:00+00:00,484,4970.68,9.0,24.402973374637206,24.440730616302186,28.433399602385684,"[23.10909543 23.18364811 23.08424453 24.60636183 24.24602386 24.86729622
 25.05367793 23.13394632 25.23384692 26.02286282 26.54473161 27.25919483
 25.42644135 21.64289264 21.92246521 21.34468191 23.17743539 24.18389662
 24.71819085 25.19657058 23.79870775 23.41351889 26.55094433 25.52584493
 27.19706759 27.08523857 25.97316103 21.6056163  21.8665507  21.58076541
 24.23359841 24.56287276 25.00397614 24.78031809 24.70576541 24.50074553
 25.76814115 25.40780318 26.09741551 26.58822068 25.02261431 21.46272366
 21.40059642 22.03429423 24.27087475 24.35164016 24.64363817 21.58076541
 25.29597416 25.30218688 24.55666004 24.17147117 25.56312127 25.66252485
 26.73111332 28.40854871 22.35114314 22.22688867 22.89786282 21.30740557
 24.13419483 23.72415507 23.75521869 24.64985089 27.30889662 25.77435388
 25.8054175  27.21570577 26.9609841  27.5139165  20.84145129 21.027833
 22.46297217 22.66799205 22.91028827 23.51913519 23.87326044 23.35139165
 25.34567594 26.86779324 27.16600398 26.39562624 28.20352883 26.73732604
 20.65506958 22.17097416 22.95377734 23.45079523 22.29522863 21.85412525
 24.17147117 25.96694831 25.24627237 25.53205765 25.86754473 25.56312127
 28.4333996  26.65656064 27.15979125 22.46918489 21.22664016 24.09691849
 24.24602386 23.43836978 23.04696819 25.35188867 23.17122266 25.4140159
 25.21520875 26.5695825  26.47639165 28.07306163 27.66302187 21.81063618
 24.14662028 21.49378728 24.20874751 23.93538767 24.18389662 22.93513917
 23.93538767 24.45104374 25.51341948 25.93588469 25.10959245 27.91774354
 25.89860835 23.02833002 22.81088469 22.33250497 22.92892644 23.42594433
 25.37673956 22.60586481 25.19657058 25.05989066 26.58200795 26.53230616
 26.43290258 26.42047714 25.3083996  21.08374751 20.81038767 20.94706759
 22.5250994  23.69309145 22.91650099 23.58126243 23.73036779 23.49428429
 25.11580517 25.19657058 25.95452286 25.73086481 26.88643141 28.04199801
 20.18911531 22.5250994  21.89761431 23.37002982 24.01615308 24.91078529
 24.86729622 21.81063618 23.9416004  24.9666998  26.52609344 26.5695825
 25.3083996  26.03528827 20.82902584 20.09592445 21.96595427 24.37027833
 24.92942346 23.30168986 23.92917495 25.19657058 24.69955268 25.74329026
 24.48832008 27.53255467 28.26565606 26.99204771 22.55616302 22.05914513
 22.04671968 23.56262425 23.50049702 24.16525845 22.82952286 24.05342942
 24.97291252 26.47639165 24.7306163  27.4083002  27.54498012 27.63817097
 26.50124254 21.50621272]",51532.18772218623
2025-06-15 08:05:00+00:00,485,4956.41,9.0,24.362450481729574,24.396402833001986,29.576540755467196,"[22.93513917 23.04696819 23.89189861 22.56858847 23.56262425 24.27708748
 23.9167495  24.92321074 25.51341948 25.71222664 24.53180915 29.57654076
 27.73757455 23.12152087 21.08374751 22.68663022 23.1028827  22.00323062
 23.55641153 23.51913519 25.71222664 25.10959245 24.76789264 25.9917992
 26.5695825  26.60064612 26.03528827 24.08449304 20.99055666 22.71148111
 23.4445825  24.38270378 22.40705765 25.84890656 25.24005964 24.08449304
 24.5193837  23.96023857 26.15954274 27.18464215 26.89264414 18.68563618
 21.88518887 24.32678926 22.95377734 23.37002982 23.22713718 24.34542744
 24.81138171 23.75521869 25.22763419 24.25223658 27.02932406 24.95427435
 26.43290258 24.55666004 22.33250497 21.05889662 23.20228628 24.83001988
 23.54398608 24.61878728 24.73682903 24.72440358 24.39512922 24.19632207
 26.04771372 25.85511928 27.87425447 27.74378728 21.81063618 21.28255467
 21.51242545 22.73633201 23.69309145 23.25198807 24.63742545 24.07828032
 24.77410537 24.19010934 26.02907555 24.79274354 27.95501988 28.63220676
 21.18315109 21.27634195 24.23359841 22.27659046 22.36978131 22.63692843
 23.26441352 25.6749503  23.68687873 25.50099404 25.32082505 26.43911531
 24.13419483 26.27758449 26.79945328 22.14612326 23.02833002 22.23931412
 21.41923459 23.38866799 22.8916501  24.04100398 25.09095427 25.58797217
 25.21520875 24.77410537 25.24627237 27.4083002  26.74353877 22.02186879
 21.55591451 21.89761431 24.20253479 25.4388668  24.48210736 22.93513917
 25.58175944 26.4888171  25.60661034 25.98558648 26.76217694 26.07256461
 25.8861829  22.43190855 21.53727634 23.9416004  24.45104374 22.91028827
 23.32654076 24.12176938 25.69980119 24.76789264 23.37002982 25.16550696
 24.64985089 24.31436382 26.66277336 20.82281312 22.06535785 20.85387674
 24.02857853 23.97887674 23.40730616 23.56883698 26.10984095 25.74329026
 24.20874751 25.68737575 25.47614314 27.03553678 27.78727634 27.9860835
 23.4694334  22.81088469 22.57480119 23.97266402 23.40730616 23.64338966
 25.37673956 26.26515905 24.79274354 27.93638171 25.92345924 26.66898608
 26.94234592 27.45178926 23.09045726 22.30144135 22.83573559 22.01565606
 23.69930417 24.02857853 24.14040755 24.55044732 26.32107356 24.44483101
 26.5695825  26.50124254 26.05392644 26.21545726 22.74254473 22.62450298
 21.19557654 22.57480119 23.00347913 23.06560636 23.85462227 24.64363817
 23.87326044 24.21496024 25.98558648 24.99776342 26.09741551 28.25944334
 26.57579523 21.92867793]",51396.614331674464
2025-06-15 08:06:00+00:00,486,4992.379999999999,9.0,24.470189723146483,24.508138667992046,29.582753479125248,"[22.83573559 22.93513917 23.71794235 23.38866799 22.86058648 22.32629225
 24.27708748 22.66177932 24.07206759 26.0166501  26.61928429 25.93588469
 27.46421471 22.92892644 22.74875746 23.66824056 24.25223658 22.00944334
 22.28280318 23.92296223 23.33275348 24.40134195 25.10959245 25.04125249
 26.74353877 28.35263419 26.79324056 21.77335984 21.2639165  21.66153082
 23.2582008  24.29572565 22.61207753 24.84244533 26.07877734 25.15929423
 23.46322068 27.02311133 25.72465209 27.16600398 27.58225646 22.64935388
 22.84194831 23.53777336 22.77360835 23.15879722 24.9666998  24.88593439
 23.96023857 24.58772366 24.95427435 25.08474155 26.33971173 25.82405567
 26.74353877 28.08548708 23.73036779 23.50670974 24.32057654 24.22738569
 23.27062624 24.0472167  25.28354871 23.74900596 22.92271372 24.9915507
 26.30864811 24.70576541 25.56312127 26.88021869 21.61182903 23.60611332
 21.81063618 24.83001988 23.92296223 23.15879722 24.81759443 23.20849901
 24.01615308 24.80516899 24.3889165  26.65034791 25.60661034 26.71247515
 21.6056163  21.79821074 22.43812127 23.77385686 22.2082505  23.51913519
 25.30218688 25.30218688 25.22763419 24.4137674  25.43265408 24.42619284
 25.57554672 28.29050696 28.06684891 21.67395626 21.53106362 23.09045726
 23.34517893 23.97266402 23.87947316 26.68141153 22.22067594 23.7055169
 24.77410537 25.22763419 26.00422465 26.26515905 27.90531809 20.61158052
 23.38866799 23.2333499  22.67420477 24.27087475 24.99776342 24.8610835
 25.6500994  23.64960239 27.20328032 27.0417495  27.9612326  28.61978131
 28.0916998  22.94756461 23.47564612 23.02833002 24.53802187 24.91699801
 23.56883698 23.26441352 23.74900596 23.62475149 25.15929423 25.86133201
 27.16600398 27.55119284 28.62599404 20.39413519 21.81063618 22.02186879
 23.87947316 22.7611829  24.37649105 23.85462227 24.40134195 26.37698807
 25.12201789 24.28951292 25.70601392 26.86158052 24.85487078 26.44532803
 22.35114314 21.29498012 23.66202783 23.06560636 24.72440358 24.25223658
 22.10884692 24.24602386 24.67470179 24.56287276 25.46993042 26.81809145
 26.06013917 27.54498012 21.3695328  21.29498012 23.48185885 22.8916501
 22.47539761 22.91028827 23.93538767 24.92942346 24.1776839  26.15954274
 27.5387674  26.4888171  25.12823062 27.3026839  22.71148111 21.18315109
 23.58126243 24.19632207 24.03479125 24.16525845 25.25869781 25.64388668
 24.91078529 25.59418489 25.66873757 25.89239563 27.61332008 29.58275348
 25.79920477 22.67420477]",51757.06673775887
2025-06-15 08:07:00+00:00,487,5002.709999999999,9.0,24.50226586980569,24.540227385685885,29.241053677932403,"[21.35710736 24.63742545 23.82355865 22.41327038 24.89214712 25.17171968
 24.68712724 26.27137177 25.69358847 27.24055666 25.51963221 26.00422465
 26.55094433 21.34468191 22.67420477 24.69333996 22.60586481 24.64363817
 23.3389662  23.80492048 24.625      24.68712724 25.71222664 25.2027833
 24.5193837  25.94831014 28.55765408 20.99676938 22.55616302 23.41351889
 23.25198807 22.76739563 24.25223658 24.4137674  25.35810139 25.32703777
 26.06635189 24.625      26.8305169  27.63817097 27.36481113 21.00919483
 22.38220676 21.92246521 23.98508946 24.84865805 24.76789264 23.32654076
 23.56262425 24.38270378 25.11580517 26.43911531 25.66252485 27.47664016
 27.99229622 26.79945328 21.28255467 21.1334493  21.38195825 22.27659046
 25.04125249 25.60039761 23.43836978 25.59418489 24.29572565 25.76814115
 26.2278827  23.45079523 26.71247515 27.5139165  22.50024851 20.48111332
 22.77360835 22.57480119 24.8610835  24.36406561 23.74279324 24.0472167
 26.14090457 27.22813121 25.48235586 26.29000994 25.89239563 27.37102386
 21.87276342 22.53131213 21.92867793 22.30144135 24.23359841 23.80492048
 24.00994036 26.27758449 25.0723161  24.7554672  26.37698807 25.12201789
 27.70651093 26.42668986 26.88021869 21.48136183 22.34493042 23.72415507
 23.94781312 25.2027833  22.75497018 24.28951292 24.79274354 24.94184891
 24.94806163 26.14090457 25.91724652 26.30243539 26.09120278 22.13991054
 21.91625249 20.40656064 23.00969185 24.53180915 25.17793241 25.22142147
 25.45750497 24.76789264 25.33946322 26.88021869 25.25869781 26.73111332
 26.65034791 22.23310139 21.24527833 23.7055169  23.8111332  25.17171968
 24.43861829 24.10313121 23.91053678 23.53777336 25.99801193 26.5695825
 27.90531809 27.89289264 26.62549702 21.23906561 22.63071571 23.66202783
 23.97266402 22.2082505  25.25869781 24.47589463 24.48210736 23.99130219
 25.62524851 25.76814115 25.09095427 25.63146123 26.63792247 29.24105368
 21.93489066 23.37002982 23.3389662  23.28926441 22.3138668  23.40730616
 23.4445825  24.3889165  24.79274354 25.82405567 27.67544732 27.11008946
 26.5695825  24.91078529 22.74875746 22.23931412 23.9416004  21.51242545
 23.22092445 24.35785288 22.70526839 25.12201789 23.35139165 27.01689861
 25.70601392 25.01018887 25.15929423 26.26515905 22.36978131 23.01590457
 22.72390656 21.19557654 24.51317097 21.30740557 24.3889165  24.14662028
 25.02882704 25.83026839 27.17842942 25.83026839 24.78031809 26.87400596
 27.89289264 22.88543738]",51864.38069402191
2025-06-15 08:08:00+00:00,488,5036.37,9.0,24.6031915032294,24.64478752485089,29.160288270377734,"[23.22713718 23.74900596 23.00347913 24.1776839  23.79870775 25.65631213
 23.63096421 25.74329026 24.47589463 26.2278827  25.40780318 27.48906561
 27.5387674  20.95949304 22.60586481 23.20228628 23.64960239 22.47539761
 24.97912525 22.98484095 23.74900596 24.80516899 26.02286282 24.36406561
 26.805666   26.29000994 29.09194831 23.71794235 21.68016899 22.66799205
 22.13991054 22.80467197 24.28951292 25.28976143 26.51988072 24.0472167
 25.96073559 26.01043738 26.92992048 26.37698807 27.71272366 21.89761431
 22.15233598 21.77957256 23.22092445 23.72415507 22.16476143 24.60636183
 24.22117296 24.56287276 24.9915507  24.19632207 24.32678926 27.37723658
 26.9361332  25.5444831  22.12748509 22.06535785 24.14662028 22.02186879
 22.32629225 24.14662028 24.46968191 24.81759443 25.64388668 26.84294235
 27.39587475 25.99801193 26.66277336 29.16028827 22.05914513 21.46272366
 23.97887674 24.80516899 23.19607356 23.25198807 25.76814115 24.82380716
 24.92321074 25.50099404 25.35188867 27.00447316 26.36456262 27.55119284
 21.35710736 23.07803181 23.97887674 22.35735586 23.64338966 24.10934394
 24.51317097 25.55690855 25.44507952 25.6749503  27.35238569 26.33971173
 25.72465209 25.9917992  27.78727634 22.87922465 21.25770378 22.24552684
 24.04100398 23.51913519 24.02857853 22.63692843 24.76789264 23.69930417
 26.40183897 26.79324056 26.17196819 26.45154076 27.72514911 23.30168986
 22.06535785 22.64935388 24.14040755 23.69309145 23.84840954 23.16500994
 24.81138171 25.74950298 25.79920477 26.12847913 27.21570577 25.94831014
 27.13494036 20.83523857 23.32032803 24.19010934 23.64338966 21.99701789
 24.74925447 24.15904573 24.7306163  24.66848907 26.61928429 28.55765408
 27.37723658 25.43265408 27.00447316 21.34468191 22.84816103 23.50049702
 21.87897614 22.8667992  22.8916501  23.72415507 25.10959245 25.86133201
 26.76838966 25.8861829  25.31461233 25.86754473 26.28379722 27.78727634
 24.9666998  22.45675944 23.96023857 22.4194831  24.35785288 23.82355865
 24.84244533 23.8359841  24.25223658 25.52584493 26.68762425 26.99204771
 26.63792247 27.01068588 20.72340954 22.5250994  21.22042744 23.8359841
 23.84219682 22.97241551 24.23359841 24.54423459 26.42668986 26.20924453
 26.27137177 26.49502982 26.85536779 26.99204771 21.19557654 22.71148111
 21.79199801 22.53131213 23.43215706 23.17122266 25.86133201 24.7306163
 23.86083499 24.86729622 25.63146123 27.71893638 28.37127237 27.89289264
 27.45800199 22.58722664]",52202.03749320428
2025-06-15 08:09:00+00:00,489,5064.33,9.0,24.687297793377866,24.731641401590455,29.533051689860834,"[24.71819085 23.20849901 22.30765408 23.91053678 24.80516899 24.92321074
 26.39562624 24.58151093 26.42047714 27.65680915 26.42047714 27.42072565
 25.86133201 22.6555666  22.40084493 23.0221173  22.24552684 22.23931412
 24.78031809 23.5999006  25.10959245 25.51963221 25.97937376 24.90457256
 26.06635189 25.6500994  27.16600398 21.45651093 21.89140159 24.8362326
 24.56287276 23.10909543 23.64338966 22.53131213 23.62475149 24.33300199
 25.10337972 25.52584493 26.97962227 26.19060636 26.5695825  22.43190855
 21.38817097 22.60586481 23.72415507 22.17718688 24.83001988 25.81163022
 23.96023857 26.45154076 24.00372763 25.68116302 25.61903579 27.06038767
 26.64413519 27.43936382 21.99701789 22.73011928 22.73633201 22.9972664
 23.76764414 25.03503976 25.40780318 24.94806163 26.56336978 26.60685885
 26.67519881 24.66227634 26.97340954 26.45154076 21.27012922 23.97887674
 22.39463221 23.95402584 22.99105368 24.76789264 23.9167495  24.7554672
 26.38941352 25.53827038 26.66277336 26.42668986 26.24030815 27.43315109
 22.17718688 23.64338966 23.79870775 24.34542744 23.99130219 24.76167992
 24.60014911 25.11580517 23.45700795 25.02882704 27.76242545 26.29000994
 27.21570577 25.22763419 28.33399602 22.91650099 22.84816103 23.17122266
 22.55616302 23.9416004  25.56312127 23.87947316 25.12823062 26.37077535
 23.32032803 27.09145129 27.32753479 27.78727634 26.28379722 21.95974155
 21.5        23.05939364 22.66177932 22.92892644 24.33300199 23.05318091
 23.06560636 26.17818091 25.37673956 26.66898608 24.92321074 25.61903579
 26.37698807 22.11505964 22.67420477 23.4445825  22.15233598 25.27733598
 23.66202783 25.53827038 24.58151093 25.59418489 26.44532803 25.69980119
 26.83672962 27.97987078 28.37748509 22.41327038 22.5250994  22.05914513
 23.8111332  23.35139165 24.25223658 23.78006958 25.25869781 26.24652087
 24.9666998  25.60661034 26.60064612 25.6749503  29.1416501  26.52609344
 22.4194831  22.92271372 21.8416998  23.84840954 23.3638171  23.96645129
 24.08449304 26.44532803 25.0723161  25.81784294 26.09120278 26.49502982
 26.09741551 29.53305169 23.04696819 22.62450298 21.56833996 24.20874751
 23.33275348 24.04100398 24.12798211 24.92942346 26.5695825  24.63121272
 25.09095427 24.39512922 26.74353877 28.05442346 22.45054672 21.38817097
 22.43812127 22.97241551 22.53131213 23.67445328 23.97266402 23.89189861
 26.42047714 26.30243539 26.91128231 27.30889662 29.25347913 25.27733598
 28.09791252 23.41351889]",52483.423497525
2025-06-15 08:10:00+00:00,490,5032.7,9.0,24.595552962864662,24.633387176938367,28.4831013916501,"[22.27659046 21.93489066 24.40134195 24.89214712 26.06635189 25.42644135
 24.52559642 25.83648111 24.93563618 25.09095427 27.73757455 26.4639662
 27.94259443 21.62425447 23.30168986 26.26515905 22.36978131 23.23956262
 22.23310139 24.72440358 26.14090457 25.68737575 25.50099404 26.01043738
 26.27758449 26.55715706 27.26540755 23.23956262 24.43861829 22.38841948
 22.76739563 24.97912525 23.17122266 24.88593439 25.01018887 24.68712724
 25.37052684 25.17793241 25.46993042 26.74975149 26.36456262 21.29498012
 23.11530815 23.92296223 22.51888668 24.12798211 24.69333996 23.1277336
 22.93513917 26.16575547 25.34567594 25.81163022 25.46371769 24.79895626
 26.56336978 27.17842942 21.07753479 21.07132207 23.37002982 24.16525845
 24.88593439 25.99801193 21.68638171 24.8362326  25.76192843 26.14090457
 25.94209742 26.37077535 26.47639165 27.3834493  21.24527833 21.91625249
 22.21446322 23.27062624 22.79224652 24.12798211 25.73707753 23.5750497
 24.51317097 26.84294235 25.51963221 24.98533797 26.4639662  28.26565606
 22.93513917 22.73011928 23.67445328 23.2582008  22.34493042 23.99751491
 24.12798211 23.82977137 23.30790258 26.17818091 25.05367793 26.83672962
 26.58822068 27.76863817 26.29622266 21.06510934 22.82331014 23.58126243
 23.10909543 25.26491054 24.7306163  23.66202783 24.36406561 25.90482107
 27.29025845 27.02932406 25.92967197 26.61928429 26.66277336 21.81684891
 22.16476143 23.61853877 22.35114314 23.63717694 23.74279324 24.19632207
 24.0472167  26.92370775 26.02286282 26.29622266 27.78727634 24.79274354
 27.53255467 21.11481113 20.90979125 22.27037773 22.25173956 23.1277336
 24.53180915 24.29572565 25.14686879 26.30243539 25.87997018 26.18439364
 26.38941352 26.3583499  28.48310139 23.22713718 24.40755467 23.46322068
 23.5750497  25.10337972 25.01018887 24.53802187 23.30168986 24.56908549
 25.38295229 24.87972167 26.07877734 25.68116302 27.57604374 26.74975149
 21.69259443 22.05293241 23.15879722 23.28305169 22.53131213 22.43812127
 25.25869781 24.8362326  25.27112326 25.68737575 26.54473161 27.49527833
 28.07927435 27.50149105 22.15854871 21.54348907 22.37599404 23.14015905
 23.78628231 23.89811133 24.9915507  26.19681909 25.66252485 24.54423459
 27.42072565 26.37077535 26.32107356 26.60685885 21.38195825 21.30740557
 21.96595427 23.76143141 23.06560636 22.92892644 23.53156064 22.8667992
 24.17147117 24.2584493  26.11605368 24.60014911 25.14065606 28.16003976
 28.16003976 22.59965209]",52176.48199256001
2025-06-15 08:11:00+00:00,491,5107.95,9.0,24.819217232285272,24.86714090457256,29.321819085487075,"[24.71819085 25.27112326 24.1776839  24.61878728 24.69955268 23.4694334
 25.01640159 25.84269384 26.47639165 27.02932406 26.60685885 29.32181909
 27.61332008 22.97862823 22.87301193 21.972167   24.35785288 22.69284294
 24.59393638 25.17793241 24.69333996 24.71197813 26.5944334  25.72465209
 27.19085487 26.75596421 27.45800199 22.80467197 24.02236581 23.04696819
 23.49428429 23.17743539 24.39512922 22.45675944 24.50074553 24.53802187
 25.82405567 26.45775348 25.6749503  26.26515905 28.09791252 23.43215706
 22.48161034 21.58697813 22.37599404 23.45079523 23.00969185 25.097167
 26.37698807 25.29597416 25.63767396 26.53851889 26.17818091 27.22191849
 27.00447316 29.15407555 22.96620278 22.36978131 23.28305169 23.48185885
 25.63767396 24.14662028 24.30193837 23.99130219 25.20899602 24.7554672
 25.72465209 27.50770378 28.27186879 27.27162028 22.93513917 22.88543738
 22.84816103 23.08424453 24.30815109 23.17122266 24.0472167  24.40755467
 24.29572565 25.50099404 25.19657058 26.56336978 26.74975149 28.20974155
 20.3444334  22.7611829  23.48185885 22.63071571 23.41973161 24.15904573
 24.42619284 23.67445328 26.54473161 25.28354871 25.38916501 26.38941352
 26.11605368 26.43290258 27.60089463 22.38220676 21.50621272 21.3943837
 22.93513917 23.51292247 25.81784294 25.27733598 26.18439364 24.81138171
 26.51988072 24.83001988 28.27808151 28.30293241 27.04796223 24.16525845
 21.33225646 23.32654076 22.63692843 23.71794235 25.00397614 23.09045726
 24.27708748 24.5193837  26.24030815 26.05392644 26.805666   27.58225646
 26.55715706 23.94781312 22.81088469 23.9167495  23.00347913 24.48210736
 22.61207753 22.82331014 25.18414513 24.76789264 25.18414513 27.277833
 26.92992048 26.69383698 27.24055666 21.37574553 21.23285288 22.51888668
 22.77360835 23.45700795 22.74875746 23.60611332 24.152833   24.67470179
 26.27758449 26.47017893 27.70029821 26.15954274 27.77485089 28.16003976
 22.27659046 22.23931412 23.32032803 23.56883698 24.80516899 24.42619284
 24.66848907 23.58747515 24.64363817 26.17818091 27.73757455 26.79945328
 26.37698807 28.91799205 23.32654076 23.55019881 22.45054672 23.58747515
 24.74304175 25.66873757 24.81138171 24.625      24.53802187 26.07256461
 24.97291252 26.30864811 26.30864811 26.07256461 21.15208748 23.86083499
 24.23359841 24.0472167  24.74925447 23.38245527 23.06560636 25.95452286
 25.0723161  26.10984095 27.8556163  26.60685885 26.65034791 26.2278827
 29.07952286 24.71819085]",52924.773172333604
2025-06-15 08:12:00+00:00,492,5108.17,9.0,24.821466204909544,24.867824304174945,29.570328031809144,"[21.77335984 23.37624254 24.68091451 23.09045726 22.8916501  24.10313121
 24.29572565 25.49478131 26.4639662  26.88021869 26.55094433 27.0417495
 25.97937376 23.07803181 22.05293241 24.09691849 22.81088469 22.89786282
 24.41998012 24.27087475 25.22142147 24.71197813 27.26540755 26.58822068
 26.06635189 27.39587475 27.97365805 22.56858847 22.55616302 22.4194831
 22.22688867 23.17743539 25.03503976 26.1471173  23.35760437 23.89189861
 26.35213718 25.38295229 27.45800199 29.06088469 25.45750497 21.3943837
 20.93464215 21.92246521 25.04125249 22.85437376 25.17171968 22.79224652
 25.12823062 25.12201789 24.77410537 25.97937376 26.61928429 26.09120278
 27.10387674 28.06684891 21.97837972 22.82331014 24.34542744 24.4945328
 25.31461233 25.24627237 26.19060636 24.07206759 25.569334   25.94209742
 26.47639165 25.68737575 27.60089463 27.72514911 22.85437376 23.17743539
 23.07803181 22.4194831  22.75497018 24.43240557 26.51988072 25.91724652
 25.55069583 27.08523857 26.73732604 26.12847913 26.78702783 27.24676938
 20.35064612 21.63667992 24.08449304 21.12723658 23.76143141 24.98533797
 25.01018887 25.53205765 24.86729622 26.0166501  27.15979125 25.98558648
 27.29647117 26.51366799 27.21570577 22.95999006 22.14612326 22.28280318
 22.58101392 23.86704771 25.35188867 25.38295229 25.24627237 24.60014911
 25.49478131 26.50124254 27.09145129 26.81187873 26.92992048 22.98484095
 22.5250994  22.75497018 23.20228628 23.72415507 24.98533797 25.68116302
 23.63096421 24.2833002  26.09120278 25.76192843 26.42047714 28.53280318
 27.54498012 21.44408549 21.19557654 24.34542744 24.32057654 24.50695825
 24.0472167  25.13444334 24.78653082 26.30243539 25.76192843 26.75596421
 25.8861829  29.57032803 27.58846918 21.7112326  23.17743539 24.58772366
 24.12798211 23.22092445 23.22092445 24.33300199 24.7554672  25.10959245
 25.29597416 25.58797217 26.91128231 26.44532803 27.70651093 29.51441352
 21.46272366 23.53156064 22.58722664 22.76739563 22.81709742 26.05392644
 23.50670974 25.21520875 25.89860835 25.45750497 28.694334   25.12201789
 26.18439364 27.32132207 22.25795229 21.96595427 24.19010934 23.55641153
 23.92296223 24.74925447 26.50124254 24.53802187 26.10984095 23.99130219
 25.45750497 27.58225646 26.32107356 27.93638171 22.30144135 22.59965209
 23.82355865 23.7055169  22.82331014 21.0526839  24.53802187 23.56262425
 25.51341948 26.71868787 26.51988072 27.76242545 24.91699801 27.75621272
 26.68141153 23.60611332]",52932.29733514537
2025-06-15 08:13:00+00:00,493,5093.35,9.0,24.77933296409778,24.821788021868787,28.799950298210735,"[22.38841948 23.78006958 24.23359841 24.53180915 24.0472167  25.71222664
 26.55715706 26.25894632 24.77410537 26.12847913 27.74378728 27.78727634
 27.47042744 22.15233598 22.36978131 22.54373757 21.45651093 23.87947316
 25.77435388 23.78628231 26.53851889 23.91053678 25.25248509 26.06013917
 26.12847913 25.74950298 26.3583499  22.47539761 21.31983101 21.78578529
 24.00994036 23.64960239 23.21471173 24.88593439 25.77435388 26.02286282
 25.55690855 25.66873757 26.22166998 25.92345924 26.26515905 23.07181909
 25.17793241 22.45675944 23.35760437 23.21471173 24.41998012 23.3638171
 26.0166501  26.33349901 26.56336978 26.27758449 26.99826044 25.84269384
 27.25298211 28.40233598 21.56212724 22.79224652 22.37599404 23.04075547
 24.8362326  23.53156064 25.30218688 26.01043738 24.84865805 25.42644135
 24.15904573 27.73757455 26.5944334  28.7999503  21.69880716 23.66824056
 22.66799205 23.89811133 23.08424453 24.84865805 24.93563618 24.84244533
 24.44483101 25.81784294 24.66848907 25.29597416 27.81833996 27.94259443
 22.38841948 23.28926441 21.99701789 24.68712724 23.82977137 25.28976143
 25.5444831  24.84865805 26.64413519 25.46371769 26.0166501  26.73732604
 27.07281312 27.8804672  27.81833996 22.23310139 21.71744533 24.14662028
 24.60014911 23.56262425 26.09120278 25.5444831  24.89214712 26.08499006
 26.24652087 26.09741551 28.16625249 27.20949304 28.16003976 21.47514911
 22.8667992  23.23956262 23.54398608 23.18364811 24.97291252 23.79249503
 24.97291252 25.61903579 24.89214712 26.3583499  27.78106362 27.0417495
 28.47067594 23.13394632 23.16500994 23.71794235 25.13444334 23.89189861
 22.77360835 24.05342942 24.15904573 26.55094433 24.41998012 25.28976143
 25.74329026 27.71893638 26.33971173 22.46297217 20.98434394 24.10313121
 24.45104374 23.47564612 23.7055169  24.98533797 24.81759443 24.01615308
 25.93588469 24.88593439 27.47042744 28.04821074 26.8305169  27.19085487
 21.41302187 22.9972664  22.60586481 21.89761431 24.9666998  23.34517893
 23.18986083 24.73682903 26.17818091 27.17842942 26.06635189 24.91699801
 25.90482107 28.46446322 23.72415507 22.82952286 22.2890159  24.54423459
 23.26441352 22.33250497 23.98508946 25.81784294 24.81138171 24.61878728
 23.74900596 27.15357853 26.7249006  28.28429423 20.80417495 19.97166998
 23.56883698 22.29522863 23.69930417 23.38245527 25.53205765 24.02236581
 24.90457256 26.16575547 26.06013917 25.25869781 24.33300199 28.14140159
 26.97962227 21.77335984]",52791.336364685536
2025-06-15 08:14:00+00:00,494,5137.14,9.0,24.910161850637287,24.957815606361827,28.60114314115308,"[22.94756461 24.19632207 23.32654076 23.02833002 24.30815109 23.78628231
 25.17171968 25.66252485 26.05392644 27.02311133 26.01043738 28.37748509
 26.51366799 22.37599404 24.7306163  22.98484095 23.92296223 23.82977137
 25.40780318 23.38866799 25.89239563 27.22191849 27.07281312 26.75596421
 27.52012922 25.71843936 26.67519881 23.19607356 21.81684891 21.66153082
 22.97862823 23.27683897 23.82355865 24.96048708 25.28354871 27.12251491
 25.44507952 24.86729622 24.7554672  25.26491054 27.33996024 21.68638171
 23.52534791 24.22738569 23.25198807 25.99801193 25.04125249 25.25869781
 23.89189861 26.29000994 25.96694831 24.58772366 25.32082505 28.37127237
 27.55119284 28.03578529 22.10884692 22.56237575 23.13394632 23.1028827
 24.96048708 23.08424453 24.08449304 23.60611332 27.01068588 25.10959245
 26.52609344 26.22166998 25.37052684 27.55740557 22.23931412 21.66774354
 24.20874751 23.43836978 24.51317097 24.90457256 23.92296223 24.89835984
 25.9110338  25.08474155 27.16600398 26.28379722 25.90482107 26.76838966
 22.16476143 19.64860835 23.04696819 24.51317097 24.23359841 23.41351889
 23.7055169  24.63742545 26.79324056 25.74950298 26.83672962 26.05392644
 26.08499006 27.0666004  27.48285288 22.38841948 23.8111332  24.21496024
 23.00347913 26.42047714 26.24030815 24.70576541 26.1222664  24.95427435
 27.52634195 23.47564612 25.68116302 27.72514911 27.73757455 24.22117296
 21.79199801 23.01590457 23.93538767 24.38270378 26.50124254 24.53180915
 26.65034791 26.27137177 28.54522863 26.33971173 27.52634195 27.88667992
 27.89910537 24.48210736 23.5750497  22.1833996  23.75521869 24.76167992
 24.9915507  24.89214712 22.82331014 25.77435388 26.27137177 24.89214712
 25.32082505 26.69383698 27.3026839  22.45054672 20.36928429 22.96620278
 25.76814115 22.66799205 22.93513917 25.0723161  26.8305169  24.59393638
 24.4945328  23.89811133 26.82430417 27.20328032 27.90531809 28.03578529
 23.39488072 24.4137674  24.01615308 22.92271372 25.3332505  25.35188867
 22.5250994  24.25223658 24.80516899 26.10362823 26.44532803 25.64388668
 27.81212724 28.60114314 20.61158052 20.65506958 24.14662028 21.74850895
 25.097167   22.5499503  24.30193837 25.59418489 27.01068588 25.90482107
 25.52584493 24.3889165  28.50173956 28.19110338 21.10238569 21.76093439
 23.0221173  23.61853877 23.38866799 23.60611332 24.60636183 25.7805666
 25.10959245 26.63792247 26.65656064 28.59493042 28.33399602 26.27137177
 27.81833996 22.6804175 ]",53229.03748749211
2025-06-15 08:15:00+00:00,495,5097.339999999999,9.0,24.794314414532217,24.834182405566597,29.37152087475149,"[22.00944334 24.55044732 22.83573559 23.65581511 24.34542744 25.66873757
 26.24652087 25.69980119 24.32678926 25.55069583 25.61282306 26.87400596
 28.76888668 22.72390656 22.07157058 22.58101392 22.19582505 23.08424453
 24.66227634 24.86729622 25.64388668 26.47017893 26.44532803 25.19035785
 27.45178926 25.60661034 28.02957256 22.38220676 22.56237575 23.30790258
 23.56262425 24.65606362 21.98459245 24.66848907 25.73086481 25.83648111
 27.07281312 26.92992048 27.71893638 26.22166998 27.63817097 22.38841948
 21.46272366 22.61829026 23.91053678 23.53156064 23.61853877 24.46968191
 24.64363817 22.74254473 26.58822068 25.50099404 26.83672962 26.79945328
 25.19035785 27.6443837  21.72365805 22.63071571 23.47564612 23.94781312
 23.50670974 24.81138171 24.76167992 24.98533797 23.37624254 25.27733598
 25.56312127 27.91153082 26.73111332 27.10387674 22.97241551 24.0472167
 24.46346918 22.00944334 25.48235586 23.40109344 26.10984095 25.92967197
 24.95427435 25.44507952 25.82405567 27.29647117 26.91749503 26.83672962
 21.30119284 22.91028827 22.30765408 23.15879722 22.28280318 23.91053678
 22.90407555 24.21496024 26.09741551 25.30218688 25.17171968 25.96073559
 28.1165507  28.3277833  27.37102386 22.56237575 22.6804175  24.2584493
 25.07852883 22.2890159  25.38916501 24.38270378 25.4388668  26.15954274
 25.9110338  25.98558648 26.65656064 25.38916501 26.88643141 22.4194831
 21.69880716 22.19582505 22.0777833  23.86704771 24.10313121 24.09691849
 25.87375746 25.42022863 25.2027833  26.94234592 27.48906561 27.78106362
 28.6694831  22.10263419 23.08424453 22.15854871 23.84840954 24.42619284
 23.16500994 25.22142147 24.50074553 24.24602386 25.0723161  27.46421471
 26.55715706 27.18464215 27.15979125 19.43116302 21.00298211 22.94756461
 24.27087475 23.0221173  22.39463221 23.93538767 26.49502982 24.06585487
 24.4137674  26.805666   27.09766402 26.88643141 28.11033797 28.12276342
 20.8166004  22.85437376 23.63096421 23.51292247 23.37624254 24.7306163
 24.30815109 25.74329026 25.02261431 26.22166998 27.66923459 26.40183897
 29.16028827 28.43961233 21.13966203 21.89761431 23.22092445 22.76739563
 23.79249503 23.51292247 25.72465209 25.45129225 26.09741551 26.32107356
 25.60661034 26.57579523 29.37152087 26.68141153 21.70501988 22.82331014
 22.50646123 23.32032803 24.61878728 25.18414513 23.76143141 24.13419483
 25.94831014 25.96694831 25.81163022 25.82405567 26.35213718 27.6443837
 28.49552684 22.36978131]",52841.458305258995
2025-06-15 08:16:00+00:00,496,5152.91,9.0,24.95990941251908,25.006802932405563,29.11679920477137,"[22.47539761 23.88568588 24.00372763 25.12201789 24.57529821 24.82380716
 25.15308151 27.277833   26.21545726 26.54473161 25.17793241 29.1167992
 26.1222664  21.33225646 22.73011928 21.03404573 23.74900596 22.84816103
 25.84269384 24.20874751 26.05392644 26.3832008  25.22142147 25.93588469
 25.40159046 27.93638171 27.80591451 22.13369781 22.49403579 23.93538767
 22.2890159  25.58175944 22.97241551 24.12176938 25.17171968 24.43240557
 26.42668986 25.37052684 25.62524851 26.40183897 28.9055666  21.69259443
 22.27659046 23.88568588 23.81734592 24.08449304 25.08474155 24.51317097
 27.277833   25.26491054 24.8362326  26.50745527 28.20352883 27.55119284
 26.79945328 27.32753479 22.21446322 22.18961233 23.52534791 23.65581511
 23.68687873 24.36406561 25.46371769 25.24005964 26.07877734 24.95427435
 27.59468191 26.42668986 28.1973161  28.24080517 21.14587475 21.46893638
 23.73036779 22.89786282 23.76764414 24.36406561 25.05989066 24.25223658
 25.78677932 24.4137674  27.5387674  26.81187873 28.76267396 27.43315109
 23.28926441 23.19607356 22.61207753 24.01615308 25.45750497 23.64338966
 22.77360835 23.89811133 25.44507952 26.57579523 26.60064612 26.15954274
 26.31486083 25.82405567 28.13518887 23.32654076 22.77360835 24.64363817
 25.26491054 25.39537773 23.33275348 24.46968191 25.20899602 24.92942346
 25.05367793 27.14736581 26.89264414 27.0417495  27.37723658 23.51913519
 22.37599404 22.64935388 23.35760437 24.152833   24.38270378 24.152833
 25.74950298 25.6749503  27.58846918 28.09791252 26.78081511 27.32753479
 27.56983101 22.45054672 24.23981113 23.14637177 23.50670974 22.68663022
 24.57529821 24.66227634 24.96048708 25.71843936 24.61257455 25.89860835
 26.07877734 27.83076541 26.83672962 23.14637177 23.09045726 22.45675944
 23.08424453 24.54423459 24.7554672  24.46346918 24.27708748 24.70576541
 24.33921471 24.92942346 25.43265408 26.65034791 26.5944334  27.66302187
 22.2890159  22.13991054 23.04075547 22.444334   22.71769384 25.76192843
 25.02261431 25.24005964 27.0666004  27.50149105 26.20303181 27.97987078
 27.54498012 27.55119284 22.2082505  22.66177932 23.90432406 23.35139165
 25.3083996  24.99776342 24.30193837 26.39562624 26.4888171  26.24030815
 26.84294235 26.78081511 27.65680915 28.27808151 23.07181909 23.51292247
 22.97241551 22.71148111 23.92917495 24.20874751 24.43861829 22.64314115
 24.80516899 24.89835984 26.81187873 27.8556163  25.6749503  26.39562624
 27.24676938 23.51913519]",53395.472930523836
2025-06-15 08:17:00+00:00,497,5172.09,9.0,25.01811729116869,25.06638295228628,30.788021868787276,"[22.28280318 23.52534791 23.91053678 22.51888668 24.71819085 26.20924453
 25.22763419 25.36431412 25.29597416 26.67519881 28.222167   26.55094433
 29.07952286 22.39463221 22.91028827 24.48832008 22.83573559 23.97266402
 25.71222664 25.74329026 24.79895626 26.45775348 26.40805169 25.58175944
 27.09766402 27.00447316 28.68190855 22.91650099 23.17743539 23.30790258
 23.58126243 23.17122266 24.92321074 23.90432406 25.73707753 25.27733598
 26.51988072 25.89860835 25.61903579 26.81809145 27.89910537 19.69209742
 22.14612326 22.84194831 23.48807157 25.61903579 24.56908549 23.92296223
 25.36431412 25.32703777 25.90482107 26.94855865 26.10362823 27.80591451
 29.88096421 27.35238569 23.28926441 21.62425447 22.76739563 23.48807157
 23.82355865 24.84244533 24.54423459 25.25869781 26.20924453 25.37052684
 27.4083002  26.5695825  27.99229622 27.43315109 21.87897614 23.79249503
 23.51913519 23.38245527 25.66873757 26.06013917 24.11555666 25.15929423
 24.30193837 24.40134195 24.67470179 26.62549702 26.65656064 28.55144135
 21.29498012 22.19582505 21.51242545 22.47539761 22.6555666  24.69333996
 26.2278827  24.71197813 26.30243539 25.85511928 27.23434394 25.32703777
 27.80591451 26.42047714 27.29025845 22.74254473 23.4694334  21.8665507
 24.43861829 25.40159046 24.91699801 26.09741551 25.56312127 26.01043738
 26.82430417 27.01689861 25.89239563 29.83747515 30.78802187 20.4500497
 23.48185885 23.87326044 21.55591451 23.11530815 23.84840954 23.84840954
 25.10337972 25.45129225 26.86779324 26.2527336  27.5387674  27.33996024
 27.94259443 22.38841948 22.36978131 24.18389662 24.32678926 24.46346918
 24.14662028 23.66202783 25.37052684 23.56262425 26.3832008  26.79324056
 26.78702783 27.17842942 27.90531809 22.46297217 22.07157058 21.76714712
 23.30790258 24.30193837 25.8054175  23.76143141 25.15929423 27.55740557
 26.78702783 25.71222664 25.87997018 27.02932406 28.04821074 28.30293241
 23.48185885 23.0221173  22.9972664  22.92892644 23.4694334  24.78653082
 25.21520875 25.63146123 25.16550696 26.73111332 26.60064612 26.37698807
 26.71247515 27.35859841 22.58101392 23.73658052 23.62475149 24.43861829
 24.53802187 25.04125249 23.40730616 26.60685885 26.47017893 24.09070577
 25.76192843 26.16575547 27.3834493  26.92992048 21.41923459 23.17122266
 22.88543738 22.90407555 25.25869781 25.18414513 25.3332505  24.22738569
 24.60636183 24.61257455 26.94855865 26.24652087 25.84269384 25.58797217
 28.694334   23.28926441]",53590.21320933397
2025-06-15 08:18:00+00:00,498,5117.1,9.0,24.85744758748319,24.89556411530815,29.383946322067594,"[23.75521869 21.99080517 25.19657058 24.43240557 23.52534791 25.99801193
 25.59418489 24.66848907 27.45178926 25.45129225 26.3583499  29.38394632
 27.81212724 23.15258449 22.40084493 23.66202783 23.08424453 25.68116302
 23.76764414 22.61207753 23.97887674 23.65581511 25.49478131 26.04771372
 27.71893638 27.61332008 27.42072565 22.444334   22.95999006 24.88593439
 23.09045726 23.2333499  22.56237575 24.74925447 26.4888171  25.58175944
 24.89835984 26.02907555 26.47017893 26.44532803 25.28354871 23.54398608
 22.40084493 21.52485089 22.87301193 22.81709742 24.28951292 24.00994036
 23.2582008  24.60014911 26.66898608 27.01689861 26.51988072 26.8305169
 26.04771372 27.46421471 22.4194831  22.45054672 22.25173956 21.50621272
 24.22117296 24.22738569 25.94209742 24.94184891 25.69980119 26.29000994
 25.42644135 27.56361829 25.73707753 27.47664016 21.6056163  22.88543738
 23.15258449 23.40109344 23.87947316 23.50670974 25.33946322 24.17147117
 25.10959245 24.66227634 26.5695825  25.57554672 27.40208748 28.14761431
 22.34493042 23.71172962 22.99105368 24.78653082 24.72440358 26.15954274
 24.64985089 24.22117296 23.97887674 25.94831014 27.03553678 25.83648111
 27.40208748 27.83076541 28.07306163 23.63717694 23.96645129 24.33921471
 22.6555666  23.1277336  22.7860338  26.09741551 26.61928429 26.42047714
 26.26515905 26.68762425 25.55069583 28.96148111 26.55715706 24.19632207
 21.20178926 23.61853877 25.83026839 24.43861829 24.63121272 26.75596421
 25.11580517 25.3332505  25.43265408 26.82430417 25.3332505  27.86804175
 25.74329026 22.60586481 22.82952286 22.26416501 23.41351889 24.00372763
 24.50074553 24.63121272 25.14686879 26.54473161 26.19060636 25.79920477
 25.91724652 27.56361829 25.55069583 21.16451292 23.8359841  22.86058648
 23.20228628 24.35785288 23.5999006  23.84219682 24.27087475 25.13444334
 24.84244533 25.53827038 26.54473161 27.11630219 26.8305169  29.00497018
 23.53777336 22.79845924 21.96595427 24.06585487 23.4445825  25.61282306
 25.50099404 26.49502982 25.78677932 25.68737575 26.06013917 26.63170974
 25.06610338 25.98558648 21.27634195 23.53777336 22.12127237 23.30790258
 23.27062624 23.65581511 24.63742545 23.93538767 25.72465209 26.17818091
 27.19706759 25.94209742 27.12872763 27.96744533 20.44383698 21.93489066
 22.84816103 25.2027833  25.79920477 22.53752485 23.9416004  25.71222664
 26.08499006 26.87400596 26.2527336  25.75571571 26.53851889 27.40208748
 25.83648111 22.17097416]",53052.67664868376
2025-06-15 08:19:00+00:00,499,5164.719999999999,9.0,24.99958578277336,25.043489065606362,28.936630218687874,"[23.56262425 22.12748509 22.2890159  24.34542744 23.63096421 26.23409543
 23.86704771 26.19681909 25.91724652 28.32157058 27.76863817 27.14736581
 27.25919483 22.47539761 22.63692843 25.42022863 24.31436382 24.60014911
 24.16525845 24.91699801 24.84865805 25.55690855 24.58151093 25.9917992
 27.08523857 27.76242545 27.66302187 22.71769384 21.91625249 23.30790258
 22.20203777 22.25173956 24.52559642 25.91724652 22.9972664  25.60039761
 25.58797217 25.01640159 25.24005964 27.78727634 26.02907555 20.46247515
 22.5250994  23.43215706 23.74900596 21.10238569 23.93538767 24.67470179
 24.44483101 25.71222664 26.30243539 25.38295229 27.71893638 27.07902584
 26.27758449 25.61282306 23.05939364 22.16476143 21.83548708 24.83001988
 24.19010934 25.32082505 24.27708748 24.69333996 26.11605368 25.78677932
 26.2527336  28.29671968 28.54522863 26.68141153 21.86033797 23.02833002
 23.69309145 26.02907555 23.12152087 25.23384692 23.55641153 25.81163022
 24.87972167 26.4639662  25.93588469 26.45775348 27.40208748 26.65034791
 22.61829026 21.96595427 23.28926441 24.01615308 24.12176938 24.50074553
 25.84269384 26.04771372 26.4639662  25.86754473 26.06013917 26.62549702
 25.50099404 28.16625249 28.38991054 21.58697813 24.5193837  23.48807157
 23.84840954 25.46993042 24.68712724 25.49478131 24.84865805 27.3026839
 25.55690855 24.48210736 27.84940358 26.53230616 26.27758449 22.37599404
 22.84816103 24.91078529 24.77410537 24.35785288 25.15929423 24.55666004
 25.73707753 26.71868787 26.5944334  26.21545726 27.79348907 25.68737575
 27.66923459 21.65531809 23.38245527 24.53802187 23.75521869 24.74925447
 23.22713718 25.75571571 26.19681909 26.5695825  27.53255467 26.94855865
 26.805666   27.3834493  28.93663022 22.13991054 22.54373757 23.01590457
 25.51341948 23.21471173 23.22092445 23.86083499 23.9416004  26.01043738
 26.04150099 27.76863817 26.60685885 25.19657058 28.7750994  28.22837972
 23.11530815 23.87326044 22.05293241 25.71843936 23.91053678 24.33921471
 24.32057654 24.55044732 25.44507952 24.43861829 28.80616302 25.92345924
 25.9917992  28.68812127 23.28926441 21.81063618 23.25198807 24.11555666
 23.0221173  24.22117296 25.74950298 24.625      23.65581511 27.48285288
 24.58772366 26.08499006 26.84294235 27.3834493  23.56883698 21.23906561
 22.54373757 23.73658052 24.04100398 23.58747515 25.11580517 25.15308151
 24.12798211 26.11605368 25.05989066 26.32107356 27.88667992 27.99229622
 28.74403579 23.46322068]",53528.21419484654
2025-06-15 08:20:00+00:00,500,5203.28,9.0,25.114988792221823,25.163270377733596,28.93041749502982,"[22.02808151 22.90407555 21.93489066 23.30168986 24.77410537 25.77435388
 26.5944334  24.3889165  26.32107356 27.42693837 27.42072565 27.49527833
 26.51366799 22.25795229 23.5750497  25.39537773 24.53180915 25.38916501
 23.59368787 23.46322068 25.82405567 25.56312127 27.8556163  27.44557654
 26.23409543 27.42693837 27.24676938 24.08449304 24.39512922 25.17171968
 21.67395626 22.27659046 24.35164016 24.94806163 25.02882704 25.17171968
 25.45750497 25.79299205 26.99204771 28.08548708 26.71247515 22.27037773
 24.2584493  23.78006958 24.15904573 23.95402584 24.01615308 24.78031809
 26.02286282 26.37077535 25.31461233 27.03553678 27.80591451 26.89885686
 28.30293241 27.19085487 21.61182903 23.23956262 23.02833002 25.75571571
 23.91053678 24.38270378 26.06635189 23.98508946 24.61878728 27.3026839
 26.2278827  28.16625249 27.22191849 25.87997018 21.66153082 22.06535785
 24.84244533 22.13991054 23.53777336 23.40730616 25.12201789 25.68737575
 25.81784294 26.1222664  26.92992048 26.76838966 27.88667992 27.43936382
 23.22092445 23.59368787 22.6555666  23.92917495 23.68687873 23.63717694
 25.38916501 24.81759443 25.68737575 25.12823062 27.5139165  26.85536779
 27.01068588 27.93016899 28.10412525 21.48136183 22.33250497 23.19607356
 22.82952286 23.20849901 24.30193837 24.50074553 26.07256461 26.09741551
 26.77460239 27.48285288 26.5944334  27.47042744 27.81833996 22.46297217
 23.14015905 23.69930417 23.96645129 24.30193837 24.02857853 24.86729622
 24.06585487 24.97291252 25.93588469 26.66898608 28.9304175  27.47042744
 27.60089463 21.40680915 22.88543738 21.72365805 22.85437376 25.53827038
 24.32057654 24.16525845 25.01018887 26.61928429 27.43936382 25.94831014
 27.22191849 27.01068588 28.63220676 22.17718688 21.80442346 23.41973161
 23.61853877 24.18389662 25.23384692 24.8610835  23.96645129 25.36431412
 26.17196819 27.17842942 27.01689861 27.93016899 28.47067594 28.37127237
 22.2082505  23.84219682 23.51292247 23.99130219 23.37002982 23.59368787
 24.40134195 22.444334   24.95427435 26.33349901 26.39562624 27.45178926
 28.55144135 27.94880716 21.90382704 21.94110338 23.41973161 24.59393638
 24.9666998  23.84219682 24.12176938 25.45750497 24.70576541 26.2278827
 25.85511928 26.45154076 28.52037773 27.88667992 22.77360835 23.40109344
 25.32703777 23.89811133 24.1776839  24.61257455 26.27137177 24.05342942
 26.17196819 24.68091451 27.67544732 27.24055666 25.22142147 28.09791252
 28.07927435 24.28951292]",53914.30650325732
2025-06-15 08:21:00+00:00,501,5187.48,9.0,25.069974303849854,25.11418986083499,29.328031809145127,"[23.99751491 22.73011928 23.47564612 24.63742545 24.09070577 26.66277336
 24.1776839  25.23384692 27.32132207 26.7249006  28.05442346 27.83076541
 28.63841948 21.2887674  21.72987078 24.76789264 24.92321074 24.27087475
 24.87972167 24.46346918 26.2278827  26.05392644 26.29000994 25.27733598
 26.73732604 28.25323062 25.83648111 22.43190855 23.46322068 24.12176938
 24.14662028 25.79299205 24.4945328  23.00347913 24.92942346 27.29647117
 27.58225646 27.57604374 27.37102386 26.75596421 27.3026839  22.87301193
 22.91028827 23.78628231 21.0526839  23.90432406 24.17147117 25.33946322
 24.76167992 25.57554672 26.67519881 25.20899602 26.9609841  27.45800199
 27.9612326  28.46446322 21.80442346 22.87922465 22.40705765 23.61853877
 24.38270378 25.07852883 25.10959245 24.11555666 25.8861829  25.66873757
 26.50745527 26.24030815 28.91799205 27.12251491 21.37574553 21.91003976
 22.32007952 23.28305169 23.53777336 24.19632207 25.3083996  25.14065606
 25.77435388 26.71247515 25.93588469 27.46421471 27.20949304 29.32803181
 21.59940358 23.81734592 22.05914513 24.32678926 24.60014911 23.63096421
 24.66227634 26.32728628 25.76814115 27.1722167  26.30864811 26.14090457
 27.93016899 28.13518887 28.65705765 23.1277336  21.02162028 22.77982107
 22.74875746 24.94184891 25.3083996  25.45750497 26.35213718 25.24627237
 26.53230616 26.62549702 26.23409543 27.35859841 28.01714712 22.25795229
 23.23956262 21.97837972 24.17147117 23.53156064 26.07877734 23.16500994
 24.32057654 25.50099404 26.69383698 26.79324056 27.63195825 27.24676938
 26.84915507 21.17072565 23.79249503 21.66774354 22.17097416 25.08474155
 24.21496024 24.2584493  23.85462227 26.78081511 25.89860835 25.13444334
 27.21570577 27.02311133 28.88071571 21.09617296 20.48111332 24.40134195
 22.43190855 22.04050696 24.43861829 26.10984095 26.21545726 26.2278827
 26.96719682 27.15357853 25.48235586 25.63146123 27.89910537 29.04845924
 21.66774354 23.59368787 23.8111332  24.66227634 23.05318091 24.625
 23.79870775 25.55690855 26.82430417 27.1722167  24.40134195 26.24030815
 26.35213718 28.65705765 22.82331014 21.95352883 23.38866799 23.51292247
 24.43240557 25.17793241 23.99130219 23.58126243 24.84865805 25.76814115
 26.51366799 26.88643141 26.86158052 27.66302187 21.63667992 23.64960239
 21.93489066 24.20874751 25.28354871 25.34567594 26.58822068 24.11555666
 26.52609344 27.65680915 25.71843936 25.4140159  26.51366799 28.38991054
 27.52634195 22.2082505 ]",53763.70603096008
2025-06-15 08:22:00+00:00,502,5206.59,9.0,25.127981961420534,25.173552435387673,29.67594433399602,"[23.38245527 22.25795229 25.15308151 24.63742545 25.6500994  25.42022863
 25.32082505 26.7000497  24.83001988 25.04125249 27.15979125 26.90506958
 27.94259443 22.82952286 24.05342942 22.75497018 23.50049702 23.97266402
 24.60636183 24.92321074 25.68116302 24.73682903 26.77460239 24.84244533
 28.70675944 27.49527833 27.25919483 23.11530815 21.92867793 22.444334
 23.74279324 23.22713718 22.9972664  25.10337972 25.37673956 26.19060636
 24.48210736 24.33300199 26.69383698 28.37127237 28.47688867 23.32032803
 21.55591451 21.29498012 23.68687873 23.91053678 24.37649105 23.98508946
 26.71247515 26.9609841  25.81163022 24.41998012 28.67569583 25.97316103
 27.52012922 27.09766402 23.45079523 23.37624254 24.35785288 21.50621272
 23.27683897 24.99776342 25.83648111 27.3834493  25.15308151 25.40159046
 25.08474155 26.27758449 27.31510934 28.63220676 22.68663022 23.63096421
 23.50670974 23.84219682 24.31436382 25.4388668  25.55690855 24.33921471
 27.81212724 24.57529821 24.20253479 24.68712724 26.78702783 26.43290258
 22.55616302 21.21421471 23.14637177 25.02882704 24.81759443 24.7554672
 24.33921471 24.7306163  25.51341948 25.4388668  25.84890656 26.79945328
 27.20328032 29.67594433 28.35263419 22.26416501 23.28305169 22.46918489
 24.76789264 24.9666998  23.14015905 25.31461233 24.39512922 26.92992048
 26.66277336 27.42693837 26.22166998 28.87450298 28.54522863 24.65606362
 24.52559642 22.80467197 23.05318091 23.58126243 25.02261431 25.36431412
 26.3832008  24.152833   25.28976143 26.63792247 28.15382704 28.5390159
 27.48285288 22.40084493 21.92867793 22.1833996  23.26441352 24.15904573
 26.02286282 25.77435388 24.5193837  25.79920477 25.73707753 26.9361332
 27.45800199 28.06063618 27.65680915 22.5250994  22.73011928 23.58747515
 23.99751491 23.84840954 24.8362326  25.3083996  25.77435388 25.97316103
 24.88593439 27.07281312 26.58200795 26.16575547 29.02360835 28.9055666
 24.05342942 23.15879722 22.55616302 24.25223658 25.51341948 25.38916501
 24.90457256 25.89860835 24.98533797 26.14090457 26.88643141 26.27137177
 27.48906561 27.41451292 23.41351889 22.01565606 24.25223658 25.11580517
 23.51913519 25.19035785 25.21520875 25.53827038 26.38941352 24.625
 25.50720676 26.66898608 26.99204771 27.50149105 22.77360835 24.05964215
 22.58722664 22.87301193 23.05939364 24.37649105 24.15904573 23.71172962
 26.23409543 27.48906561 27.16600398 25.76192843 27.46421471 28.43961233
 27.01068588 23.05318091]",53957.77645012855
2025-06-15 08:23:00+00:00,503,5197.43,9.0,25.10256479088067,25.145098161033793,29.067097415506954,"[23.38245527 23.27683897 24.37649105 24.152833   23.84840954 24.48210736
 25.84890656 26.0166501  25.84269384 26.79945328 26.37077535 26.99204771
 28.17246521 23.34517893 23.55019881 23.10909543 23.47564612 21.57455268
 24.97912525 25.0723161  25.19035785 25.74329026 27.63195825 26.19060636
 27.68787276 26.79324056 27.84319085 22.84816103 22.46297217 24.00372763
 24.79274354 25.24627237 24.78653082 25.40159046 23.68687873 24.87972167
 25.60039761 26.75596421 26.51366799 27.02311133 26.79324056 23.9416004
 21.11481113 23.97266402 25.29597416 24.03479125 25.12201789 25.24005964
 24.61257455 25.71843936 24.0472167  26.09120278 25.03503976 26.06635189
 28.0916998  28.84965209 22.64935388 22.54373757 23.30168986 21.99701789
 24.11555666 22.8916501  25.58175944 24.12798211 26.37698807 26.13469185
 25.9917992  26.20303181 27.78727634 27.66302187 22.58722664 25.07852883
 24.53802187 25.46371769 23.65581511 24.98533797 24.46346918 24.87350895
 27.99229622 27.33996024 26.09741551 27.78727634 28.00472167 27.97987078
 21.68016899 22.63692843 22.96620278 23.64338966 24.46346918 23.74900596
 23.48185885 24.97912525 25.58175944 25.33946322 25.84269384 27.63195825
 27.07281312 27.8804672  28.88071571 22.46918489 22.7860338  23.72415507
 24.74925447 23.97266402 24.11555666 24.89835984 25.4388668  26.5695825
 25.94831014 26.03528827 27.83076541 29.06709742 29.0111829  22.29522863
 23.74279324 22.07157058 24.90457256 26.07256461 23.63717694 26.19681909
 24.79895626 24.04100398 25.99801193 27.22191849 26.86779324 27.06038767
 27.5387674  24.30193837 23.32654076 22.26416501 23.09666998 23.76764414
 25.01018887 24.05342942 24.4137674  25.8054175  26.03528827 26.86158052
 26.67519881 26.3832008  28.08548708 22.77360835 22.32629225 21.25149105
 24.05342942 25.15308151 24.43240557 25.10959245 25.21520875 25.46371769
 27.49527833 26.78702783 24.60636183 27.57604374 27.46421471 27.07281312
 22.82952286 23.18364811 23.68687873 24.37027833 21.64289264 24.1776839
 24.08449304 25.73707753 26.78081511 26.10984095 26.34592445 26.16575547
 27.86182903 27.55740557 23.05939364 23.23956262 21.34468191 23.47564612
 24.1776839  24.59393638 24.73682903 25.04125249 26.91128231 25.35188867
 27.81212724 25.76192843 26.9361332  27.8556163  22.00323062 23.27062624
 22.06535785 23.27062624 25.53205765 23.53156064 24.92321074 24.50074553
 25.37673956 26.19681909 27.77485089 26.06635189 25.87375746 27.58225646
 27.86182903 22.61207753]",53872.74076437038
2025-06-15 08:24:00+00:00,504,5165.879999999999,9.0,25.011074898671545,25.047092445328026,30.079771371769382,"[23.2333499  24.26466203 23.21471173 23.84219682 24.44483101 24.14040755
 26.43911531 25.69980119 25.32082505 27.81212724 27.84319085 27.68787276
 27.03553678 23.32654076 22.43190855 22.27659046 23.58747515 23.86704771
 24.05964215 23.32032803 24.82380716 26.84915507 26.64413519 26.33971173
 27.16600398 25.59418489 27.66923459 22.21446322 21.88518887 23.56883698
 23.14637177 25.03503976 23.84840954 26.3832008  24.05964215 25.66873757
 24.07206759 25.14686879 27.09145129 29.06709742 26.07877734 21.75472167
 23.27683897 23.02833002 23.4694334  24.77410537 25.23384692 25.47614314
 26.10984095 26.60064612 25.66252485 26.40805169 26.54473161 25.32082505
 27.37102386 30.07977137 22.99105368 25.2027833  23.01590457 24.00372763
 23.56262425 24.93563618 25.66873757 26.2278827  24.83001988 27.52012922
 27.74378728 24.29572565 26.1471173  27.8556163  21.38817097 24.50074553
 24.74925447 24.08449304 25.097167   23.3638171  25.46371769 23.74900596
 26.37077535 23.7055169  26.65656064 26.17818091 24.57529821 28.38369781
 22.90407555 22.8916501  21.8665507  21.64910537 24.87350895 24.09070577
 25.16550696 25.08474155 25.60039761 25.3083996  25.6500994  25.91724652
 29.26590457 27.75       27.91153082 21.10859841 22.88543738 23.79249503
 22.72390656 23.1277336  24.37027833 23.51292247 28.25944334 24.87350895
 27.20949304 26.48260437 26.42047714 27.07281312 28.76267396 21.59319085
 23.11530815 23.79870775 22.43190855 25.097167   22.57480119 25.13444334
 25.4388668  24.71819085 26.33349901 27.48285288 27.25298211 27.11630219
 27.53255467 21.027833   23.1277336  23.56262425 23.15258449 24.55666004
 25.17171968 25.06610338 24.89214712 25.58797217 24.56287276 27.04796223
 26.73111332 28.21595427 26.32728628 21.12102386 22.45675944 22.26416501
 23.92296223 23.79249503 25.23384692 22.8667992  23.38245527 25.99801193
 26.68141153 26.8305169  25.4388668  27.84319085 27.31510934 27.58225646
 22.71148111 25.22142147 23.27683897 24.20253479 22.25173956 23.84840954
 24.67470179 25.02261431 25.79920477 25.79920477 24.87350895 27.50149105
 27.97987078 26.47017893 22.66177932 21.6056163  23.82355865 23.99130219
 23.92917495 24.58772366 26.02286282 26.94234592 24.51317097 25.69358847
 27.22813121 27.47664016 26.79324056 27.58225646 23.38866799 22.2082505
 24.14662028 22.7611829  23.78628231 24.39512922 22.96620278 25.69980119
 26.09120278 25.8054175  27.25298211 25.52584493 28.00472167 28.3277833
 26.63170974 22.45054672]",53566.65218099553
2025-06-15 08:25:00+00:00,505,5231.22,9.0,25.205512751053533,25.25006212723658,29.651093439363816,"[22.74875746 23.27683897 23.63717694 24.23981113 25.06610338 25.72465209
 25.28354871 26.56336978 27.3834493  27.16600398 26.74975149 26.84915507
 28.53280318 21.52485089 22.56237575 23.86083499 23.81734592 22.7611829
 24.66227634 24.05964215 26.06013917 27.87425447 27.71272366 27.63817097
 25.83648111 26.89885686 28.65705765 24.69333996 23.60611332 24.69333996
 24.77410537 23.09666998 24.16525845 24.42619284 25.38916501 24.63121272
 26.51988072 26.5695825  26.38941352 27.34617296 27.60089463 21.20800199
 23.32032803 22.73633201 24.10313121 24.60636183 24.61257455 24.67470179
 26.14090457 23.75521869 26.53230616 25.81784294 26.58822068 28.37748509
 26.34592445 27.74378728 20.43762425 22.32629225 24.27087475 21.95352883
 25.097167   26.15954274 23.63096421 26.77460239 26.3832008  26.75596421
 27.35238569 26.75596421 27.11630219 27.93638171 22.36356859 21.40059642
 21.81063618 23.59368787 23.91053678 26.58200795 25.33946322 26.79945328
 27.95501988 26.18439364 26.5695825  25.87997018 27.99850895 29.65109344
 22.56237575 22.91650099 23.1277336  23.79249503 24.63742545 24.32057654
 25.14065606 25.39537773 24.88593439 26.26515905 26.78081511 25.84890656
 27.26540755 28.74403579 28.12897614 25.77435388 23.17122266 24.55044732
 25.24005964 22.93513917 24.92942346 24.10313121 25.19035785 25.09095427
 25.89239563 27.07902584 28.21595427 27.76242545 28.694334   22.11505964
 23.33275348 22.07157058 23.58126243 23.94781312 24.45104374 26.30243539
 25.83648111 25.99801193 24.9666998  26.61307157 27.31510934 25.83026839
 28.04199801 22.72390656 20.66128231 21.66153082 23.71172962 23.12152087
 23.81734592 25.25248509 25.75571571 26.32728628 25.79920477 25.97937376
 27.59468191 26.21545726 28.36505964 23.48807157 23.04075547 23.09666998
 23.27062624 24.56908549 24.60636183 24.90457256 24.48832008 26.78702783
 26.08499006 26.76838966 27.45800199 28.73782306 28.9304175  27.12872763
 22.04671968 22.07157058 24.33300199 24.8362326  24.36406561 24.7306163
 25.40159046 24.33300199 26.49502982 25.51341948 25.87997018 25.84269384
 28.57629225 27.89289264 21.67395626 22.63692843 24.91078529 22.6555666
 23.20228628 24.14662028 24.80516899 24.81138171 26.10362823 26.65656064
 27.63817097 27.35859841 27.5139165  27.13494036 22.12748509 22.71148111
 24.20253479 22.53752485 23.59368787 23.62475149 27.15357853 24.89214712
 25.17793241 26.8305169  25.72465209 27.09145129 26.29622266 25.96073559
 29.21620278 23.51292247]",54217.16345992469
2025-06-15 08:26:00+00:00,506,5254.02,9.0,25.274414288917846,25.320887176938367,29.613817097415506,"[23.93538767 25.49478131 24.01615308 25.42644135 24.65606362 24.92321074
 25.48856859 25.09095427 25.58797217 27.19706759 27.38966203 27.42693837
 28.73161034 22.09020875 23.89811133 25.51963221 25.2027833  24.04100398
 23.34517893 25.097167   26.30864811 25.81163022 26.32107356 27.48906561
 27.37102386 26.02907555 27.84940358 23.43215706 23.82355865 24.43861829
 24.06585487 22.4194831  24.55666004 23.99130219 24.03479125 24.39512922
 27.12872763 26.53851889 27.18464215 28.60114314 27.30889662 22.46918489
 23.17122266 22.38841948 24.89214712 22.92271372 25.3332505  24.82380716
 24.78031809 27.15357853 26.06635189 26.77460239 27.26540755 27.81833996
 28.84965209 26.97962227 23.85462227 22.2082505  23.04075547 21.77957256
 23.13394632 24.74925447 24.99776342 25.38295229 27.78106362 26.29000994
 26.92992048 26.94234592 28.04821074 28.24701789 21.92867793 24.94806163
 22.54373757 24.09070577 23.23956262 24.92321074 24.89835984 24.64985089
 26.69383698 25.92967197 26.28379722 26.63170974 26.22166998 26.52609344
 23.40730616 23.2333499  21.97837972 22.8916501  24.23981113 24.50695825
 24.38270378 25.24627237 26.29000994 25.87375746 26.55094433 27.0417495
 27.14115308 28.80616302 29.6138171  22.17718688 24.4137674  23.54398608
 25.10959245 23.96645129 24.78653082 26.24030815 25.76814115 25.31461233
 25.55069583 26.3832008  25.97316103 28.04821074 28.11033797 23.99130219
 21.36332008 23.21471173 23.20849901 24.09070577 25.6749503  23.56883698
 24.02857853 26.13469185 25.66252485 26.66277336 27.32753479 27.88667992
 29.4833499  23.02833002 21.8665507  23.0221173  21.972167   23.77385686
 25.46993042 23.61853877 26.15333002 26.73111332 27.09766402 24.8610835
 28.34020875 26.35213718 27.24676938 21.54348907 20.95328032 24.51317097
 23.17743539 22.96620278 24.12798211 24.78653082 25.16550696 24.69955268
 26.53851889 26.53851889 26.8305169  26.66277336 28.47688867 27.92395626
 21.43166004 21.99080517 24.00994036 24.69955268 24.07206759 26.08499006
 25.48235586 25.63146123 26.84915507 26.54473161 27.0666004  27.81212724
 27.91774354 28.02335984 23.81734592 23.96023857 24.12798211 24.58772366
 26.4639662  25.01640159 25.37052684 25.00397614 26.88643141 27.01689861
 27.01689861 24.97291252 29.3777336  27.90531809 22.8667992  23.45079523
 24.00994036 23.64960239 24.23359841 23.84219682 25.04746521 24.14040755
 26.32728628 26.30864811 25.55069583 26.36456262 27.68166004 27.9860835
 29.23484095 22.77360835]",54447.68044500354
2025-06-15 08:27:00+00:00,507,5281.06,9.0,25.355829307508774,25.40488320079523,29.78777335984095,"[23.13394632 23.69930417 22.19582505 24.8610835  24.59393638 24.89835984
 25.22763419 26.84915507 26.55094433 27.20949304 26.94234592 27.00447316
 28.70054672 23.08424453 22.63692843 25.55069583 23.94781312 23.17122266
 26.3583499  26.08499006 25.77435388 26.1222664  26.05392644 26.71247515
 26.20924453 27.39587475 26.99826044 21.90382704 23.72415507 22.77982107
 23.14015905 23.43836978 26.18439364 24.97291252 25.63767396 24.22738569
 26.7000497  26.9361332  27.15979125 28.29671968 27.90531809 24.152833
 21.94110338 24.05342942 22.54373757 23.55641153 23.95402584 23.87326044
 25.30218688 25.84890656 26.30243539 26.45775348 27.59468191 25.55690855
 27.75621272 27.86804175 24.32057654 21.20178926 23.93538767 24.68712724
 25.44507952 23.3638171  24.86729622 26.81187873 25.6749503  26.17196819
 25.78677932 27.34617296 27.28404573 26.61928429 23.27683897 24.33300199
 22.93513917 24.03479125 25.37673956 25.24005964 25.96694831 24.35785288
 25.5444831  26.68762425 28.57629225 29.78777336 25.90482107 28.60735586
 22.41327038 23.30790258 23.86704771 24.5193837  22.70526839 24.60014911
 24.74304175 25.01018887 26.1222664  26.06013917 27.6443837  27.1722167
 27.49527833 29.29696819 28.694334   21.58697813 24.12176938 23.52534791
 24.89835984 25.87375746 25.71222664 25.51341948 26.7249006  25.75571571
 27.47664016 26.37077535 27.45800199 28.14761431 27.91153082 23.63717694
 22.40084493 24.4945328  23.86704771 24.40755467 24.40134195 25.51341948
 25.17171968 25.63767396 27.79970179 25.72465209 27.87425447 28.60735586
 29.02360835 23.9167495  22.59965209 22.87301193 24.81138171 24.58151093
 23.64960239 24.19632207 25.58797217 26.09120278 26.39562624 27.95501988
 26.61307157 27.02311133 28.17246521 21.91625249 23.40109344 23.08424453
 23.64338966 23.38245527 25.09095427 24.60636183 25.17793241 26.61307157
 26.8305169  27.49527833 26.58822068 27.63817097 26.69383698 28.09791252
 21.69880716 23.9167495  22.73011928 24.03479125 23.37624254 24.35785288
 24.46968191 25.05989066 26.9361332  26.92992048 25.84269384 25.7805666
 28.07927435 27.14736581 22.91028827 23.47564612 22.73633201 24.13419483
 22.92271372 24.71197813 25.92967197 26.29000994 25.569334   27.08523857
 27.07281312 28.20974155 28.26565606 27.91774354 23.28305169 24.09070577
 24.10313121 23.5999006  25.02261431 23.9416004  24.44483101 26.10362823
 26.1471173  26.41426441 25.79920477 27.58846918 25.9110338  26.67519881
 27.28404573 23.07803181]",54720.06253120136
2025-06-15 08:28:00+00:00,508,5271.34,9.0,25.328764982766216,25.374689363817097,30.39662027833002,"[22.70526839 23.41973161 23.66824056 24.66227634 23.1028827  25.76192843
 26.50124254 27.16600398 27.21570577 27.43936382 27.47042744 27.10387674
 28.58250497 21.67395626 22.23310139 22.02808151 24.152833   26.04771372
 25.51341948 25.53827038 25.15929423 27.91153082 26.13469185 26.92370775
 26.24030815 27.82455268 29.98036779 21.6056163  22.90407555 23.27683897
 23.54398608 23.24577535 25.11580517 24.03479125 24.9915507  27.0417495
 25.24627237 26.71868787 26.78081511 28.28429423 28.64463221 22.4194831
 23.07181909 22.76739563 23.92917495 26.26515905 24.07828032 27.16600398
 26.40805169 25.66252485 25.94209742 25.72465209 26.51988072 25.70601392
 27.02311133 28.98011928 21.91003976 22.83573559 24.99776342 24.82380716
 25.23384692 23.53156064 24.76789264 26.35213718 25.58797217 26.09120278
 27.56361829 27.6195328  28.33399602 30.04870775 22.23310139 21.44408549
 24.43240557 23.41973161 22.50024851 24.18389662 25.38295229 25.78677932
 26.84294235 27.3026839  25.81163022 26.45775348 27.74378728 29.53305169
 21.99080517 22.6804175  25.10959245 24.43861829 24.28951292 26.65034791
 25.16550696 25.9110338  25.24627237 25.11580517 26.45775348 25.71843936
 26.47017893 26.32107356 30.39662028 23.63096421 23.09666998 24.42619284
 24.05964215 25.76814115 24.52559642 24.94184891 26.24652087 25.28354871
 27.29647117 24.26466203 27.14115308 29.27833002 27.80591451 21.85412525
 22.56858847 23.5750497  24.69333996 24.01615308 23.0221173  24.83001988
 24.76167992 26.09741551 25.32082505 27.10387674 26.94855865 27.09145129
 27.21570577 23.87326044 21.52485089 23.02833002 23.93538767 24.86729622
 24.48832008 26.27758449 25.69358847 24.81759443 25.05367793 28.34020875
 26.62549702 28.40854871 27.75       22.22067594 23.32032803 22.15233598
 23.50049702 23.19607356 22.4194831  25.19035785 25.70601392 24.09691849
 27.08523857 25.33946322 29.43364811 26.73732604 26.61307157 28.694334
 23.64338966 23.0221173  22.43190855 24.12798211 24.81759443 23.66824056
 24.79274354 26.73111332 25.22763419 24.58151093 27.23434394 28.46446322
 27.02932406 29.11058648 21.8665507  23.27683897 26.09120278 23.66824056
 24.2584493  24.35785288 24.55666004 25.3083996  25.89239563 26.52609344
 26.33971173 25.63146123 27.43936382 28.02335984 23.00969185 25.63146123
 21.64289264 23.52534791 23.99751491 24.37027833 25.00397614 25.74950298
 26.31486083 26.35213718 27.63817097 27.69408549 28.79373757 29.50198807
 29.08573559 21.25770378]",54629.516126342656
2025-06-15 08:29:00+00:00,509,5286.490000000001,9.0,25.37509410939785,25.421750745526843,30.43389662027833,"[25.76192843 25.05367793 23.84840954 23.58126243 25.569334   26.08499006
 25.13444334 25.27112326 27.62574553 25.51963221 28.42718688 26.63170974
 26.7000497  22.81709742 22.53131213 23.32654076 25.42022863 25.8861829
 25.00397614 26.15333002 27.31510934 27.49527833 26.2278827  25.55069583
 26.60064612 27.86182903 25.85511928 22.48161034 23.4694334  23.73036779
 24.53180915 24.05342942 25.86754473 24.97912525 25.8861829  26.83672962
 23.59368787 27.15357853 27.46421471 26.57579523 28.00472167 23.48185885
 22.87301193 22.42569583 23.41973161 23.15879722 23.53777336 24.55044732
 27.33996024 25.90482107 25.87375746 25.87997018 24.37649105 27.9860835
 28.73782306 27.66923459 22.6804175  22.67420477 22.8916501  23.22713718
 24.63742545 23.63096421 27.21570577 26.37077535 27.78106362 25.96073559
 28.15382704 26.60064612 28.81858847 28.14761431 21.52485089 22.58722664
 24.4945328  24.31436382 24.46968191 23.50670974 27.73757455 26.76217694
 26.10984095 24.79895626 26.07256461 28.07927435 28.09791252 30.43389662
 22.15233598 23.5750497  23.04696819 24.69955268 23.91053678 23.85462227
 25.13444334 25.58175944 26.03528827 26.65656064 28.62599404 28.55765408
 27.78727634 29.25969185 27.93016899 22.444334   24.54423459 23.37002982
 22.69905567 25.37673956 25.10337972 24.95427435 25.55690855 24.57529821
 24.87972167 28.05442346 27.73757455 28.10412525 27.24055666 22.42569583
 23.41973161 22.94135189 23.84219682 23.01590457 25.17793241 26.99204771
 27.75       25.0723161  27.60089463 27.02932406 27.75621272 26.66898608
 26.5944334  22.96620278 22.21446322 19.67345924 23.03454274 24.79895626
 22.92892644 24.04100398 24.41998012 25.21520875 27.19085487 27.57604374
 26.23409543 27.15979125 27.62574553 23.63096421 24.50695825 22.8916501
 24.97912525 25.28354871 23.71172962 24.33300199 25.76814115 25.73707753
 26.05392644 25.68737575 27.03553678 26.23409543 27.21570577 28.40233598
 22.6555666  23.46322068 23.73036779 24.06585487 24.29572565 24.31436382
 26.40805169 26.66277336 25.47614314 27.56361829 25.89860835 26.17818091
 27.71272366 28.97390656 22.67420477 21.97837972 22.42569583 24.45725646
 25.84269384 25.70601392 23.82977137 25.22142147 27.25298211 26.5944334
 26.20303181 27.29647117 28.52037773 28.20974155 21.08374751 22.7611829
 25.74950298 24.79274354 22.42569583 25.05989066 23.42594433 25.38295229
 26.06013917 25.86133201 27.07281312 27.91774354 27.03553678 29.55168986
 26.98583499 22.40705765]",54784.514852401444
2025-06-15 08:30:00+00:00,510,5313.18,9.0,25.455479243523843,25.50465954274354,29.613817097415506,"[25.53205765 22.96620278 24.97912525 23.78628231 25.39537773 25.38295229
 24.60014911 26.94234592 25.21520875 26.8305169  27.15357853 27.87425447
 29.18513917 23.09045726 22.95377734 24.44483101 24.12176938 24.22117296
 22.92892644 25.83648111 26.43290258 26.68762425 24.90457256 27.32132207
 26.54473161 27.46421471 29.6138171  24.2833002  24.47589463 22.92271372
 24.92942346 23.24577535 24.77410537 26.35213718 25.90482107 26.13469185
 25.8861829  29.19756461 27.12251491 27.68166004 28.15382704 23.66824056
 22.48161034 23.15879722 22.93513917 25.7805666  26.3583499  24.09070577
 25.55069583 25.89860835 26.28379722 25.8861829  28.10412525 27.8556163
 28.83101392 27.99850895 22.5499503  24.48832008 23.77385686 24.152833
 23.92917495 26.07256461 26.23409543 27.48285288 25.22763419 27.09145129
 26.7000497  27.34617296 26.67519881 28.48310139 21.96595427 23.48807157
 23.37002982 23.4694334  23.43836978 26.5944334  25.5444831  27.25298211
 26.63792247 25.71843936 25.71843936 26.3583499  26.9361332  28.40233598
 22.74254473 22.33871769 23.41973161 23.88568588 23.76764414 24.08449304
 26.2527336  25.58175944 25.89860835 27.81833996 25.00397614 28.52659046
 29.11058648 28.73161034 28.50795229 23.1277336  22.35735586 22.38841948
 23.99130219 24.95427435 25.04746521 25.47614314 25.69358847 27.33996024
 26.22166998 28.70675944 25.35810139 27.50770378 28.71297217 22.12127237
 21.72365805 23.64338966 23.46322068 23.71172962 25.07852883 25.21520875
 24.78031809 25.91724652 27.58225646 25.27112326 27.39587475 28.85586481
 28.03578529 23.54398608 22.64314115 23.3389662  22.7611829  25.10337972
 24.92942346 24.12176938 25.11580517 25.69980119 26.43290258 26.84294235
 26.04150099 27.0666004  28.36505964 24.09070577 22.39463221 23.25198807
 22.75497018 25.39537773 22.88543738 24.54423459 26.81187873 26.01043738
 26.43911531 27.83697813 28.34642147 25.95452286 27.78727634 28.25944334
 23.05939364 24.89835984 23.18986083 24.69333996 24.9915507  25.74950298
 25.26491054 24.3889165  26.63170974 26.02286282 28.05442346 26.09120278
 28.6694831  26.47017893 22.99105368 21.81063618 23.08424453 23.10909543
 26.02907555 25.82405567 25.66873757 26.64413519 24.06585487 26.5944334
 26.88021869 28.25944334 26.86779324 27.6443837  23.34517893 23.00347913
 22.82952286 23.05939364 24.28951292 23.86704771 25.4388668  24.7306163
 25.64388668 26.1471173  27.07281312 27.25919483 27.11630219 27.52634195
 29.49577535 22.87922465]",55053.45135713337
2025-06-15 08:31:00+00:00,511,5306.72,9.0,25.438038209635693,25.484592445328033,29.495775347912524,"[23.34517893 23.79870775 23.5999006  23.05939364 24.14040755 25.63146123
 24.14662028 26.27137177 26.66277336 27.95501988 28.50173956 27.43936382
 27.02932406 22.97241551 22.58722664 23.26441352 24.65606362 24.63121272
 27.14736581 25.01018887 25.96694831 25.58175944 27.42693837 27.24055666
 26.13469185 29.09194831 28.72539761 24.4945328  21.88518887 23.19607356
 24.3889165  25.40780318 24.35785288 24.20253479 25.78677932 26.53851889
 25.48235586 27.6195328  28.78131213 28.06684891 26.71868787 22.88543738
 22.37599404 23.32032803 22.69905567 25.53205765 24.25223658 24.2833002
 26.51366799 26.06635189 25.3083996  27.92395626 27.72514911 26.99204771
 27.6195328  28.19110338 22.15233598 24.27708748 22.37599404 24.04100398
 24.56908549 24.82380716 26.38941352 25.61903579 26.76838966 26.81809145
 26.81187873 28.20974155 27.3026839  27.07281312 22.6555666  24.4137674
 24.41998012 21.77335984 26.40183897 23.89811133 25.42644135 25.097167
 24.76789264 26.84294235 27.17842942 26.79945328 27.89289264 27.97987078
 20.7917495  24.30815109 25.86133201 24.41998012 22.32007952 26.03528827
 24.35164016 26.14090457 25.81784294 25.87375746 26.62549702 26.7249006
 27.92395626 28.06063618 27.6443837  23.43836978 24.20874751 24.17147117
 26.21545726 24.91078529 24.14662028 26.18439364 25.97937376 27.58846918
 24.36406561 28.48931412 27.19706759 27.74378728 27.83076541 24.05964215
 21.99701789 22.24552684 23.84840954 25.19035785 25.81784294 26.05392644
 26.11605368 25.10959245 27.02932406 24.97912525 27.15979125 27.0666004
 29.02982107 22.23931412 23.22092445 24.1776839  24.09070577 25.28976143
 24.40134195 24.9666998  25.61282306 24.96048708 26.91128231 26.92370775
 26.45154076 28.10412525 29.20377734 22.17097416 23.02833002 23.00347913
 24.07828032 24.53180915 23.63717694 25.86133201 25.81784294 27.10387674
 27.22813121 25.40780318 26.36456262 28.18489066 27.90531809 29.06088469
 21.77957256 23.16500994 24.58151093 25.16550696 23.85462227 24.88593439
 25.8861829  24.71819085 24.12798211 27.68166004 26.29622266 25.35188867
 28.40233598 29.49577535 24.38270378 22.55616302 25.42022863 24.39512922
 25.10959245 25.569334   26.34592445 24.2584493  25.09095427 25.76814115
 26.47017893 27.11008946 26.10984095 27.03553678 22.13991054 23.51913519
 23.37624254 22.99105368 25.58175944 23.47564612 24.78653082 25.87997018
 26.40805169 25.37052684 25.66873757 27.90531809 26.15954274 27.11630219
 28.03578529 23.06560636]",54995.10063415718
2025-06-15 08:32:00+00:00,512,5348.44,9.0,25.562779364016308,25.614189860834987,30.098409542743536,"[21.32604374 25.61903579 25.15308151 24.55044732 24.7554672  26.47639165
 26.32728628 26.58200795 25.84269384 27.66923459 26.9361332  27.1722167
 27.54498012 23.07181909 22.67420477 24.5193837  23.73036779 25.05367793
 25.90482107 24.45104374 26.79945328 27.65059642 26.73732604 28.20974155
 29.04224652 27.07902584 28.11033797 21.53106362 22.84194831 23.86704771
 24.48210736 24.71197813 25.16550696 24.31436382 26.03528827 26.27758449
 24.85487078 25.5444831  26.67519881 28.41476143 28.15382704 22.0777833
 21.81684891 21.79199801 23.64338966 24.09691849 25.53205765 24.54423459
 26.22166998 24.43861829 26.88643141 26.04150099 27.6443837  29.0111829
 27.50149105 27.71893638 22.43190855 24.42619284 21.82306163 23.49428429
 23.8111332  25.33946322 24.40755467 27.3834493  26.5944334  26.47639165
 25.92345924 27.91153082 29.57032803 28.17246521 22.60586481 24.86729622
 23.63717694 23.5750497  23.37002982 23.37002982 24.9666998  26.90506958
 26.4888171  27.86182903 28.70054672 25.7805666  27.18464215 28.40233598
 21.40059642 22.61207753 24.19632207 24.74304175 24.07828032 25.24005964
 24.66227634 24.72440358 26.95477137 27.9612326  27.27162028 26.84294235
 27.84319085 27.0417495  29.86853877 23.42594433 22.56237575 24.42619284
 25.47614314 24.09070577 23.22092445 26.0166501  26.5695825  25.92345924
 26.42668986 27.84319085 27.30889662 27.97987078 28.07927435 23.49428429
 23.08424453 23.32654076 24.53802187 25.09095427 24.57529821 24.72440358
 26.17196819 24.82380716 26.5944334  28.02957256 27.52012922 27.76242545
 28.09791252 22.32629225 22.66799205 23.09666998 23.91053678 25.09095427
 25.39537773 24.87350895 26.40183897 27.07902584 26.19060636 30.09840954
 26.89885686 26.66898608 28.71297217 22.57480119 24.11555666 22.81709742
 22.72390656 24.42619284 25.17171968 26.53851889 24.4945328  25.3083996
 28.46446322 26.20303181 27.74378728 27.09145129 27.11008946 27.94259443
 21.48136183 23.76764414 24.09691849 24.37027833 24.61257455 24.95427435
 26.02907555 26.29622266 26.89885686 27.61332008 26.91749503 27.55740557
 28.99875746 28.82480119 22.09020875 23.55641153 21.57455268 25.04746521
 24.60636183 26.40183897 24.89835984 25.84269384 27.26540755 26.39562624
 28.46446322 28.7999503  28.16625249 29.37152087 22.2890159  22.51267396
 23.41351889 23.9416004  24.89835984 25.29597416 24.17147117 26.5695825
 26.54473161 25.93588469 27.16600398 27.75       27.78106362 27.76242545
 28.42718688 22.40705765]",55412.434640252955
2025-06-15 08:33:00+00:00,513,5356.24,9.0,25.587421984899635,25.638419483101387,29.818836978131213,"[23.76764414 25.03503976 25.40159046 22.79845924 24.78653082 25.38916501
 24.17147117 26.78702783 26.71868787 26.43290258 27.58225646 27.27162028
 27.20949304 22.94135189 23.28926441 24.88593439 24.25223658 27.32132207
 24.87972167 25.45750497 25.51341948 26.27137177 26.65034791 26.83672962
 27.28404573 28.35884692 28.13518887 22.80467197 23.41351889 24.55044732
 23.43215706 23.48807157 24.87350895 26.18439364 25.47614314 25.21520875
 25.96694831 27.71272366 27.69408549 27.60089463 26.99826044 24.10934394
 21.41302187 22.06535785 24.26466203 24.36406561 24.30815109 25.0723161
 26.58822068 26.12847913 25.60039761 25.65631213 28.10412525 27.12872763
 26.71247515 28.33399602 23.51292247 22.73011928 25.26491054 23.42594433
 25.097167   23.92917495 25.46371769 26.17818091 25.69358847 25.51963221
 26.81187873 26.5944334  28.82480119 29.22241551 23.07181909 22.99105368
 23.74900596 24.79274354 22.64935388 28.06063618 24.43240557 25.73086481
 27.08523857 27.11008946 28.41476143 27.25919483 28.63841948 26.54473161
 22.53752485 23.89811133 25.14065606 26.51988072 24.35164016 26.47639165
 25.10959245 26.54473161 26.96719682 26.40805169 27.01068588 25.22763419
 29.81883698 27.55740557 28.6694831  22.22688867 24.46346918 23.91053678
 24.88593439 25.75571571 24.91699801 26.14090457 25.99801193 26.45154076
 27.57604374 27.0417495  27.41451292 28.42718688 28.68190855 23.17743539
 22.09020875 24.43861829 22.00323062 23.3638171  25.05989066 25.65631213
 25.9917992  27.46421471 26.87400596 25.52584493 26.75596421 28.33399602
 28.47688867 22.30765408 23.64960239 23.9167495  24.77410537 24.4137674
 25.58175944 24.97291252 25.50720676 25.32082505 26.8305169  27.15357853
 26.1471173  27.04796223 28.17867793 23.9167495  23.2582008  24.70576541
 23.72415507 23.41973161 23.64960239 26.27137177 27.30889662 27.32132207
 26.98583499 25.30218688 28.07306163 26.19681909 26.95477137 28.98011928
 22.73011928 24.87972167 24.74304175 24.54423459 25.48856859 25.96073559
 25.24005964 24.08449304 25.22142147 25.38295229 27.13494036 26.51988072
 28.29671968 27.3026839  22.59965209 22.79845924 23.97266402 24.59393638
 24.27708748 23.92917495 24.43861829 25.46993042 25.69358847 25.68737575
 27.19706759 27.68787276 27.33374751 29.39637177 23.17122266 22.29522863
 23.18364811 24.81138171 25.20899602 24.9915507  26.64413519 26.14090457
 26.48260437 25.60039761 26.04771372 27.34617296 28.29671968 28.7999503
 28.98633201 24.37027833]",55494.87899268021
2025-06-15 08:34:00+00:00,514,5333.8,9.0,25.52282588231218,25.56871272365805,29.9617296222664,"[23.60611332 24.60636183 25.60039761 24.30193837 24.99776342 25.66252485
 24.32057654 26.95477137 26.65656064 27.54498012 28.71297217 27.75621272
 28.36505964 21.58076541 24.36406561 24.06585487 25.65631213 23.11530815
 23.05939364 23.8111332  27.42693837 26.97962227 25.94831014 27.24676938
 26.30243539 26.76838966 28.25323062 21.64289264 22.81709742 21.58697813
 23.81734592 24.58772366 24.74925447 24.55666004 24.85487078 24.30815109
 27.55740557 26.31486083 28.13518887 27.20949304 28.35884692 21.43166004
 23.09045726 22.72390656 24.28951292 22.70526839 22.90407555 23.87326044
 25.94209742 26.12847913 25.68737575 28.91799205 27.82455268 26.69383698
 27.00447316 28.4333996  23.10909543 24.19632207 22.53131213 24.59393638
 24.88593439 25.87997018 25.69980119 26.15954274 26.43290258 26.99826044
 28.4333996  25.84890656 27.32132207 27.80591451 21.58697813 23.48185885
 23.53156064 22.4194831  25.4140159  24.38270378 24.32057654 25.92967197
 27.3026839  26.99826044 27.24676938 25.35810139 29.34045726 27.97987078
 23.46322068 23.20849901 23.97266402 23.79870775 26.17196819 24.56287276
 24.65606362 25.6749503  25.46993042 26.81187873 27.35859841 27.19085487
 28.40233598 27.78106362 28.76267396 23.46322068 24.56287276 24.11555666
 23.79870775 25.06610338 24.16525845 25.50720676 27.89289264 26.78702783
 26.2527336  27.88667992 28.42718688 28.16003976 28.68190855 22.15854871
 23.97266402 23.65581511 24.7306163  24.29572565 25.97937376 24.57529821
 25.50720676 27.07281312 28.07927435 25.44507952 26.53851889 27.90531809
 27.22191849 21.85412525 23.60611332 22.99105368 24.46968191 24.86729622
 24.19010934 24.77410537 24.27087475 25.79299205 27.47664016 29.01739563
 27.37102386 27.58846918 27.21570577 22.35735586 22.21446322 23.80492048
 25.03503976 25.42022863 25.50099404 25.86754473 25.22142147 26.91128231
 26.85536779 27.71272366 28.75646123 27.43315109 29.96172962 29.3777336
 23.7055169  23.93538767 23.45700795 22.45675944 24.81138171 25.60661034
 24.74304175 25.46993042 26.06635189 27.61332008 27.89910537 26.42047714
 29.38394632 28.93663022 23.63096421 23.62475149 22.64314115 24.76167992
 24.5193837  24.47589463 24.74304175 25.14686879 25.61282306 25.39537773
 25.40780318 27.97987078 26.94855865 28.65705765 22.48161034 22.45675944
 22.7611829  23.29547714 24.65606362 24.5193837  24.53802187 26.0166501
 25.85511928 25.6749503  27.66302187 26.50745527 28.52659046 28.63841948
 28.30293241 23.68687873]",55278.766271863635
2025-06-15 08:35:00+00:00,515,5368.13,9.0,25.625761340916597,25.675354125248504,30.085984095427435,"[21.52485089 25.43265408 23.84840954 24.02236581 24.50695825 25.47614314
 26.40805169 26.97962227 27.67544732 28.54522863 28.12897614 28.76888668
 28.35263419 22.9972664  22.76739563 23.37624254 24.57529821 24.40755467
 24.30815109 25.92345924 25.69358847 25.65631213 27.90531809 27.09766402
 27.74378728 28.01714712 27.87425447 22.22688867 23.93538767 23.05939364
 23.13394632 25.28354871 24.19010934 24.69333996 24.98533797 26.1471173
 26.53230616 25.43265408 27.74378728 28.71297217 27.39587475 22.66177932
 21.51242545 23.7055169  23.92296223 24.84244533 24.63742545 24.76167992
 25.47614314 26.04771372 26.04771372 26.88021869 25.86133201 27.11630219
 27.52634195 29.16028827 22.55616302 22.90407555 24.19632207 25.46993042
 24.30193837 23.78006958 27.07281312 26.03528827 25.13444334 27.75621272
 27.45800199 27.29025845 29.73185885 28.7999503  22.14612326 22.97862823
 23.15879722 25.42022863 22.89786282 23.76143141 24.73682903 27.03553678
 27.81212724 26.09741551 26.47017893 28.10412525 28.22837972 29.19756461
 23.1028827  23.88568588 21.43166004 24.71819085 24.64363817 24.74925447
 25.50099404 24.19632207 24.95427435 26.43290258 26.51988072 25.07852883
 27.55119284 28.03578529 29.31560636 22.50646123 22.9972664  23.04075547
 23.35139165 24.95427435 25.38295229 25.9917992  27.02932406 27.77485089
 25.89860835 26.63792247 28.48931412 26.68141153 28.55144135 23.40109344
 23.05318091 23.8359841  23.54398608 23.16500994 25.10337972 26.30243539
 22.32629225 26.88643141 26.1471173  27.3026839  27.58846918 30.0859841
 29.87475149 23.18986083 23.63096421 24.43861829 24.55666004 24.93563618
 24.9666998  26.22166998 25.96694831 25.17171968 28.34642147 27.41451292
 28.71297217 27.01068588 27.76863817 22.61829026 22.87301193 23.9416004
 24.22117296 25.79299205 24.89835984 25.55069583 24.71819085 26.47017893
 27.02932406 26.40805169 27.66923459 27.23434394 27.3026839  29.99279324
 22.36356859 24.94806163 23.5750497  25.20899602 24.48832008 24.81138171
 25.71843936 25.64388668 25.76192843 28.46446322 27.02932406 29.09816103
 28.54522863 29.54547714 22.09642147 24.76789264 23.9167495  25.46371769
 25.83648111 25.00397614 24.56287276 26.29000994 25.81163022 25.91724652
 28.6694831  27.42072565 26.33971173 28.694334   21.8416998  23.03454274
 22.06535785 22.92892644 25.00397614 25.63767396 26.40805169 25.15308151
 25.51963221 27.41451292 27.80591451 28.86207753 28.04821074 27.75621272
 29.1416501  23.20228628]",55623.147142170565
2025-06-15 08:36:00+00:00,516,5335.9400000000005,9.0,25.532394147348192,25.57536033797216,30.533300198807154,"[22.39463221 24.47589463 24.12176938 24.2833002  23.82355865 25.5444831
 27.02932406 25.69358847 26.25894632 27.12872763 27.10387674 28.34020875
 29.73807157 22.41327038 22.15854871 22.33871769 23.73658052 24.68091451
 22.40084493 25.94209742 25.83648111 25.89239563 26.10362823 27.29647117
 27.42072565 29.74428429 28.84343936 23.54398608 24.25223658 22.49403579
 23.04075547 23.7055169  22.57480119 24.72440358 25.99801193 25.74329026
 26.25894632 26.45775348 26.08499006 27.19706759 27.32132207 22.48782306
 23.8111332  23.8111332  24.8362326  23.41351889 25.37052684 25.6749503
 25.20899602 25.75571571 26.19060636 26.17818091 28.10412525 28.84343936
 29.39015905 28.28429423 22.58722664 24.45725646 22.98484095 25.11580517
 24.08449304 24.57529821 23.97266402 27.58225646 26.76217694 27.08523857
 27.43315109 26.96719682 28.12897614 27.49527833 22.73633201 23.65581511
 23.55019881 23.55641153 24.20874751 24.55666004 25.45750497 26.20924453
 27.58846918 26.10984095 27.03553678 27.08523857 28.64463221 27.41451292
 22.88543738 23.38866799 23.13394632 23.35760437 24.06585487 24.69333996
 27.05417495 25.61903579 26.34592445 26.68762425 25.77435388 27.22191849
 28.74403579 27.38966203 27.86182903 23.56883698 22.69905567 23.41973161
 22.22067594 25.53205765 24.94806163 25.42644135 26.50124254 26.11605368
 28.65084493 27.58846918 27.24055666 29.79398608 30.5333002  23.41973161
 23.82977137 22.26416501 24.00994036 23.61853877 24.3889165  25.63767396
 26.81809145 26.14090457 26.61307157 27.83076541 27.42072565 29.1167992
 27.93016899 21.77957256 22.50024851 23.26441352 23.63096421 23.680666
 25.06610338 26.79324056 23.97266402 24.28951292 27.99850895 27.42693837
 27.1722167  29.78156064 27.65059642 21.52485089 23.1028827  24.52559642
 25.27112326 23.3389662  24.16525845 25.52584493 24.94184891 25.92345924
 25.71843936 26.97962227 27.09766402 28.13518887 26.85536779 29.34666998
 23.29547714 21.53106362 23.80492048 23.96645129 23.25198807 25.17171968
 25.22763419 24.87972167 25.92967197 26.30864811 26.4639662  26.68141153
 28.47688867 29.73807157 24.26466203 23.85462227 23.30790258 25.097167
 24.05964215 25.50720676 26.16575547 26.56336978 26.48260437 25.28354871
 26.48260437 27.83697813 26.06635189 27.68166004 23.04075547 23.32654076
 24.53180915 23.14015905 25.58797217 24.55044732 26.20303181 24.46968191
 27.5139165  27.19706759 28.17867793 26.24030815 27.86182903 29.16650099
 27.52012922 23.65581511]",55310.77785936811
2025-06-15 08:37:00+00:00,517,5387.97,9.0,25.687564603635035,25.736984343936385,30.092196819085487,"[23.43836978 23.58126243 25.38295229 24.71819085 25.68116302 25.03503976
 25.31461233 25.81163022 27.11008946 26.63170974 26.99204771 28.20352883
 29.68836978 23.67445328 23.81734592 23.12152087 24.94806163 24.74925447
 26.15333002 25.16550696 25.33946322 28.58250497 25.38295229 28.42097416
 27.61332008 28.68812127 29.12922465 23.05318091 23.67445328 21.92867793
 24.7306163  25.59418489 26.48260437 25.83026839 26.66277336 25.81784294
 27.47042744 27.58225646 28.7750994  28.06063618 28.75024851 21.5
 23.67445328 24.67470179 23.93538767 24.77410537 23.69309145 24.9915507
 26.47017893 26.2278827  27.0417495  27.33996024 27.70651093 26.76217694
 30.09219682 26.04150099 23.33275348 23.33275348 23.79870775 25.79299205
 24.57529821 25.42644135 25.17171968 25.33946322 25.74329026 27.82455268
 26.51366799 28.79373757 27.54498012 29.48956262 22.23310139 26.24652087
 23.63096421 23.72415507 24.4945328  26.20924453 25.24005964 25.40159046
 27.82455268 26.3832008  25.31461233 26.49502982 28.60735586 28.0916998
 22.06535785 23.81734592 21.35089463 23.32654076 22.89786282 25.49478131
 25.34567594 25.11580517 26.63170974 27.66923459 27.52634195 27.8556163
 28.13518887 27.22191849 26.96719682 21.68016899 22.5250994  25.39537773
 22.77360835 23.71172962 25.58175944 25.91724652 26.13469185 26.21545726
 28.08548708 28.0916998  27.41451292 28.46446322 28.05442346 24.06585487
 23.53156064 22.91650099 24.50695825 25.4140159  25.36431412 24.48210736
 25.32703777 25.49478131 26.99826044 26.75596421 27.86182903 27.31510934
 29.47092445 22.2082505  23.65581511 23.87326044 22.09642147 24.4945328
 25.91724652 26.5695825  26.5695825  27.14115308 25.75571571 26.37077535
 27.9612326  28.06684891 26.66898608 23.30168986 22.33871769 22.94756461
 23.56262425 25.28354871 25.48856859 24.12798211 26.02286282 27.04796223
 27.52012922 26.49502982 26.94234592 28.80616302 28.71297217 28.42097416
 21.8416998  22.95999006 23.94781312 22.23931412 24.54423459 25.14065606
 25.59418489 25.11580517 26.99826044 26.48260437 27.0666004  26.58200795
 28.96148111 27.95501988 23.42594433 24.41998012 22.79845924 24.92942346
 24.92942346 27.40208748 26.87400596 25.12201789 24.23359841 28.24080517
 27.08523857 26.73732604 29.30318091 27.79348907 24.25223658 21.78578529
 22.66799205 24.48210736 25.26491054 24.64363817 23.3638171  25.71222664
 26.15954274 24.78031809 25.81784294 28.92420477 28.09791252 28.91177932
 29.6945825  24.48210736]",55829.91613792136
2025-06-15 08:38:00+00:00,518,5375.47,9.0,25.652304922824797,25.698154821073558,30.079771371769382,"[24.51317097 24.59393638 24.37027833 25.27112326 25.96073559 25.13444334
 26.12847913 24.48832008 27.0666004  28.43961233 27.9612326  28.21595427
 28.58250497 23.04075547 23.77385686 23.07181909 24.48832008 27.12872763
 23.9167495  25.79920477 25.4140159  26.89264414 25.73707753 27.10387674
 27.29025845 27.72514911 28.58250497 22.50646123 25.3332505  25.11580517
 24.78653082 24.98533797 25.38916501 25.45129225 26.55094433 24.3889165
 26.18439364 26.3832008  25.19657058 27.93016899 26.53851889 21.97837972
 22.05293241 24.2833002  23.66824056 24.69955268 26.04150099 24.76789264
 25.55690855 25.6500994  28.98011928 27.15357853 26.68141153 27.95501988
 27.96744533 26.91128231 22.50024851 23.19607356 25.04125249 24.09691849
 25.33946322 26.0166501  25.91724652 25.66252485 24.89835984 27.87425447
 28.34020875 28.16625249 29.28454274 28.15382704 24.27708748 24.12176938
 25.09095427 24.80516899 23.60611332 23.04696819 23.76143141 25.89239563
 25.79920477 27.15979125 27.72514911 27.84319085 29.3777336  29.32803181
 23.18986083 24.60014911 25.04125249 23.88568588 24.48832008 24.91699801
 26.69383698 24.94184891 27.07902584 26.4888171  25.36431412 27.58225646
 28.02335984 29.90581511 28.62599404 23.69930417 24.15904573 24.2584493
 24.06585487 24.84865805 24.86729622 23.06560636 24.27708748 27.97987078
 25.23384692 26.40183897 30.07977137 26.96719682 28.78131213 22.94756461
 21.972167   23.26441352 25.22142147 24.90457256 25.53827038 24.57529821
 25.84890656 25.92967197 28.51416501 26.99204771 26.62549702 27.82455268
 27.12251491 23.93538767 24.37027833 23.3638171  24.14040755 23.20849901
 25.38916501 24.89214712 24.68091451 26.88643141 26.28379722 26.5944334
 28.50173956 28.16003976 29.81883698 24.02857853 22.25795229 24.59393638
 25.40780318 24.57529821 25.51341948 25.73086481 25.22763419 25.12201789
 27.77485089 28.81237575 27.43936382 27.89289264 27.02311133 29.16650099
 22.50646123 21.68016899 24.17147117 22.72390656 24.39512922 27.00447316
 23.93538767 24.14662028 25.13444334 25.91724652 26.61928429 26.70626243
 27.89289264 26.61928429 22.19582505 23.78006958 22.83573559 23.9167495
 24.25223658 26.88643141 25.89860835 25.79920477 25.68116302 28.23459245
 27.277833   26.34592445 27.12251491 28.21595427 21.1583002  21.33846918
 24.12176938 23.61853877 24.25223658 24.33921471 26.20303181 26.60685885
 26.63170974 26.11605368 26.44532803 26.91749503 26.68762425 29.54547714
 27.9612326  24.10313121]",55711.951349802635
2025-06-15 08:39:00+00:00,519,5416.07,9.0,25.773746348766633,25.824273111332005,30.66376739562624,"[24.4945328  25.4140159  23.91053678 24.35785288 26.10984095 26.50124254
 25.34567594 25.27733598 24.50695825 27.277833   28.10412525 29.53926441
 26.70626243 23.02833002 22.85437376 23.97266402 26.14090457 25.76814115
 26.17818091 25.53205765 25.23384692 24.93563618 26.1222664  26.78081511
 28.40233598 29.20999006 29.5082008  22.66799205 22.79224652 22.63692843
 25.35810139 23.46322068 25.16550696 26.09120278 26.65656064 25.38295229
 27.9860835  28.06684891 26.97340954 29.6138171  28.78752485 23.20228628
 23.60611332 22.9972664  23.13394632 25.61903579 26.55094433 24.69333996
 26.15954274 25.57554672 27.25298211 28.50173956 27.06038767 28.72539761
 28.01093439 28.71918489 22.77360835 23.55019881 24.30193837 23.61232604
 23.12152087 23.43215706 26.10362823 26.15333002 27.70651093 26.99204771
 27.22813121 27.12251491 28.42097416 28.51416501 23.30790258 22.91650099
 22.3138668  25.02261431 23.53156064 25.46993042 26.06635189 26.57579523
 27.17842942 27.55119284 27.45800199 30.6637674  28.12276342 28.83101392
 23.0221173  23.55019881 25.0723161  25.58797217 24.3889165  23.41351889
 26.56336978 25.76814115 29.11058648 27.15357853 25.87375746 27.89910537
 26.52609344 27.93016899 27.72514911 24.10313121 22.30765408 23.04696819
 24.98533797 22.46918489 24.93563618 25.37673956 26.76838966 27.00447316
 26.33349901 27.86804175 28.17867793 26.78702783 27.77485089 23.21471173
 24.89214712 23.61232604 25.27733598 23.89811133 27.66923459 26.18439364
 25.68737575 25.61903579 26.58822068 28.04821074 27.92395626 26.74975149
 29.09816103 23.08424453 23.89189861 23.96023857 24.18389662 23.92296223
 23.56262425 26.71868787 24.91699801 25.73707753 25.01640159 28.96148111
 27.96744533 29.81262425 30.48981113 23.06560636 23.30790258 23.82977137
 23.17122266 23.86704771 24.11555666 25.3083996  24.41998012 25.87997018
 26.50124254 27.99229622 28.3277833  28.33399602 27.20328032 28.58871769
 23.40730616 22.97241551 23.05318091 23.99130219 24.13419483 25.11580517
 26.86158052 26.66898608 26.2278827  26.00422465 28.33399602 27.52634195
 28.35884692 29.75670974 23.14637177 23.94781312 24.54423459 24.68091451
 24.4137674  24.77410537 26.0166501  26.03528827 24.8362326  26.95477137
 27.75       27.04796223 26.89885686 27.88667992 22.28280318 22.77982107
 24.32678926 24.98533797 25.18414513 25.24005964 26.28379722 27.02311133
 25.99801193 24.89214712 25.94209742 26.53230616 27.91774354 26.76217694
 29.29075547 23.2333499 ]",56118.245784433646
2025-06-15 08:40:00+00:00,520,5425.88,9.0,25.80432579130064,25.854746520874752,29.912027833001986,"[22.74875746 23.20849901 24.27708748 25.35188867 24.67470179 25.18414513
 26.32728628 27.15357853 26.83672962 27.46421471 27.43936382 27.67544732
 27.47042744 21.92867793 22.36356859 23.05939364 26.5944334  24.61257455
 26.27758449 23.22713718 26.53851889 25.96694831 25.6749503  25.66873757
 27.71893638 26.47017893 28.02335984 23.5999006  24.43861829 24.27708748
 22.6804175  24.14040755 24.56908549 27.48285288 24.63742545 25.73707753
 27.39587475 27.86804175 29.64488072 27.39587475 28.63220676 21.68638171
 23.22092445 23.40730616 24.68091451 24.22117296 23.49428429 25.38295229
 25.45129225 26.09120278 26.56336978 27.37723658 28.00472167 29.09816103
 28.85586481 27.25298211 23.51292247 24.93563618 23.71172962 25.89239563
 24.17147117 25.9917992  25.72465209 28.5390159  27.63195825 26.78702783
 27.55740557 27.23434394 28.02957256 29.36530815 22.21446322 24.29572565
 24.4137674  24.35785288 24.72440358 25.39537773 25.46371769 25.81784294
 26.48260437 24.68091451 27.78727634 26.805666   28.23459245 29.45228628
 23.27062624 22.30144135 24.33300199 24.27708748 24.06585487 26.98583499
 25.87997018 25.21520875 27.23434394 26.21545726 28.76267396 27.83076541
 28.24080517 27.29647117 28.60114314 24.60014911 23.82977137 23.92296223
 24.35164016 25.6500994  25.9110338  25.84890656 25.83648111 26.64413519
 28.3277833  26.61928429 27.95501988 27.01689861 27.8804672  22.04050696
 23.15258449 24.0472167  24.4945328  23.61853877 26.88643141 26.3583499
 26.05392644 25.83648111 26.7249006  28.81237575 26.3583499  29.57654076
 28.71918489 22.70526839 22.23931412 24.84865805 25.92345924 24.42619284
 26.02286282 24.60636183 26.04150099 26.58200795 27.40208748 27.76863817
 28.68812127 27.5387674  27.76242545 22.32007952 23.74279324 24.19632207
 22.81088469 25.12823062 25.04125249 26.10362823 25.76814115 27.72514911
 25.89860835 26.68762425 26.13469185 28.06684891 29.91202783 29.50198807
 22.35114314 22.50646123 25.00397614 24.13419483 25.27733598 23.73036779
 24.97912525 24.46346918 27.12251491 26.86779324 27.91153082 28.16625249
 28.9304175  29.13543738 22.71769384 23.3638171  23.46322068 23.86704771
 25.59418489 26.21545726 25.10337972 25.7805666  26.9361332  27.79348907
 27.3834493  28.48310139 28.37748509 29.60139165 22.38841948 24.18389662
 22.72390656 25.36431412 25.05989066 24.3889165  25.8861829  27.44557654
 25.87375746 26.06635189 27.68166004 27.06038767 27.05417495 29.40879722
 26.20924453 23.27683897]",56220.55236737543
2025-06-15 08:41:00+00:00,521,5439.82,9.0,25.847093666715725,25.898049204771368,30.868787276341948,"[24.19010934 21.49378728 25.46371769 25.4388668  27.52634195 25.91724652
 26.31486083 26.16575547 26.37698807 26.24030815 26.55715706 28.1165507
 26.5695825  23.37002982 23.85462227 25.68116302 23.18986083 23.4445825
 25.37052684 24.78653082 25.4388668  25.65631213 28.08548708 25.86754473
 26.94855865 28.83101392 29.17271372 23.26441352 22.35735586 25.51341948
 24.45725646 25.15308151 26.06013917 26.06013917 26.53230616 26.32107356
 26.3832008  27.1722167  27.77485089 26.82430417 28.40854871 21.94110338
 23.82977137 24.21496024 22.92271372 24.64985089 25.25869781 25.74329026
 26.53230616 26.32107356 28.75646123 27.35859841 28.16003976 28.14140159
 29.46471173 27.04796223 21.77335984 25.01018887 25.02261431 25.569334
 26.09120278 26.57579523 26.4888171  27.33374751 26.86779324 27.01068588
 27.39587475 28.24080517 30.86878728 28.50173956 21.85412525 23.28305169
 24.24602386 24.32678926 22.50646123 27.41451292 26.47639165 27.50770378
 25.16550696 26.29622266 26.4888171  27.81212724 27.46421471 27.84319085
 23.95402584 22.33250497 21.9473161  24.90457256 24.73682903 25.08474155
 25.25248509 24.52559642 26.56336978 26.38941352 27.43315109 29.04224652
 26.65656064 27.38966203 29.0360338  22.23931412 24.84244533 24.60636183
 23.58126243 24.99776342 24.79895626 26.07256461 26.1222664  25.83026839
 27.10387674 27.35859841 27.20328032 28.70675944 27.72514911 22.92271372
 23.40730616 23.4445825  26.02286282 25.04746521 27.12251491 25.58797217
 27.5139165  26.4639662  27.32753479 27.25298211 28.21595427 28.25944334
 29.22862823 22.6804175  24.89214712 24.09070577 25.35810139 23.41351889
 26.12847913 26.19681909 23.680666   26.7000497  26.01043738 27.03553678
 28.71297217 28.62599404 30.49602386 21.0526839  21.14587475 23.15258449
 24.54423459 24.53180915 24.60014911 23.28305169 24.71197813 25.42022863
 26.75596421 25.66252485 26.92370775 27.33374751 28.17246521 29.38394632
 24.69333996 25.27733598 23.79870775 25.60039761 24.54423459 24.78031809
 26.74353877 26.64413519 27.32753479 28.1165507  27.18464215 27.35859841
 28.65705765 27.58225646 23.52534791 23.56262425 24.12176938 24.07828032
 24.92321074 24.5193837  25.15308151 26.5944334  26.66898608 25.50099404
 27.03553678 28.58250497 28.50173956 28.27186879 22.75497018 23.76764414
 23.53156064 25.01640159 24.80516899 25.28354871 25.49478131 27.84940358
 27.03553678 25.40780318 27.47042744 27.54498012 28.35884692 30.31585487
 27.93638171 22.60586481]",56363.63657136414
2025-06-15 08:42:00+00:00,522,5413.28,9.0,25.77040388283963,25.815606361829023,31.253976143141152,"[23.98508946 24.55044732 23.680666   26.15954274 24.35164016 25.44507952
 25.8054175  23.85462227 27.86804175 26.37698807 27.56983101 27.54498012
 31.25397614 22.57480119 23.37002982 25.07852883 24.20874751 25.40780318
 25.51341948 26.22166998 26.42047714 26.13469185 26.04150099 28.98633201
 28.79373757 27.69408549 29.8250497  21.86033797 24.11555666 23.84840954
 23.54398608 26.4639662  25.82405567 24.73682903 27.03553678 28.17246521
 25.25248509 26.37698807 27.22191849 28.06063618 28.06684891 22.73011928
 22.46297217 24.11555666 23.65581511 23.37002982 24.64985089 23.40109344
 24.89214712 25.35188867 28.04199801 27.45800199 27.74378728 27.60089463
 28.20352883 28.694334   23.49428429 22.0777833  23.96023857 23.52534791
 25.3332505  24.61257455 25.81163022 27.42072565 26.89264414 27.52012922
 26.31486083 27.09145129 27.91774354 28.01093439 21.93489066 24.22117296
 23.35139165 22.97862823 24.14662028 24.77410537 24.51317097 25.04746521
 26.9361332  25.92967197 25.60039761 27.43315109 27.78106362 28.43961233
 24.98533797 23.53156064 25.39537773 23.43836978 24.152833   25.83026839
 25.15929423 26.10984095 25.10337972 25.82405567 25.50720676 28.63841948
 28.71918489 27.89910537 28.73161034 23.9416004  25.44507952 23.5999006
 24.24602386 24.98533797 25.25248509 25.79920477 25.89239563 26.67519881
 25.5444831  27.36481113 28.09791252 29.70079523 28.29671968 22.35735586
 23.26441352 23.87326044 24.77410537 25.95452286 26.49502982 25.52584493
 26.45154076 27.37723658 26.19681909 26.74975149 27.88667992 26.5695825
 29.55168986 22.05293241 23.5999006  23.45079523 25.15929423 24.43861829
 27.72514911 26.73111332 25.72465209 25.78677932 27.58846918 27.06038767
 27.82455268 29.06709742 28.71918489 22.79845924 22.81709742 22.41327038
 23.96023857 26.26515905 25.22763419 25.07852883 24.22738569 25.40159046
 25.92967197 25.8861829  27.1722167  27.8804672  26.83672962 30.58300199
 23.66202783 23.11530815 23.59368787 24.16525845 25.37052684 25.68116302
 25.82405567 26.47017893 27.79970179 27.99850895 27.08523857 26.9609841
 28.91177932 28.40854871 20.87251491 23.51292247 25.51963221 24.88593439
 26.10984095 25.2027833  24.4137674  27.68166004 26.91749503 27.33374751
 26.50745527 26.4888171  26.89264414 27.90531809 22.22067594 22.09642147
 24.31436382 24.43240557 26.62549702 24.41998012 25.52584493 25.53827038
 26.0166501  28.47688867 26.74975149 28.45203777 28.74403579 28.83101392
 29.65109344 20.69234592]",56107.063230428255
2025-06-15 08:43:00+00:00,523,5478.27,9.0,25.96382369241927,26.017488817097416,30.73210735586481,"[24.66227634 23.24577535 25.86754473 23.9167495  24.86729622 26.55094433
 25.98558648 26.11605368 28.5638668  27.81833996 26.63170974 28.92420477
 28.44582505 23.47564612 22.48161034 22.77360835 26.01043738 25.46993042
 26.81187873 24.92321074 26.19060636 26.8305169  27.97987078 26.73732604
 26.7000497  28.21595427 28.52659046 21.8665507  24.74304175 22.98484095
 24.10934394 24.74304175 25.28354871 26.10362823 24.60014911 24.77410537
 26.43911531 26.19060636 27.79970179 26.25894632 26.94855865 23.81734592
 23.9416004  24.17147117 25.32082505 24.45104374 25.20899602 26.10362823
 27.68787276 25.60661034 25.43265408 27.99229622 29.3528827  28.67569583
 29.63866799 28.40233598 23.60611332 23.82355865 24.79895626 23.79249503
 24.33921471 26.29622266 26.89264414 24.89214712 26.3832008  25.89239563
 26.8305169  27.76242545 29.30318091 30.73210736 23.76764414 23.69309145
 25.2027833  24.48210736 25.69358847 23.82355865 26.29000994 28.0916998
 25.71222664 24.99776342 26.3832008  27.79348907 28.55765408 28.38369781
 23.51913519 23.87947316 23.97887674 24.17147117 25.14686879 25.92345924
 25.01640159 25.59418489 26.29000994 26.56336978 26.70626243 26.73732604
 28.67569583 28.37127237 29.96794235 22.73633201 24.07828032 24.0472167
 22.8916501  24.74304175 25.10959245 25.68737575 26.58822068 25.82405567
 28.34020875 28.62599404 28.00472167 27.79348907 30.21023857 23.5750497
 22.67420477 24.83001988 26.36456262 26.12847913 25.97316103 26.15954274
 25.77435388 26.88643141 26.88643141 28.17246521 26.76838966 27.66302187
 28.35884692 23.10909543 23.04075547 24.92942346 24.53180915 24.74304175
 25.4140159  25.7805666  27.24055666 26.62549702 27.25919483 26.97340954
 27.83076541 28.08548708 27.75621272 23.1277336  24.48210736 24.19632207
 24.05964215 24.35164016 24.37027833 26.66898608 25.66873757 26.63792247
 25.74329026 26.2527336  27.50149105 30.01143141 26.82430417 28.13518887
 22.36356859 23.81734592 24.74925447 24.42619284 22.91650099 25.61282306
 27.05417495 27.66923459 25.92967197 28.48310139 28.88692843 28.70675944
 27.6195328  28.89935388 23.87947316 23.74279324 24.17147117 26.85536779
 24.57529821 25.62524851 25.63767396 26.5695825  26.51366799 27.58846918
 26.68762425 27.86182903 27.5387674  27.8804672  22.20203777 26.30243539
 25.18414513 25.62524851 23.03454274 25.02882704 26.33971173 25.81784294
 26.94855865 27.10387674 26.90506958 26.09120278 28.63841948 30.01764414
 28.1973161  23.41973161]",56754.16854535791
2025-06-15 08:44:00+00:00,524,5449.22,9.0,25.87972787801196,25.927249005964214,29.818836978131213,"[23.86704771 24.26466203 25.19035785 24.83001988 25.89860835 27.3026839
 24.41998012 26.28379722 27.35859841 28.93663022 29.34045726 25.6749503
 29.44607356 22.22067594 24.42619284 23.47564612 25.20899602 26.06635189
 26.43290258 26.44532803 26.30864811 26.57579523 27.78727634 26.60064612
 27.3834493  27.33374751 27.5139165  25.30218688 21.80442346 24.06585487
 25.25248509 23.79249503 24.92321074 26.50124254 25.50099404 25.72465209
 26.71247515 27.07902584 29.34666998 29.04224652 29.09194831 21.80442346
 24.55666004 23.63717694 23.40730616 25.55069583 24.86729622 24.70576541
 25.65631213 25.87997018 27.34617296 27.89289264 27.46421471 27.78727634
 28.18489066 29.55790258 24.43240557 23.68687873 24.09070577 24.2584493
 25.21520875 24.70576541 26.47639165 27.5387674  27.43936382 26.65656064
 28.6694831  28.47067594 27.75621272 28.76888668 24.67470179 23.65581511
 24.27708748 24.28951292 24.98533797 24.9915507  25.25248509 26.7249006
 24.71197813 28.68190855 28.88692843 28.14140159 27.08523857 28.96148111
 23.43836978 24.2584493  24.20874751 25.48856859 24.4137674  25.38295229
 25.85511928 24.32057654 28.17867793 26.57579523 25.89239563 28.19110338
 28.19110338 28.53280318 27.02311133 23.64338966 24.02236581 22.88543738
 23.51913519 24.86729622 25.38295229 23.91053678 25.20899602 25.95452286
 26.60064612 28.4582505  26.7000497  28.47688867 29.2472664  22.98484095
 23.39488072 24.30815109 25.73086481 24.64363817 24.58151093 26.62549702
 26.29000994 27.25919483 26.54473161 27.93016899 26.53851889 27.8556163
 28.13518887 22.81088469 24.31436382 23.22713718 23.49428429 23.93538767
 26.98583499 25.18414513 25.69980119 26.4888171  27.58846918 27.66302187
 27.97987078 26.5695825  28.83722664 23.73036779 23.21471173 23.21471173
 24.12176938 22.9972664  24.66227634 23.8359841  27.13494036 26.09741551
 27.71893638 28.71918489 27.6195328  28.36505964 27.6443837  27.32753479
 21.67395626 23.55641153 24.90457256 23.4694334  24.96048708 26.63170974
 25.65631213 27.20949304 27.31510934 26.68762425 27.17842942 28.43961233
 28.19110338 28.57629225 22.60586481 23.63717694 24.66848907 24.98533797
 23.45079523 24.56287276 26.58822068 26.21545726 26.36456262 27.09145129
 27.72514911 28.37748509 29.81883698 28.07306163 23.52534791 22.92271372
 23.00969185 23.58747515 25.73707753 25.79920477 23.0221173  26.25894632
 25.4140159  26.19681909 28.58871769 28.04821074 26.71247515 28.40854871
 26.7249006  21.52485089]",56472.8175886768
2025-06-15 08:45:00+00:00,525,5448.6,9.0,25.8795307350874,25.92532306163022,30.104622266401588,"[23.25198807 22.87301193 23.56883698 23.84840954 25.59418489 26.14090457
 25.84269384 27.03553678 28.21595427 28.14140159 27.82455268 28.04821074
 28.87450298 22.91650099 23.9167495  24.34542744 24.23981113 23.66202783
 26.05392644 24.56908549 25.94209742 26.91749503 26.58822068 25.71843936
 27.43315109 27.95501988 28.27808151 22.01565606 23.38866799 23.64338966
 25.14686879 25.25869781 24.80516899 26.9609841  26.21545726 25.89860835
 26.58822068 26.67519881 27.62574553 28.1973161  26.82430417 25.24627237
 22.36356859 22.25173956 23.41973161 24.625      24.43240557 25.95452286
 23.97887674 27.15979125 26.57579523 28.18489066 28.12897614 27.49527833
 28.14140159 29.62002982 23.40730616 23.8359841  25.50720676 25.56312127
 25.5444831  26.50745527 25.11580517 24.7554672  26.2278827  25.57554672
 27.9860835  28.27808151 27.70651093 29.57654076 25.18414513 24.57529821
 25.18414513 26.42668986 25.79920477 24.09070577 25.9110338  26.02907555
 27.24055666 28.55765408 28.62599404 26.71868787 27.91774354 28.28429423
 23.08424453 24.16525845 23.66202783 24.74304175 23.19607356 26.30864811
 25.51963221 25.97937376 26.81187873 26.51988072 25.35810139 28.00472167
 26.42668986 29.15407555 29.17271372 22.41327038 23.72415507 24.60636183
 23.92917495 25.40159046 25.64388668 25.73086481 25.40780318 26.06635189
 29.26590457 26.97340954 27.93638171 26.69383698 27.92395626 24.40134195
 23.40730616 24.07828032 25.27733598 23.74900596 25.47614314 26.69383698
 26.74975149 27.81833996 27.37723658 26.98583499 27.37723658 28.65084493
 28.1165507  23.02833002 25.18414513 24.60636183 23.66202783 24.26466203
 24.31436382 25.9917992  28.01093439 26.41426441 25.89860835 27.09766402
 28.74403579 27.99229622 27.84319085 23.50670974 23.86083499 24.05342942
 23.78628231 24.2584493  26.52609344 26.15333002 27.31510934 27.21570577
 25.19657058 28.26565606 26.30243539 27.46421471 29.17892644 30.10462227
 23.11530815 24.23359841 25.73086481 25.07852883 23.89811133 26.04150099
 26.30243539 25.00397614 24.61257455 25.3332505  28.04199801 28.39612326
 28.58250497 29.98036779 23.05318091 23.58126243 23.16500994 23.76764414
 26.16575547 25.08474155 25.92345924 26.13469185 28.27808151 26.35213718
 26.99826044 29.3777336  27.56983101 26.9361332  21.99701789 22.91650099
 21.74850895 24.64363817 24.81138171 26.1471173  24.20253479 26.38941352
 26.36456262 27.82455268 27.03553678 26.69383698 26.21545726 27.63817097
 26.50745527 24.21496024]",56472.158027308426
2025-06-15 08:46:00+00:00,526,5490.95,9.0,26.006140408509417,26.056877485089462,31.347166998011925,"[22.4194831  23.03454274 24.69333996 24.69333996 24.94806163 25.92345924
 28.02335984 26.61307157 28.42097416 27.53255467 29.04224652 28.68190855
 28.72539761 22.67420477 23.86704771 23.48185885 24.56287276 25.17171968
 23.37624254 24.84865805 25.58797217 26.06013917 27.8556163  29.15407555
 26.39562624 29.18513917 28.46446322 24.74925447 22.48782306 23.79870775
 24.84865805 24.94184891 24.03479125 26.24030815 28.21595427 27.48285288
 27.26540755 26.30864811 27.24055666 29.57032803 28.65084493 24.17147117
 24.02236581 24.07206759 24.55044732 24.46968191 24.9666998  25.8054175
 26.57579523 26.35213718 29.31560636 28.66327038 29.62624254 28.14140159
 26.88643141 28.97390656 23.25198807 24.60636183 24.50074553 24.64363817
 24.625      25.3332505  26.27758449 24.17147117 27.88667992 26.97340954
 29.0111829  26.42047714 27.33374751 31.347167   23.19607356 23.84840954
 21.84791252 25.07852883 26.15954274 23.71172962 26.70626243 25.29597416
 26.76838966 26.21545726 27.25919483 27.70651093 28.91177932 29.21620278
 23.56262425 22.38841948 24.09070577 23.28926441 25.097167   24.39512922
 26.78702783 25.76192843 26.97962227 26.37077535 27.4083002  29.75049702
 27.52634195 29.31560636 28.62599404 22.59965209 23.48807157 25.5444831
 23.63096421 24.8362326  24.7554672  27.277833   26.32107356 27.47042744
 26.42668986 25.99801193 28.76888668 26.88021869 29.68215706 21.70501988
 23.92917495 25.76192843 24.04100398 26.16575547 25.40159046 27.15979125
 25.04746521 27.46421471 28.79373757 27.16600398 28.38991054 28.00472167
 30.06734592 24.82380716 22.51267396 24.34542744 24.81759443 24.50695825
 26.29000994 24.20253479 28.26565606 26.89885686 28.30293241 26.1471173
 28.65084493 28.11033797 28.40233598 22.97241551 21.72365805 22.17097416
 23.78006958 25.70601392 25.35188867 25.04746521 26.32107356 26.43290258
 27.43315109 27.28404573 27.80591451 26.5944334  29.06088469 29.27833002
 23.54398608 24.38270378 24.69955268 23.90432406 24.21496024 25.76192843
 27.07902584 25.35188867 26.37077535 25.55069583 27.66923459 29.9555169
 28.58250497 30.06734592 21.6056163  23.55019881 23.17122266 25.34567594
 25.42644135 24.88593439 24.50074553 26.92370775 25.77435388 28.94284294
 25.53205765 27.73757455 29.8250497  28.49552684 22.47539761 21.79199801
 25.04125249 23.8111332  26.28379722 26.04771372 23.87326044 25.51341948
 25.55690855 25.51963221 28.34020875 28.5638668  27.91774354 28.30914513
 28.64463221 23.29547714]",56895.743350709105
2025-06-15 08:47:00+00:00,527,5496.0,9.0,26.022676586373475,26.07256461232604,30.030069582504968,"[24.04100398 23.18986083 23.79249503 25.13444334 25.21520875 27.68166004
 25.51963221 27.86182903 25.27733598 27.26540755 28.58871769 29.07952286
 28.94284294 23.86704771 24.68712724 23.15879722 26.00422465 24.92321074
 25.02882704 24.60014911 25.21520875 26.49502982 26.74353877 26.86158052
 27.71893638 27.96744533 27.61332008 24.38270378 24.04100398 23.11530815
 26.65656064 26.34592445 25.569334   24.61257455 26.58200795 27.14736581
 27.25919483 27.54498012 28.89314115 28.50173956 29.39637177 22.66177932
 23.74900596 23.9416004  24.55666004 25.34567594 22.84194831 24.71197813
 25.91724652 26.47639165 26.99826044 27.05417495 26.47639165 28.222167
 30.03006958 29.50198807 23.48807157 24.24602386 24.77410537 23.92917495
 27.0666004  24.45104374 25.81163022 26.83672962 27.60710736 27.27162028
 27.38966203 27.65680915 27.08523857 29.19135189 23.63096421 23.51292247
 23.8111332  24.89835984 24.77410537 24.60636183 25.38295229 27.277833
 24.93563618 27.19706759 28.08548708 27.55119284 28.82480119 28.04199801
 24.15904573 22.75497018 22.92271372 24.2833002  25.95452286 24.5193837
 26.14090457 26.27137177 26.18439364 26.40183897 28.08548708 29.12301193
 28.50795229 27.63817097 28.46446322 22.58101392 23.77385686 23.99130219
 24.80516899 25.91724652 25.45750497 24.84865805 26.14090457 26.5944334
 26.73111332 26.36456262 28.47688867 27.50770378 28.18489066 22.58722664
 24.27708748 23.99751491 24.39512922 25.95452286 27.20328032 26.10984095
 27.94259443 28.12276342 27.11630219 27.73757455 27.91774354 29.78156064
 28.92420477 23.15258449 23.45079523 24.52559642 24.95427435 25.55069583
 25.95452286 24.13419483 25.42022863 25.30218688 25.25248509 27.47042744
 27.56983101 29.38394632 28.49552684 21.91003976 24.04100398 25.42022863
 25.12201789 24.71197813 25.37673956 26.63170974 25.71843936 27.18464215
 26.85536779 29.37152087 28.42718688 29.38394632 29.16650099 30.01764414
 23.5999006  23.17743539 25.82405567 25.32703777 24.22738569 25.42022863
 26.22166998 24.9915507  25.92345924 26.11605368 27.22191849 25.38916501
 27.89289264 28.61356859 23.63096421 23.18364811 21.43787276 24.86729622
 25.24005964 24.69333996 26.1471173  25.60661034 25.87997018 29.46471173
 27.6443837  28.66327038 28.14761431 29.34666998 24.152833   21.027833
 22.90407555 23.63717694 25.48856859 25.69980119 26.33349901 25.87375746
 25.12823062 27.50770378 28.32157058 28.16003976 28.57007952 28.39612326
 29.72564612 24.53180915]",56951.06678737109
2025-06-15 08:48:00+00:00,528,5495.52,9.0,26.022893897124604,26.07107355864811,30.874999999999996,"[24.11555666 23.05939364 24.77410537 25.05367793 24.92321074 26.61928429
 27.3834493  25.19035785 27.02932406 26.90506958 27.00447316 28.87450298
 28.222167   24.7554672  23.1028827  26.45154076 24.07206759 25.49478131
 25.18414513 25.83648111 26.79945328 26.51366799 27.79348907 25.86133201
 27.48285288 27.75621272 28.23459245 23.72415507 22.48161034 24.9915507
 23.4445825  25.8054175  25.28976143 27.32132207 25.24005964 26.40183897
 27.60710736 26.53851889 27.01689861 29.18513917 28.58250497 23.03454274
 25.22142147 24.09691849 24.12176938 25.50099404 24.99776342 27.27162028
 25.08474155 25.61282306 25.71222664 26.04771372 28.55144135 29.32803181
 28.58871769 30.33449304 24.8362326  24.1776839  25.2027833  24.77410537
 24.15904573 26.15333002 24.68091451 27.58225646 25.27112326 27.80591451
 27.35238569 28.17867793 27.32132207 28.55144135 23.58126243 22.60586481
 24.2584493  24.02236581 25.17171968 26.66898608 25.29597416 26.51366799
 26.91128231 28.40233598 28.81858847 27.38966203 28.91799205 29.25969185
 23.48185885 24.13419483 24.71197813 23.88568588 25.71222664 25.43265408
 26.45154076 26.32107356 27.38966203 27.34617296 26.94855865 24.98533797
 29.3777336  28.89935388 27.03553678 22.58722664 23.20228628 24.38270378
 24.30193837 26.29622266 25.82405567 25.27733598 25.43265408 27.57604374
 26.9361332  25.58797217 28.30914513 27.84319085 26.64413519 22.57480119
 23.38866799 24.00372763 25.47614314 24.15904573 24.68091451 26.43290258
 26.92992048 26.77460239 27.32132207 27.9860835  28.17867793 28.86829026
 28.88692843 22.58101392 22.62450298 24.43861829 24.92942346 23.48185885
 24.56908549 24.91699801 26.27758449 26.10362823 28.27186879 26.97962227
 29.39015905 28.23459245 26.76217694 21.95352883 23.98508946 23.5750497
 23.27683897 23.55641153 24.64985089 25.55690855 24.4137674  27.29647117
 25.76192843 28.1165507  26.81809145 30.03628231 28.7750994  30.875
 23.15879722 24.39512922 22.67420477 24.39512922 25.02261431 27.43936382
 26.50745527 27.6443837  26.53230616 26.19681909 28.38991054 28.86829026
 30.33449304 29.42122266 22.6555666  24.73682903 23.87947316 25.14686879
 24.87972167 25.91724652 26.33971173 27.6195328  25.01640159 25.89860835
 29.16028827 28.83722664 29.34045726 29.07331014 23.32654076 23.89811133
 23.86704771 25.46993042 24.44483101 26.02286282 25.04746521 26.67519881
 26.81187873 26.32728628 25.86133201 29.04224652 27.55119284 27.76242545
 28.24701789 22.69905567]",56951.79382222007
2025-06-15 08:49:00+00:00,529,5511.049999999999,9.0,26.070357791764735,26.119315357852884,30.868787276341948,"[24.10313121 24.78653082 24.25223658 25.62524851 24.81138171 24.46968191
 27.11008946 27.80591451 26.24652087 27.60710736 28.6694831  28.00472167
 28.76267396 23.05939364 22.87301193 24.37649105 23.27683897 25.50099404
 26.24030815 24.61257455 28.1165507  26.11605368 28.49552684 28.45203777
 27.79348907 27.81212724 28.59493042 24.04100398 22.53131213 24.91699801
 24.66848907 24.29572565 25.3083996  24.35164016 25.96073559 28.0916998
 25.95452286 26.97962227 28.32157058 27.35859841 28.66327038 22.15854871
 22.81088469 22.46297217 24.60014911 24.46968191 24.81759443 26.1471173
 27.46421471 26.43911531 26.55094433 27.77485089 28.7750994  28.96148111
 30.09219682 30.86878728 22.79224652 24.5193837  23.29547714 23.51292247
 24.26466203 26.37698807 26.30243539 26.39562624 25.52584493 27.18464215
 27.39587475 27.09766402 28.5638668  28.7750994  25.06610338 24.21496024
 22.69905567 23.65581511 25.25869781 25.61282306 25.59418489 25.58175944
 27.78106362 27.11008946 26.10984095 28.75646123 28.93663022 28.89314115
 24.94184891 23.52534791 25.17171968 24.42619284 25.00397614 25.12201789
 25.22142147 26.40183897 25.89860835 27.68166004 26.27137177 27.36481113
 29.91202783 28.97390656 28.08548708 23.00347913 24.89835984 25.60661034
 25.90482107 25.25869781 25.51341948 26.39562624 25.84890656 25.47614314
 29.19135189 28.24701789 27.79348907 28.08548708 29.53305169 23.1277336
 24.95427435 23.71172962 24.60636183 24.38270378 25.17793241 26.86779324
 26.85536779 26.68762425 28.73161034 27.80591451 28.72539761 28.68812127
 29.45849901 23.90432406 24.23359841 24.00372763 24.36406561 26.02907555
 23.15879722 26.38941352 24.55044732 27.31510934 27.52634195 28.98011928
 26.26515905 26.9609841  28.61356859 23.37624254 24.32057654 23.23956262
 23.59368787 23.39488072 25.46993042 25.18414513 26.41426441 25.4140159
 27.9860835  27.89289264 29.56411531 29.47713718 29.3777336  30.14811133
 24.0472167  22.22688867 25.35188867 26.73111332 23.72415507 25.03503976
 26.19681909 25.94831014 26.42668986 25.62524851 27.72514911 28.17246521
 27.89289264 28.11033797 22.45054672 24.4137674  24.84244533 25.24627237
 25.37673956 24.81759443 25.95452286 25.38295229 26.14090457 26.16575547
 27.52634195 27.22813121 29.6138171  29.30318091 24.20253479 23.40730616
 24.66227634 24.10313121 23.02833002 24.33921471 22.9972664  25.00397614
 28.03578529 28.17867793 28.38991054 27.20328032 26.89885686 28.50795229
 29.45849901 25.39537773]",57110.589028128095
2025-06-15 08:50:00+00:00,530,5544.870000000001,9.0,26.171796618903013,26.224372514910538,30.62027833001988,"[24.07828032 24.47589463 24.13419483 25.31461233 26.10362823 26.19060636
 26.16575547 27.77485089 28.39612326 27.83076541 28.58871769 29.93687873
 29.55790258 22.76739563 22.95377734 26.02286282 24.44483101 24.03479125
 25.83648111 26.60064612 27.20949304 27.46421471 26.52609344 27.13494036
 28.25323062 28.06063618 27.07281312 22.87301193 24.32057654 23.55641153
 25.48235586 22.9972664  26.84915507 26.19060636 26.69383698 26.08499006
 27.16600398 26.08499006 26.20303181 29.63245527 30.62027833 22.3138668
 22.5499503  23.15258449 25.63767396 23.89189861 25.13444334 25.73086481
 27.10387674 27.01068588 26.68762425 27.46421471 26.90506958 28.7999503
 28.7999503  28.70675944 22.40084493 24.09070577 24.84244533 24.68712724
 23.9167495  27.21570577 26.27758449 26.60064612 25.18414513 26.49502982
 28.58250497 27.82455268 27.71272366 29.30318091 23.08424453 25.42644135
 24.27087475 23.93538767 25.76192843 25.99801193 25.27112326 27.12251491
 24.91699801 27.9860835  27.75       28.25323062 29.23484095 29.45849901
 25.73707753 23.92296223 22.43812127 26.19060636 23.42594433 24.2584493
 26.04771372 25.8861829  27.60710736 28.48931412 25.98558648 27.89289264
 28.25323062 29.68215706 29.88096421 23.7055169  25.17171968 25.57554672
 23.82977137 26.04771372 25.58797217 25.29597416 26.54473161 26.53851889
 26.89885686 27.79348907 28.74403579 28.18489066 29.54547714 23.30790258
 24.61878728 24.19010934 25.16550696 24.89835984 24.39512922 24.91699801
 27.91774354 26.9609841  26.92992048 26.84294235 28.5638668  30.20402584
 28.22837972 24.43861829 25.09095427 24.78653082 24.28951292 25.55069583
 25.14686879 25.09095427 26.95477137 25.51963221 26.84294235 28.91799205
 28.4582505  28.35884692 27.97987078 23.42594433 24.08449304 24.12176938
 23.99751491 24.63121272 25.99801193 25.60039761 26.01043738 26.58822068
 27.6195328  27.88667992 29.10437376 27.31510934 29.5082008  27.60710736
 24.09691849 21.55591451 24.45104374 24.76167992 23.89189861 24.7306163
 24.90457256 28.19110338 26.78702783 28.49552684 27.15357853 28.29671968
 28.95526839 27.18464215 24.36406561 22.5499503  25.50720676 25.90482107
 25.22763419 24.66848907 27.31510934 26.86158052 28.47688867 27.58846918
 27.54498012 25.96073559 30.44010934 29.68836978 22.54373757 22.92892644
 23.89189861 24.58151093 25.34567594 25.96073559 26.26515905 24.4137674
 25.83648111 27.83697813 26.88643141 28.37748509 28.86207753 28.7999503
 29.2721173  23.10909543]",57449.962768201905
2025-06-15 08:51:00+00:00,531,5548.88,9.0,26.18526514364303,26.236829025844926,30.66376739562624,"[23.79870775 22.79224652 26.24030815 25.09095427 26.69383698 25.46993042
 26.60064612 26.38941352 26.11605368 28.54522863 27.88667992 29.07331014
 28.06684891 24.74304175 24.46968191 24.9915507  26.20303181 25.097167
 26.27137177 23.77385686 26.55094433 27.6195328  28.05442346 28.21595427
 29.73185885 27.15357853 28.30914513 22.40084493 23.04696819 23.77385686
 24.77410537 25.87997018 25.9917992  26.49502982 25.44507952 25.63146123
 30.28479125 28.222167   27.69408549 28.71918489 28.40233598 21.57455268
 24.74304175 25.21520875 24.61257455 22.95999006 24.55666004 26.88643141
 26.68141153 25.74950298 25.91724652 28.86207753 25.61282306 29.68836978
 27.37102386 29.07952286 22.94135189 23.61232604 25.42022863 26.05392644
 25.9110338  23.3389662  24.19010934 28.39612326 27.40208748 27.35859841
 27.43936382 27.8556163  27.76242545 29.70079523 23.46322068 26.01043738
 23.98508946 25.5444831  22.9972664  25.60661034 27.92395626 27.48906561
 24.74304175 28.30293241 27.76863817 28.25323062 28.12897614 28.83722664
 23.65581511 23.9167495  24.50074553 24.77410537 25.59418489 24.9915507
 25.16550696 27.97987078 27.39587475 27.95501988 27.60710736 27.47664016
 28.61978131 28.71918489 29.65730616 23.00969185 24.14662028 25.6500994
 23.45079523 24.05964215 26.2278827  26.28379722 25.9110338  26.10362823
 27.10387674 27.9860835  28.74403579 30.6637674  29.10437376 23.84219682
 22.36356859 24.71819085 24.47589463 26.64413519 26.14090457 26.32728628
 26.805666   26.02286282 29.39015905 28.42097416 27.33374751 29.27833002
 28.83722664 22.85437376 24.08449304 24.32678926 25.44507952 24.39512922
 26.09741551 28.75024851 25.8054175  27.58225646 27.25298211 28.222167
 27.50770378 28.57629225 28.84343936 22.35735586 24.10313121 23.72415507
 23.92296223 24.07828032 25.25869781 25.83026839 26.45154076 26.33349901
 26.9609841  27.57604374 27.94259443 28.31535785 28.70054672 28.19110338
 24.43240557 25.28976143 25.38295229 24.87972167 25.56312127 26.07256461
 25.97316103 25.99801193 26.62549702 23.87326044 29.04845924 28.25944334
 28.28429423 28.65084493 22.6804175  23.96645129 23.66824056 23.73658052
 24.87972167 24.84865805 25.40159046 26.88643141 27.91153082 25.58175944
 26.16575547 27.12872763 27.86804175 28.55765408 24.45104374 23.68687873
 24.60014911 23.61232604 24.05964215 24.34542744 24.7554672  26.77460239
 27.52012922 27.01068588 27.68166004 27.8556163  28.9304175  28.24701789
 29.19135189 23.82355865]",57495.02306457213
2025-06-15 08:52:00+00:00,532,5539.41,9.0,26.158953879094412,26.207411779324058,30.29721669980119,"[24.7554672  24.54423459 25.12201789 25.74329026 25.25248509 26.91128231
 26.61928429 27.83697813 27.9612326  27.38966203 27.3834493  30.2972167
 29.81883698 24.55044732 23.40730616 24.79895626 23.84219682 25.53827038
 25.45129225 26.51366799 26.58200795 27.61332008 26.79324056 26.77460239
 28.24701789 27.3834493  30.17296223 24.40134195 23.58126243 23.79870775
 24.60636183 24.26466203 25.83648111 27.10387674 25.34567594 25.3332505
 27.58225646 25.83026839 27.89289264 29.09194831 29.75670974 21.07132207
 23.88568588 25.16550696 23.80492048 26.33349901 25.70601392 26.27758449
 27.05417495 27.19085487 26.33971173 27.6443837  29.12922465 28.33399602
 30.09219682 29.29075547 26.02907555 23.21471173 24.23359841 24.89835984
 25.58797217 24.37027833 27.47042744 27.12872763 27.20949304 26.34592445
 27.29025845 28.71297217 28.47067594 29.54547714 23.55641153 24.25223658
 25.76814115 25.50720676 23.89189861 26.11605368 24.89214712 25.86133201
 28.04821074 26.0166501  27.49527833 26.33349901 28.60114314 28.54522863
 22.70526839 24.34542744 24.78031809 25.28976143 23.73658052 24.50695825
 24.79895626 26.45775348 26.74353877 25.26491054 26.81809145 27.91153082
 28.61978131 29.12922465 30.1916004  24.01615308 23.07803181 25.48856859
 24.29572565 24.96048708 24.99776342 26.47017893 27.62574553 26.75596421
 27.02311133 28.21595427 28.94905567 28.11033797 29.43986083 23.5750497
 24.06585487 23.89811133 24.99776342 25.27112326 27.3026839  26.15954274
 26.75596421 27.43315109 27.0417495  28.06684891 26.79324056 27.45178926
 29.6138171  23.05318091 22.70526839 24.40134195 24.02236581 25.38916501
 26.43911531 26.27758449 27.36481113 25.83648111 26.7000497  27.9860835
 26.86158052 28.4333996  28.44582505 22.99105368 23.16500994 24.66848907
 24.64363817 23.76143141 25.9110338  25.96694831 26.35213718 26.29000994
 27.13494036 30.11083499 27.71893638 26.92992048 28.86829026 30.17917495
 22.79224652 24.72440358 23.81734592 24.96048708 26.85536779 24.78653082
 26.97340954 27.12872763 28.09791252 25.6749503  27.74378728 27.08523857
 28.31535785 27.9612326  22.09020875 22.2890159  20.99676938 24.9915507
 23.89189861 25.60039761 28.27808151 27.37723658 27.37102386 27.02932406
 28.58250497 26.76838966 27.53255467 27.24676938 20.92842942 22.59965209
 23.49428429 23.23956262 25.26491054 24.76789264 26.06635189 25.86754473
 27.21570577 25.86754473 27.56361829 27.70029821 28.73782306 27.8556163
 29.0111829  26.13469185]",57406.99609789828
2025-06-15 08:53:00+00:00,533,5565.18,9.0,26.236637645021464,26.287462723658045,30.427683896620277,"[21.97837972 22.15233598 23.40109344 24.20874751 25.20899602 25.63146123
 28.73161034 27.75621272 26.40183897 26.61928429 29.66973161 29.44607356
 30.31585487 22.38841948 22.84194831 24.2584493  25.16550696 26.49502982
 26.33971173 25.51341948 26.94855865 27.4083002  28.06063618 27.42072565
 26.9361332  30.07355865 28.76888668 24.66227634 25.69980119 23.38245527
 25.31461233 25.77435388 26.5944334  26.29622266 27.3834493  24.02857853
 28.7999503  27.30889662 28.00472167 28.23459245 27.71893638 22.07157058
 23.4694334  23.71794235 25.97937376 23.43836978 25.74329026 26.24030815
 25.87997018 26.60685885 27.78727634 25.92967197 28.72539761 29.19135189
 29.78156064 29.8499006  24.39512922 24.97291252 23.53156064 24.25223658
 24.86729622 24.74925447 25.16550696 27.29025845 26.45154076 29.2472664
 27.9860835  27.14736581 27.76242545 28.91177932 23.17743539 24.46968191
 23.84219682 24.78653082 25.06610338 26.01043738 25.58175944 25.39537773
 28.03578529 27.08523857 27.29647117 28.92420477 28.65084493 30.4276839
 22.2890159  24.83001988 26.32728628 23.40730616 25.07852883 26.21545726
 25.81784294 27.42693837 25.74329026 26.19060636 27.68166004 28.65705765
 28.65705765 27.73757455 29.8250497  23.1028827  24.85487078 24.97291252
 24.14040755 25.37052684 27.29025845 25.6500994  25.70601392 27.40208748
 28.44582505 28.1973161  27.34617296 29.12301193 29.1167992  23.97266402
 23.76143141 22.6555666  25.27112326 26.13469185 26.01043738 26.67519881
 26.17196819 26.71247515 26.4888171  27.44557654 29.29075547 25.84890656
 27.19085487 23.32032803 23.82977137 26.0166501  25.01018887 24.38270378
 25.85511928 24.96048708 27.4083002  26.54473161 26.12847913 26.77460239
 27.72514911 27.82455268 30.06734592 23.65581511 23.9416004  23.67445328
 25.61282306 23.48807157 25.50099404 24.97291252 26.20303181 27.09145129
 25.28354871 28.12897614 28.65705765 27.69408549 28.61978131 27.74378728
 23.8111332  22.11505964 24.93563618 25.45129225 25.47614314 25.4388668
 25.24627237 25.92345924 27.15357853 27.47664016 27.76863817 28.81858847
 28.49552684 30.35934394 24.66848907 23.84840954 23.17743539 25.12823062
 24.4945328  26.88643141 26.0166501  25.98558648 26.30864811 28.01714712
 28.29671968 28.76888668 28.74403579 30.4276839  23.78628231 25.9110338
 25.22763419 25.20899602 25.69358847 25.82405567 26.58822068 26.13469185
 25.02261431 27.36481113 26.70626243 28.70675944 28.02957256 28.5638668
 30.07977137 23.81734592]",57666.894905183806
2025-06-15 08:54:00+00:00,534,5554.450000000001,9.0,26.206608532555524,26.254131461232603,31.28503976143141,"[24.64985089 23.29547714 25.94209742 27.13494036 25.93588469 26.42047714
 25.96073559 26.9609841  27.96744533 30.15432406 28.86207753 30.32206759
 28.96148111 23.00969185 23.19607356 23.08424453 25.569334   24.84865805
 27.00447316 26.04771372 25.30218688 27.94880716 25.37052684 26.70626243
 27.58846918 28.59493042 29.56411531 22.63071571 22.444334   25.16550696
 24.99776342 25.60039761 24.59393638 27.28404573 26.04771372 24.76789264
 27.02932406 26.97962227 26.60064612 28.30914513 27.3834493  23.73036779
 24.65606362 23.07803181 23.79249503 24.12798211 24.80516899 28.02957256
 26.5695825  26.96719682 28.40233598 27.92395626 29.51441352 27.71272366
 27.78106362 31.28503976 22.95377734 23.39488072 24.61257455 23.37002982
 25.53205765 25.24005964 25.9110338  26.61307157 25.94831014 26.34592445
 30.64512922 27.84319085 28.78131213 29.09194831 24.86729622 24.35164016
 26.09741551 23.82355865 24.50074553 26.36456262 25.94209742 25.39537773
 25.6500994  26.76838966 28.63220676 28.93663022 28.16625249 28.76267396
 23.9416004  24.68712724 24.50695825 25.02882704 24.56908549 26.42668986
 25.39537773 26.05392644 26.05392644 25.64388668 26.32107356 28.24080517
 28.1973161  28.9304175  30.07977137 23.47564612 25.02261431 24.7554672
 23.86083499 25.16550696 27.37723658 26.51366799 26.76217694 27.89289264
 27.32753479 26.03528827 28.75024851 28.47688867 29.99900596 23.32654076
 24.32678926 25.07852883 25.22142147 25.12823062 27.94880716 25.84890656
 25.15308151 27.25919483 26.45154076 26.06635189 26.98583499 27.86804175
 29.47713718 22.51267396 24.17147117 23.50670974 24.51317097 24.55666004
 26.69383698 26.06635189 26.73732604 27.07281312 26.95477137 27.33374751
 28.46446322 26.96719682 29.60139165 23.9416004  24.27708748 24.79895626
 24.23359841 24.68712724 25.51341948 26.14090457 26.805666   26.70626243
 27.63817097 27.77485089 28.25323062 29.16028827 30.17917495 29.6138171
 24.7554672  24.54423459 26.09741551 25.27112326 25.02261431 25.0723161
 25.50720676 26.49502982 27.82455268 27.50770378 26.03528827 28.79373757
 29.06709742 29.30318091 24.11555666 23.73658052 24.92321074 24.48832008
 24.7554672  25.45129225 24.23359841 25.46371769 27.9612326  26.11605368
 26.08499006 27.78106362 28.02335984 28.9304175  25.35188867 23.98508946
 21.36332008 23.96023857 23.64960239 26.26515905 25.8861829  26.98583499
 26.40805169 28.11033797 26.54473161 26.52609344 26.99826044 28.95526839
 29.25347913 21.55591451]",57566.429506517765
2025-06-15 08:55:00+00:00,535,5623.08,9.0,26.41077443799275,26.467321073558647,30.614065606361827,"[24.05964215 23.73658052 23.52534791 26.71868787 25.3083996  26.09741551
 26.55094433 28.01093439 26.92992048 27.79348907 29.98036779 28.19110338
 30.19781312 22.64314115 25.14686879 23.680666   25.96073559 24.80516899
 25.77435388 26.86779324 25.87997018 25.51341948 24.84865805 28.35263419
 27.69408549 27.60710736 29.98658052 23.46322068 24.52559642 24.07206759
 24.96048708 25.73086481 25.03503976 23.78628231 28.02957256 26.4639662
 26.0166501  28.30914513 27.50149105 28.17867793 29.59517893 22.2890159
 23.30790258 26.38941352 25.63146123 24.27087475 25.60661034 26.00422465
 26.9361332  28.12276342 27.36481113 29.00497018 27.8556163  28.34642147
 28.04199801 30.61406561 23.89189861 24.31436382 24.57529821 25.48235586
 25.27733598 25.16550696 26.00422465 27.86182903 28.65084493 29.12301193
 29.33424453 27.72514911 29.33424453 30.39662028 24.45725646 24.50695825
 26.20924453 23.74279324 26.19060636 25.48856859 26.09120278 27.82455268
 25.40780318 28.30914513 27.47042744 28.42097416 30.02385686 30.22266402
 23.95402584 23.04075547 24.43240557 24.93563618 26.10362823 25.14065606
 27.97987078 25.58175944 26.43290258 28.50173956 27.32753479 29.08573559
 26.33349901 29.57654076 27.77485089 21.92867793 23.81734592 23.35760437
 24.67470179 24.61257455 26.70626243 27.41451292 26.05392644 26.89264414
 28.12897614 27.78727634 28.15382704 27.8556163  30.37176938 24.80516899
 23.0221173  22.51888668 24.79274354 24.61878728 24.58151093 26.47639165
 25.097167   28.64463221 28.46446322 29.32803181 28.60735586 29.29075547
 29.72564612 24.152833   23.56883698 25.01640159 26.30864811 25.04125249
 24.65606362 24.81138171 27.06038767 27.19706759 27.76863817 28.24701789
 28.25323062 28.42097416 29.19756461 23.66824056 23.45079523 24.58151093
 21.84791252 24.56908549 27.33996024 25.71843936 25.34567594 25.9110338
 29.0111829  28.22837972 28.25323062 27.82455268 28.07927435 29.8499006
 23.38245527 24.0472167  23.53777336 24.68712724 24.10313121 25.18414513
 26.5944334  27.44557654 27.01689861 26.96719682 26.78702783 28.25323062
 29.46471173 29.64488072 25.82405567 23.99751491 25.05989066 25.24005964
 25.21520875 26.2527336  26.12847913 28.06684891 28.52037773 27.32753479
 28.99875746 28.94284294 29.88096421 29.62624254 24.10313121 22.63692843
 23.85462227 25.12201789 26.20303181 25.66873757 25.86133201 27.25919483
 26.24030815 26.71247515 28.60735586 28.42718688 28.5638668  28.94905567
 28.12897614 24.79895626]",58249.48695974855
2025-06-15 08:56:00+00:00,536,5605.4800000000005,9.0,26.360471997685423,26.41264910536779,30.54572564612326,"[23.94781312 24.02236581 25.15308151 26.24652087 25.85511928 26.27758449
 26.57579523 25.36431412 29.16650099 28.52659046 29.63245527 29.49577535
 27.5387674  25.33946322 22.05293241 23.58747515 25.17793241 24.52559642
 26.05392644 26.13469185 26.3583499  27.32753479 27.31510934 29.16650099
 26.38941352 29.21620278 28.0916998  22.63692843 21.82306163 26.68141153
 24.95427435 26.27137177 27.38966203 28.20974155 27.19085487 26.62549702
 27.89289264 27.5387674  27.6195328  28.50795229 28.60735586 21.70501988
 24.06585487 23.66202783 25.6500994  24.37027833 25.05989066 26.81809145
 27.37102386 25.92967197 27.09766402 27.24055666 27.277833   27.02932406
 28.87450298 30.54572565 23.92296223 24.02236581 24.69955268 24.74304175
 26.71247515 26.97962227 26.36456262 27.84940358 26.78702783 27.86804175
 28.97390656 27.57604374 29.13543738 29.0111829  23.32032803 24.53180915
 24.9915507  25.89239563 26.18439364 25.14065606 26.21545726 26.81187873
 25.57554672 28.38991054 28.42718688 28.14761431 27.75621272 30.12947316
 23.86704771 24.44483101 26.10984095 24.68091451 23.52534791 24.00994036
 23.96023857 25.32703777 27.97987078 27.67544732 28.80616302 29.20377734
 27.49527833 29.72564612 30.0611332  23.13394632 24.19632207 24.43240557
 24.30815109 24.78031809 25.82405567 26.7000497  26.06635189 27.34617296
 28.38991054 27.78727634 27.52012922 28.89314115 27.21570577 22.8916501
 25.47614314 24.7554672  27.20328032 26.03528827 24.88593439 26.37698807
 27.53255467 26.13469185 28.23459245 28.01093439 28.5638668  27.43936382
 29.30318091 24.37027833 22.57480119 25.55069583 26.04150099 23.42594433
 26.09120278 26.74353877 26.51988072 25.76192843 28.83722664 28.20974155
 29.10437376 28.51416501 30.01143141 23.86083499 21.91003976 24.11555666
 23.79870775 24.66227634 26.38941352 27.60710736 28.21595427 27.02311133
 28.17246521 27.47664016 28.35263419 27.34617296 29.54547714 30.06734592
 22.86058648 24.32678926 23.51292247 25.63146123 22.59343936 26.42668986
 27.55119284 25.12823062 27.39587475 28.47067594 28.4582505  28.52037773
 29.80019881 30.14811133 24.04100398 25.22763419 24.00994036 24.30815109
 24.93563618 25.73086481 25.29597416 26.68141153 26.49502982 27.63817097
 28.20352883 27.81212724 26.24030815 29.4833499  23.87947316 24.71819085
 23.2582008  24.84865805 25.19035785 23.9167495  24.94184891 26.24652087
 25.36431412 27.93016899 26.47639165 27.20328032 28.59493042 29.29696819
 30.29100398 21.48757455]",58081.19511545635
2025-06-15 08:57:00+00:00,537,5605.18,9.0,26.361222738638876,26.411717196819087,31.58325049701789,"[24.97291252 23.33275348 23.58126243 25.56312127 25.50099404 27.12872763
 25.83648111 27.0417495  27.56983101 27.12872763 29.24105368 29.57032803
 30.03628231 24.87972167 25.09095427 24.9915507  25.89860835 25.81163022
 26.71247515 25.87375746 28.20352883 28.70675944 28.3277833  27.75621272
 27.93016899 26.99826044 28.0916998  23.46322068 25.86754473 24.12798211
 24.74304175 23.69309145 24.93563618 24.55666004 27.01689861 26.22166998
 27.36481113 26.49502982 28.67569583 29.02360835 30.71968191 24.27087475
 24.63742545 24.26466203 26.98583499 24.81759443 27.09766402 26.67519881
 27.72514911 25.70601392 27.02932406 26.15333002 26.3832008  30.33449304
 28.01093439 31.5832505  23.92296223 22.49403579 25.40159046 25.45129225
 25.25869781 26.10362823 26.24652087 28.36505964 27.35238569 28.01093439
 28.7750994  28.50173956 28.1165507  29.45849901 22.82952286 22.87922465
 25.14065606 23.05318091 26.14090457 25.35810139 23.88568588 27.50149105
 26.20303181 28.17867793 26.76838966 28.71918489 28.62599404 31.21048708
 24.01615308 23.40730616 24.69955268 26.2278827  24.89214712 24.8610835
 26.33971173 25.46993042 27.32132207 27.83076541 27.34617296 28.76888668
 30.4276839  27.53255467 29.47092445 23.05939364 22.61207753 23.68687873
 25.81784294 26.33349901 25.097167   25.96694831 25.84269384 27.73136183
 28.26565606 27.78727634 29.42743539 28.21595427 28.95526839 23.29547714
 22.37599404 24.35785288 24.20253479 25.36431412 25.84890656 25.97316103
 28.03578529 26.12847913 27.96744533 29.11058648 27.80591451 27.75
 27.97365805 21.62425447 24.53802187 23.99130219 23.89189861 25.31461233
 26.20924453 26.53230616 25.03503976 25.69358847 27.90531809 27.93016899
 27.81833996 28.34020875 28.45203777 23.09666998 21.95352883 25.097167
 25.04125249 24.4137674  25.99801193 24.2584493  25.3332505  27.89910537
 27.49527833 28.29671968 27.31510934 26.90506958 28.42097416 28.52659046
 24.09691849 24.91699801 25.74329026 26.36456262 25.10337972 25.83648111
 25.81163022 28.06684891 26.09120278 26.805666   27.60710736 28.12276342
 30.02385686 30.03628231 23.73036779 23.1277336  24.85487078 25.26491054
 25.45750497 28.22837972 25.2027833  26.03528827 27.06038767 27.83076541
 28.49552684 28.48310139 26.96719682 29.04224652 24.94184891 23.58126243
 24.4945328  24.97912525 26.3832008  25.64388668 25.9110338  25.29597416
 25.86133201 27.00447316 26.67519881 29.72564612 28.78752485 28.9055666
 29.38394632 23.12152087]",58083.70679439024
2025-06-15 08:58:00+00:00,538,5614.620000000001,9.0,26.390716739048944,26.441041252485093,30.725894632206757,"[22.79845924 22.85437376 25.097167   24.45725646 25.75571571 26.75596421
 28.0916998  25.69358847 26.43290258 28.70675944 29.55790258 28.82480119
 29.78777336 21.68638171 23.12152087 24.22117296 25.89860835 25.66873757
 24.94184891 26.68141153 26.18439364 26.56336978 26.73732604 28.17246521
 30.27857853 27.94880716 29.23484095 24.84244533 25.08474155 24.55044732
 25.19035785 25.86133201 24.60636183 26.77460239 27.24676938 27.46421471
 27.03553678 28.38369781 26.2278827  27.96744533 28.91177932 24.17147117
 25.57554672 25.73707753 23.29547714 24.55666004 26.7000497  26.70626243
 27.10387674 26.58200795 28.29671968 28.33399602 27.91774354 29.96172962
 29.56411531 27.79970179 23.0221173  24.26466203 25.097167   26.01043738
 24.65606362 26.1222664  26.50124254 26.65034791 27.22191849 27.29647117
 26.82430417 28.91177932 26.42668986 28.57629225 23.45079523 24.47589463
 23.78628231 23.74900596 25.15308151 25.91724652 25.42022863 26.88643141
 28.37127237 27.92395626 28.83101392 28.61978131 27.35859841 29.25969185
 22.56237575 24.08449304 24.19632207 24.89835984 25.89239563 25.55690855
 25.79299205 27.15357853 26.25894632 28.12897614 28.29671968 28.5390159
 30.16053678 30.72589463 30.14811133 22.66177932 24.67470179 24.89214712
 23.58126243 25.13444334 25.9110338  24.53180915 25.86754473 28.16625249
 27.12251491 29.04224652 27.71893638 28.9055666  29.15407555 23.69930417
 25.19657058 24.12798211 26.07877734 26.10362823 25.32082505 26.31486083
 27.25919483 28.33399602 26.48260437 26.68762425 29.33424453 29.40879722
 28.55765408 22.36356859 24.53802187 24.26466203 24.48210736 25.29597416
 24.45104374 26.27758449 25.52584493 28.13518887 28.13518887 28.38369781
 28.75646123 29.6945825  28.94284294 23.09045726 23.98508946 23.9167495
 23.37624254 25.56312127 25.83026839 24.37027833 26.70626243 26.51988072
 27.25919483 27.22191849 26.76838966 28.25944334 29.29075547 29.47713718
 23.05939364 23.42594433 24.3889165  25.60661034 26.15333002 26.54473161
 27.15357853 26.66898608 28.95526839 28.17246521 29.55168986 28.1973161
 27.43936382 29.73807157 22.19582505 24.02857853 24.78031809 24.17147117
 26.89264414 24.12798211 26.86158052 25.84269384 27.13494036 26.4639662
 26.65034791 26.74975149 29.11058648 30.52708748 22.95999006 25.15308151
 24.27087475 24.22117296 23.25198807 26.29622266 26.75596421 26.33349901
 28.35263419 27.21570577 27.83697813 27.55119284 30.47117296 27.76242545
 29.62002982 24.625     ]",58182.381922162145
2025-06-15 08:59:00+00:00,539,5640.37,9.0,26.468342325121604,26.52103006958251,32.12997017892644,"[24.58772366 24.19010934 23.88568588 25.66252485 26.5944334  26.06013917
 27.58225646 26.88643141 27.35238569 29.05467197 27.87425447 27.73136183
 28.76888668 24.4137674  24.53802187 24.07206759 24.17147117 25.75571571
 26.19681909 26.805666   26.33349901 27.58225646 28.86207753 28.12276342
 27.60089463 29.51441352 29.42743539 25.29597416 24.18389662 23.84219682
 23.22092445 25.04746521 26.02286282 26.32728628 24.94806163 28.73782306
 28.15382704 28.35263419 28.07927435 29.43364811 29.96172962 22.7611829
 23.61232604 23.64338966 25.06610338 26.19060636 25.87997018 26.79324056
 26.89264414 27.58225646 27.40208748 28.93663022 28.94284294 28.97390656
 28.60114314 28.80616302 23.08424453 23.17743539 25.18414513 24.97912525
 25.11580517 25.40159046 28.35884692 25.39537773 27.40208748 27.84319085
 27.15357853 28.73161034 29.18513917 29.22862823 24.58151093 24.39512922
 25.8054175  25.87375746 26.37077535 26.70626243 26.40805169 26.55094433
 26.45775348 27.00447316 27.96744533 28.51416501 30.34070577 31.16078529
 23.00347913 23.66824056 25.27112326 25.74950298 26.07256461 24.70576541
 26.04150099 25.76814115 26.53851889 28.17246521 28.222167   29.1167992
 28.07306163 28.68190855 28.91799205 23.99130219 24.40134195 26.29622266
 23.3638171  24.93563618 26.37077535 26.89264414 27.31510934 27.22191849
 29.29075547 28.31535785 27.01068588 28.9055666  30.12947316 23.58126243
 25.74950298 25.58175944 25.17171968 25.11580517 26.28379722 24.87350895
 26.56336978 27.91153082 27.60710736 27.3834493  29.26590457 29.5889662
 28.29050696 22.92271372 24.9915507  23.98508946 24.84865805 26.02286282
 25.84890656 26.42047714 25.82405567 26.71247515 27.71893638 27.56983101
 28.222167   27.93638171 28.29671968 24.06585487 23.4694334  23.79249503
 24.52559642 24.78031809 24.26466203 25.37052684 26.04771372 25.89239563
 27.83076541 27.72514911 27.67544732 28.11033797 29.06709742 32.12997018
 22.71769384 24.34542744 25.22763419 26.12847913 23.98508946 26.81187873
 25.48235586 26.01043738 26.35213718 28.37127237 30.07355865 28.57629225
 29.74428429 28.61978131 23.42594433 23.15879722 23.22092445 25.38916501
 25.02882704 25.60039761 24.58772366 25.53827038 28.20352883 28.43961233
 27.35238569 28.52659046 28.32157058 28.96148111 23.46322068 24.57529821
 24.94806163 24.74304175 25.15308151 25.55690855 25.12823062 26.8305169
 26.63170974 28.82480119 26.50745527 26.81809145 27.95501988 28.45203777
 29.06709742 24.17147117]",58442.086082926835
2025-06-15 09:00:00+00:00,540,5616.4,9.0,26.399242047713713,26.446570576540754,31.2477634194831,"[23.99130219 23.5750497  24.94806163 26.82430417 25.03503976 25.47614314
 26.65656064 27.18464215 27.97365805 27.83697813 27.00447316 28.83101392
 30.11083499 24.40755467 24.625      24.03479125 25.05989066 24.78031809
 26.07877734 28.15382704 26.24030815 28.32157058 28.07306163 28.98011928
 28.48310139 28.49552684 29.09194831 23.41973161 25.03503976 22.48161034
 25.20899602 26.09741551 24.05342942 23.94781312 26.68141153 26.03528827
 26.22166998 27.73757455 30.04249503 29.59517893 27.38966203 23.66824056
 24.86729622 23.11530815 24.87350895 25.25869781 25.44507952 25.13444334
 27.06038767 26.13469185 26.81187873 26.32107356 31.24776342 28.46446322
 30.63270378 30.95576541 24.29572565 23.28926441 25.37673956 24.0472167
 26.00422465 25.75571571 27.19706759 25.79920477 27.35859841 27.30889662
 26.86158052 29.10437376 29.9555169  29.7194334  22.7611829  24.82380716
 24.97291252 24.23359841 24.97912525 25.10337972 25.81784294 26.99204771
 25.50099404 26.29000994 28.35263419 28.57629225 30.00521869 29.1167992
 23.61232604 23.37624254 24.625      24.35785288 25.65631213 27.70029821
 26.29622266 27.78106362 28.05442346 28.05442346 28.59493042 27.42693837
 28.20974155 28.222167   28.7999503  24.07206759 25.4140159  24.27708748
 24.04100398 24.01615308 26.15954274 27.6195328  25.61282306 24.94184891
 28.34020875 27.91153082 28.76888668 31.04895626 29.34666998 23.10909543
 23.77385686 25.01018887 24.71819085 25.10337972 27.78727634 27.07902584
 27.9860835  27.87425447 28.65084493 28.02335984 29.38394632 27.86182903
 29.62624254 24.61878728 23.54398608 23.04696819 24.13419483 23.56262425
 25.73707753 26.06635189 25.53205765 26.91749503 28.37748509 26.53230616
 30.35313121 29.6138171  28.10412525 23.47564612 22.93513917 23.25198807
 23.96023857 23.96645129 25.33946322 25.87997018 28.60735586 24.68712724
 29.15407555 26.24030815 26.84915507 27.14736581 29.5889662  30.70104374
 23.97887674 24.63121272 24.68091451 24.61878728 25.37673956 26.17818091
 27.29025845 27.25298211 28.17246521 27.81833996 28.01093439 27.277833
 30.24751491 29.83747515 23.21471173 24.1776839  25.48856859 24.32057654
 23.5999006  25.34567594 26.67519881 24.68712724 26.90506958 27.23434394
 30.01143141 26.49502982 28.71297217 28.40233598 24.30193837 24.13419483
 25.20899602 24.7554672  25.25248509 25.27733598 25.33946322 26.78702783
 26.21545726 27.37102386 26.60064612 27.32753479 27.8556163  28.60735586
 30.12326044 23.45079523]",58210.904194831004
2025-06-15 09:01:00+00:00,541,5222.5,9.0,25.23846216046488,25.222974652087473,29.154075546719678,"[22.98484095 22.43190855 24.48832008 25.3083996  25.66873757 23.51913519
 24.51317097 25.92345924 25.16550696 27.83076541 27.05417495 27.38966203
 29.04845924 22.59965209 22.89786282 22.22067594 24.81759443 24.26466203
 23.89811133 25.10337972 25.96073559 23.7055169  27.99229622 26.50124254
 27.1722167  26.48260437 28.14140159 22.69905567 24.43861829 22.8667992
 23.99130219 25.36431412 24.37649105 25.83648111 24.33921471 26.7000497
 24.68091451 28.3277833  28.16003976 25.44507952 28.53280318 21.69880716
 22.14612326 24.43240557 24.43861829 23.24577535 23.32654076 24.80516899
 25.57554672 25.12823062 26.31486083 25.74950298 26.31486083 27.83076541
 25.92345924 28.09791252 22.77982107 24.4945328  21.41302187 22.32629225
 23.68687873 25.93588469 25.46993042 26.35213718 25.48856859 26.83672962
 26.66277336 29.15407555 26.09120278 27.9612326  23.80492048 22.46297217
 21.91003976 23.14637177 25.65631213 25.4140159  25.38295229 25.5444831
 25.87375746 26.55094433 25.28354871 25.94831014 28.34642147 27.93016899
 21.92246521 24.19632207 23.53777336 23.42594433 23.73658052 24.56908549
 25.24627237 24.96048708 25.87997018 26.50745527 24.32678926 27.0666004
 26.69383698 26.58200795 27.66302187 22.99105368 23.97266402 23.2582008
 24.07828032 25.4388668  24.66848907 24.27087475 26.99204771 26.35213718
 26.78081511 26.50745527 27.09145129 26.87400596 29.09194831 20.12077535
 22.20203777 23.51292247 23.4694334  24.08449304 24.40755467 23.43836978
 26.31486083 27.37723658 26.20303181 25.94831014 25.5444831  27.66302187
 27.92395626 22.68663022 24.5193837  23.77385686 24.92321074 24.74925447
 23.8111332  25.26491054 25.097167   23.81734592 26.07256461 26.39562624
 27.68787276 26.14090457 28.37127237 20.72962227 22.28280318 21.87897614
 23.90432406 24.4945328  22.57480119 25.12201789 25.21520875 26.05392644
 26.16575547 26.73732604 27.69408549 27.80591451 27.40208748 27.3026839
 21.59319085 22.85437376 23.38866799 25.17171968 24.19632207 24.84244533
 24.00994036 25.4140159  25.48235586 26.91749503 27.59468191 27.15357853
 27.47042744 28.9055666  22.35735586 24.55044732 24.14662028 24.43240557
 24.09691849 24.68712724 24.03479125 23.95402584 27.53255467 26.33971173
 26.76838966 26.09120278 28.24080517 28.06063618 20.57430417 23.5750497
 22.90407555 23.28926441 24.27708748 24.53802187 25.70601392 25.60661034
 23.76764414 25.57554672 27.09145129 28.29671968 26.67519881 26.9609841
 27.6195328  24.50074553]",54327.3990040513
2025-06-15 09:02:00+00:00,542,5220.51,9.0,25.234225793257217,25.21679299204771,29.470924453280315,"[23.74900596 22.59343936 23.04075547 24.84244533 23.55019881 26.54473161
 27.33996024 27.19085487 25.60661034 25.86754473 28.06684891 26.87400596
 29.15407555 21.68638171 23.20228628 25.11580517 23.00969185 25.03503976
 25.25248509 24.35785288 25.55690855 26.32107356 26.5944334  27.3026839
 28.7999503  25.2027833  27.60089463 23.52534791 23.09666998 23.5999006
 21.68638171 24.58772366 24.40134195 23.92296223 25.42022863 26.50745527
 24.81759443 27.19706759 26.74353877 28.46446322 29.46471173 21.74850895
 23.85462227 22.00323062 23.08424453 22.94135189 24.22117296 24.10313121
 24.23981113 26.27137177 24.30815109 27.75       27.33374751 25.70601392
 29.02360835 28.83722664 24.91078529 22.79845924 23.4445825  24.91699801
 23.25198807 22.71148111 24.40755467 26.53851889 23.27062624 25.9110338
 27.25298211 27.1722167  27.32753479 27.20328032 23.20849901 20.92842942
 23.27062624 24.40755467 22.7611829  24.70576541 25.097167   24.81138171
 25.55069583 26.30864811 25.78677932 26.23409543 27.56983101 28.30914513
 21.90382704 23.34517893 22.2890159  24.8362326  24.15904573 23.87326044
 24.88593439 25.74950298 26.1471173  26.65656064 28.22837972 26.19681909
 27.38966203 26.1471173  27.26540755 21.48757455 22.68663022 24.42619284
 24.60014911 24.68712724 24.76789264 24.51317097 22.93513917 26.48260437
 26.65034791 26.01043738 27.82455268 28.694334   26.3583499  23.77385686
 22.28280318 22.71148111 22.99105368 23.10909543 23.55019881 27.1722167
 26.04150099 24.99776342 26.92992048 25.02261431 28.64463221 27.94259443
 27.63195825 22.79224652 22.07157058 24.24602386 24.0472167  25.68116302
 24.66848907 24.46968191 23.79249503 25.51341948 27.29647117 25.89239563
 26.58822068 28.01714712 28.3277833  21.92867793 23.34517893 24.34542744
 22.64314115 24.24602386 24.39512922 23.76143141 24.79274354 26.44532803
 24.73682903 25.74329026 28.86829026 27.79348907 26.79324056 29.47092445
 22.43812127 21.33846918 22.444334   24.04100398 23.52534791 25.37673956
 23.99751491 25.55069583 24.48832008 26.71247515 27.39587475 28.1973161
 28.91177932 28.46446322 24.152833   22.41327038 25.29597416 24.14040755
 23.31411531 24.36406561 25.01640159 24.32057654 25.33946322 27.82455268
 26.805666   26.33349901 26.88643141 27.94880716 20.98434394 22.97862823
 23.89811133 23.05318091 24.48832008 23.90432406 24.09691849 23.40730616
 26.22166998 25.9110338  27.52012922 27.55740557 28.5390159  27.6443837
 28.91799205 22.09642147]",54313.225813921345
2025-06-15 09:03:00+00:00,543,5218.5599999999995,9.0,25.230107405496312,25.210735586481114,29.19756461232604,"[21.59319085 23.05318091 24.09070577 23.49428429 24.83001988 27.4083002
 24.27087475 26.3832008  26.91749503 26.07256461 28.46446322 26.49502982
 28.51416501 22.60586481 23.64338966 22.37599404 25.04125249 24.71197813
 24.67470179 25.61903579 25.96694831 24.9666998  25.92345924 26.58200795
 25.46993042 27.83076541 26.45775348 22.56858847 24.02857853 22.38841948
 24.22117296 25.21520875 24.60014911 25.40159046 24.24602386 25.66873757
 25.94209742 28.20974155 25.49478131 25.97316103 29.19756461 22.87301193
 21.10238569 21.43166004 24.152833   25.92967197 23.71172962 25.17793241
 24.24602386 26.04150099 26.29000994 25.96073559 27.5387674  26.73111332
 28.04199801 28.47067594 21.85412525 22.58101392 24.39512922 24.29572565
 24.63121272 24.89835984 26.09120278 26.19060636 26.54473161 26.07877734
 26.49502982 28.22837972 27.95501988 28.46446322 22.98484095 22.12748509
 23.87947316 26.07256461 25.20899602 25.3332505  25.01018887 27.22191849
 25.3332505  25.8054175  27.24676938 26.53230616 25.74950298 27.92395626
 21.42544732 23.87947316 24.07206759 23.680666   23.64960239 24.69333996
 24.28951292 25.66873757 25.37673956 27.01689861 26.70626243 26.5944334
 26.86158052 27.95501988 27.20949304 22.72390656 24.24602386 23.15258449
 23.74279324 23.73658052 24.65606362 24.46968191 25.37052684 24.66848907
 26.86158052 27.80591451 26.89885686 27.32753479 27.8804672  21.03404573
 22.8916501  23.53777336 22.99105368 22.61829026 24.33921471 24.61878728
 25.51963221 25.04746521 25.29597416 27.05417495 28.04821074 27.79348907
 28.92420477 22.02186879 24.20874751 22.81709742 24.27708748 23.1028827
 24.05964215 23.64960239 25.06610338 25.51341948 27.44557654 27.30889662
 27.45178926 27.86804175 28.3277833  22.69284294 22.58722664 22.6804175
 25.57554672 23.7055169  23.87947316 24.19010934 25.23384692 26.07256461
 25.40780318 26.78702783 25.05989066 26.86158052 25.75571571 29.19135189
 22.22067594 23.55019881 22.95999006 22.63692843 23.49428429 25.3332505
 24.61878728 25.48235586 26.09120278 26.78702783 26.76217694 27.07902584
 27.95501988 28.21595427 23.15258449 23.53777336 24.2833002  23.20849901
 23.00969185 23.41973161 24.87350895 25.097167   25.02261431 25.64388668
 24.9666998  27.26540755 26.49502982 27.81833996 22.95999006 23.40730616
 24.12798211 24.68712724 21.31983101 23.28305169 25.17793241 24.33921471
 24.19632207 27.06038767 25.34567594 26.03528827 27.61332008 28.61356859
 28.4333996  23.98508946]",54299.44733582845
2025-06-15 09:04:00+00:00,544,5237.2300000000005,9.0,25.286839446151557,25.268731361829023,29.079522862823058,"[23.17743539 24.06585487 24.78031809 25.89239563 23.24577535 25.17171968
 26.40805169 26.22166998 25.33946322 27.63195825 25.4388668  26.02286282
 27.01068588 23.84219682 23.63717694 23.84219682 24.21496024 24.43861829
 25.31461233 25.79299205 25.44507952 27.54498012 26.88643141 25.53827038
 26.15333002 26.18439364 27.66302187 23.85462227 22.8667992  24.94806163
 21.85412525 24.7306163  24.50074553 26.04150099 25.46371769 26.26515905
 27.42072565 27.71893638 27.49527833 27.72514911 28.97390656 23.14637177
 23.20228628 23.55641153 22.73633201 23.4694334  23.34517893 23.82355865
 26.50124254 25.32082505 25.53827038 25.37673956 26.41426441 27.16600398
 28.38991054 28.09791252 23.25198807 24.40134195 25.55069583 21.85412525
 24.58151093 23.73036779 26.23409543 26.55715706 25.44507952 24.81759443
 27.01068588 27.52012922 27.95501988 28.02957256 21.41923459 22.40705765
 23.63096421 24.57529821 24.16525845 26.66277336 24.06585487 23.41351889
 26.53851889 25.58175944 26.69383698 26.02286282 27.69408549 27.4083002
 23.22092445 22.46918489 23.58126243 23.56262425 24.9666998  24.1776839
 24.61878728 25.4140159  26.74975149 25.60039761 23.96645129 26.32107356
 27.60710736 27.52634195 28.1973161  22.61207753 23.29547714 25.14686879
 23.45700795 23.93538767 25.05367793 24.7306163  24.48210736 28.10412525
 25.40159046 25.86133201 25.92345924 26.33971173 28.59493042 23.69309145
 23.63096421 24.38270378 23.10909543 23.79870775 24.96048708 27.67544732
 24.65606362 25.05989066 27.56983101 26.81187873 26.63792247 27.44557654
 27.52634195 21.91625249 23.65581511 22.04050696 24.00372763 24.67470179
 24.37649105 23.89189861 27.05417495 25.39537773 27.24055666 27.22191849
 26.9609841  27.80591451 26.70626243 20.36928429 22.79845924 22.22688867
 24.19010934 24.07828032 24.36406561 25.42644135 24.37649105 26.87400596
 25.9110338  27.20949304 26.32107356 25.62524851 26.52609344 28.73161034
 23.23956262 22.60586481 23.35139165 24.46346918 22.6555666  24.77410537
 26.01043738 25.38916501 26.24652087 28.08548708 26.92992048 27.96744533
 27.94880716 28.57629225 24.26466203 23.7055169  23.32654076 24.91078529
 21.58697813 24.5193837  26.55094433 25.56312127 25.84269384 26.32728628
 27.15979125 29.07952286 26.79945328 27.5139165  20.72962227 21.62425447
 21.17693837 23.20849901 22.05293241 23.73658052 26.5944334  25.25248509
 25.09095427 27.02932406 25.83026839 27.09145129 27.54498012 25.97937376
 28.1973161  21.29498012]",54489.25005104464
2025-06-15 09:05:00+00:00,545,5235.1900000000005,9.0,25.282455246400882,25.26239438369781,29.172713717693835,"[24.63742545 23.8359841  24.81138171 23.55641153 25.71843936 25.86133201
 24.60636183 25.09095427 26.2278827  26.76838966 26.97340954 27.27162028
 28.39612326 23.77385686 23.14637177 23.28926441 24.15904573 23.9167495
 23.67445328 24.27708748 25.74950298 25.02882704 24.36406561 26.78081511
 27.20949304 29.15407555 27.52012922 21.04647117 23.42594433 22.29522863
 25.72465209 24.77410537 24.76789264 23.5750497  23.66824056 25.64388668
 27.04796223 27.43936382 28.43961233 27.24676938 27.99850895 22.28280318
 22.46918489 22.55616302 23.64960239 22.72390656 24.81759443 24.52559642
 24.19632207 26.55715706 24.99776342 26.40805169 28.97390656 27.32132207
 27.69408549 28.13518887 22.28280318 23.9416004  22.84816103 24.54423459
 24.48832008 24.12176938 24.18389662 24.50695825 25.34567594 25.05989066
 26.91749503 26.61307157 27.60710736 27.21570577 23.31411531 22.40084493
 23.05939364 23.21471173 24.5193837  25.39537773 25.48856859 25.42022863
 24.66227634 28.72539761 26.55715706 25.84890656 26.68762425 28.61356859
 21.74229622 23.50670974 24.06585487 24.38270378 23.64338966 24.59393638
 24.27087475 23.22092445 26.91749503 25.78677932 26.15954274 26.47017893
 27.50149105 27.31510934 28.25323062 22.09020875 22.18961233 22.23310139
 26.40183897 24.33300199 24.1776839  26.50745527 26.63792247 25.22763419
 26.86158052 25.86133201 25.35188867 28.34020875 28.58250497 23.00969185
 23.72415507 22.43190855 23.56262425 24.78653082 25.57554672 24.21496024
 23.33275348 25.8054175  26.47639165 27.99850895 26.32107356 27.45178926
 27.47042744 23.33275348 22.55616302 23.07181909 24.33300199 25.83648111
 23.9167495  25.69358847 25.84269384 25.92345924 26.33971173 25.87375746
 27.40208748 26.74353877 29.17271372 22.40705765 23.69930417 24.69955268
 25.28976143 24.53802187 24.01615308 26.3583499  24.11555666 25.85511928
 25.69980119 26.0166501  25.71843936 27.91774354 27.25298211 27.83697813
 22.17718688 23.10909543 22.46297217 23.69930417 24.60014911 26.04150099
 24.8610835  26.66277336 25.6749503  28.33399602 26.31486083 28.35263419
 26.44532803 28.68190855 22.43812127 24.07828032 23.91053678 23.84840954
 22.74254473 24.24602386 25.55069583 24.69333996 24.21496024 25.70601392
 26.40183897 27.66302187 28.21595427 27.89289264 22.01565606 21.53106362
 23.9167495  23.35760437 23.39488072 23.89811133 26.34592445 26.78081511
 25.95452286 26.97340954 25.49478131 27.4083002  27.29647117 28.41476143
 27.34617296 21.29498012]",54474.5822723588
2025-06-15 09:06:00+00:00,546,5277.5,9.0,25.408949680665152,25.393824552683895,29.383946322067594,"[23.59368787 23.84840954 23.41973161 22.05293241 24.73682903 24.08449304
 26.28379722 26.17196819 27.29647117 26.14090457 27.68787276 28.1973161
 27.01068588 22.40705765 23.07181909 22.46297217 24.70576541 24.56287276
 24.60636183 25.23384692 26.26515905 27.03553678 27.36481113 26.15333002
 27.81212724 26.70626243 26.60064612 22.77360835 20.86008946 21.63667992
 25.12823062 23.45079523 24.625      26.1222664  24.08449304 24.78031809
 24.79274354 27.19706759 27.1722167  28.39612326 27.84940358 22.22067594
 21.56212724 21.43787276 24.16525845 24.10313121 23.95402584 25.73086481
 27.61332008 24.60014911 27.42693837 26.75596421 28.24080517 27.55119284
 28.38991054 28.6694831  21.83548708 25.03503976 24.06585487 22.53131213
 24.04100398 24.55044732 24.9666998  26.60064612 25.66252485 25.4388668
 28.0916998  27.18464215 27.14736581 28.52659046 23.5999006  23.66202783
 24.63121272 24.27708748 24.53180915 24.92321074 24.21496024 25.66252485
 25.43265408 25.76814115 26.48260437 27.18464215 27.21570577 29.15407555
 23.55019881 22.36978131 23.43836978 23.79249503 23.66202783 25.78677932
 25.24627237 24.97291252 25.20899602 25.77435388 25.91724652 28.64463221
 27.0666004  27.97987078 28.59493042 22.66177932 22.85437376 24.20874751
 24.45104374 25.71222664 24.04100398 25.32082505 25.75571571 25.66252485
 25.45129225 26.77460239 27.74378728 29.38394632 26.94855865 20.03379722
 26.02907555 23.07181909 21.6304672  23.4694334  24.64363817 24.69955268
 27.32753479 27.73757455 27.8804672  27.77485089 26.97962227 28.37127237
 28.04821074 23.1028827  23.42594433 22.33250497 24.19010934 22.88543738
 25.53205765 25.35810139 25.78677932 26.65034791 25.81163022 26.97340954
 28.1165507  27.37102386 28.09791252 21.96595427 22.3138668  21.74229622
 23.93538767 24.08449304 25.99801193 24.05964215 24.2584493  27.37102386
 23.97887674 27.78727634 29.16650099 26.1222664  28.18489066 27.88667992
 24.46968191 22.32007952 24.76167992 23.15258449 24.0472167  25.53205765
 24.3889165  27.81833996 27.16600398 25.55690855 28.5638668  27.37723658
 27.69408549 29.33424453 22.95377734 21.74229622 24.11555666 24.78653082
 23.69930417 23.37002982 24.76167992 25.18414513 24.9915507  28.53280318
 27.24055666 27.82455268 28.62599404 26.3832008  24.43240557 22.81709742
 22.48782306 23.8359841  23.40730616 24.87972167 24.1776839  25.68116302
 26.03528827 26.65656064 25.10337972 27.30889662 27.58225646 27.65680915
 27.60089463 22.32007952]",54897.78205163333
2025-06-15 09:07:00+00:00,547,5261.889999999999,9.0,25.364519474759845,25.345334244532804,29.34045725646123,"[25.3332505  24.1776839  24.05964215 23.73036779 25.44507952 25.38295229
 26.98583499 26.13469185 24.90457256 27.93016899 27.50149105 28.25944334
 27.19085487 23.21471173 22.77360835 23.1028827  23.43836978 22.56237575
 25.70601392 24.8610835  25.44507952 26.12847913 26.3583499  28.21595427
 27.68787276 27.19706759 29.30939364 22.444334   22.79224652 22.92271372
 23.09666998 24.33300199 24.43861829 25.37052684 25.87997018 25.3332505
 25.17793241 25.02882704 28.07306163 27.66302187 27.91774354 22.53752485
 23.43836978 22.87922465 22.63071571 24.46968191 23.43836978 25.00397614
 23.30168986 26.23409543 25.65631213 26.02286282 24.76167992 27.48285288
 28.01714712 28.15382704 23.46322068 23.5750497  23.66824056 24.1776839
 21.7360835  23.86083499 26.66898608 25.81163022 25.34567594 27.11008946
 28.38369781 26.45154076 28.4333996  26.89264414 21.04025845 22.83573559
 23.98508946 24.30193837 24.48210736 24.33921471 23.93538767 27.07902584
 26.3583499  24.48832008 26.88021869 27.32132207 27.82455268 27.92395626
 22.17097416 22.75497018 22.92892644 23.75521869 24.03479125 25.56312127
 23.52534791 24.71197813 26.42047714 26.47639165 26.55094433 25.8054175
 27.9860835  26.4639662  27.45800199 24.2584493  21.81684891 24.92942346
 24.29572565 24.81138171 26.25894632 25.46993042 25.23384692 26.60064612
 27.25298211 28.33399602 26.60064612 27.86804175 27.78727634 23.38866799
 23.40109344 23.79249503 25.22142147 26.89264414 24.73682903 25.69980119
 24.8610835  22.89786282 26.60064612 27.67544732 26.66898608 26.55715706
 27.0666004  23.09045726 25.15308151 21.7360835  23.75521869 24.00372763
 24.22738569 26.09741551 26.24652087 26.32107356 27.02311133 26.29000994
 25.95452286 25.92967197 27.55119284 22.6555666  23.66202783 23.61232604
 24.15904573 23.21471173 23.73658052 24.76789264 24.89835984 25.569334
 25.34567594 27.72514911 27.8556163  27.22191849 28.20352883 29.34045726
 21.64910537 22.8916501  23.96645129 22.72390656 23.51292247 25.70601392
 25.95452286 24.22117296 26.65656064 27.05417495 27.77485089 27.71272366
 27.28404573 28.87450298 23.04696819 22.45675944 22.59965209 24.12798211
 25.53205765 23.3638171  26.14090457 24.97291252 24.55666004 27.58846918
 25.74329026 27.39587475 28.05442346 27.24676938 23.12152087 22.48782306
 23.75521869 23.3389662  22.89786282 23.4694334  25.83026839 26.43911531
 27.1722167  26.74975149 26.4888171  27.66302187 27.53255467 27.29025845
 28.38369781 22.79224652]",54749.136354756556
2025-06-15 09:08:00+00:00,548,5282.43,9.0,25.426769281939382,25.409138916500993,29.77534791252485,"[22.93513917 23.89189861 23.51913519 24.85487078 24.33300199 25.53205765
 26.7249006  25.94209742 27.07902584 28.54522863 26.68762425 27.58225646
 26.09741551 22.92892644 24.17147117 22.15854871 26.17818091 24.41998012
 24.66227634 25.65631213 25.569334   26.5695825  25.70601392 26.73732604
 25.82405567 27.11008946 27.56361829 23.58747515 23.15258449 23.00969185
 22.8667992  23.62475149 24.84865805 24.625      25.53827038 27.5139165
 25.45129225 28.14761431 26.53851889 28.47688867 27.76242545 21.20178926
 24.35785288 23.76764414 24.152833   23.78006958 24.35164016 25.55069583
 26.38941352 25.77435388 26.45775348 26.96719682 25.3332505  26.03528827
 27.83076541 27.97987078 21.37574553 22.30144135 22.99105368 23.99130219
 24.61257455 25.01640159 26.12847913 24.87972167 25.31461233 27.23434394
 27.02311133 25.47614314 28.26565606 28.25323062 23.05939364 22.45054672
 23.53777336 24.82380716 23.9167495  25.49478131 24.78031809 25.24005964
 27.19085487 26.88643141 27.63817097 26.50124254 28.45203777 29.77534791
 23.10909543 22.84194831 22.48161034 25.78677932 24.33300199 24.82380716
 25.93588469 27.30889662 26.07877734 26.37698807 26.06635189 26.7000497
 28.37127237 26.87400596 26.65034791 21.71744533 23.07181909 22.64935388
 23.06560636 23.77385686 25.10337972 23.58126243 25.37673956 24.53180915
 27.03553678 27.79348907 27.62574553 27.36481113 27.9860835  21.79199801
 25.43265408 23.3389662  23.20228628 22.83573559 25.22763419 24.15904573
 26.33971173 25.74950298 27.32753479 25.3083996  29.40258449 26.66277336
 28.00472167 23.60611332 23.97887674 23.3638171  23.80492048 23.55019881
 24.41998012 23.60611332 25.52584493 26.86779324 26.9361332  27.83697813
 29.35909543 28.48310139 28.07927435 22.89786282 23.45079523 22.28280318
 24.152833   23.63717694 24.77410537 23.24577535 24.61878728 26.00422465
 26.28379722 27.83076541 26.62549702 28.12897614 27.23434394 27.62574553
 23.62475149 21.97837972 23.88568588 24.66227634 23.8111332  25.15308151
 25.05989066 25.37052684 26.71247515 26.65034791 26.99204771 27.31510934
 28.08548708 28.00472167 23.62475149 23.3638171  24.05964215 24.19632207
 26.73732604 22.97241551 24.95427435 25.92967197 25.04746521 25.92967197
 26.61307157 26.21545726 26.70626243 28.54522863 23.73036779 23.35139165
 22.95377734 23.95402584 24.22117296 22.33250497 26.33971173 26.30243539
 24.81138171 26.1471173  27.81212724 28.24080517 27.78106362 28.24080517
 26.66898608 22.66177932]",54957.39930965641
2025-06-15 09:09:00+00:00,549,5337.37,9.0,25.590534744527943,25.579802435387673,29.930666003976143,"[23.63717694 23.07181909 23.78006958 25.38916501 27.24676938 23.92917495
 26.50745527 25.9917992  26.88643141 25.39537773 27.87425447 27.73757455
 27.29025845 23.68687873 24.07828032 22.50024851 26.04150099 25.45129225
 24.06585487 23.79249503 25.98558648 25.86754473 26.92992048 27.81212724
 28.10412525 28.44582505 28.79373757 23.22713718 24.56287276 24.10313121
 23.56262425 25.98558648 23.66824056 24.7554672  24.59393638 26.21545726
 27.94880716 28.04199801 27.79348907 29.88717694 29.09194831 22.93513917
 22.40084493 24.00994036 24.16525845 26.64413519 23.96023857 25.9917992
 26.0166501  24.60014911 25.53827038 27.3026839  26.89885686 27.02932406
 29.930666   28.67569583 23.25198807 23.65581511 23.09045726 26.17818091
 23.73658052 24.24602386 25.42644135 26.78081511 25.81163022 25.19657058
 27.46421471 28.42718688 27.15979125 26.62549702 23.1028827  23.54398608
 22.27037773 23.8111332  24.94806163 24.152833   25.86133201 25.25869781
 27.19706759 26.66277336 25.85511928 28.38991054 27.89289264 26.95477137
 23.10909543 23.99751491 21.79821074 25.86754473 24.11555666 26.31486083
 25.30218688 25.61282306 25.6749503  28.20352883 27.89289264 29.40258449
 27.96744533 27.66302187 29.06088469 22.6555666  23.74279324 24.11555666
 24.09691849 23.19607356 25.3083996  24.69333996 25.03503976 27.43315109
 27.6443837  26.03528827 26.88021869 27.54498012 27.22813121 22.38841948
 24.43861829 23.26441352 23.53156064 25.02261431 25.71222664 25.44507952
 24.4945328  25.51963221 25.50099404 28.10412525 27.30889662 29.68215706
 28.07927435 22.71148111 22.17097416 23.00969185 24.12176938 25.08474155
 25.49478131 25.02882704 26.00422465 24.72440358 25.64388668 26.44532803
 28.73782306 27.37102386 26.99204771 21.42544732 23.51913519 24.27708748
 26.52609344 21.92867793 24.55044732 24.1776839  25.8861829  25.28976143
 27.42693837 27.29647117 27.16600398 25.94831014 26.65034791 29.6138171
 23.17122266 22.4194831  22.74875746 24.45725646 25.9110338  25.53827038
 24.48210736 26.16575547 25.17793241 25.05989066 27.11630219 28.43961233
 26.81187873 28.12897614 22.26416501 23.78628231 22.69905567 22.58722664
 24.55666004 25.23384692 24.89214712 26.34592445 26.65034791 27.44557654
 25.14686879 25.96694831 26.89264414 28.24701789 22.5499503  23.37624254
 23.27683897 25.33946322 24.56287276 25.08474155 25.45129225 25.91724652
 25.52584493 27.45800199 26.15333002 26.51988072 26.88643141 29.25347913
 28.40233598 21.76714712]",55505.29304129268
2025-06-15 09:10:00+00:00,550,5303.030000000001,9.0,25.49083074193198,25.473129970178924,30.098409542743536,"[23.62475149 23.9416004  24.10313121 23.21471173 23.84219682 24.64363817
 26.40805169 26.61928429 26.94234592 26.88021869 26.22166998 29.85611332
 29.00497018 21.98459245 22.63071571 23.89189861 23.08424453 24.08449304
 24.50074553 24.61257455 26.21545726 24.23981113 26.69383698 26.79945328
 26.92370775 27.97987078 26.76838966 21.89140159 23.04696819 23.27683897
 24.78653082 24.53802187 24.2833002  24.09691849 24.47589463 26.81187873
 26.00422465 27.19085487 30.09840954 27.34617296 26.90506958 22.74254473
 22.6804175  22.59965209 24.84244533 24.32678926 25.82405567 23.27062624
 26.76217694 26.78081511 25.00397614 27.15357853 27.69408549 29.07952286
 27.56983101 29.75049702 21.7112326  23.61232604 22.38841948 23.54398608
 24.77410537 26.16575547 24.73682903 26.49502982 25.20899602 26.06635189
 25.12823062 27.50770378 27.23434394 27.73136183 22.46297217 23.72415507
 23.51913519 23.82977137 24.70576541 24.14040755 25.34567594 26.76838966
 25.42644135 26.57579523 26.29622266 27.35238569 26.73111332 28.65705765
 23.3389662  22.73633201 23.41973161 24.66227634 26.66277336 24.92942346
 23.46322068 26.16575547 27.73136183 25.36431412 24.66848907 25.42022863
 26.32107356 28.51416501 28.67569583 22.02186879 24.20874751 24.34542744
 22.95377734 26.42668986 23.89189861 25.48235586 26.12847913 26.55094433
 27.40208748 26.42047714 27.47664016 29.12922465 27.16600398 23.96023857
 25.57554672 23.22092445 23.43836978 24.31436382 24.48210736 24.29572565
 25.46993042 24.56287276 25.77435388 26.35213718 28.24701789 27.77485089
 27.22813121 25.20899602 23.42594433 23.09666998 23.9416004  23.39488072
 24.4945328  25.49478131 23.4694334  25.34567594 25.8861829  26.63170974
 27.55740557 28.03578529 28.17867793 22.91028827 22.35114314 22.61829026
 23.63096421 24.10934394 24.27708748 23.50670974 26.27758449 25.58175944
 27.0666004  26.37698807 28.1165507  28.29671968 29.45228628 27.84940358
 22.10884692 21.88518887 23.12152087 23.87947316 25.40780318 26.06635189
 25.9110338  25.59418489 26.95477137 25.53205765 28.78131213 26.78702783
 28.54522863 28.55765408 24.93563618 23.03454274 25.20899602 25.25869781
 24.59393638 25.19035785 26.37698807 25.9110338  26.58200795 27.73757455
 26.65034791 27.56983101 27.96744533 27.71272366 21.99080517 22.22688867
 23.24577535 23.71794235 24.19632207 24.41998012 25.69980119 25.19035785
 26.12847913 26.3583499  27.08523857 27.4083002  26.88643141 27.20949304
 27.75       23.90432406]",55171.723330207635
2025-06-15 09:11:00+00:00,551,5330.94,9.0,25.57482890058119,25.559828528827037,30.166749502982107,"[22.94756461 24.09691849 21.38817097 25.53827038 24.09691849 25.46371769
 26.19681909 27.55740557 27.11008946 26.99204771 27.3026839  26.97962227
 28.14140159 22.37599404 24.28951292 23.89189861 25.89239563 24.7306163
 25.17793241 23.89189861 25.25248509 24.55044732 25.82405567 27.20328032
 28.99254473 28.71297217 28.70054672 21.76093439 22.8916501  23.7055169
 24.53802187 24.79274354 23.14637177 24.78031809 25.27733598 25.96073559
 27.40208748 27.70651093 26.48260437 29.50198807 27.62574553 21.30119284
 22.21446322 24.13419483 25.49478131 24.02236581 24.92942346 25.02261431
 24.61878728 24.97912525 26.42668986 26.54473161 28.01093439 27.70651093
 27.1722167  30.11083499 22.60586481 23.61853877 24.44483101 23.35760437
 24.02236581 25.44507952 25.40159046 25.91724652 25.53205765 28.6694831
 26.24652087 26.47639165 27.47664016 30.1667495  23.22713718 23.26441352
 23.61232604 22.58722664 23.79870775 25.77435388 26.53851889 25.83648111
 26.11605368 25.14065606 27.29025845 27.16600398 27.19085487 28.98633201
 22.98484095 23.20228628 23.67445328 24.39512922 26.8305169  25.19035785
 25.73086481 25.02882704 25.12201789 27.20949304 26.22166998 27.66302187
 27.09145129 25.75571571 28.35263419 23.77385686 24.07828032 25.44507952
 23.89189861 23.88568588 24.68712724 24.31436382 27.29647117 26.17196819
 26.20303181 27.8804672  28.07306163 27.70651093 28.95526839 22.41327038
 23.31411531 22.30765408 22.76739563 23.30790258 24.68091451 24.22117296
 25.71222664 25.87375746 26.53230616 28.01093439 29.88096421 26.84915507
 27.8804672  22.61829026 24.2833002  23.51913519 22.40705765 23.51913519
 24.94184891 25.32082505 26.41426441 26.56336978 25.51341948 24.77410537
 27.92395626 27.84319085 28.50795229 22.08399602 22.81709742 24.2584493
 25.3083996  24.33921471 24.57529821 23.77385686 24.61257455 24.14040755
 27.02311133 27.41451292 27.00447316 27.8804672  28.03578529 28.81237575
 22.55616302 24.48210736 24.37649105 22.37599404 22.85437376 24.87972167
 26.79945328 26.15954274 26.13469185 26.2527336  28.03578529 27.6195328
 28.09791252 28.42097416 23.76764414 23.85462227 23.39488072 24.53180915
 23.20228628 25.86754473 25.83648111 25.83026839 26.22166998 27.04796223
 28.15382704 26.42668986 27.82455268 28.48310139 24.96048708 23.77385686
 23.33275348 23.20849901 24.4945328  24.13419483 26.90506958 24.77410537
 27.0417495  26.07877734 26.70626243 27.71893638 27.29025845 26.61307157
 27.9612326  23.21471173]",55452.74756978443
2025-06-15 09:12:00+00:00,552,5283.4,9.0,25.436170466692495,25.412152087475146,29.607604373757454,"[24.0472167  22.75497018 23.40109344 25.64388668 24.63742545 25.14065606
 27.07902584 26.18439364 27.45800199 25.38295229 26.81187873 28.02957256
 27.70651093 22.6555666  23.23956262 23.82355865 23.27062624 24.45725646
 25.33946322 23.86704771 24.86729622 27.35859841 26.14090457 26.17196819
 27.36481113 27.43315109 28.04199801 21.24527833 23.15879722 23.15879722
 24.87350895 24.23359841 25.50720676 25.52584493 24.74304175 26.90506958
 26.1471173  26.66898608 26.58200795 28.79373757 28.02335984 21.87276342
 24.29572565 23.47564612 23.73658052 22.04671968 23.45079523 24.59393638
 25.15929423 25.14065606 27.20328032 26.9609841  26.61928429 28.22837972
 27.55119284 28.9055666  23.49428429 24.35785288 23.80492048 22.93513917
 25.38916501 24.53180915 25.71843936 26.79324056 24.74925447 26.15333002
 27.20949304 27.09145129 26.9361332  28.24080517 22.71148111 21.40680915
 24.42619284 23.99751491 24.19632207 25.72465209 24.82380716 25.32703777
 27.19706759 26.58822068 26.20924453 27.07902584 27.37102386 27.18464215
 22.35114314 24.2584493  21.95974155 23.33275348 23.87947316 25.79920477
 25.9110338  26.30864811 26.68762425 25.75571571 27.99850895 27.55740557
 28.44582505 27.23434394 28.81237575 22.15233598 22.68663022 24.51317097
 23.1028827  23.03454274 25.92967197 25.68116302 23.45700795 24.7306163
 25.37673956 27.99850895 28.37748509 27.96744533 29.25347913 24.37649105
 23.38245527 24.33300199 24.22117296 23.7055169  22.40705765 24.02236581
 24.8610835  25.87997018 25.43265408 27.89910537 26.17196819 26.53230616
 29.45228628 22.64935388 22.87301193 23.86083499 24.13419483 24.25223658
 25.097167   25.40159046 25.15929423 26.81187873 26.41426441 26.75596421
 28.39612326 28.88071571 27.27162028 24.02857853 22.59343936 24.07206759
 22.5250994  23.82977137 24.84244533 24.30815109 26.54473161 25.21520875
 27.05417495 26.53851889 26.78081511 26.20924453 29.44607356 27.9612326
 22.82952286 24.16525845 23.3638171  24.47589463 22.59965209 23.74900596
 25.40780318 26.58822068 26.34592445 25.69980119 28.37127237 28.20352883
 26.97962227 26.60064612 22.74254473 24.4137674  24.07828032 24.88593439
 23.14015905 22.92271372 26.15333002 26.20303181 25.38916501 27.62574553
 26.05392644 25.39537773 29.60760437 27.22191849 21.02162028 22.72390656
 24.45104374 24.00372763 24.58772366 24.76789264 24.14040755 24.53802187
 25.50720676 25.95452286 27.29647117 27.5139165  28.04199801 27.28404573
 28.33399602 23.14637177]",54988.85191336641
2025-06-15 09:13:00+00:00,553,5323.45,9.0,25.555993580127517,25.536561878727635,29.974155069582505,"[23.18986083 22.07157058 25.12823062 22.8916501  25.62524851 24.92942346
 25.24627237 25.15929423 26.30243539 28.17867793 26.9361332  28.84343936
 29.28454274 24.68091451 22.69905567 24.1776839  23.46322068 24.46346918
 25.47614314 24.94184891 26.08499006 27.04796223 27.72514911 26.06013917
 26.7000497  27.30889662 28.61978131 22.63071571 22.79224652 24.45104374
 22.96620278 22.30144135 25.58797217 25.81163022 24.16525845 24.79895626
 27.36481113 28.68190855 26.88643141 27.05417495 28.27808151 22.5250994
 25.48235586 23.11530815 24.15904573 25.87375746 25.55690855 24.152833
 25.13444334 27.78727634 24.95427435 26.09120278 27.21570577 28.86207753
 28.23459245 29.63866799 24.625      23.04075547 24.15904573 23.09045726
 23.22713718 25.37052684 25.20899602 25.40780318 27.27162028 26.65656064
 26.10362823 27.09145129 24.47589463 28.01714712 25.097167   23.28926441
 24.67470179 22.7860338  24.57529821 26.58822068 26.56336978 26.88643141
 24.91699801 26.63792247 26.60685885 28.20974155 27.56361829 28.01093439
 21.5        23.32654076 23.40109344 24.35164016 24.45725646 24.23981113
 25.72465209 24.4137674  24.8362326  26.00422465 28.58250497 26.34592445
 26.4639662  28.76888668 28.18489066 22.34493042 24.78653082 24.99776342
 24.8610835  25.81163022 24.70576541 24.85487078 27.20328032 26.07256461
 24.99776342 28.04199801 27.32753479 29.96794235 29.97415507 23.06560636
 22.27037773 23.61853877 23.29547714 25.60039761 25.15929423 25.14065606
 25.50720676 28.57629225 25.28354871 25.15308151 27.70029821 28.30914513
 27.02932406 22.51267396 22.2890159  23.79249503 25.12823062 24.53802187
 24.48210736 26.32107356 25.83026839 24.77410537 25.50720676 28.12276342
 26.62549702 29.75049702 29.36530815 22.45054672 23.15879722 24.33921471
 23.4694334  24.64985089 24.60014911 25.29597416 23.39488072 26.32728628
 26.97962227 25.58175944 27.53255467 29.08573559 27.39587475 28.61356859
 23.50670974 22.7611829  23.99751491 23.20228628 24.17147117 24.54423459
 26.26515905 25.17171968 25.99801193 25.7805666  26.02286282 28.29050696
 27.9860835  26.77460239 22.91650099 22.76739563 22.81088469 23.89811133
 22.22067594 24.5193837  24.67470179 25.60661034 25.66873757 26.55094433
 26.85536779 28.1165507  26.28379722 26.96719682 24.05964215 22.66799205
 23.30168986 23.9416004  24.83001988 22.95999006 24.8362326  25.8054175
 25.25248509 26.26515905 27.78106362 28.14761431 27.93016899 27.66923459
 27.9612326  23.45700795]",55389.73212167462
2025-06-15 09:14:00+00:00,554,5347.610000000001,9.0,25.628924203816624,25.6116115805169,31.2477634194831,"[22.98484095 23.30790258 24.7306163  25.35188867 24.8610835  27.07281312
 26.06635189 26.06635189 26.83672962 28.73161034 26.14090457 27.65680915
 29.56411531 24.76789264 24.66227634 24.79274354 24.30815109 24.19010934
 24.8362326  23.31411531 25.53827038 26.03528827 25.36431412 28.53280318
 26.60064612 28.41476143 29.43986083 22.54373757 22.87301193 23.2333499
 22.81088469 22.98484095 25.57554672 23.38866799 25.08474155 26.32107356
 27.4083002  25.79920477 26.06013917 26.79324056 28.30914513 22.74254473
 23.14637177 22.4194831  23.43215706 26.20303181 26.01043738 25.6749503
 24.79274354 25.46993042 27.12872763 26.02286282 26.74975149 27.74378728
 27.00447316 28.60114314 21.89140159 22.5250994  24.77410537 22.35735586
 24.88593439 22.74875746 24.9666998  24.91078529 26.36456262 26.24652087
 26.86779324 28.06063618 28.87450298 27.99229622 23.53156064 23.08424453
 23.96645129 26.20303181 25.53205765 25.45750497 25.83026839 26.90506958
 25.92345924 27.3026839  25.74950298 27.01689861 26.99204771 29.0111829
 22.33250497 23.18986083 23.58747515 23.66202783 25.38295229 24.93563618
 25.03503976 26.00422465 26.14090457 24.52559642 27.50149105 27.22191849
 26.79324056 27.88667992 28.00472167 22.50646123 24.13419483 22.61829026
 26.53851889 24.42619284 26.20924453 25.4140159  25.37052684 26.95477137
 26.62549702 27.60089463 28.02335984 27.30889662 30.17917495 23.7055169
 22.47539761 22.5499503  23.66824056 24.67470179 25.51963221 25.68737575
 26.05392644 26.07256461 27.55740557 27.40208748 27.79348907 28.0916998
 29.46471173 22.88543738 22.71148111 23.87326044 25.38295229 24.32057654
 25.01640159 25.17171968 25.82405567 25.61282306 27.6195328  28.20352883
 27.03553678 28.08548708 28.11033797 22.62450298 22.4194831  24.60014911
 23.76764414 23.1028827  26.53851889 25.0723161  25.83026839 24.43240557
 27.40208748 26.81809145 27.29025845 26.01043738 29.23484095 29.12922465
 21.58697813 23.76143141 24.22738569 25.0723161  24.19010934 25.89860835
 26.66898608 26.87400596 25.96073559 25.84890656 26.43290258 27.90531809
 27.44557654 26.34592445 20.99676938 22.45054672 21.92867793 23.89189861
 25.93588469 23.65581511 24.79895626 26.45775348 26.15333002 27.45800199
 27.26540755 28.27186879 29.01739563 26.61928429 22.21446322 23.31411531
 23.5750497  25.62524851 24.09070577 25.04125249 24.67470179 24.63742545
 26.83672962 28.42718688 27.37723658 26.40805169 26.81187873 25.9917992
 31.24776342 23.50049702]",55633.728816288894
2025-06-15 09:15:00+00:00,555,5329.07,9.0,25.575844824057718,25.554019632206757,29.930666003976143,"[23.71172962 24.55666004 23.58747515 23.75521869 24.79895626 23.38866799
 26.31486083 25.04746521 27.09145129 25.38295229 29.00497018 28.44582505
 29.38394632 22.32007952 21.66774354 22.18961233 25.14065606 23.96645129
 25.11580517 24.85487078 24.84244533 28.63841948 25.11580517 26.84294235
 27.38966203 27.66302187 29.30939364 23.23956262 24.13419483 23.79249503
 22.9972664  24.37649105 24.22738569 25.84890656 26.22166998 26.25894632
 25.24005964 26.90506958 27.6443837  26.73732604 28.32157058 21.35710736
 24.58151093 23.55641153 23.11530815 23.82977137 23.50670974 24.67470179
 24.95427435 26.15333002 26.77460239 27.04796223 28.49552684 27.40208748
 28.93663022 27.68166004 24.50695825 23.15258449 25.097167   24.8362326
 24.96048708 26.39562624 25.16550696 25.69980119 25.83648111 25.6500994
 26.65656064 27.84940358 26.21545726 28.17246521 23.73658052 22.22067594
 24.38270378 23.87947316 24.69955268 26.19060636 27.09145129 25.14686879
 25.6500994  25.92345924 27.3026839  27.35238569 28.97390656 29.75670974
 22.97862823 22.86058648 24.9915507  23.8359841  25.14065606 25.97937376
 25.03503976 25.47614314 24.71819085 27.58846918 26.10362823 27.89289264
 27.57604374 27.07902584 29.930666   20.99676938 22.45054672 24.01615308
 25.02882704 24.58772366 24.8362326  24.98533797 25.01640159 26.51988072
 27.21570577 27.21570577 26.61307157 29.11058648 28.60114314 20.79796223
 24.10313121 25.05367793 24.50074553 25.49478131 24.20874751 26.76217694
 24.4945328  26.0166501  26.42047714 27.32132207 26.7249006  29.01739563
 28.04821074 22.97862823 22.37599404 23.14015905 23.73036779 24.35785288
 25.22142147 26.7000497  24.56908549 24.19010934 25.6749503  28.50795229
 27.58225646 27.78106362 28.35884692 22.63071571 24.76167992 23.05939364
 22.73633201 26.0166501  24.99776342 23.74900596 25.29597416 24.39512922
 27.76242545 27.27162028 26.56336978 28.81858847 28.40233598 28.98011928
 21.59940358 24.45104374 25.71222664 22.15854871 24.98533797 25.94209742
 26.92370775 27.11008946 24.625      25.4140159  26.805666   26.805666
 26.34592445 27.86804175 22.48161034 23.23956262 24.09070577 24.68091451
 24.55666004 24.44483101 24.94184891 26.55094433 25.27112326 26.84915507
 25.64388668 27.94880716 26.26515905 27.33374751 23.99751491 22.46297217
 25.07852883 23.06560636 25.30218688 23.78628231 24.71197813 25.8861829
 25.097167   26.15954274 26.35213718 26.43911531 27.48906561 26.87400596
 28.9055666  24.152833  ]",55456.14644336751
2025-06-15 09:16:00+00:00,556,5373.719999999999,9.0,25.70924143113317,25.692718687872762,30.564363817097412,"[23.45700795 24.78031809 23.69930417 23.07181909 24.60014911 24.3889165
 25.28976143 27.69408549 26.08499006 26.71868787 27.78727634 27.71272366
 27.09766402 22.38841948 22.90407555 21.61804175 24.21496024 24.35164016
 25.64388668 25.82405567 26.39562624 25.68116302 26.30243539 27.15979125
 27.76242545 26.58200795 28.52037773 23.92917495 24.58772366 23.30168986
 24.22117296 26.24652087 22.82952286 24.89835984 26.65034791 26.02907555
 27.87425447 26.81187873 26.82430417 26.27137177 24.68712724 22.19582505
 22.33250497 23.45700795 24.4137674  25.89239563 23.99130219 26.60685885
 25.31461233 26.63792247 24.74304175 26.53230616 27.99229622 27.41451292
 28.7999503  29.02360835 22.13991054 23.89811133 25.21520875 26.38941352
 26.10362823 26.97962227 25.3332505  27.66923459 24.89835984 26.8305169
 28.29050696 27.75621272 26.61928429 27.81212724 23.00969185 23.48807157
 23.27062624 25.15929423 24.21496024 25.35810139 26.14090457 25.71843936
 26.29000994 26.78702783 28.02335984 24.64363817 27.45800199 29.34666998
 20.35064612 24.81759443 23.43836978 23.50670974 22.8667992  24.42619284
 26.43290258 26.86779324 26.63170974 26.06635189 26.99204771 25.98558648
 25.81163022 27.6443837  27.02932406 23.64338966 24.77410537 24.32678926
 25.71843936 23.50049702 24.86729622 25.17793241 26.71868787 26.06635189
 25.39537773 26.30864811 26.69383698 27.62574553 28.92420477 22.34493042
 24.78031809 24.28951292 25.23384692 23.92296223 23.15258449 23.89189861
 25.01018887 25.50720676 28.32157058 26.73111332 27.50149105 28.16625249
 30.56436382 22.13991054 24.50695825 23.38866799 25.69358847 24.71197813
 26.06635189 25.27112326 25.25869781 25.18414513 27.11630219 27.5387674
 27.84940358 29.57654076 29.41500994 22.30144135 22.09020875 24.01615308
 24.11555666 24.22738569 23.87326044 24.58772366 25.69358847 26.71868787
 27.65680915 27.05417495 26.26515905 27.52012922 29.01739563 28.25944334
 23.68687873 24.19632207 23.66202783 23.80492048 26.14090457 24.27087475
 26.20924453 27.72514911 27.09145129 24.4945328  27.60710736 28.50173956
 28.07927435 29.65109344 23.00969185 24.07828032 24.48210736 25.44507952
 26.39562624 25.71222664 26.10984095 26.90506958 26.71247515 25.91724652
 26.83672962 27.42693837 28.07306163 27.10387674 23.05318091 23.47564612
 26.14090457 25.05989066 25.24005964 24.9666998  24.87350895 26.29622266
 25.46993042 25.4140159  26.84915507 27.91774354 26.61928429 28.32157058
 28.07306163 23.21471173]",55902.43813199914
2025-06-15 09:17:00+00:00,557,5381.56,9.0,25.734009620204983,25.717072564612323,30.054920477137173,"[23.19607356 23.61853877 24.46346918 25.40159046 24.25223658 27.54498012
 26.5944334  26.65034791 26.06013917 26.60685885 27.48285288 28.12276342
 29.54547714 22.95999006 22.25795229 24.64363817 23.78628231 25.38295229
 26.07877734 25.01640159 26.42047714 26.90506958 27.21570577 25.39537773
 27.84940358 27.8556163  30.05492048 21.97837972 22.23310139 22.97862823
 23.96645129 23.42594433 24.94806163 26.74353877 26.71868787 25.17793241
 27.02311133 28.50173956 27.73136183 27.35238569 27.79970179 22.11505964
 24.72440358 22.72390656 23.91053678 23.2582008  24.55044732 26.92370775
 26.98583499 26.63170974 25.01640159 26.01043738 26.34592445 28.91799205
 28.71918489 28.37127237 23.37002982 24.21496024 23.71794235 25.79920477
 25.25248509 27.32132207 24.83001988 26.33349901 26.76217694 26.26515905
 27.94880716 29.04845924 29.67594433 26.19060636 23.18986083 23.87947316
 23.9167495  24.46968191 25.32703777 25.81163022 24.39512922 23.8111332
 27.34617296 26.01043738 26.96719682 27.25919483 28.06684891 29.3528827
 22.14612326 23.43836978 23.4694334  25.84269384 25.11580517 26.14090457
 25.37673956 26.43911531 27.02311133 26.29000994 28.13518887 26.88021869
 27.71893638 27.09766402 29.12301193 24.4945328  22.7860338  24.17147117
 24.34542744 23.62475149 24.53802187 26.31486083 24.43240557 27.15357853
 27.47042744 25.45750497 26.03528827 27.42072565 28.15382704 23.55019881
 23.92917495 24.51317097 24.50695825 23.24577535 23.04696819 25.63146123
 25.99801193 26.25894632 27.88667992 26.88021869 29.32181909 27.15357853
 28.72539761 20.48111332 23.89811133 23.66824056 24.4137674  23.79249503
 25.14686879 25.70601392 25.94831014 27.26540755 26.7249006  26.64413519
 26.9361332  27.56361829 28.00472167 22.71148111 22.76739563 22.5499503
 24.39512922 22.94756461 24.64363817 25.43265408 26.39562624 25.29597416
 26.06635189 25.60661034 26.73111332 28.22837972 28.78752485 28.76888668
 23.73036779 23.63717694 23.12152087 24.50695825 24.01615308 26.02907555
 25.097167   25.55069583 26.79324056 26.83672962 27.62574553 25.89860835
 27.5387674  28.88692843 22.64935388 24.32057654 23.86083499 24.54423459
 24.07206759 25.97316103 24.74925447 26.54473161 24.74304175 27.40208748
 28.38369781 25.57554672 27.79970179 27.77485089 22.60586481 22.23931412
 22.56858847 23.82977137 26.02286282 25.19657058 25.89239563 24.87350895
 27.12251491 26.91128231 27.13494036 28.87450298 27.86804175 29.15407555
 27.19706759 23.77385686]",55985.3025853578
2025-06-15 09:18:00+00:00,558,5382.08,9.0,25.73717564002319,25.71868787276342,29.533051689860834,"[21.64289264 24.48832008 23.23956262 24.81759443 25.39537773 24.85487078
 27.35238569 26.26515905 26.98583499 27.11630219 27.37723658 26.31486083
 28.68190855 21.83548708 24.87350895 24.69333996 23.61853877 24.55666004
 24.17147117 25.05367793 25.3332505  26.2278827  27.04796223 27.20949304
 27.08523857 27.48285288 29.53305169 21.35089463 21.81063618 23.82977137
 24.33300199 24.43240557 25.87997018 25.46993042 25.99801193 27.50149105
 28.00472167 27.08523857 28.35263419 28.40233598 27.25919483 22.37599404
 23.4694334  22.3138668  22.80467197 24.2833002  26.66277336 24.1776839
 25.72465209 24.02236581 26.89885686 27.25919483 28.5390159  26.3832008
 28.70054672 28.92420477 24.22117296 23.84840954 24.24602386 24.00994036
 24.99776342 24.46346918 24.45725646 24.93563618 27.02311133 27.38966203
 26.27758449 26.66277336 28.3277833  28.06684891 23.20849901 22.70526839
 25.2027833  23.76143141 25.43265408 23.78628231 25.39537773 26.33349901
 25.51341948 26.60064612 27.50770378 28.42097416 28.20974155 28.30293241
 22.29522863 24.53180915 23.39488072 23.8111332  24.40134195 25.40159046
 25.62524851 27.77485089 27.73757455 27.76863817 27.60089463 26.63170974
 27.96744533 27.39587475 27.94880716 23.8359841  23.33275348 22.74875746
 24.54423459 25.17171968 24.51317097 27.09766402 26.17818091 26.22166998
 28.15382704 26.98583499 26.91749503 28.27808151 28.76888668 22.73011928
 24.14662028 24.12176938 24.23359841 24.54423459 24.7554672  26.56336978
 25.71843936 25.99801193 26.1222664  26.74353877 28.84965209 29.45849901
 28.32157058 23.40109344 25.19035785 22.15233598 22.69905567 24.45104374
 24.60014911 25.10959245 25.7805666  25.82405567 25.53205765 26.42668986
 26.34592445 27.68787276 27.99850895 24.53802187 23.40109344 22.67420477
 23.22713718 25.01640159 25.51963221 24.64363817 25.95452286 24.94184891
 26.61928429 28.222167   27.83697813 27.87425447 26.3583499  27.93638171
 23.1277336  24.46346918 24.00994036 24.2584493  25.42022863 25.86754473
 24.23359841 25.99801193 26.69383698 26.33349901 26.38941352 27.90531809
 28.13518887 28.84965209 22.58101392 23.82977137 23.73036779 23.79249503
 23.47564612 24.74925447 24.83001988 27.96744533 26.33971173 26.96719682
 29.16028827 26.84294235 27.07902584 27.60089463 22.91650099 23.41973161
 24.19010934 24.19632207 25.87997018 25.83026839 26.06635189 27.86804175
 27.10387674 26.23409543 28.27186879 27.89910537 26.20924453 29.40879722
 27.12872763 22.36356859]",55995.89482126159
2025-06-15 09:19:00+00:00,559,5383.99,9.0,25.744443050481088,25.72462102385686,30.452534791252482,"[22.50646123 23.37624254 24.16525845 23.17743539 23.95402584 26.61307157
 27.4083002  26.44532803 27.08523857 27.96744533 28.7999503  28.52037773
 26.55094433 23.54398608 23.47564612 23.48807157 23.63717694 23.78006958
 23.38866799 25.85511928 27.43936382 25.79920477 28.70675944 26.11605368
 27.80591451 27.33374751 28.91799205 23.07803181 23.93538767 22.8916501
 23.79870775 24.74304175 24.8362326  26.09741551 25.31461233 27.44557654
 27.04796223 25.6749503  26.56336978 28.97390656 27.91153082 23.07803181
 22.33871769 23.77385686 24.4945328  23.22713718 24.64363817 23.45079523
 27.42072565 25.86133201 25.61903579 27.56983101 28.0916998  29.02360835
 28.41476143 28.55144135 24.02857853 21.8416998  22.66799205 25.02882704
 25.04125249 25.99801193 27.25298211 26.5695825  27.88667992 26.95477137
 25.01018887 28.61978131 26.71868787 28.89935388 22.20203777 23.32654076
 24.15904573 24.65606362 24.8610835  24.20874751 25.6500994  26.96719682
 24.96048708 27.40208748 26.34592445 26.63170974 28.31535785 28.12276342
 22.54373757 23.30168986 24.3889165  24.72440358 22.90407555 25.34567594
 24.85487078 25.02882704 26.64413519 26.19681909 26.88643141 29.0360338
 27.52634195 28.80616302 30.45253479 21.67395626 23.76143141 24.60014911
 24.78653082 24.71819085 24.87350895 25.32703777 24.43861829 25.35188867
 25.81163022 26.52609344 27.9860835  26.99204771 30.12326044 24.8610835
 22.30144135 25.097167   24.7554672  23.37624254 26.65034791 25.92345924
 25.02882704 26.90506958 26.10984095 27.38966203 28.38369781 27.5139165
 27.9612326  22.91028827 22.84816103 24.57529821 25.10337972 23.55641153
 25.28354871 25.40159046 24.55044732 25.04746521 27.02932406 27.38966203
 29.29696819 28.58250497 26.87400596 22.81088469 24.16525845 23.00347913
 23.97266402 24.152833   25.83648111 24.55666004 24.4137674  25.40780318
 26.74353877 28.48310139 26.99204771 28.76267396 28.46446322 28.63220676
 24.20253479 23.81734592 22.96620278 24.72440358 24.9915507  25.96073559
 25.44507952 25.47614314 26.12847913 27.29647117 27.03553678 27.33996024
 28.07927435 27.52634195 23.41973161 23.96023857 24.02236581 23.48807157
 23.99751491 24.37649105 26.54473161 26.64413519 26.28379722 28.87450298
 27.9612326  27.73136183 28.64463221 28.47688867 22.7860338  23.49428429
 22.14612326 24.57529821 23.32032803 23.81734592 26.09741551 24.84244533
 25.8861829  27.22191849 26.82430417 27.03553678 29.05467197 28.84343936
 28.70054672 22.09020875]",56020.208669689535
2025-06-15 09:20:00+00:00,560,5378.68,9.0,25.730403333947866,25.708126242544726,29.831262425447314,"[23.58126243 23.73658052 23.8111332  24.46346918 25.15929423 24.42619284
 25.6500994  26.92992048 25.77435388 27.91153082 27.83697813 29.50198807
 27.93638171 23.2582008  23.48807157 25.04125249 22.91028827 24.30193837
 25.95452286 25.6500994  25.96694831 25.9110338  26.94855865 28.7750994
 28.10412525 28.38369781 27.65680915 22.84194831 23.73036779 24.63742545
 24.89214712 24.84244533 25.38916501 25.87997018 25.27733598 26.71247515
 26.84915507 27.39587475 28.9304175  27.1722167  28.86207753 22.66799205
 24.3889165  23.24577535 23.73036779 24.27708748 23.30790258 23.40109344
 26.98583499 25.42022863 26.37077535 26.40183897 27.58846918 26.805666
 28.42097416 29.21620278 23.17743539 22.87922465 24.18389662 25.14065606
 24.30193837 22.98484095 26.63170974 25.28354871 27.55119284 26.18439364
 27.54498012 27.65059642 28.222167   28.91177932 22.91650099 24.67470179
 23.43215706 22.74875746 24.13419483 24.53802187 25.32703777 26.5695825
 25.45129225 25.64388668 26.9361332  28.74403579 28.04199801 28.99875746
 22.0777833  24.40134195 23.78006958 25.51341948 25.27112326 23.64338966
 26.18439364 25.63767396 25.64388668 26.01043738 26.61307157 26.44532803
 25.96694831 28.35884692 28.27186879 23.89189861 23.18986083 23.42594433
 23.69930417 25.21520875 25.73707753 23.23956262 25.98558648 27.08523857
 27.89910537 26.44532803 27.26540755 26.84294235 28.16625249 23.69309145
 24.19010934 23.4445825  24.74925447 24.87350895 24.29572565 23.86083499
 27.34617296 27.09766402 26.50745527 27.3026839  28.19110338 29.83126243
 28.89314115 24.09691849 23.90432406 24.81138171 24.48832008 26.00422465
 25.12823062 25.45129225 25.6749503  26.77460239 27.03553678 25.71222664
 27.20949304 27.41451292 28.50795229 22.79224652 22.07157058 22.43812127
 22.35114314 24.14662028 24.02236581 25.32082505 26.35213718 27.70651093
 25.84890656 26.33971173 27.71893638 28.55765408 27.88667992 27.99850895
 24.47589463 22.08399602 22.63071571 22.59343936 23.8359841  26.04771372
 25.71222664 24.92321074 27.3834493  25.50099404 27.44557654 28.89314115
 26.42668986 28.50173956 23.99751491 23.66824056 24.44483101 23.82977137
 22.99105368 25.27112326 25.17793241 26.30243539 25.76814115 26.89885686
 27.56361829 28.14140159 29.21620278 28.76267396 22.59965209 24.45104374
 25.79920477 24.33921471 25.4140159  24.94184891 26.30243539 25.14686879
 24.32678926 26.45775348 27.5387674  26.99204771 26.88643141 27.8556163
 27.49527833 23.12152087]",55973.23739405598
2025-06-15 09:21:00+00:00,561,5391.5599999999995,9.0,25.77004248075623,25.748136182902584,30.11083499005964,"[24.53802187 24.77410537 22.56858847 25.4140159  25.22763419 24.46346918
 26.74975149 25.87997018 26.76838966 26.2527336  28.0916998  27.20949304
 29.84368787 25.14686879 25.2027833  22.18961233 25.33946322 25.15308151
 25.10337972 26.21545726 26.83672962 24.96048708 27.78727634 28.65705765
 28.88071571 27.91774354 30.11083499 23.61853877 20.18911531 24.22117296
 22.97241551 23.89811133 23.16500994 25.17793241 25.40780318 24.58151093
 26.24652087 28.51416501 27.28404573 26.08499006 28.32157058 23.28305169
 22.23931412 24.39512922 22.04671968 24.65606362 24.84865805 25.05989066
 27.07902584 26.18439364 25.68737575 28.18489066 27.78106362 27.31510934
 29.72564612 29.99900596 22.2082505  23.12152087 24.18389662 24.30193837
 25.25869781 25.8054175  23.19607356 26.15954274 26.2527336  26.7000497
 28.03578529 27.63195825 28.29671968 28.82480119 22.08399602 24.20874751
 25.4388668  25.46993042 24.7554672  23.84219682 25.68116302 25.94831014
 25.5444831  25.89239563 26.83672962 25.51963221 27.35238569 27.03553678
 22.02808151 23.61232604 24.17147117 24.27708748 23.8111332  24.24602386
 26.91749503 24.96048708 27.13494036 28.09791252 26.63792247 27.19706759
 27.52634195 28.14761431 29.52062624 23.16500994 23.09045726 23.66824056
 23.06560636 23.63096421 26.73111332 27.12251491 26.78702783 24.7554672
 27.03553678 27.01068588 26.06013917 28.09791252 28.55144135 21.56212724
 23.81734592 23.3389662  24.03479125 24.10313121 25.569334   26.04150099
 26.74975149 25.62524851 26.77460239 27.50770378 28.48310139 26.27758449
 27.92395626 24.9915507  26.25894632 23.41351889 22.40705765 24.70576541
 24.06585487 26.89885686 25.9917992  25.53205765 26.74975149 27.277833
 26.73111332 27.55119284 28.86207753 22.13369781 22.53752485 23.20849901
 23.77385686 24.63121272 24.76789264 27.00447316 24.99776342 28.25323062
 27.81212724 26.73732604 28.34020875 27.89289264 28.48310139 28.73782306
 23.58126243 24.33300199 22.91650099 25.96073559 24.69955268 26.16575547
 25.99801193 25.66873757 26.34592445 26.90506958 26.78081511 26.47639165
 27.91774354 29.40879722 22.35735586 22.81709742 22.76739563 24.63742545
 24.84244533 24.34542744 26.16575547 23.80492048 25.62524851 26.57579523
 27.22191849 28.73782306 26.26515905 27.96744533 22.23310139 24.89835984
 24.68712724 24.48210736 24.91078529 22.97862823 25.35810139 25.38916501
 27.03553678 26.78702783 28.58250497 29.29696819 28.5390159  28.47688867
 28.31535785 23.71172962]",56105.854123618046
2025-06-15 09:22:00+00:00,562,5433.57,9.0,25.895644878368042,25.878634443339962,30.73832007952286,"[23.09045726 23.54398608 24.44483101 24.625      24.23981113 25.87375746
 26.07256461 28.72539761 24.98533797 26.71868787 27.25919483 27.76242545
 29.40879722 24.99776342 23.69309145 23.99130219 23.8359841  24.60014911
 25.81784294 24.90457256 25.60039761 26.99826044 27.11008946 26.20303181
 28.70054672 27.70651093 28.0916998  23.8359841  23.63096421 25.10337972
 25.2027833  25.08474155 26.2278827  26.82430417 26.92992048 26.99204771
 28.58871769 26.26515905 26.97962227 28.3277833  28.02957256 21.87897614
 22.6555666  22.36978131 24.01615308 24.60636183 24.81138171 25.17793241
 25.83026839 26.85536779 25.78677932 27.86182903 28.11033797 27.89289264
 27.53255467 28.39612326 23.10909543 22.36356859 23.56883698 24.20253479
 24.46346918 25.40780318 26.14090457 25.86754473 27.10387674 25.92345924
 26.29000994 27.57604374 27.45178926 29.98036779 21.94110338 23.79249503
 24.41998012 22.97241551 23.27062624 24.89214712 24.77410537 25.46371769
 25.6500994  25.97316103 27.65059642 27.60089463 28.27808151 27.76242545
 23.76764414 22.73011928 23.96645129 23.38866799 23.86083499 27.16600398
 26.02907555 25.74329026 26.74975149 26.60685885 27.63195825 28.20352883
 28.96769384 26.71247515 30.73832008 22.71769384 24.30193837 24.64985089
 25.74329026 26.35213718 23.8359841  26.71868787 26.55715706 26.86779324
 27.73136183 27.67544732 28.38369781 28.7999503  28.01714712 21.7112326
 22.87301193 23.14637177 24.89214712 24.55666004 26.55715706 24.48210736
 25.38916501 25.51963221 25.06610338 26.29622266 27.34617296 28.84343936
 26.47017893 22.15233598 23.92296223 24.28951292 25.23384692 25.48235586
 24.37027833 23.84219682 27.71893638 27.47664016 25.27733598 28.694334
 27.46421471 28.05442346 27.84940358 23.75521869 23.62475149 25.01640159
 22.25173956 25.40780318 24.66848907 25.35188867 24.73682903 26.56336978
 27.84940358 26.32107356 26.77460239 28.48931412 28.85586481 28.63841948
 24.88593439 23.43215706 24.77410537 25.23384692 24.30815109 25.24627237
 26.40183897 27.00447316 26.89885686 27.26540755 27.07281312 27.01689861
 29.52683897 28.17246521 22.22688867 22.48782306 23.79870775 24.55044732
 24.83001988 25.95452286 25.57554672 26.92992048 26.34592445 28.84965209
 26.36456262 27.54498012 27.50149105 29.24105368 23.91053678 22.55616302
 23.91053678 25.17793241 24.66848907 23.05939364 26.04150099 25.49478131
 27.84319085 26.58822068 27.6443837  29.0360338  28.47688867 29.75049702
 29.14786282 24.38270378]",56526.069505068124
2025-06-15 09:23:00+00:00,563,5386.32,9.0,25.75783642767709,25.731858846918488,30.84393638170974,"[25.05367793 24.02857853 23.86704771 24.27087475 25.02261431 25.07852883
 27.1722167  26.43290258 25.90482107 26.20303181 28.96148111 28.25323062
 28.3277833  24.7554672  22.87922465 25.24005964 24.72440358 26.05392644
 24.60636183 25.64388668 24.22117296 25.51963221 27.25919483 25.76192843
 28.96148111 26.50124254 27.50149105 24.05964215 24.02236581 23.8111332
 21.33225646 24.55666004 26.70626243 24.29572565 25.97937376 26.50124254
 26.84294235 27.54498012 27.8804672  30.25372763 27.9860835  22.6555666
 24.51317097 24.82380716 23.34517893 23.87947316 25.45129225 23.62475149
 25.35188867 26.32107356 25.84269384 25.63146123 28.17867793 25.96073559
 29.19756461 27.59468191 23.41351889 23.13394632 23.19607356 22.5250994
 25.27112326 24.42619284 25.5444831  25.5444831  26.65656064 26.88021869
 26.9361332  27.01068588 27.84319085 28.19110338 23.58747515 24.45725646
 24.42619284 24.78653082 25.19657058 24.08449304 24.93563618 25.47614314
 26.42668986 24.82380716 27.56361829 26.69383698 28.19110338 28.01093439
 21.5        23.46322068 24.4945328  25.48856859 23.69309145 23.69930417
 25.24005964 25.37673956 26.78702783 28.19110338 27.25298211 27.94259443
 27.15357853 29.08573559 30.33449304 23.14637177 23.69309145 23.1277336
 23.1028827  24.14662028 25.49478131 26.04150099 26.89264414 26.62549702
 27.12251491 26.65034791 28.40233598 28.63220676 26.98583499 22.41327038
 24.09070577 22.63071571 24.09691849 24.05964215 25.4388668  26.66277336
 24.43240557 25.13444334 25.94209742 25.77435388 28.44582505 29.40879722
 27.99229622 22.22688867 20.40034791 23.75521869 24.65606362 25.49478131
 24.86729622 23.88568588 25.28976143 27.58225646 26.31486083 27.48285288
 28.25944334 27.81833996 27.78106362 23.09666998 23.41351889 22.6804175
 23.63717694 25.07852883 24.55044732 24.50695825 26.09120278 25.82405567
 27.95501988 28.63841948 27.25919483 27.44557654 27.20949304 30.84393638
 23.41351889 24.08449304 23.4445825  23.82977137 25.25869781 23.56262425
 26.21545726 27.44557654 27.16600398 23.96645129 27.29647117 28.5638668
 29.48956262 30.45874751 21.88518887 23.03454274 24.29572565 24.13419483
 24.48210736 25.12201789 24.7306163  27.42693837 25.10959245 25.93588469
 28.99875746 27.1722167  27.70651093 30.18538767 24.94806163 22.97241551
 24.30815109 24.43861829 24.01615308 26.78081511 24.5193837  25.37673956
 27.37102386 26.7000497  27.27162028 26.77460239 28.24080517 29.16028827
 27.90531809 23.25198807]",56065.017552436475
2025-06-15 09:24:00+00:00,564,5459.81,9.0,25.97633628257229,25.960145377733596,29.912027833001986,"[22.77360835 24.03479125 23.00969185 24.61257455 25.06610338 26.88643141
 27.54498012 27.81212724 26.88021869 27.81212724 28.35263419 26.87400596
 29.91202783 23.28305169 23.60611332 24.87972167 23.80492048 23.85462227
 24.79274354 26.17818091 27.29647117 25.46371769 27.48906561 26.45775348
 28.35884692 28.06684891 28.20974155 23.32032803 23.74900596 23.79870775
 22.72390656 22.4194831  25.92345924 26.50745527 26.01043738 25.71843936
 27.50149105 28.81237575 27.73136183 28.28429423 28.24701789 22.5499503
 25.05989066 25.40780318 25.39537773 24.47589463 24.25223658 24.92942346
 24.83001988 24.7554672  26.29622266 27.52012922 27.83076541 27.86804175
 27.83697813 28.9304175  23.23956262 25.15929423 23.79870775 25.33946322
 23.35139165 25.22142147 25.97316103 26.11605368 26.92992048 27.36481113
 27.4083002  27.29647117 29.08573559 29.79398608 22.40705765 24.35164016
 24.20253479 23.48807157 24.46346918 24.83001988 23.77385686 27.95501988
 24.74304175 27.35238569 26.50124254 27.38966203 29.02360835 28.52037773
 22.09642147 23.74279324 22.86058648 23.33275348 24.72440358 24.72440358
 26.26515905 24.91699801 26.60685885 28.55765408 28.25944334 27.54498012
 27.50770378 27.34617296 29.02360835 23.77385686 22.27037773 24.46346918
 24.9666998  22.82952286 25.87997018 25.44507952 26.21545726 26.32728628
 26.17818091 28.55765408 28.93663022 28.91799205 28.67569583 25.16550696
 24.58151093 23.28305169 25.3083996  25.63146123 26.08499006 26.84294235
 26.75596421 27.29647117 26.61928429 27.17842942 28.76888668 27.74378728
 28.44582505 24.08449304 21.93489066 24.80516899 23.55019881 25.15929423
 26.04150099 25.46993042 27.19706759 25.70601392 27.96744533 28.42097416
 28.36505964 28.0916998  29.15407555 21.74850895 23.07181909 25.17793241
 22.91028827 25.3332505  24.59393638 25.65631213 26.11605368 25.57554672
 25.35810139 26.49502982 25.12823062 27.26540755 28.81237575 27.38966203
 23.5750497  23.01590457 23.35760437 24.42619284 24.84244533 26.29000994
 26.18439364 26.29000994 25.68116302 26.47017893 26.9361332  28.71918489
 29.39637177 29.26590457 22.32007952 24.81759443 23.41973161 22.26416501
 26.32728628 24.33300199 26.97962227 27.50149105 27.03553678 26.78702783
 28.03578529 26.69383698 26.53851889 29.43364811 24.42619284 24.08449304
 24.33921471 22.9972664  25.50720676 24.20253479 25.97937376 26.43911531
 26.34592445 28.08548708 28.25323062 27.10387674 29.60760437 29.26590457
 29.52062624 24.61878728]",56796.03066697385
2025-06-15 09:25:00+00:00,565,5411.57,9.0,25.835604837015808,25.810294483101387,30.061133200795226,"[23.26441352 24.625      24.42619284 24.152833   25.19035785 25.03503976
 25.77435388 25.98558648 26.56336978 27.45800199 26.86158052 29.31560636
 28.63841948 23.26441352 23.89811133 22.95377734 24.14662028 24.48832008
 25.92967197 26.96719682 24.50074553 26.07256461 27.5387674  26.99204771
 27.25919483 28.22837972 28.68812127 21.99080517 23.92296223 24.07828032
 23.14637177 25.28354871 24.46346918 25.44507952 26.83672962 25.92967197
 27.47664016 26.32728628 28.30293241 27.76863817 28.1165507  21.12723658
 24.50695825 24.66227634 24.2833002  25.51341948 24.80516899 25.89239563
 26.37698807 25.9917992  26.36456262 27.35238569 26.32107356 27.19085487
 28.70675944 29.76913519 23.09666998 23.12152087 24.22738569 23.81734592
 24.53180915 25.02261431 25.96694831 26.88021869 26.89885686 27.15357853
 27.65059642 27.33374751 28.29050696 28.18489066 22.95377734 22.73633201
 22.90407555 24.87972167 24.79895626 26.97962227 25.32082505 26.40183897
 26.40183897 26.19681909 26.96719682 27.83076541 26.09120278 28.12897614
 24.32057654 24.15904573 24.87350895 24.48832008 24.98533797 24.35785288
 24.56287276 25.69980119 27.20328032 27.93016899 24.88593439 27.84940358
 30.0611332  28.38369781 29.55168986 22.17718688 21.9473161  24.96048708
 24.25223658 23.680666   24.82380716 26.20303181 24.67470179 27.84319085
 28.01093439 26.51366799 28.73161034 28.52037773 29.60760437 23.54398608
 23.63096421 23.69930417 24.23981113 25.48235586 25.6500994  26.19681909
 27.19706759 26.45775348 27.55119284 28.16625249 28.07927435 27.76863817
 29.63866799 20.69234592 22.23931412 23.1028827  24.71819085 25.81784294
 24.81759443 25.35810139 24.79274354 26.64413519 25.8861829  26.5944334
 26.04771372 27.87425447 27.63195825 23.15258449 22.45675944 24.64985089
 23.71172962 24.65606362 25.32703777 25.57554672 25.47614314 27.34617296
 28.16625249 27.5387674  26.91749503 28.37748509 28.01093439 28.65084493
 23.61853877 23.48185885 24.61878728 24.92321074 24.21496024 25.3083996
 25.58175944 27.05417495 27.62574553 27.72514911 27.84940358 28.04199801
 27.94880716 26.90506958 23.64338966 22.29522863 23.99751491 24.00372763
 24.16525845 24.15904573 25.96694831 25.3083996  25.19035785 24.68091451
 27.33996024 27.73136183 28.73782306 28.54522863 22.35114314 23.22092445
 24.40755467 24.9915507  25.78677932 23.64338966 25.96694831 24.25223658
 26.42047714 27.20328032 26.78081511 28.63220676 27.72514911 28.27808151
 27.43936382 22.56237575]",56325.19954272008
2025-06-15 09:26:00+00:00,566,5403.31,9.0,25.812855342836922,25.784635934393638,30.54572564612326,"[23.50670974 23.75521869 24.37649105 25.9110338  26.18439364 24.63121272
 26.13469185 27.0417495  25.96073559 26.79324056 26.78081511 27.73757455
 27.21570577 22.99105368 25.65631213 23.50670974 24.91078529 25.20899602
 26.17196819 25.49478131 27.08523857 24.60636183 27.00447316 26.9361332
 27.97365805 26.74975149 28.84965209 23.4445825  23.51292247 23.00347913
 25.03503976 24.30193837 24.47589463 25.63146123 24.84865805 27.83697813
 26.73111332 27.24055666 28.42097416 27.60710736 28.07306163 22.19582505
 24.33300199 24.63742545 25.40780318 23.85462227 23.2582008  25.79299205
 25.8054175  26.99826044 25.92967197 26.7000497  27.32753479 27.76242545
 27.32132207 29.01739563 23.60611332 23.38245527 22.04671968 24.20874751
 28.65084493 24.73682903 27.05417495 25.22142147 26.64413519 25.86133201
 25.89860835 26.92370775 30.54572565 29.26590457 23.14637177 23.18364811
 23.42594433 25.95452286 26.66277336 23.99130219 24.96048708 26.56336978
 26.29000994 26.74975149 26.54473161 27.91153082 27.54498012 28.9304175
 22.73633201 21.3943837  23.2333499  24.55666004 24.93563618 27.65059642
 27.65059642 25.60661034 25.90482107 27.42693837 27.60710736 27.15979125
 26.90506958 27.32132207 29.57654076 23.11530815 23.32032803 25.26491054
 24.23981113 24.16525845 25.9110338  24.99776342 25.32082505 28.11033797
 27.45178926 29.02982107 28.01093439 28.35884692 27.07281312 23.18986083
 22.4194831  22.50024851 25.6749503  25.15929423 25.92345924 27.06038767
 27.14736581 26.12847913 27.88667992 27.86804175 28.25944334 28.38369781
 28.18489066 22.37599404 22.73633201 21.69880716 24.0472167  26.36456262
 24.96048708 23.33275348 26.27137177 25.37673956 25.0723161  26.45154076
 25.59418489 27.13494036 28.84343936 22.51888668 22.83573559 24.33300199
 24.60014911 23.88568588 23.64960239 24.61257455 26.18439364 26.99826044
 25.95452286 27.66302187 28.5390159  27.49527833 27.09145129 28.96148111
 23.14015905 24.41998012 24.10934394 24.48832008 26.18439364 25.19035785
 26.50124254 27.62574553 27.00447316 26.86779324 27.80591451 28.01093439
 26.16575547 28.01714712 20.51838966 24.74304175 24.23981113 22.23931412
 24.1776839  25.38916501 26.18439364 27.17842942 26.07256461 26.06635189
 26.79945328 26.08499006 29.04845924 28.75646123 22.74875746 22.82952286
 23.69309145 24.91078529 25.12823062 24.24602386 24.78653082 26.40183897
 26.26515905 26.24652087 26.27758449 25.9917992  27.93016899 28.23459245
 29.12301193 22.09020875]",56249.0888349952
2025-06-15 09:27:00+00:00,567,5481.530000000001,9.0,26.045311302873728,26.027615556660038,30.570576540755464,"[23.87326044 23.32032803 25.569334   24.28951292 25.5444831  24.74925447
 25.18414513 26.16575547 26.47639165 27.86182903 27.42693837 28.66327038
 28.35263419 20.74826044 25.01640159 23.22713718 23.98508946 26.30864811
 24.02857853 25.75571571 28.36505964 26.21545726 27.44557654 28.42718688
 29.06088469 28.67569583 29.37152087 22.62450298 23.9167495  22.81088469
 24.50074553 23.15258449 25.48856859 26.17196819 25.68737575 26.73111332
 26.83672962 27.59468191 25.93588469 29.34666998 30.09219682 23.51292247
 23.15258449 23.3389662  22.32007952 24.69333996 25.55690855 24.58151093
 26.18439364 27.46421471 25.58797217 27.21570577 28.48931412 27.42072565
 28.37748509 28.71297217 23.82977137 23.52534791 23.9416004  24.39512922
 25.43265408 24.61257455 26.10362823 25.73707753 25.82405567 28.60114314
 27.05417495 29.18513917 29.72564612 28.26565606 22.79845924 24.2833002
 22.92892644 25.12823062 24.50695825 23.58747515 26.86158052 26.88021869
 26.49502982 26.805666   27.9612326  27.47042744 28.04199801 27.20949304
 23.25198807 25.69980119 23.27062624 24.22117296 24.69333996 25.96694831
 27.16600398 25.34567594 25.9110338  25.569334   26.76838966 25.9917992
 27.01068588 29.12922465 28.13518887 23.54398608 24.51317097 24.22738569
 24.84244533 25.04746521 24.60636183 27.11630219 26.01043738 26.40805169
 27.8804672  27.68787276 28.44582505 28.25944334 28.28429423 24.15904573
 23.45079523 25.45750497 24.40755467 25.22142147 26.4639662  25.94209742
 26.08499006 26.10984095 26.97962227 27.65680915 28.67569583 28.54522863
 28.87450298 25.18414513 24.97291252 24.4137674  24.42619284 25.00397614
 24.87972167 26.37077535 26.87400596 28.39612326 28.86829026 27.07281312
 27.81833996 26.50745527 28.13518887 24.39512922 24.07828032 25.12201789
 26.28379722 24.05342942 24.37027833 26.34592445 25.12201789 27.0666004
 27.55740557 27.69408549 26.25894632 28.65705765 27.55119284 29.19756461
 23.09045726 23.79249503 26.47017893 24.17147117 25.81163022 25.56312127
 25.40159046 27.27162028 25.55690855 26.19681909 28.09791252 28.35884692
 27.56983101 28.60735586 22.8667992  25.07852883 23.91053678 24.78031809
 23.99751491 25.95452286 25.94209742 26.52609344 24.05964215 27.37723658
 27.58846918 27.48285288 29.0360338  30.57057654 25.27112326 23.51292247
 24.17147117 23.84219682 23.4694334  24.25223658 24.85487078 25.66252485
 25.38916501 25.19035785 28.30914513 28.34642147 27.78106362 28.42718688
 28.52037773 22.87922465]",57026.793494894344
2025-06-15 09:28:00+00:00,568,5485.469999999999,9.0,26.058562894930013,26.039854622266404,30.315854870775347,"[26.65034791 24.28951292 25.73707753 25.3332505  26.41426441 26.4639662
 27.65059642 26.40805169 25.89239563 26.86779324 27.41451292 28.27186879
 28.35884692 23.38866799 23.74900596 25.38295229 24.74925447 24.1776839
 25.26491054 27.29647117 26.68141153 26.61307157 27.30889662 27.83076541
 27.04796223 28.61978131 27.38966203 25.13444334 24.21496024 24.56287276
 26.12847913 24.35785288 26.17196819 26.15954274 26.90506958 27.69408549
 27.5387674  29.07952286 27.30889662 28.36505964 28.63841948 23.86704771
 22.54373757 24.85487078 25.51963221 25.73707753 23.81734592 24.56908549
 26.37698807 27.04796223 27.63817097 26.41426441 28.30914513 28.37127237
 28.30293241 28.50795229 22.74875746 23.49428429 24.54423459 23.46322068
 25.11580517 23.89811133 25.36431412 26.4888171  26.68762425 26.77460239
 27.56983101 28.38991054 27.81833996 28.35884692 22.94756461 24.30193837
 23.21471173 25.60661034 26.63792247 25.23384692 25.58175944 25.55069583
 27.15357853 28.14761431 28.35884692 27.10387674 27.29025845 27.89910537
 22.13991054 22.13369781 24.76167992 24.20874751 25.76192843 24.10934394
 25.7805666  26.1222664  26.2278827  27.92395626 28.16625249 27.3026839
 28.22837972 27.14115308 28.49552684 24.78031809 24.23981113 22.9972664
 24.67470179 24.53802187 26.97962227 25.74329026 25.73086481 26.82430417
 27.47664016 27.70029821 26.67519881 28.0916998  29.33424453 22.94756461
 24.69333996 23.54398608 25.46993042 23.97887674 24.64363817 26.5695825
 24.94806163 25.32082505 26.18439364 28.28429423 27.75       29.57032803
 27.11008946 22.79845924 22.13991054 24.22738569 23.51292247 23.33275348
 23.86083499 25.89239563 28.52659046 27.63817097 26.87400596 27.32132207
 27.21570577 29.9555169  30.31585487 24.09691849 23.53156064 23.78006958
 26.11605368 24.4945328  26.27137177 26.61307157 26.24030815 26.47639165
 26.805666   27.25298211 28.61356859 26.24652087 28.95526839 29.55168986
 22.55616302 23.58126243 24.72440358 24.79274354 25.53205765 25.46371769
 26.65656064 25.53827038 24.07828032 26.91128231 27.11008946 28.22837972
 30.14811133 28.0916998  21.81684891 22.25795229 24.37027833 25.29597416
 23.69930417 25.2027833  25.19035785 25.72465209 26.66277336 26.35213718
 28.81237575 26.8305169  28.45203777 29.4833499  22.97241551 23.82977137
 25.15308151 24.52559642 23.96645129 25.69358847 25.46371769 25.25248509
 25.42022863 28.09791252 26.50124254 26.7000497  27.74378728 28.09791252
 27.75621272 22.13369781]",57071.12802127785
2025-06-15 09:29:00+00:00,569,5464.86,9.0,25.999365493147607,25.975832504970175,29.92445328031809,"[23.82977137 24.01615308 25.97316103 23.48185885 26.99826044 25.3083996
 25.23384692 26.54473161 26.47639165 28.07927435 28.20974155 29.92445328
 28.54522863 22.55616302 23.3638171  22.94135189 23.63717694 25.46993042
 24.44483101 26.27758449 26.71868787 27.37723658 26.51988072 27.56361829
 27.54498012 28.94905567 27.5139165  22.79845924 23.94781312 24.56908549
 24.51317097 23.86704771 24.8610835  26.76217694 25.52584493 26.4888171
 28.05442346 27.07902584 28.80616302 27.96744533 28.51416501 22.34493042
 23.73036779 24.27087475 24.00372763 26.61307157 24.50695825 25.097167
 25.6500994  27.29647117 27.42072565 26.97340954 27.8556163  27.0417495
 27.89289264 28.75024851 24.13419483 22.18961233 24.03479125 25.58175944
 25.27112326 25.4140159  25.96073559 26.04150099 28.65084493 27.3026839
 27.78727634 29.14786282 28.68190855 29.1416501  22.05293241 23.48185885
 23.73036779 24.50695825 23.71172962 24.64363817 24.92942346 25.50099404
 25.91724652 26.32107356 28.20352883 27.23434394 28.71297217 27.84940358
 22.97862823 22.66177932 25.097167   23.51292247 24.24602386 24.38270378
 25.57554672 25.96073559 26.41426441 28.25944334 28.03578529 27.01689861
 28.21595427 28.68812127 29.43364811 24.31436382 24.39512922 23.82355865
 25.63146123 25.19657058 24.2584493  24.69955268 26.50124254 26.68141153
 25.26491054 26.5695825  27.3026839  28.11033797 29.28454274 24.94184891
 23.65581511 25.11580517 23.43215706 25.04746521 26.9361332  25.17793241
 24.87350895 26.89885686 26.99204771 28.17867793 26.12847913 28.55144135
 28.43961233 24.2833002  21.88518887 23.40109344 23.41351889 24.82380716
 25.48856859 26.09120278 26.9609841  25.68116302 27.42693837 26.76838966
 27.53255467 28.85586481 28.94905567 24.18389662 23.07181909 23.43215706
 25.47614314 25.25248509 24.43240557 25.44507952 26.16575547 27.40208748
 27.02311133 27.0417495  27.07281312 27.48285288 28.04199801 27.52634195
 23.16500994 25.50099404 24.28951292 25.71222664 25.45129225 25.20899602
 26.14090457 26.7249006  25.12823062 27.93638171 27.42072565 26.66898608
 28.48931412 28.67569583 24.86729622 24.32057654 24.32057654 25.81784294
 26.06635189 25.96073559 24.70576541 26.71868787 28.16625249 27.6443837
 29.40879722 26.71247515 27.39587475 27.66302187 23.99751491 22.32007952
 23.27683897 25.32703777 24.54423459 23.30790258 25.33946322 25.84269384
 27.45800199 26.84294235 25.9917992  26.92992048 27.25919483 26.47017893
 29.43364811 24.20874751]",56873.07719387463
2025-06-15 09:30:00+00:00,570,5477.73,9.0,26.038968134706774,26.015811381709742,31.309890656063615,"[23.92296223 23.61232604 25.27733598 26.70626243 25.69358847 24.94806163
 25.73086481 26.47639165 26.78081511 27.42693837 26.57579523 28.25323062
 28.83101392 23.17743539 23.29547714 24.23359841 25.63767396 24.02236581
 26.07877734 26.04771372 25.14686879 27.87425447 26.91128231 28.59493042
 28.45203777 28.99254473 29.3528827  22.66799205 24.55666004 23.3389662
 25.31461233 24.61878728 25.3332505  24.70576541 26.00422465 24.9666998
 26.70626243 28.02957256 27.32753479 26.51366799 28.3277833  22.94135189
 22.48161034 22.91028827 22.90407555 25.3332505  25.55690855 24.82380716
 26.70626243 25.39537773 25.86133201 27.31510934 26.10984095 28.36505964
 27.84940358 31.30989066 24.61257455 24.74925447 24.58772366 23.1028827
 26.36456262 25.89239563 24.23981113 26.37077535 27.33996024 28.08548708
 26.82430417 26.99826044 29.10437376 29.32181909 23.31411531 24.57529821
 25.92967197 23.50049702 25.25248509 25.3332505  24.86729622 26.27758449
 27.12872763 27.02311133 27.12251491 27.79970179 27.93016899 28.7750994
 23.92917495 24.54423459 24.27708748 24.47589463 24.98533797 22.70526839
 24.87972167 25.14686879 27.5387674  26.84915507 27.36481113 27.22813121
 26.79324056 27.6195328  28.78131213 24.1776839  23.26441352 22.84194831
 24.44483101 24.06585487 26.19060636 26.76217694 26.12847913 27.20949304
 29.02982107 27.29647117 28.04199801 29.57032803 28.88692843 22.87301193
 23.87947316 25.2027833  24.20253479 24.95427435 26.92992048 24.79895626
 25.69980119 25.44507952 25.58797217 28.18489066 27.8804672  28.99875746
 29.78777336 22.09020875 23.48807157 24.70576541 24.61878728 24.48832008
 24.61257455 26.51366799 26.76217694 26.10984095 27.40208748 28.29671968
 28.09791252 27.58846918 27.32753479 24.65606362 24.47589463 24.03479125
 23.56883698 23.26441352 26.29622266 25.3083996  25.75571571 27.11630219
 26.29000994 26.76838966 26.97962227 27.50149105 28.51416501 29.42122266
 22.16476143 22.56237575 25.81784294 23.96645129 23.20228628 24.83001988
 25.4388668  25.71843936 26.20924453 27.12251491 27.87425447 29.94309145
 29.06088469 29.76292247 23.86704771 23.34517893 23.84219682 25.30218688
 25.58175944 25.8054175  26.63792247 27.0666004  26.10984095 26.77460239
 27.99850895 29.0111829  27.01689861 29.70700795 23.07181909 24.24602386
 23.73036779 24.5193837  25.61282306 25.44507952 24.00372763 25.98558648
 25.77435388 26.47639165 28.48310139 27.80591451 28.73161034 27.68787276
 29.98036779 23.60611332]",57005.571791474984
2025-06-15 09:31:00+00:00,571,5534.34,9.0,26.207648497460998,26.19166252485089,30.76938369781312,"[23.50049702 23.96645129 23.73658052 26.90506958 26.88021869 26.24652087
 25.76814115 25.22142147 29.57654076 25.95452286 28.694334   27.82455268
 29.65109344 23.99130219 23.84840954 23.80492048 24.09070577 25.45129225
 25.57554672 24.78653082 25.63767396 29.10437376 28.20974155 28.70054672
 28.01093439 29.07952286 28.50795229 21.56212724 24.18389662 25.70601392
 23.63096421 24.80516899 24.35785288 26.21545726 24.63121272 26.55094433
 27.1722167  28.07306163 27.99229622 28.14761431 27.10387674 22.06535785
 22.36356859 24.77410537 23.78628231 25.99801193 26.09741551 25.569334
 24.03479125 27.56361829 27.73136183 27.77485089 28.55765408 29.25969185
 28.96148111 28.26565606 22.75497018 24.09070577 23.13394632 26.19681909
 23.86704771 26.40805169 25.96694831 26.10984095 27.04796223 27.32132207
 27.65059642 28.28429423 29.20377734 29.98036779 23.20228628 25.14686879
 24.71197813 24.78653082 24.67470179 25.98558648 26.52609344 26.62549702
 26.53851889 26.61307157 28.34020875 27.11008946 29.91824056 28.81858847
 22.53131213 22.8667992  25.20899602 25.42022863 24.27087475 25.27733598
 26.41426441 25.22142147 26.74353877 25.38295229 27.88667992 27.49527833
 27.39587475 28.92420477 29.24105368 23.78006958 24.77410537 23.24577535
 23.11530815 24.12798211 26.12847913 26.27137177 25.17793241 26.36456262
 27.73136183 27.80591451 28.94284294 29.10437376 29.35909543 22.63071571
 22.82331014 23.46322068 25.84890656 27.99229622 25.01640159 25.25248509
 26.7000497  26.79324056 27.55740557 27.25919483 28.49552684 29.53305169
 28.73161034 24.14662028 24.27708748 24.59393638 26.66277336 24.09691849
 25.68737575 28.06684891 26.9609841  24.16525845 26.71247515 26.17196819
 29.09816103 29.43364811 28.55765408 22.75497018 24.0472167  23.35139165
 24.94184891 25.5444831  25.4388668  25.36431412 25.61903579 26.83672962
 27.71272366 28.68190855 27.45178926 27.19085487 30.22266402 30.7693837
 22.91028827 22.92271372 25.3083996  24.09070577 25.73707753 24.71819085
 26.38941352 25.63767396 26.4888171  26.47639165 28.46446322 27.94880716
 29.07331014 29.37152087 22.94756461 22.61207753 24.37649105 26.3832008
 25.31461233 23.91053678 25.64388668 27.03553678 26.78081511 28.24701789
 26.85536779 26.60685885 28.48931412 30.56436382 22.5499503  23.35760437
 26.00422465 23.79249503 24.72440358 25.97316103 25.96694831 25.89860835
 25.92967197 27.20949304 27.81212724 26.74975149 28.78131213 28.68190855
 30.22266402 21.82927435]",57569.9088131055
2025-06-15 09:32:00+00:00,572,5517.05,9.0,26.15824576524571,26.137953528827037,30.862574552683895,"[23.3638171  23.55019881 24.20253479 25.16550696 23.22713718 27.53255467
 26.3832008  25.63767396 26.12847913 28.03578529 30.60164016 28.88071571
 27.87425447 23.47564612 24.51317097 23.94781312 24.26466203 25.42022863
 27.59468191 27.54498012 24.90457256 24.34542744 29.55790258 27.70029821
 26.91749503 27.60710736 29.09816103 22.46918489 23.2582008  23.76143141
 23.26441352 24.79895626 26.37077535 25.9917992  28.66327038 26.3832008
 24.37027833 28.694334   27.47042744 27.58225646 27.66923459 23.99751491
 23.92917495 25.89239563 24.90457256 25.15308151 24.72440358 25.94209742
 26.29622266 26.99204771 26.78081511 26.5695825  27.29025845 28.81237575
 27.86804175 29.32181909 23.5999006  24.47589463 23.45079523 24.625
 24.32057654 25.01640159 25.37673956 27.22813121 26.15333002 27.05417495
 29.41500994 28.38369781 29.89338966 30.35313121 23.78628231 22.24552684
 23.50670974 23.90432406 24.95427435 24.45725646 24.23359841 27.48285288
 26.21545726 26.58822068 26.38941352 29.17271372 29.83747515 29.31560636
 22.61829026 25.55690855 24.03479125 23.74900596 25.61903579 25.42022863
 25.69980119 26.13469185 27.56361829 25.74950298 27.12251491 28.5390159
 26.91749503 28.88692843 28.57007952 23.60611332 22.74254473 24.18389662
 25.16550696 25.60039761 24.83001988 27.277833   27.20328032 26.15954274
 26.65034791 27.14736581 26.74353877 28.27808151 28.05442346 24.4137674
 24.19632207 24.02236581 23.3389662  24.26466203 27.62574553 26.22166998
 25.5444831  26.89885686 28.31535785 27.60089463 26.86158052 27.13494036
 29.25347913 21.41923459 23.79249503 24.92321074 25.35810139 25.6500994
 25.46371769 26.23409543 27.81212724 26.06635189 28.14140159 28.5638668
 28.96769384 29.96172962 28.34642147 24.36406561 24.23981113 23.91053678
 24.41998012 25.12201789 24.4137674  25.70601392 26.37698807 25.89860835
 26.60064612 27.5139165  28.68812127 28.66327038 28.02335984 29.22862823
 25.19657058 23.72415507 25.17171968 24.64985089 26.29000994 25.10337972
 24.64363817 26.14090457 25.99801193 27.14115308 26.39562624 27.19706759
 27.81212724 30.86257455 23.74279324 23.1277336  26.78702783 24.10313121
 22.53752485 25.7805666  24.95427435 26.89264414 27.35238569 26.48260437
 27.91153082 28.34020875 27.61332008 28.02335984 23.07181909 23.85462227
 24.05964215 25.13444334 24.23981113 24.84244533 26.19681909 27.19706759
 27.0666004  26.1222664  27.62574553 27.14736581 27.94880716 30.30342942
 28.73782306 24.54423459]",57404.627032206045
2025-06-15 09:33:00+00:00,573,5518.12,9.0,26.16302320243158,26.141277335984096,30.384194831013914,"[23.82355865 24.41998012 24.33300199 25.97937376 27.29647117 26.9609841
 26.26515905 26.71247515 27.07281312 28.70675944 28.48931412 29.16650099
 28.65084493 22.46297217 25.32703777 25.13444334 23.87326044 25.38295229
 23.78006958 27.02932406 27.35238569 26.02907555 28.05442346 27.49527833
 30.38419483 28.00472167 29.45228628 22.43190855 23.2333499  25.86133201
 24.7554672  25.9110338  26.19681909 25.92967197 24.67470179 25.02261431
 26.58822068 27.49527833 28.94284294 30.34070577 28.65084493 23.14637177
 23.11530815 23.9416004  24.91699801 23.17743539 25.569334   25.71222664
 26.43290258 25.35810139 26.58200795 28.222167   26.84915507 28.06063618
 28.35884692 27.90531809 23.97887674 24.97291252 21.45029821 24.45725646
 25.97937376 25.89239563 26.07877734 28.40854871 26.29622266 26.37077535
 27.24055666 27.67544732 29.99900596 28.38369781 22.41327038 25.17793241
 25.62524851 24.09691849 25.40159046 24.60014911 27.09145129 25.89239563
 25.2027833  27.26540755 28.01714712 28.04821074 27.25919483 29.73807157
 23.5750497  22.08399602 24.98533797 24.71197813 24.31436382 25.00397614
 25.36431412 24.625      28.7999503  25.76192843 26.02286282 28.38991054
 28.67569583 28.81858847 28.92420477 24.27087475 23.93538767 25.32082505
 24.44483101 24.06585487 24.87972167 25.38916501 25.76814115 27.44557654
 27.95501988 27.32753479 27.63195825 27.3026839  27.56361829 23.37002982
 24.41998012 24.28951292 23.54398608 24.21496024 26.54473161 26.43911531
 27.66302187 27.02311133 25.71843936 28.29050696 28.83722664 28.27186879
 30.15432406 23.3638171  24.50695825 23.47564612 26.09741551 25.16550696
 24.60014911 23.10909543 25.0723161  26.06013917 25.91724652 28.52659046
 27.07281312 28.01093439 29.29075547 22.30144135 24.02236581 25.15308151
 26.10984095 26.19681909 23.5999006  26.10362823 27.22813121 26.05392644
 26.69383698 28.16003976 26.65034791 27.66302187 29.73185885 28.16003976
 23.97266402 25.10959245 23.41351889 25.60039761 25.48856859 25.62524851
 25.04746521 26.04771372 27.63817097 28.84965209 28.23459245 28.08548708
 27.12872763 28.96769384 25.14065606 23.53156064 24.63121272 25.23384692
 23.55641153 23.80492048 26.01043738 25.12201789 27.32132207 27.11008946
 27.63195825 28.75024851 27.50149105 29.53305169 24.97912525 22.18961233
 23.21471173 24.32057654 24.9915507  26.95477137 25.56312127 25.38916501
 26.52609344 26.21545726 27.08523857 28.16003976 29.16650099 27.62574553
 28.16625249 23.34517893]",57420.61042605511
2025-06-15 09:34:00+00:00,574,5481.969999999999,9.0,26.057961767245175,26.02898235586481,30.558151093439363,"[23.8111332  23.05318091 22.53131213 26.29622266 24.68712724 24.55044732
 26.55715706 25.89239563 27.28404573 28.06063618 27.01068588 29.35909543
 29.68836978 23.25198807 24.43240557 24.8362326  23.33275348 24.92321074
 26.09120278 26.4639662  25.24627237 26.34592445 29.55790258 26.92370775
 28.06063618 26.65656064 29.67594433 22.92271372 21.23285288 24.97291252
 23.33275348 23.92296223 26.06013917 24.93563618 25.04125249 26.67519881
 26.82430417 27.52012922 26.98583499 29.930666   29.22241551 22.89786282
 23.76764414 23.38866799 23.64960239 24.60014911 26.45154076 25.79920477
 23.86083499 26.92370775 28.25944334 27.44557654 28.94284294 27.84319085
 30.55815109 28.52037773 23.18364811 22.34493042 23.14637177 25.53827038
 25.59418489 27.50770378 26.58200795 26.29000994 25.87997018 27.81833996
 26.37077535 25.99801193 28.39612326 28.29050696 21.95974155 25.20899602
 23.76764414 25.05367793 25.39537773 24.71819085 24.25223658 26.28379722
 24.93563618 26.1471173  28.57629225 27.94880716 27.27162028 28.60735586
 22.50024851 23.55641153 23.28926441 25.2027833  26.88643141 24.35164016
 25.31461233 25.28976143 25.5444831  26.75596421 26.91749503 27.72514911
 28.15382704 29.89960239 28.12897614 24.7306163  21.00919483 25.11580517
 25.81163022 25.87997018 25.01018887 26.47639165 27.11630219 27.65680915
 26.75596421 27.16600398 27.55119284 27.70651093 26.88643141 22.36978131
 24.92321074 23.17743539 22.59343936 26.37077535 26.47017893 26.55094433
 26.71868787 28.37127237 26.49502982 26.19681909 26.96719682 28.52037773
 28.25323062 23.91053678 24.3889165  25.85511928 24.33921471 24.17147117
 24.14040755 26.69383698 27.52634195 26.81809145 26.33349901 26.58822068
 27.95501988 27.6195328  29.83126243 22.53131213 24.50695825 24.74925447
 23.63096421 23.06560636 25.26491054 27.1722167  27.80591451 27.73136183
 27.59468191 27.01068588 27.44557654 27.3026839  28.65084493 28.15382704
 22.444334   24.15904573 24.30815109 23.45700795 25.24627237 24.52559642
 25.07852883 27.76242545 27.91774354 27.71272366 28.26565606 28.31535785
 29.35909543 29.83747515 23.55019881 24.69333996 22.53131213 24.82380716
 24.52559642 26.16575547 25.38916501 26.35213718 26.60685885 25.86133201
 27.91153082 28.52659046 28.85586481 29.3777336  22.95999006 23.37002982
 23.55641153 26.24030815 24.78031809 27.07281312 26.19681909 27.42072565
 25.82405567 25.90482107 27.24055666 28.84965209 27.42072565 27.21570577
 29.3528827  21.53727634]",57069.11688849545
2025-06-15 09:35:00+00:00,575,5536.78,9.0,26.22132621514925,26.199242047713714,30.197813121272365,"[24.14662028 25.71843936 25.64388668 24.40134195 25.55069583 25.42022863
 27.29647117 27.05417495 27.37102386 27.04796223 26.94234592 29.02360835
 28.9055666  23.61853877 22.71148111 22.35114314 23.32032803 22.96620278
 25.96073559 25.90482107 26.79324056 26.40805169 26.9609841  27.05417495
 28.52659046 27.95501988 28.62599404 23.9416004  25.84890656 24.58772366
 26.45775348 23.71172962 26.06013917 25.27112326 26.92370775 25.83026839
 28.84343936 26.69383698 26.66898608 27.5139165  28.57629225 23.30168986
 23.9167495  24.68091451 25.29597416 24.83001988 26.68141153 25.44507952
 26.63792247 27.01068588 28.38369781 27.57604374 30.14811133 28.50173956
 28.95526839 30.11083499 23.24577535 24.37649105 24.76789264 25.91724652
 25.53205765 25.21520875 27.11008946 26.4888171  27.97987078 27.50770378
 26.55715706 26.63792247 27.03553678 28.3277833  23.02833002 23.87326044
 23.78628231 26.32728628 23.80492048 26.01043738 26.7000497  28.75024851
 27.20328032 26.37077535 27.93638171 29.70079523 28.54522863 29.10437376
 23.66824056 23.61853877 22.90407555 25.71222664 24.04100398 24.61257455
 24.74925447 25.97316103 26.85536779 27.02932406 28.40233598 27.71893638
 28.60735586 29.12301193 29.34045726 22.75497018 24.98533797 23.74279324
 24.13419483 26.31486083 26.88021869 25.81784294 23.55641153 26.1222664
 28.88071571 27.89910537 28.0916998  29.99279324 27.81212724 24.33921471
 25.4388668  23.90432406 24.32057654 25.99801193 25.71843936 26.28379722
 25.97937376 27.24676938 26.70626243 26.61928429 27.86804175 29.25347913
 28.74403579 24.71819085 23.82977137 24.5193837  23.61232604 25.87375746
 26.21545726 24.68091451 26.45154076 25.5444831  28.55765408 27.14115308
 27.75621272 28.70675944 29.53305169 23.33275348 22.29522863 22.85437376
 24.58772366 24.4137674  25.69358847 25.9917992  25.85511928 26.02907555
 27.13494036 27.37723658 24.9915507  28.43961233 29.90581511 28.94284294
 24.89214712 23.64960239 25.83648111 24.22738569 27.22191849 25.61282306
 26.4639662  27.15357853 25.97316103 27.99229622 26.4888171  27.21570577
 29.3777336  27.02932406 22.80467197 24.33921471 24.58772366 25.52584493
 25.569334   27.19706759 24.02236581 27.09766402 27.21570577 26.40805169
 27.36481113 28.21595427 28.694334   30.19781312 21.56833996 21.24527833
 24.4945328  24.9915507  24.14040755 26.20924453 25.30218688 23.97266402
 26.11605368 25.44507952 27.73136183 28.04821074 27.99850895 29.3528827
 27.68787276 24.4945328 ]",57615.66898540334
2025-06-15 09:36:00+00:00,576,5522.76,9.0,26.181569236517323,26.155690854870773,30.166749502982107,"[23.15879722 25.03503976 26.29622266 26.20924453 24.89835984 26.18439364
 25.85511928 27.01689861 26.7000497  28.3277833  27.73757455 28.73782306
 27.9612326  22.72390656 23.66824056 25.45750497 26.02286282 25.15308151
 25.16550696 25.63146123 26.8305169  26.58200795 27.00447316 27.37102386
 27.74378728 28.78752485 29.80641153 21.89761431 24.66227634 24.53180915
 24.10934394 24.63742545 23.97266402 24.87350895 27.05417495 28.65705765
 25.90482107 26.8305169  28.28429423 27.70651093 30.1667495  23.35760437
 23.84219682 24.56908549 24.88593439 25.39537773 25.42644135 25.86754473
 25.26491054 26.44532803 26.68141153 28.17246521 27.99229622 27.8804672
 28.27808151 29.15407555 24.36406561 22.16476143 23.43836978 23.86083499
 25.56312127 25.52584493 25.38916501 26.74975149 27.40208748 26.19060636
 27.25919483 26.67519881 29.17892644 30.07355865 22.43190855 25.10337972
 24.66227634 25.27112326 24.32057654 26.2527336  27.14736581 26.12847913
 27.0417495  26.31486083 27.06038767 27.01689861 27.6443837  29.79398608
 24.07206759 23.26441352 24.51317097 23.30790258 26.4639662  24.34542744
 26.3832008  26.12847913 25.89239563 27.42693837 25.70601392 29.50198807
 29.64488072 29.80019881 29.97415507 23.76143141 24.71819085 24.30193837
 23.3389662  24.72440358 27.39587475 25.52584493 26.65034791 27.6195328
 25.77435388 27.25298211 27.22191849 27.96744533 29.5082008  22.71769384
 23.18986083 23.04075547 25.05367793 24.35164016 25.72465209 25.97316103
 26.63792247 26.25894632 29.47713718 28.10412525 28.29050696 27.45800199
 28.39612326 21.10238569 23.63717694 25.12201789 23.09666998 27.09766402
 24.95427435 26.01043738 27.80591451 26.58200795 27.42693837 29.20999006
 27.68787276 26.97340954 28.33399602 23.680666   24.66227634 22.59343936
 24.3889165  25.31461233 25.72465209 27.72514911 27.02311133 26.53230616
 27.65059642 28.02335984 28.24080517 27.23434394 28.91177932 29.81262425
 24.05964215 24.68712724 24.87350895 25.95452286 25.03503976 25.36431412
 26.0166501  26.04771372 27.31510934 26.68762425 28.4333996  27.60089463
 27.52012922 28.91799205 23.99751491 23.09666998 24.10934394 25.42644135
 24.61878728 24.53802187 26.86779324 24.96048708 26.07256461 25.70601392
 26.78702783 28.33399602 26.92992048 28.94284294 22.40705765 23.10909543
 24.20874751 24.2584493  25.20899602 24.78653082 26.17196819 24.87350895
 27.27162028 26.75596421 26.20303181 27.32753479 28.6694831  29.89338966
 28.96148111 24.11555666]",57482.65803769235
2025-06-15 09:37:00+00:00,577,5541.99,9.0,26.239933345302227,26.21542619284294,30.682405566600394,"[25.50099404 24.10934394 24.53180915 25.13444334 26.78081511 26.62549702
 26.2527336  25.92345924 26.65034791 27.61332008 26.78702783 29.3777336
 30.03006958 21.78578529 23.54398608 24.07828032 23.69309145 25.53827038
 25.4388668  25.06610338 27.01068588 26.06013917 28.49552684 28.7999503
 29.39637177 28.21595427 30.68240557 23.75521869 23.64960239 24.05964215
 24.58151093 24.2584493  24.9666998  26.42047714 23.72415507 26.62549702
 26.71868787 29.46471173 27.69408549 28.55765408 28.71918489 21.53727634
 24.7306163  22.33250497 25.0723161  24.03479125 24.92321074 26.05392644
 27.37723658 26.43290258 26.62549702 26.15954274 28.46446322 27.01689861
 29.17892644 28.7999503  23.48807157 22.64314115 24.87350895 25.53827038
 25.4140159  27.60710736 26.09120278 27.25919483 27.8556163  27.15979125
 28.26565606 27.48906561 28.89314115 28.35263419 24.01615308 25.49478131
 24.37027833 24.2584493  26.26515905 24.00994036 24.22738569 26.40183897
 26.78081511 26.40805169 27.15979125 29.11058648 28.73161034 29.7194334
 21.89761431 23.35760437 24.79895626 25.04125249 24.64985089 26.32107356
 24.37649105 25.28976143 28.13518887 25.35810139 27.68166004 26.86779324
 27.86804175 28.13518887 29.08573559 24.35785288 23.76764414 24.87972167
 23.73658052 25.11580517 26.39562624 26.61307157 26.53851889 27.71272366
 27.95501988 28.08548708 26.0166501  28.27186879 28.76888668 24.00994036
 23.73036779 25.4140159  25.38916501 24.21496024 26.66898608 27.33374751
 26.34592445 28.88071571 27.73757455 27.06038767 28.3277833  27.55740557
 29.19756461 23.03454274 24.37027833 24.14040755 25.01640159 24.39512922
 24.31436382 24.0472167  26.21545726 25.73707753 27.09145129 28.85586481
 27.57604374 29.65109344 30.43389662 21.25149105 24.30193837 24.24602386
 24.93563618 26.40183897 25.16550696 26.53230616 26.47639165 26.7249006
 26.61307157 26.71247515 26.1222664  27.8804672  27.9860835  29.53926441
 23.69930417 23.37624254 24.66848907 25.27733598 25.12823062 25.24627237
 25.53827038 26.99204771 28.20352883 26.48260437 26.91128231 28.1165507
 27.3834493  29.58275348 23.28305169 23.51292247 23.28305169 24.92942346
 24.53802187 25.57554672 27.10387674 28.64463221 27.81833996 27.42693837
 30.62027833 27.46421471 28.55765408 29.27833002 22.42569583 25.37673956
 24.64363817 22.63692843 25.00397614 26.12847913 27.52012922 25.35188867
 26.41426441 27.19706759 26.4639662  27.54498012 29.25969185 30.41525845
 27.50770378 22.8916501 ]",57677.921000043134
2025-06-15 09:38:00+00:00,578,5557.67,9.0,26.287820101203717,26.26413394632207,30.62649105367793,"[24.10934394 24.34542744 24.76789264 25.30218688 25.30218688 27.5139165
 26.68762425 27.37102386 28.86829026 28.88071571 28.9055666  28.60114314
 28.92420477 21.47514911 24.78653082 25.03503976 25.8861829  23.72415507
 26.67519881 27.23434394 26.22166998 26.9609841  28.50173956 27.56361829
 28.45203777 28.48931412 29.45228628 24.33300199 23.20228628 23.55019881
 24.46968191 25.01018887 26.01043738 26.89264414 26.71247515 26.87400596
 28.09791252 26.88021869 28.42097416 27.04796223 29.25347913 24.05342942
 23.82977137 25.22142147 24.11555666 23.82355865 23.98508946 25.46993042
 26.63792247 25.72465209 26.50745527 27.40208748 28.71918489 27.60710736
 30.06734592 29.63866799 24.1776839  24.58772366 23.9167495  24.63742545
 26.16575547 26.73732604 26.47017893 26.73111332 26.19681909 26.57579523
 27.60089463 28.81237575 30.49602386 28.78752485 21.82927435 23.71794235
 25.62524851 25.27112326 26.61928429 26.43911531 25.12823062 26.84294235
 27.10387674 27.47664016 25.93588469 27.22813121 27.35238569 29.91202783
 21.61804175 24.00994036 23.78628231 26.12847913 24.99776342 25.37673956
 26.20924453 25.569334   27.68166004 25.48856859 27.12872763 29.90581511
 29.33424453 28.89935388 29.19135189 22.60586481 24.81759443 23.65581511
 25.20899602 25.28976143 25.53205765 24.01615308 26.52609344 28.52037773
 26.7000497  28.53280318 29.20999006 28.23459245 29.28454274 23.22092445
 24.21496024 23.9416004  23.92296223 25.98558648 24.33300199 27.15979125
 28.20352883 25.18414513 27.93016899 28.16003976 27.84319085 28.39612326
 28.85586481 22.73011928 25.66873757 24.33300199 22.24552684 24.84865805
 25.08474155 25.74329026 26.55715706 27.34617296 26.85536779 27.91153082
 26.29622266 29.40258449 28.51416501 22.20203777 23.84840954 24.63121272
 25.27112326 25.32082505 25.58175944 26.45154076 27.38966203 26.5695825
 26.71247515 26.53230616 28.78131213 28.05442346 28.60735586 28.99254473
 24.72440358 22.81709742 24.32678926 24.27087475 27.03553678 26.04150099
 23.73658052 27.42693837 27.58225646 28.26565606 27.79348907 29.55790258
 28.46446322 27.93016899 23.0221173  22.81709742 23.23956262 26.08499006
 25.38916501 23.77385686 25.19035785 28.15382704 25.51341948 27.45800199
 27.60710736 28.54522863 27.35859841 28.95526839 22.67420477 23.10909543
 22.26416501 24.88593439 24.84865805 25.15929423 24.80516899 26.34592445
 26.805666   26.63792247 26.86158052 26.3832008  28.1973161  30.62649105
 29.65730616 23.21471173]",57838.130930587155
2025-06-15 09:39:00+00:00,579,5578.879999999999,9.0,26.352024950623303,26.330019880715703,30.520874751491053,"[24.74304175 24.92942346 24.3889165  26.25894632 25.04746521 26.10984095
 25.90482107 26.35213718 27.53255467 27.99229622 27.4083002  30.04249503
 28.70054672 24.98533797 24.52559642 24.97912525 24.93563618 22.90407555
 24.69955268 24.58151093 26.11605368 27.52012922 27.86804175 27.70029821
 29.05467197 27.76242545 30.40904573 22.8667992  23.65581511 24.30193837
 24.13419483 25.83026839 25.68116302 26.0166501  27.28404573 26.29000994
 26.64413519 27.77485089 28.19110338 27.72514911 28.5638668  23.48807157
 23.94781312 22.41327038 26.42668986 25.51341948 25.49478131 25.02882704
 25.74950298 26.85536779 27.19085487 28.1973161  30.52087475 28.42097416
 28.40854871 29.01739563 24.61257455 25.23384692 23.62475149 26.74353877
 25.14065606 26.73732604 25.97316103 26.24652087 27.09766402 29.63866799
 26.7249006  28.99254473 29.1167992  30.22266402 23.35760437 23.39488072
 24.68712724 24.43861829 26.90506958 23.96645129 27.22191849 26.47017893
 26.43911531 27.68787276 28.58250497 28.694334   28.99875746 28.52659046
 23.79870775 23.17122266 24.37027833 25.37673956 25.63146123 25.17171968
 26.62549702 26.32728628 24.84865805 26.29000994 26.62549702 28.84343936
 27.97365805 28.66327038 29.04845924 22.63692843 23.41351889 25.40159046
 25.89239563 25.50099404 25.02261431 26.24652087 25.38295229 27.63817097
 28.09791252 27.97365805 28.5638668  30.22266402 29.11058648 24.4137674
 26.09120278 22.03429423 24.35164016 25.75571571 26.64413519 26.71868787
 26.79945328 27.34617296 26.86158052 28.24080517 28.94284294 29.52062624
 29.5082008  23.87326044 25.07852883 22.38220676 23.98508946 24.55044732
 24.30815109 25.53827038 26.42668986 26.76217694 27.13494036 27.97365805
 28.16003976 28.55144135 29.63866799 23.13394632 21.35089463 25.19657058
 25.94831014 25.18414513 24.53180915 27.70029821 26.17196819 25.60661034
 26.91749503 27.37102386 27.17842942 29.12301193 29.0111829  30.27236581
 23.98508946 23.64960239 26.01043738 25.66252485 24.05964215 24.35164016
 25.82405567 24.21496024 26.53851889 26.55715706 27.81833996 26.91128231
 29.22241551 29.59517893 22.40084493 22.64935388 24.10313121 25.60039761
 26.01043738 24.93563618 25.15308151 24.88593439 27.46421471 27.02932406
 29.22862823 28.02957256 28.97390656 28.47067594 23.07181909 22.66177932
 25.10337972 25.27112326 24.50695825 25.66873757 25.68737575 25.21520875
 25.8861829  28.10412525 28.06063618 29.59517893 27.93638171 29.2472664
 29.49577535 24.43240557]",58052.93467480532
2025-06-15 09:40:00+00:00,580,5585.719999999999,9.0,26.37382209247003,26.35126739562624,30.58300198807157,"[22.39463221 23.38245527 24.38270378 24.19632207 25.10959245 26.58200795
 26.76838966 26.98583499 26.53230616 26.55715706 29.26590457 29.59517893
 30.09840954 23.07803181 24.84865805 26.38941352 24.61257455 24.53802187
 25.6749503  26.45154076 26.91128231 26.08499006 29.62002982 28.51416501
 27.79970179 29.33424453 28.24701789 22.11505964 24.17147117 24.36406561
 23.48185885 25.25869781 25.97937376 25.75571571 26.50124254 27.43936382
 27.75621272 28.01714712 27.55740557 29.47092445 29.29075547 22.89786282
 24.38270378 23.28305169 24.43240557 23.66824056 24.32057654 26.27137177
 26.38941352 28.06063618 27.23434394 26.04150099 26.55094433 28.89314115
 29.78156064 27.6443837  23.61853877 24.86729622 24.14040755 24.0472167
 26.17196819 24.33300199 26.64413519 25.76192843 26.91128231 28.67569583
 29.57654076 28.49552684 27.07902584 29.34666998 24.14040755 23.27062624
 24.38270378 25.01640159 24.43240557 24.99776342 25.74950298 27.38966203
 27.25919483 27.53255467 28.222167   28.222167   29.45849901 28.50795229
 24.05964215 23.4445825  23.76143141 26.12847913 24.33921471 24.61257455
 26.94855865 25.65631213 26.2278827  27.75621272 27.71893638 26.4888171
 28.86829026 28.94284294 29.29075547 23.60611332 24.10934394 25.99801193
 25.24627237 25.32082505 26.02286282 24.61257455 26.22166998 28.35884692
 28.08548708 24.92942346 28.94284294 28.78131213 27.82455268 23.45700795
 24.35164016 24.98533797 24.38270378 25.89860835 26.41426441 26.13469185
 27.67544732 28.01093439 26.98583499 26.31486083 27.39587475 28.6694831
 30.58300199 23.50670974 22.37599404 23.34517893 26.28379722 25.98558648
 25.7805666  27.21570577 26.06635189 26.74975149 26.92992048 26.14090457
 27.08523857 28.72539761 29.37152087 23.73036779 23.58126243 22.67420477
 26.45154076 24.40134195 25.42644135 26.64413519 27.28404573 29.59517893
 27.84940358 27.3834493  26.88021869 28.99254473 27.81212724 30.03628231
 22.03429423 24.09070577 24.61878728 25.61282306 26.5944334  26.09120278
 25.87375746 27.8804672  26.53851889 26.79945328 26.95477137 25.84890656
 29.12922465 29.08573559 23.17743539 23.74279324 25.46993042 25.84890656
 25.61282306 25.06610338 26.38941352 26.21545726 26.29622266 28.20974155
 25.59418489 28.55144135 28.34642147 30.24130219 22.92892644 24.79274354
 24.09691849 25.69358847 25.73707753 26.55094433 24.08449304 27.33996024
 29.41500994 27.84940358 28.41476143 29.02982107 27.97987078 29.27833002
 29.43364811 24.625     ]",58125.85919256773
2025-06-15 09:41:00+00:00,581,5590.44,9.0,26.389361781838968,26.365929423459242,30.595427435387673,"[23.74279324 25.32082505 25.25248509 23.89811133 26.09120278 26.9361332
 25.65631213 27.36481113 27.11630219 28.91177932 29.01739563 28.21595427
 26.66277336 24.64363817 24.61878728 23.96023857 25.19657058 25.22763419
 24.90457256 26.35213718 26.78702783 26.20924453 28.25944334 26.38941352
 27.19706759 29.81262425 30.59542744 24.33921471 23.13394632 25.06610338
 26.22166998 26.42047714 24.625      26.50745527 28.08548708 25.569334
 27.79970179 27.70651093 27.22191849 26.51988072 27.13494036 22.75497018
 25.05367793 25.94831014 24.25223658 26.01043738 24.91699801 25.86754473
 26.5695825  26.15333002 28.65705765 29.68215706 28.86207753 27.45178926
 28.45203777 29.32803181 24.34542744 23.69309145 24.39512922 25.25248509
 26.18439364 25.27112326 26.65656064 26.50124254 27.17842942 27.01689861
 27.78106362 29.47713718 29.38394632 29.2472664  23.76143141 23.71794235
 23.85462227 25.51963221 25.69980119 26.53230616 25.49478131 27.11630219
 26.74975149 27.04796223 28.25944334 26.96719682 28.1973161  27.93638171
 21.51242545 23.42594433 24.36406561 24.00372763 24.29572565 25.18414513
 26.15954274 26.00422465 27.81833996 27.18464215 27.60089463 28.03578529
 28.46446322 29.51441352 29.06088469 25.46371769 23.31411531 24.03479125
 25.56312127 24.71819085 26.09741551 26.40805169 25.5444831  28.1973161
 26.62549702 27.18464215 27.58225646 28.47688867 27.79970179 23.81734592
 25.40159046 24.79274354 23.96645129 25.66252485 25.89860835 26.02286282
 25.96073559 25.8054175  26.73732604 28.12897614 28.73782306 29.92445328
 28.86207753 24.61878728 24.82380716 24.33921471 25.45129225 23.93538767
 27.80591451 25.60039761 25.59418489 27.6195328  28.222167   28.45203777
 29.26590457 28.71918489 28.58250497 24.06585487 24.20874751 26.35213718
 24.53802187 25.24005964 24.78653082 25.15308151 25.5444831  25.76192843
 27.24055666 28.01093439 27.14115308 27.29647117 28.99875746 29.98036779
 22.79224652 22.59343936 24.65606362 25.05989066 24.30815109 25.36431412
 25.55690855 26.13469185 28.86207753 28.54522863 27.30889662 27.70029821
 28.52037773 29.98658052 22.90407555 24.64363817 25.6500994  25.35810139
 24.76167992 27.32753479 26.19060636 27.60710736 26.14090457 25.74329026
 28.72539761 27.6195328  27.05417495 28.71297217 22.1833996  23.56262425
 24.28951292 24.93563618 24.50695825 25.65631213 26.33971173 26.55715706
 26.78702783 27.78106362 28.05442346 29.3777336  29.0360338  27.97987078
 30.12326044 23.58747515]",58177.848777320454
2025-06-15 09:42:00+00:00,582,5550.34,9.0,26.272634420469096,26.24136431411531,29.66351888667992,"[24.68712724 23.71172962 24.22738569 25.64388668 24.68712724 26.12847913
 27.15979125 26.33349901 27.62574553 27.99229622 27.70029821 27.6195328
 27.52012922 22.6804175  23.20849901 25.2027833  23.51292247 26.91128231
 25.92967197 26.38941352 27.66923459 27.74378728 26.44532803 28.41476143
 27.33996024 28.694334   28.52037773 21.45029821 23.17122266 24.3889165
 27.11008946 26.32107356 24.33300199 24.79274354 25.3083996  27.33374751
 26.76217694 26.40805169 29.26590457 28.36505964 29.38394632 22.20203777
 23.40730616 25.46993042 24.43240557 23.73036779 25.07852883 26.50745527
 27.5387674  26.49502982 28.76888668 29.16028827 27.3834493  28.76888668
 29.30939364 27.15357853 24.42619284 25.21520875 23.86704771 23.91053678
 25.99801193 26.97962227 24.51317097 26.55715706 26.22166998 27.30889662
 27.43315109 27.58225646 28.65084493 28.7999503  23.92917495 24.07206759
 24.56287276 24.37027833 25.04746521 25.09095427 27.30889662 26.06635189
 27.26540755 27.81833996 28.53280318 28.63220676 27.48906561 29.1416501
 25.60039761 23.78628231 23.51913519 25.569334   25.14686879 24.91699801
 26.94855865 25.82405567 27.03553678 26.38941352 26.58822068 26.50124254
 27.09766402 29.62002982 29.63866799 23.9167495  24.26466203 23.89189861
 24.15904573 25.53205765 26.17818091 27.79970179 26.40805169 27.66302187
 26.78702783 28.58871769 28.01714712 29.53926441 28.61978131 23.27683897
 22.30765408 24.34542744 24.87350895 26.10362823 25.8861829  25.90482107
 26.02286282 26.40183897 28.44582505 26.81187873 27.06038767 28.33399602
 28.22837972 25.17793241 23.5999006  23.40109344 25.11580517 21.85412525
 27.31510934 26.4639662  25.98558648 26.60685885 26.25894632 28.15382704
 26.58822068 28.34020875 28.63220676 24.32057654 22.84816103 24.50695825
 26.30864811 25.4140159  26.21545726 24.71819085 27.81833996 25.51963221
 27.42072565 27.48285288 28.14140159 28.74403579 28.07927435 28.33399602
 21.31361829 24.76789264 23.76764414 24.18389662 25.85511928 25.96694831
 25.9110338  27.07281312 26.91128231 28.01093439 25.8054175  27.76863817
 27.52634195 29.19135189 23.34517893 23.30790258 25.14686879 25.46993042
 25.63146123 25.51963221 26.62549702 25.96073559 26.95477137 28.1973161
 28.81237575 28.60735586 28.02335984 29.21620278 23.4445825  23.97266402
 24.00372763 23.63096421 28.14140159 24.77410537 25.01018887 26.91749503
 26.09120278 26.20303181 28.46446322 27.37102386 29.66351889 28.1973161
 29.54547714 22.7611829 ]",57787.325717121406
2025-06-15 09:43:00+00:00,583,5609.93,9.0,26.450095308234882,26.426472415506954,31.6081013916501,"[25.56312127 26.09741551 24.30193837 24.9666998  24.41998012 25.44507952
 27.95501988 26.77460239 28.42718688 26.76838966 28.17246521 28.64463221
 31.39686879 25.29597416 24.69955268 24.03479125 25.64388668 25.25869781
 26.99826044 25.79920477 26.1471173  27.35238569 27.48285288 26.51366799
 27.50149105 28.87450298 27.43315109 22.77982107 24.63742545 25.44507952
 22.94135189 26.1222664  26.44532803 26.53851889 25.47614314 24.3889165
 26.92370775 29.52683897 28.23459245 28.37127237 29.78777336 22.92892644
 24.10313121 23.61853877 25.48856859 24.81138171 22.51267396 27.0666004
 26.33349901 28.01714712 28.67569583 28.83101392 26.9361332  29.20377734
 29.62624254 28.3277833  24.46346918 23.38245527 24.9915507  26.55715706
 25.01640159 26.22166998 24.32678926 27.53255467 26.43911531 26.43911531
 27.90531809 30.48981113 29.45849901 29.98036779 22.73011928 23.58747515
 24.48210736 25.60039761 25.52584493 24.76167992 28.73161034 26.66277336
 27.16600398 27.97987078 26.50745527 28.32157058 29.35909543 30.32206759
 22.88543738 24.36406561 24.20253479 25.16550696 26.25894632 26.84294235
 25.82405567 25.96694831 26.71868787 28.63220676 27.97365805 28.32157058
 27.97987078 27.5139165  31.60810139 24.21496024 22.75497018 25.12201789
 24.85487078 28.1973161  26.71247515 25.63146123 26.45775348 27.13494036
 26.71868787 26.51366799 29.16650099 28.23459245 30.14811133 25.50720676
 23.72415507 26.27758449 23.77385686 24.37027833 24.63121272 26.17818091
 25.89239563 26.20303181 27.33374751 27.27162028 29.0360338  29.45228628
 28.46446322 22.42569583 23.89811133 25.84890656 25.16550696 25.10959245
 24.02236581 26.82430417 25.77435388 25.81163022 25.3332505  26.94855865
 27.76863817 28.76267396 28.88692843 23.54398608 25.03503976 24.35164016
 23.81734592 24.87972167 26.44532803 26.4888171  25.68737575 26.23409543
 27.59468191 27.78727634 28.9055666  27.57604374 30.25372763 28.48931412
 25.19035785 23.81734592 23.49428429 25.15308151 23.74900596 24.46968191
 25.60039761 27.29647117 26.21545726 28.17246521 26.90506958 28.73782306
 27.82455268 28.52659046 24.27708748 25.2027833  25.35188867 25.07852883
 25.9110338  24.24602386 24.9915507  28.11033797 27.53255467 26.89264414
 26.66898608 27.79970179 28.59493042 30.57057654 22.43190855 22.09020875
 23.63717694 24.52559642 25.68737575 25.55690855 26.77460239 26.13469185
 28.15382704 27.34617296 27.84940358 26.7249006  29.42743539 30.33449304
 31.23533797 24.08449304]",58381.03886323062
2025-06-15 09:44:00+00:00,584,5602.74,9.0,26.430484163524653,26.40413767395626,30.309642147117295,"[23.64338966 24.9666998  25.83026839 23.85462227 26.99826044 27.10387674
 27.43315109 25.14065606 29.22862823 28.16625249 28.91177932 28.22837972
 28.91177932 23.85462227 24.60014911 23.92296223 25.48856859 25.37052684
 27.5139165  25.77435388 27.32132207 27.19706759 27.72514911 27.68787276
 27.37102386 28.75024851 30.06734592 22.6555666  24.16525845 24.80516899
 24.4137674  25.72465209 22.47539761 26.17196819 27.35859841 27.73136183
 28.55144135 27.53255467 29.07331014 27.9612326  27.56983101 23.14637177
 24.05342942 24.60014911 23.71172962 26.04771372 26.37077535 25.43265408
 28.63841948 26.24030815 28.27186879 26.40805169 29.31560636 28.23459245
 28.53280318 30.25372763 23.9416004  22.95999006 22.56237575 24.68091451
 25.58797217 25.17793241 26.94234592 26.71868787 26.74353877 28.08548708
 27.29647117 28.5390159  28.76267396 30.03006958 23.15879722 23.86704771
 25.31461233 24.59393638 25.89860835 25.15308151 27.55119284 25.30218688
 28.18489066 26.66277336 26.9609841  27.47042744 27.45178926 28.66327038
 22.50646123 25.92345924 24.17147117 25.00397614 25.59418489 24.36406561
 25.97316103 25.40780318 26.52609344 25.85511928 26.56336978 27.5139165
 29.66973161 29.68836978 27.96744533 22.89786282 23.24577535 24.7554672
 24.37649105 25.95452286 26.26515905 25.73707753 26.32728628 27.63817097
 27.5387674  29.52062624 27.02932406 29.16650099 28.81858847 23.84219682
 23.89189861 24.55666004 25.94831014 24.27708748 26.03528827 28.16625249
 24.76167992 26.50124254 26.5695825  27.90531809 27.80591451 29.06088469
 29.73807157 23.9167495  25.93588469 23.1028827  25.569334   25.38916501
 27.11008946 26.42668986 25.75571571 25.59418489 25.9917992  28.47688867
 27.40208748 26.76838966 28.78752485 22.24552684 23.53156064 24.55044732
 23.30790258 25.63146123 24.39512922 25.89239563 27.65680915 26.45775348
 28.02335984 28.42097416 29.12301193 28.75646123 29.48956262 27.89289264
 23.43836978 25.91724652 24.04100398 25.2027833  24.48832008 25.097167
 24.89214712 27.277833   27.56361829 28.34642147 28.694334   28.48310139
 27.66923459 29.09816103 22.42569583 23.54398608 24.00372763 25.17171968
 25.2027833  25.097167   26.37698807 27.28404573 26.92992048 28.12897614
 27.32753479 28.96769384 29.9555169  29.86853877 25.30218688 24.20253479
 25.57554672 24.2833002  25.5444831  23.88568588 27.33374751 26.27137177
 27.81212724 26.95477137 28.33399602 29.15407555 30.30964215 29.91824056
 28.71297217 23.30168986]",58315.427817488075
2025-06-15 09:45:00+00:00,585,5609.09,9.0,26.450828788748098,26.423863071570572,31.204274353876738,"[24.28951292 24.40755467 24.94184891 27.0417495  26.89885686 26.08499006
 26.91128231 27.94880716 25.9110338  27.11008946 27.53255467 28.65705765
 27.75       23.31411531 23.19607356 24.27708748 26.39562624 25.07852883
 25.79299205 26.09120278 25.87997018 27.40208748 27.13494036 27.63195825
 28.83101392 26.97962227 28.222167   21.81684891 23.2333499  22.18961233
 25.07852883 25.19035785 25.56312127 27.44557654 26.76217694 28.07927435
 26.51366799 27.83076541 29.39015905 29.56411531 28.88071571 22.0777833
 22.91650099 25.09095427 23.77385686 26.63170974 24.22117296 26.25894632
 25.66252485 27.75621272 28.55765408 28.34642147 27.93016899 27.74378728
 29.42122266 28.30914513 23.18986083 22.7860338  24.8362326  25.12823062
 25.35810139 26.3583499  26.73111332 27.11008946 27.15357853 26.81187873
 28.7999503  29.81262425 28.33399602 31.20427435 22.81088469 22.77982107
 25.04746521 25.53205765 25.55690855 24.16525845 23.55019881 27.91153082
 26.43290258 26.50124254 28.81237575 28.88692843 29.81883698 29.30318091
 24.63121272 22.6555666  22.79224652 23.73658052 25.17793241 26.89885686
 26.22166998 25.71222664 27.15357853 28.65084493 27.54498012 27.57604374
 30.75695825 28.10412525 30.14811133 25.55690855 23.03454274 24.84244533
 25.97316103 26.4888171  26.84915507 25.45750497 28.54522863 26.99204771
 26.4888171  27.93638171 28.92420477 28.06684891 29.30318091 23.15258449
 23.71172962 26.08499006 25.15308151 22.64935388 25.21520875 26.33971173
 27.01689861 26.62549702 28.55144135 26.99826044 28.64463221 28.49552684
 28.04199801 25.01018887 25.25248509 24.78031809 24.83001988 24.14040755
 28.12276342 25.29597416 27.13494036 27.07902584 26.96719682 27.78727634
 28.55144135 28.84965209 28.98011928 21.46272366 23.41973161 25.77435388
 24.9666998  25.39537773 26.61307157 25.42644135 26.71868787 25.58175944
 26.81187873 26.76217694 27.50149105 29.59517893 28.63841948 29.02360835
 22.72390656 22.8667992  24.23981113 24.64363817 23.98508946 26.55715706
 25.92345924 26.5944334  28.13518887 29.25347913 28.49552684 30.81908549
 29.66351889 28.89314115 25.097167   22.79845924 23.41973161 24.78653082
 26.10984095 26.4888171  26.34592445 26.23409543 26.57579523 27.08523857
 29.55168986 29.65109344 28.91177932 28.75024851 24.15904573 22.48782306
 22.46297217 25.53205765 24.86729622 27.15357853 26.40183897 26.37077535
 26.30864811 25.70601392 26.70626243 29.17892644 27.75621272 29.78777336
 30.57057654 24.67470179]",58383.492795635626
2025-06-15 09:46:00+00:00,586,5611.44,9.0,26.4593678461818,26.431163021868787,30.763170974155067,"[24.87350895 24.89214712 25.14686879 25.48235586 26.79945328 26.81187873
 27.31510934 26.68141153 27.76242545 26.62549702 29.02982107 28.65084493
 28.23459245 22.26416501 22.68663022 22.7860338  24.71819085 24.83001988
 25.82405567 26.3832008  24.63121272 27.36481113 28.32157058 28.81858847
 29.81883698 29.43364811 29.57032803 22.98484095 23.22713718 23.15258449
 24.87972167 23.68687873 24.1776839  25.65631213 26.71247515 27.02932406
 28.78131213 28.84343936 26.70626243 28.93663022 30.5084493  24.22738569
 24.152833   23.17122266 25.76192843 25.62524851 25.33946322 27.6443837
 26.02907555 27.11630219 27.12251491 28.14761431 28.91177932 30.57057654
 28.88071571 28.4582505  24.40755467 23.38866799 25.06610338 24.95427435
 25.45750497 26.2527336  25.39537773 27.49527833 26.5944334  25.92967197
 29.04845924 27.15979125 29.86853877 28.37127237 23.47564612 25.42022863
 24.40755467 25.90482107 26.51366799 25.63146123 26.19681909 26.18439364
 26.51988072 28.01714712 27.02311133 28.60114314 28.35884692 29.78156064
 24.07828032 23.64960239 25.53205765 24.8362326  25.64388668 26.92992048
 26.09741551 25.46993042 27.02932406 25.72465209 27.18464215 28.27808151
 28.72539761 28.82480119 30.76317097 24.14662028 24.78653082 25.40780318
 25.25248509 24.27087475 25.47614314 26.92992048 27.75621272 27.277833
 27.17842942 26.91128231 29.02982107 27.0666004  29.88096421 24.35164016
 24.67470179 23.98508946 26.79324056 24.27708748 25.65631213 27.15979125
 26.26515905 27.76242545 25.8861829  27.05417495 28.16003976 29.05467197
 27.47042744 23.00347913 22.83573559 24.4137674  23.75521869 25.83648111
 25.24627237 26.14090457 26.97962227 27.70651093 27.97365805 26.61928429
 28.70054672 28.73161034 29.27833002 24.22117296 25.33946322 23.35760437
 24.4137674  24.93563618 26.22166998 24.43240557 25.53827038 27.11630219
 28.53280318 29.31560636 27.54498012 30.54572565 28.16003976 29.70700795
 23.40109344 22.77360835 25.87375746 24.7554672  25.5444831  25.60661034
 26.32107356 27.17842942 25.15308151 27.10387674 28.34642147 29.37152087
 29.59517893 28.60114314 24.92321074 25.25869781 24.74304175 24.15904573
 24.50695825 26.20924453 24.63742545 27.40208748 27.1722167  27.01068588
 28.35263419 29.80641153 29.5889662  27.54498012 24.15904573 24.19010934
 22.96620278 24.58772366 26.61928429 24.06585487 25.34567594 25.87997018
 27.56361829 27.37723658 26.2278827  27.97987078 29.86232604 28.37127237
 28.89314115 22.28280318]",58412.061066185815
2025-06-15 09:47:00+00:00,587,5612.95,9.0,26.465426603496653,26.435853628230618,32.12997017892644,"[24.42619284 25.84890656 23.78006958 25.51341948 26.50745527 27.28404573
 25.89239563 27.90531809 26.88021869 29.07331014 27.27162028 27.89289264
 28.04821074 24.17147117 25.37052684 24.87972167 24.94806163 25.75571571
 25.46993042 25.74329026 28.09791252 26.06013917 24.9915507  28.24080517
 28.26565606 28.85586481 28.37748509 23.89811133 24.53802187 25.36431412
 24.93563618 26.50124254 25.55069583 25.89860835 27.46421471 25.87997018
 26.84294235 28.52037773 28.76267396 28.57629225 28.71297217 24.14662028
 24.41998012 23.15879722 23.49428429 26.02907555 24.60636183 26.87400596
 26.53230616 26.78702783 28.00472167 26.07877734 28.14140159 27.41451292
 29.77534791 30.56436382 24.43861829 24.46968191 24.40755467 24.35785288
 25.08474155 25.86754473 27.35238569 27.39587475 25.95452286 29.91824056
 29.49577535 29.86853877 29.06709742 29.15407555 23.74900596 23.74900596
 22.32629225 24.81759443 24.34542744 26.65034791 25.45129225 27.97987078
 26.50745527 26.86158052 26.55715706 26.41426441 28.97390656 29.3528827
 22.3138668  23.66824056 22.13991054 23.56262425 24.27708748 25.79920477
 26.45154076 27.277833   26.30864811 28.00472167 27.71893638 26.85536779
 27.42693837 29.02982107 28.93663022 22.84194831 24.63742545 25.14065606
 23.25198807 24.33921471 24.9666998  26.85536779 25.85511928 27.8804672
 28.88692843 27.91153082 29.91824056 28.71297217 28.18489066 20.90979125
 24.25223658 24.37027833 25.63146123 24.53802187 26.58200795 25.51341948
 26.07256461 26.91128231 27.79348907 27.74378728 28.99254473 30.07355865
 29.96794235 22.38220676 24.31436382 25.45750497 25.05989066 27.02311133
 26.29000994 26.09741551 26.04150099 25.81784294 27.83076541 28.85586481
 26.34592445 29.08573559 29.28454274 24.99776342 23.98508946 23.0221173
 25.73707753 23.58126243 26.4639662  26.29000994 26.23409543 27.3834493
 27.04796223 27.14115308 28.06684891 27.47042744 30.25994036 29.50198807
 23.89189861 23.15879722 24.8362326  24.87350895 26.08499006 26.0166501
 26.29622266 28.49552684 27.29025845 26.56336978 28.48310139 29.930666
 27.95501988 28.73161034 23.41351889 24.05964215 22.87301193 25.25869781
 24.02857853 27.22191849 25.64388668 25.55069583 26.92992048 27.81833996
 29.81262425 28.82480119 27.03553678 28.15382704 24.74925447 24.86729622
 23.75521869 24.71197813 24.9915507  25.51963221 25.91724652 27.74378728
 27.80591451 27.25298211 28.53280318 29.35909543 32.12997018 28.66327038
 29.06709742 23.69930417]",58432.331244658395
2025-06-15 09:48:00+00:00,588,5694.639999999999,9.0,26.70809859379821,26.689612326043733,31.2477634194831,"[23.8359841  23.73036779 25.58175944 26.1222664  26.07256461 27.1722167
 27.68166004 27.37102386 27.69408549 27.33996024 28.20974155 29.89338966
 31.24776342 25.12823062 25.00397614 23.48185885 23.87326044 25.51963221
 25.32703777 27.20328032 27.88667992 27.12872763 27.93638171 27.25919483
 26.7000497  28.05442346 29.24105368 23.07181909 26.27137177 25.23384692
 26.19681909 26.24652087 26.34592445 26.19681909 25.85511928 28.97390656
 28.13518887 27.21570577 29.54547714 28.25944334 29.65730616 24.55666004
 24.69955268 24.32678926 23.96645129 26.11605368 25.68737575 27.60089463
 26.33349901 28.36505964 27.80591451 29.05467197 28.63220676 28.86829026
 28.04821074 30.62649105 24.79274354 23.18986083 23.78628231 25.08474155
 26.91128231 26.17818091 27.03553678 26.89885686 27.52012922 29.07331014
 29.40879722 28.63841948 27.31510934 28.11033797 22.23931412 24.29572565
 25.81163022 24.27087475 26.98583499 25.9110338  26.10362823 28.13518887
 24.94184891 28.88692843 27.66302187 26.4888171  29.79398608 28.27808151
 24.37027833 23.64960239 23.84219682 25.15308151 25.91724652 24.7306163
 24.68712724 25.37673956 25.22763419 28.30293241 27.8556163  28.14761431
 28.64463221 29.64488072 28.00472167 25.96073559 24.79274354 24.18389662
 26.07256461 26.37698807 27.15357853 25.20899602 26.35213718 26.58822068
 27.25919483 28.73161034 28.58871769 30.1916004  30.65134195 23.92917495
 24.48210736 24.83001988 24.9915507  26.53230616 26.76838966 26.25894632
 27.94880716 27.65680915 27.28404573 29.96794235 28.72539761 28.91177932
 28.39612326 24.61257455 24.27708748 25.01018887 26.44532803 25.38295229
 25.57554672 25.14686879 27.19706759 25.51341948 27.55119284 28.45203777
 26.20303181 29.13543738 29.2472664  23.8359841  22.84194831 24.5193837
 25.31461233 25.40780318 24.83001988 26.25894632 24.74304175 26.69383698
 28.05442346 27.5387674  26.87400596 28.83101392 28.83101392 29.8499006
 24.85487078 24.53180915 24.31436382 24.32057654 25.45750497 25.04125249
 26.45154076 28.06063618 26.94234592 28.09791252 27.93016899 30.32206759
 28.85586481 28.96148111 22.81709742 24.76789264 23.91053678 26.63170974
 25.13444334 27.13494036 26.805666   27.39587475 27.12251491 27.1722167
 28.4582505  28.75024851 28.84343936 31.22912525 23.2582008  24.02857853
 25.23384692 25.3332505  27.15979125 27.58225646 26.50124254 26.65034791
 26.79945328 26.75596421 27.84319085 29.9555169  29.46471173 28.34642147
 29.0111829  23.81734592]",59244.21465541129
2025-06-15 09:49:00+00:00,589,5652.950000000001,9.0,26.586669323380733,26.56010810139165,30.309642147117295,"[25.16550696 24.01615308 26.58200795 26.36456262 25.69980119 26.39562624
 27.23434394 29.24105368 28.73782306 27.93016899 28.45203777 29.08573559
 29.59517893 23.27062624 24.20253479 24.00372763 23.4694334  24.87350895
 27.15357853 27.3026839  27.66302187 27.70029821 26.68141153 28.52037773
 29.21620278 29.57654076 28.12276342 22.77360835 23.19607356 26.45775348
 25.21520875 23.58126243 25.40780318 26.68762425 24.00372763 27.15979125
 26.33349901 28.27186879 28.222167   28.65084493 28.97390656 24.60636183
 23.53156064 24.78653082 24.34542744 25.35810139 26.99204771 25.8861829
 27.00447316 29.07952286 25.60039761 27.35238569 26.69383698 28.0916998
 28.87450298 29.02360835 24.19632207 24.36406561 26.74353877 25.94831014
 26.15954274 26.34592445 26.45154076 27.01068588 28.17867793 27.45178926
 27.29647117 27.79348907 29.70079523 30.05492048 25.15308151 24.52559642
 24.54423459 24.89214712 24.84244533 25.38916501 25.9110338  27.29025845
 26.55715706 27.09145129 28.66327038 28.04821074 27.96744533 27.80591451
 22.2082505  25.32082505 24.76167992 26.53230616 24.78653082 25.74950298
 27.15979125 26.56336978 28.47688867 28.71297217 28.83101392 28.47067594
 30.30964215 29.5082008  30.22266402 24.2833002  23.86083499 24.38270378
 26.24652087 24.95427435 25.94209742 27.88667992 27.78106362 27.37102386
 25.61282306 28.50795229 29.02982107 29.39015905 29.79398608 23.04075547
 23.93538767 23.58747515 25.68737575 25.5444831  25.81163022 27.13494036
 26.07877734 27.27162028 28.58871769 28.37748509 28.76267396 29.70700795
 29.04845924 24.13419483 20.86630219 23.53156064 25.83648111 26.33349901
 24.86729622 26.29000994 27.43936382 27.25298211 26.45154076 28.4582505
 27.5139165  29.22862823 29.53305169 23.07181909 22.71148111 22.93513917
 22.87922465 23.87326044 23.71172962 27.47042744 25.6500994  26.21545726
 26.805666   28.30293241 27.33996024 29.67594433 29.32803181 27.84940358
 25.4140159  25.13444334 25.7805666  24.59393638 25.61282306 25.81163022
 25.22763419 25.83026839 27.10387674 27.65059642 28.61978131 29.99279324
 26.97340954 29.08573559 20.89736581 24.5193837  25.44507952 25.81163022
 28.01714712 24.95427435 25.25869781 25.81784294 28.40233598 28.30914513
 29.81883698 28.16625249 28.78752485 28.97390656 23.73036779 24.8610835
 24.87972167 23.55019881 24.99776342 24.64985089 25.90482107 25.79299205
 26.49502982 26.2527336  27.12872763 29.47713718 28.65705765 30.25994036
 30.03628231 23.74900596]",58837.96088830258
2025-06-15 09:50:00+00:00,590,5651.960000000001,9.0,26.585346018248657,26.55703280318091,31.334741550695824,"[25.81784294 25.61282306 26.55094433 25.58797217 26.36456262 26.73111332
 27.17842942 27.20949304 27.97987078 28.91177932 28.54522863 28.35884692
 28.92420477 22.14612326 24.30193837 24.06585487 26.43290258 26.34592445
 26.97962227 24.86729622 26.15954274 27.49527833 29.29075547 27.1722167
 27.50149105 28.16003976 30.41525845 24.15904573 24.152833   24.53802187
 24.93563618 25.4388668  23.96645129 26.85536779 26.85536779 28.48310139
 27.3834493  28.48931412 28.58250497 29.19135189 28.73161034 24.81138171
 24.19010934 23.30168986 24.58772366 25.89860835 25.78677932 25.28976143
 27.60710736 27.27162028 25.69358847 27.45800199 26.92370775 28.83101392
 29.58275348 30.37176938 25.72465209 24.07206759 25.42022863 25.569334
 25.42022863 25.74950298 26.98583499 26.48260437 26.1471173  28.97390656
 26.71247515 29.50198807 28.47688867 29.17892644 24.51317097 23.38866799
 25.68116302 23.64960239 23.55019881 26.34592445 26.43290258 27.6443837
 27.73757455 29.73807157 27.74378728 27.72514911 29.99279324 31.33474155
 24.35164016 24.32057654 25.37052684 24.44483101 26.88643141 25.7805666
 25.87997018 26.4888171  26.50124254 26.1471173  28.50795229 26.2278827
 28.70675944 27.54498012 29.77534791 24.47589463 23.69930417 25.38295229
 22.79224652 26.11605368 26.1222664  25.22142147 25.81784294 24.87972167
 27.61332008 28.71297217 27.63817097 28.78752485 29.83126243 24.07828032
 24.53180915 23.96645129 26.45154076 24.61257455 24.81138171 26.77460239
 25.9917992  26.81809145 26.86779324 29.86853877 26.79945328 28.34020875
 29.66973161 23.16500994 25.08474155 23.08424453 24.71197813 25.96694831
 26.29000994 25.92967197 28.55765408 28.11033797 28.03578529 28.06684891
 27.75       29.54547714 29.45849901 21.5        24.45725646 24.64985089
 26.08499006 26.15333002 25.08474155 26.47017893 25.42644135 27.17842942
 28.55765408 26.87400596 27.79970179 28.82480119 29.08573559 29.49577535
 22.69284294 24.16525845 24.97912525 24.19010934 26.65034791 26.4888171
 27.20949304 27.65059642 28.40854871 28.694334   29.5082008  27.61332008
 29.38394632 29.30939364 23.76143141 23.87326044 26.17196819 24.89214712
 25.29597416 24.97291252 26.14090457 26.73111332 28.07306163 28.1165507
 28.52659046 28.31535785 29.66973161 28.66327038 21.53727634 23.27683897
 22.45054672 24.31436382 26.30243539 24.4945328  27.18464215 25.62524851
 27.81212724 26.42047714 26.86158052 28.50173956 28.29671968 29.20377734
 26.89885686 22.69905567]",58833.533638652705
2025-06-15 09:51:00+00:00,591,5622.030000000001,9.0,26.49861796208932,26.464059393638173,31.11108349900596,"[24.04100398 24.23359841 23.61232604 25.86133201 26.58200795 27.81212724
 27.37102386 27.06038767 25.96694831 27.05417495 28.10412525 29.51441352
 28.83101392 22.22067594 23.5750497  24.46968191 24.83001988 25.19035785
 25.86754473 25.097167   27.91153082 26.91128231 29.91202783 27.25919483
 28.42097416 28.16003976 28.48310139 23.53156064 24.78653082 24.00372763
 25.09095427 26.16575547 26.51366799 26.28379722 26.94855865 27.60089463
 28.222167   27.52634195 29.09816103 29.2472664  27.86182903 22.51267396
 23.46322068 24.87972167 25.39537773 23.51292247 24.69333996 25.40780318
 28.02335984 25.78677932 27.38966203 26.52609344 27.90531809 28.20974155
 28.99254473 30.15432406 24.22738569 23.05939364 24.56908549 25.58797217
 24.69955268 25.29597416 26.50124254 28.36505964 29.87475149 27.99229622
 27.48906561 27.63817097 28.86207753 28.99875746 24.65606362 23.30790258
 23.21471173 23.79249503 26.04771372 25.68116302 25.76814115 27.9612326
 29.63245527 27.37723658 28.95526839 27.72514911 30.62027833 30.17296223
 23.1277336  24.84865805 24.32057654 25.05367793 25.71222664 26.85536779
 24.625      24.91078529 27.66302187 26.5944334  26.89264414 27.41451292
 29.65109344 29.06709742 28.95526839 22.63692843 24.55666004 25.12201789
 24.94806163 25.4388668  27.08523857 25.31461233 26.52609344 27.02311133
 27.97987078 27.29647117 28.44582505 31.1110835  29.67594433 23.4694334
 23.24577535 25.4388668  25.76814115 23.58747515 27.07902584 24.98533797
 27.58225646 25.51963221 27.47042744 27.29025845 29.43364811 28.20352883
 28.35263419 22.71148111 23.39488072 22.73011928 25.55069583 26.24030815
 25.47614314 27.55119284 24.26466203 27.36481113 27.05417495 28.27186879
 29.43364811 29.18513917 27.97987078 23.73658052 25.32703777 26.82430417
 22.80467197 25.03503976 24.94806163 26.10984095 26.34592445 26.90506958
 27.14736581 28.91177932 26.73111332 28.26565606 29.5889662  30.17917495
 23.99751491 24.38270378 25.04746521 26.4888171  25.65631213 26.84915507
 26.34592445 25.66252485 27.15357853 26.51988072 30.16053678 28.71297217
 26.31486083 30.47738569 22.73011928 23.13394632 23.5999006  25.26491054
 23.97887674 26.0166501  25.29597416 27.01689861 27.45800199 28.17867793
 28.38369781 28.15382704 29.67594433 28.67569583 24.21496024 22.7611829
 25.19657058 23.08424453 26.64413519 26.11605368 25.83648111 27.34617296
 27.20949304 27.32132207 28.25323062 27.87425447 29.26590457 28.68190855
 27.39587475 23.76764414]",58543.37625396603
2025-06-15 09:52:00+00:00,592,5669.9400000000005,9.0,26.641597574802404,26.612885188866798,30.58921471172962,"[24.37027833 22.81709742 24.83001988 26.54473161 26.04150099 25.91724652
 27.48285288 27.19085487 29.25347913 28.99254473 29.68215706 30.04870775
 28.48310139 24.22117296 23.82355865 24.09691849 25.05989066 26.02907555
 24.94806163 26.45775348 26.76217694 25.86133201 27.23434394 28.51416501
 27.93638171 29.52062624 29.35909543 23.07803181 24.98533797 23.07181909
 25.097167   26.37698807 25.44507952 26.35213718 27.37723658 27.07902584
 28.23459245 28.53280318 27.11630219 28.89314115 29.31560636 23.84219682
 22.97241551 24.52559642 25.37052684 23.89811133 26.23409543 26.92992048
 25.49478131 28.12897614 27.72514911 27.94259443 27.99850895 29.19135189
 29.13543738 30.58921471 24.80516899 25.11580517 25.31461233 24.21496024
 27.80591451 26.27137177 26.43290258 26.10362823 28.23459245 26.87400596
 28.46446322 28.27808151 28.74403579 30.12326044 24.22738569 25.12823062
 25.03503976 24.7554672  23.71794235 25.92345924 27.80591451 26.70626243
 27.88667992 28.60735586 29.86232604 27.31510934 29.63245527 29.25347913
 24.14040755 23.680666   24.65606362 25.02882704 25.05989066 26.88643141
 25.37673956 26.07877734 27.71272366 26.34592445 27.74378728 27.52012922
 28.74403579 29.23484095 29.06709742 24.43240557 23.43215706 25.43265408
 23.64338966 25.09095427 26.29622266 24.23981113 28.37127237 27.42072565
 28.74403579 28.07927435 28.53280318 29.80019881 29.70700795 22.62450298
 25.8861829  25.33946322 25.35810139 24.61878728 24.84244533 25.96694831
 25.58175944 28.98011928 28.25323062 28.07927435 27.79348907 28.32157058
 28.63841948 24.26466203 23.35760437 24.44483101 23.78006958 24.59393638
 27.40208748 28.48310139 26.41426441 27.26540755 28.73782306 27.47664016
 27.90531809 29.22241551 28.88071571 23.59368787 24.48210736 23.09045726
 24.22117296 25.78677932 25.24627237 25.9917992  27.1722167  27.38966203
 25.05367793 28.03578529 27.14736581 28.694334   30.06734592 28.62599404
 23.22713718 24.5193837  25.05367793 25.11580517 26.74975149 26.54473161
 27.1722167  27.04796223 26.19681909 27.62574553 28.53280318 28.78131213
 28.86829026 30.1916004  24.50695825 24.23359841 24.0472167  23.89189861
 24.70576541 25.95452286 27.25919483 26.17818091 27.29025845 27.74378728
 28.98633201 28.93663022 29.4833499  29.35909543 23.42594433 24.58772366
 24.20253479 24.9915507  23.58747515 26.61928429 26.17196819 28.05442346
 26.24652087 27.25298211 26.92370775 29.49577535 28.6694831  28.60735586
 29.7194334  23.15258449]",59021.72884625893
2025-06-15 09:53:00+00:00,593,5687.07,9.0,26.693742455244013,26.66609716699801,31.446570576540754,"[24.46968191 25.31461233 24.57529821 25.13444334 24.85487078 25.95452286
 25.26491054 27.99229622 27.10387674 28.39612326 29.33424453 29.84368787
 30.31585487 24.29572565 23.66202783 24.36406561 26.88021869 24.46346918
 25.32082505 28.98633201 25.71222664 29.21620278 28.99875746 29.19756461
 28.70675944 29.0360338  28.71918489 21.95974155 22.23310139 24.53802187
 23.24577535 27.09145129 25.52584493 26.30864811 28.21595427 28.94284294
 27.01689861 28.14140159 29.01739563 28.17867793 30.58921471 23.82355865
 21.75472167 25.29597416 25.84269384 25.82405567 25.42644135 26.96719682
 24.98533797 27.19706759 27.74378728 27.90531809 27.77485089 30.63270378
 29.19756461 28.55144135 23.2582008  24.97912525 25.32082505 23.91053678
 25.45750497 25.40780318 27.68787276 26.15954274 28.92420477 27.42693837
 27.59468191 29.70079523 29.06709742 30.80666004 23.61232604 23.50670974
 25.00397614 24.56287276 25.4388668  28.03578529 26.52609344 26.15333002
 25.14065606 28.97390656 29.44607356 28.29671968 28.52659046 28.57629225
 22.82952286 25.25869781 23.65581511 25.60039761 25.569334   24.74925447
 26.92992048 25.60039761 28.58871769 26.3832008  28.48931412 29.06088469
 29.50198807 28.76888668 30.65755467 24.84244533 24.02857853 26.05392644
 26.02286282 26.2527336  25.89860835 28.25323062 26.55094433 28.31535785
 29.09816103 28.60114314 30.29100398 28.31535785 30.69483101 23.66202783
 24.9666998  25.53827038 23.59368787 23.99130219 24.43240557 26.05392644
 27.18464215 25.38295229 26.08499006 27.76242545 29.12301193 28.09791252
 29.58275348 23.73658052 25.49478131 24.97291252 23.99130219 24.4137674
 26.23409543 27.73757455 27.71272366 27.18464215 26.47639165 28.02957256
 28.09791252 30.16053678 29.91202783 23.78006958 23.59368787 26.63792247
 23.71794235 23.48807157 24.98533797 26.8305169  25.31461233 28.02957256
 27.60710736 26.17196819 27.56983101 28.35884692 29.17271372 31.44657058
 24.29572565 24.07828032 24.9666998  24.57529821 26.20303181 23.32654076
 26.2278827  27.19706759 27.84319085 27.70651093 27.91153082 29.28454274
 31.12972167 29.89338966 22.56237575 23.74900596 25.2027833  25.40159046
 25.48235586 26.8305169  24.8362326  26.05392644 27.72514911 29.28454274
 28.25323062 28.84343936 29.25969185 29.18513917 25.71222664 22.6804175
 25.37052684 23.89189861 23.54398608 24.95427435 25.3332505  27.07281312
 28.1165507  27.03553678 27.70651093 28.40854871 29.60760437 29.1416501
 28.31535785 24.29572565]",59196.18475826438
2025-06-15 09:54:00+00:00,594,5663.57,9.0,26.62598479226107,26.593097664015904,31.03031809145129,"[22.87922465 23.61853877 26.15954274 25.79299205 25.83648111 26.52609344
 27.3026839  27.89910537 27.99850895 28.5390159  27.80591451 28.99254473
 28.65084493 24.20874751 23.93538767 24.72440358 26.09120278 26.38941352
 26.30864811 25.32082505 26.32107356 28.59493042 27.73136183 27.13494036
 28.96769384 29.90581511 28.47067594 23.24577535 24.78653082 24.60014911
 24.55666004 25.4388668  26.55094433 26.25894632 27.49527833 27.14115308
 27.83076541 27.76863817 29.76292247 29.78156064 28.04821074 23.30168986
 24.32057654 24.87972167 22.87922465 23.71794235 25.28354871 26.42047714
 26.98583499 26.22166998 26.58200795 28.03578529 28.25323062 29.02982107
 30.09840954 28.94284294 24.86729622 23.78628231 24.78653082 24.25223658
 23.71794235 25.0723161  25.89860835 26.66898608 26.85536779 27.66302187
 27.55119284 28.26565606 28.85586481 28.98011928 22.53752485 23.85462227
 23.65581511 24.19632207 24.37027833 25.38916501 25.62524851 29.40258449
 27.70029821 27.73757455 28.04821074 27.50770378 29.80019881 30.73832008
 23.35760437 24.8362326  24.94806163 25.81163022 26.10362823 25.79299205
 25.42022863 26.82430417 26.92370775 27.90531809 28.01714712 29.65730616
 29.42743539 28.34642147 29.53305169 23.52534791 22.66799205 23.89811133
 25.32703777 26.7249006  26.4639662  25.42022863 27.28404573 26.66898608
 28.34020875 28.09791252 27.6195328  27.79348907 31.03031809 25.09095427
 25.72465209 25.03503976 24.59393638 26.11605368 25.71843936 26.8305169
 26.84915507 27.12251491 26.43290258 29.53305169 28.21595427 29.00497018
 29.96794235 25.24627237 24.46346918 23.34517893 25.53205765 26.44532803
 26.71868787 27.79348907 26.53851889 26.36456262 27.15979125 27.56983101
 28.51416501 29.52683897 29.8250497  24.39512922 23.41351889 24.0472167
 24.40755467 24.71819085 24.92942346 25.40780318 25.4140159  25.61282306
 28.4582505  29.07952286 28.88071571 27.50770378 26.61928429 30.91227634
 22.48782306 24.69955268 25.60039761 24.85487078 24.60014911 26.01043738
 26.91128231 25.12823062 26.43911531 29.76913519 28.53280318 29.93687873
 27.5139165  29.2721173  24.32057654 23.13394632 26.70626243 24.54423459
 24.20874751 27.84940358 26.66277336 27.91153082 28.1165507  28.7999503
 29.88096421 28.87450298 29.1416501  29.41500994 23.07181909 22.41327038
 24.23981113 25.12823062 25.68737575 24.4137674  26.09741551 26.61307157
 28.1165507  28.18489066 27.84319085 28.39612326 27.18464215 30.09219682
 29.76913519 23.08424453]",58969.494720988645
2025-06-15 09:55:00+00:00,595,5690.37,9.0,26.706662962604423,26.676348161033793,31.806908548707753,"[24.1776839  24.14040755 26.71247515 25.55069583 25.82405567 27.04796223
 27.84319085 27.39587475 27.49527833 27.5387674  28.01714712 28.03578529
 30.04249503 24.46346918 25.09095427 24.83001988 26.65656064 25.48856859
 25.63767396 27.52634195 27.48285288 28.5638668  27.08523857 28.20352883
 28.99254473 29.51441352 29.31560636 24.87972167 25.24005964 25.23384692
 25.10337972 25.12823062 26.00422465 26.13469185 26.53851889 27.24055666
 27.43315109 29.79398608 28.62599404 29.91202783 29.06709742 24.37027833
 24.38270378 23.05318091 24.46346918 24.63121272 26.4888171  25.89239563
 25.05989066 28.36505964 25.6500994  27.26540755 27.90531809 27.3026839
 28.25323062 30.54572565 24.37027833 23.84840954 24.2833002  26.42047714
 25.9110338  26.94234592 26.71868787 29.94930417 27.71272366 26.76217694
 28.86207753 28.89935388 28.80616302 31.80690855 23.82977137 23.54398608
 23.73036779 24.45104374 27.46421471 25.7805666  27.17842942 27.22813121
 27.11008946 26.70626243 28.18489066 28.97390656 30.17917495 29.02360835
 22.62450298 24.55666004 23.8111332  25.20899602 23.39488072 26.96719682
 25.27733598 25.58175944 27.15979125 26.64413519 27.5387674  27.41451292
 28.46446322 29.23484095 30.12326044 25.3332505  24.39512922 26.26515905
 26.68762425 26.7249006  25.51341948 27.15979125 26.86158052 29.19135189
 27.66302187 27.71893638 28.78752485 29.06088469 28.50795229 23.25198807
 23.84219682 25.76192843 25.45129225 25.00397614 26.53230616 25.63767396
 28.20974155 28.35263419 27.43936382 28.49552684 29.34045726 28.54522863
 29.25969185 24.27087475 24.46346918 24.68712724 22.61207753 24.04100398
 25.83026839 27.19085487 26.69383698 28.16003976 28.10412525 27.93016899
 26.99204771 28.81237575 29.27833002 23.07181909 23.42594433 25.097167
 25.2027833  25.7805666  24.10313121 25.37673956 26.27137177 27.09145129
 28.64463221 29.83126243 27.75       28.18489066 30.01764414 29.39015905
 22.39463221 23.94781312 24.91078529 24.27087475 25.74950298 24.80516899
 26.17196819 26.07877734 27.79348907 29.15407555 27.55119284 28.20352883
 27.99229622 29.3528827  25.24005964 23.65581511 25.19035785 25.6749503
 24.17147117 26.89264414 27.78727634 26.92370775 28.3277833  28.34642147
 26.8305169  28.45203777 27.6443837  28.75646123 23.19607356 24.44483101
 22.68663022 24.27708748 24.95427435 24.70576541 26.92370775 26.69383698
 27.38966203 27.15357853 28.43961233 30.03006958 28.65705765 29.43364811
 29.26590457 24.12798211]",59239.41160768936
2025-06-15 09:56:00+00:00,596,5670.12,9.0,26.648492828146097,26.61344433399602,31.160785288270375,"[24.4137674  25.9110338  24.06585487 26.68141153 25.96073559 26.04771372
 27.63195825 27.34617296 26.54473161 26.8305169  28.48310139 29.930666
 29.78777336 24.87350895 24.23359841 26.25894632 25.3083996  25.04746521
 25.097167   26.07256461 24.98533797 26.91749503 27.39587475 27.90531809
 28.62599404 29.71322068 28.36505964 22.91028827 24.07206759 25.09095427
 26.36456262 26.57579523 26.04771372 25.97937376 27.45800199 27.32753479
 28.52659046 28.11033797 28.73161034 27.1722167  29.51441352 24.40134195
 24.12798211 24.38270378 24.97912525 24.84865805 25.32703777 24.9915507
 25.63767396 27.3026839  28.94284294 27.11630219 26.30243539 28.70054672
 29.26590457 29.20999006 22.67420477 25.04125249 25.57554672 27.07281312
 26.47017893 23.96645129 26.28379722 26.32107356 25.52584493 30.52087475
 28.35884692 28.57629225 30.35934394 29.86853877 24.24602386 25.03503976
 22.87301193 25.6749503  23.68687873 26.11605368 27.21570577 27.80591451
 27.38966203 26.83672962 28.694334   26.74353877 28.75646123 29.8499006
 22.17097416 23.8111332  24.54423459 27.73757455 23.18364811 24.43861829
 27.04796223 25.64388668 26.2278827  27.07902584 26.65656064 29.91202783
 28.34020875 29.57654076 29.94309145 22.83573559 22.69284294 25.84890656
 24.47589463 25.13444334 26.5695825  25.36431412 25.66252485 29.39637177
 28.40854871 28.58871769 29.02982107 30.34070577 30.20402584 22.9972664
 25.42644135 24.12176938 25.097167   26.94234592 26.20303181 26.70626243
 27.04796223 25.46993042 27.29647117 26.78081511 28.40854871 27.57604374
 30.7445328  25.08474155 22.14612326 22.05914513 25.03503976 25.59418489
 28.27808151 27.48906561 26.44532803 28.11033797 28.47067594 27.83697813
 26.42047714 27.23434394 29.22241551 23.64960239 23.50670974 24.74304175
 25.92345924 27.21570577 23.0221173  26.49502982 27.55740557 27.12251491
 26.23409543 29.25347913 28.74403579 28.75646123 28.81858847 31.16078529
 23.17743539 24.7554672  24.7306163  25.86133201 25.66873757 25.55690855
 25.18414513 27.19085487 28.84965209 27.67544732 27.75       27.94259443
 29.78156064 30.42147117 24.11555666 22.48782306 25.49478131 25.86754473
 25.23384692 25.26491054 27.08523857 29.17892644 28.04199801 26.92992048
 29.32803181 29.2721173  29.96172962 29.22862823 22.8667992  21.78578529
 24.02857853 24.13419483 24.8362326  26.13469185 27.05417495 25.79299205
 26.76838966 28.12897614 27.09766402 28.7750994  28.96769384 29.930666
 30.04870775 23.59368787]",59044.79760584558
2025-06-15 09:57:00+00:00,597,5709.629999999999,9.0,26.766675340253666,26.736176689860837,31.632952286282304,"[23.51292247 26.71868787 27.03553678 26.81187873 26.18439364 25.87997018
 29.24105368 28.6694831  27.90531809 26.3583499  28.5638668  29.24105368
 28.70675944 24.625      24.25223658 24.01615308 22.40084493 25.79299205
 25.42022863 26.94855865 28.10412525 27.47042744 28.4333996  28.20352883
 29.2472664  29.3777336  29.64488072 23.45079523 25.097167   24.16525845
 23.58747515 24.43861829 24.60014911 26.39562624 24.86729622 27.58846918
 27.75       27.277833   28.52659046 28.74403579 29.09194831 23.78628231
 23.30790258 25.04125249 23.87326044 24.63742545 25.86754473 25.91724652
 27.52012922 28.4582505  27.80591451 27.03553678 28.13518887 27.76863817
 30.68240557 29.20377734 24.61257455 23.54398608 24.12176938 25.60039761
 25.68116302 28.18489066 25.57554672 26.9361332  27.45178926 28.34642147
 28.12897614 27.32753479 29.83747515 29.41500994 24.29572565 25.17171968
 24.48832008 25.7805666  25.91724652 25.03503976 27.22813121 27.09145129
 26.69383698 27.76242545 26.89885686 29.42122266 30.50223658 31.63295229
 23.41351889 23.19607356 22.56858847 22.22067594 25.02882704 27.05417495
 25.6500994  28.21595427 28.88692843 28.50795229 27.78727634 28.81237575
 29.17892644 28.88692843 29.54547714 24.00994036 25.56312127 23.80492048
 26.77460239 25.30218688 25.07852883 25.45129225 26.58822068 26.28379722
 28.7999503  27.78727634 28.58250497 29.91202783 29.12301193 22.97862823
 24.21496024 23.32654076 26.11605368 25.569334   25.23384692 26.13469185
 24.63742545 27.57604374 28.93663022 28.78752485 27.62574553 28.23459245
 30.21645129 24.50074553 25.4140159  23.5999006  25.43265408 26.98583499
 27.90531809 26.43290258 28.04821074 26.92370775 27.57604374 28.96769384
 28.47067594 28.48310139 28.82480119 26.98583499 24.32057654 23.87947316
 23.9167495  27.33374751 26.61928429 26.42047714 28.16625249 27.80591451
 26.76838966 27.19085487 28.6694831  27.62574553 29.7194334  30.04249503
 25.20899602 24.03479125 25.44507952 24.93563618 24.60636183 25.81163022
 25.95452286 27.28404573 27.24676938 27.56983101 29.85611332 29.85611332
 30.21645129 28.63841948 23.81734592 24.46968191 23.90432406 21.81684891
 24.9666998  27.84940358 26.78702783 27.36481113 27.09145129 27.1722167
 28.5638668  29.20999006 30.39040755 29.76913519 23.76764414 23.37624254
 24.79895626 25.38916501 27.0666004  25.66252485 25.00397614 27.5387674
 28.32157058 28.4333996  27.16600398 28.66327038 27.96744533 31.22912525
 28.67569583 23.63096421]",59440.18901835266
2025-06-15 09:58:00+00:00,598,5680.56,9.0,26.682473515436918,26.645874751491057,31.85039761431411,"[23.13394632 24.625      25.61903579 26.33971173 27.16600398 26.71247515
 25.569334   28.48931412 26.86779324 26.97962227 28.76267396 27.79970179
 29.81262425 21.87276342 24.55044732 23.66824056 23.56883698 25.92345924
 25.17793241 27.5139165  26.2527336  26.12847913 27.5387674  28.17867793
 28.9304175  30.39662028 29.74428429 24.28951292 24.35785288 24.91699801
 26.78081511 25.7805666  26.48260437 24.85487078 26.50745527 27.43315109
 26.78081511 28.37127237 27.54498012 29.32803181 28.75646123 24.37027833
 23.71172962 23.84840954 25.18414513 25.4140159  25.45750497 25.90482107
 26.9609841  27.5139165  27.31510934 28.58250497 28.40233598 28.02957256
 28.42718688 28.88692843 23.95402584 25.38916501 25.57554672 26.02286282
 25.12823062 26.56336978 25.01640159 27.23434394 28.45203777 27.86804175
 27.77485089 26.79324056 31.01167992 30.0859841  24.36406561 24.46968191
 25.01640159 24.13419483 25.48856859 25.13444334 26.47017893 28.40233598
 27.33374751 28.7750994  27.0666004  28.02335984 29.10437376 28.14140159
 23.62475149 24.69955268 24.152833   23.09045726 26.31486083 25.29597416
 27.00447316 26.56336978 27.24055666 27.48285288 27.6195328  27.40208748
 29.3777336  29.51441352 29.42743539 24.91078529 24.37027833 24.73682903
 25.76192843 24.72440358 25.89239563 26.9609841  25.76814115 27.57604374
 29.12922465 29.63866799 28.694334   31.85039761 27.5139165  23.52534791
 25.25869781 25.4388668  24.66227634 25.30218688 24.71819085 26.82430417
 26.1222664  26.76838966 25.89239563 29.68215706 28.47688867 29.39015905
 28.07306163 23.50670974 23.29547714 23.48807157 25.94209742 25.89860835
 25.24005964 25.19035785 25.31461233 28.222167   27.69408549 27.42072565
 29.16028827 28.78131213 30.15432406 22.5250994  22.53131213 24.2833002
 27.15979125 24.81759443 25.42644135 27.39587475 26.04150099 27.82455268
 27.74378728 27.40208748 27.8804672  30.5333002  30.94955268 31.05516899
 23.53156064 24.66227634 25.22763419 24.86729622 25.76814115 25.34567594
 25.30218688 26.58200795 27.24055666 28.04199801 28.40233598 29.05467197
 29.21620278 30.10462227 23.37002982 24.97912525 25.58797217 25.49478131
 26.2527336  25.42644135 26.54473161 27.99229622 28.84965209 26.66277336
 27.37102386 29.39637177 28.89314115 28.36505964 24.96048708 25.17171968
 24.78653082 22.94756461 23.98508946 27.43936382 26.39562624 25.04746521
 28.86829026 28.27186879 29.25969185 27.62574553 26.84915507 30.43389662
 30.04249503 22.8916501 ]",59158.48339324575
2025-06-15 09:59:00+00:00,599,5713.639999999999,9.0,26.78167727133254,26.74863320079523,31.086232604373755,"[25.28354871 23.79249503 25.96073559 25.17171968 25.37673956 26.50745527
 29.30318091 26.04771372 29.20377734 28.42097416 30.37176938 28.93663022
 29.81883698 22.15233598 25.37673956 26.32107356 24.18389662 26.04771372
 26.27758449 26.76838966 27.43936382 26.60685885 27.67544732 29.43986083
 27.76863817 29.04845924 29.97415507 23.53777336 24.78653082 25.09095427
 23.48185885 24.35785288 26.83672962 25.9110338  27.22191849 27.22813121
 27.03553678 29.10437376 28.09791252 29.45849901 29.73807157 25.097167
 22.34493042 25.27733598 25.097167   26.87400596 24.33300199 24.83001988
 26.45775348 26.15954274 28.01714712 26.71247515 27.83076541 28.62599404
 29.25347913 30.34070577 24.92321074 24.45725646 22.30144135 25.13444334
 24.88593439 24.7306163  25.37052684 26.98583499 28.45203777 29.39015905
 29.0360338  27.277833   29.58275348 29.32803181 23.82355865 23.86704771
 24.12176938 25.84890656 26.77460239 27.57604374 27.22191849 26.81809145
 27.07281312 27.55119284 27.42072565 28.17867793 31.06759443 28.78131213
 23.61232604 23.48185885 24.92321074 25.85511928 25.25869781 26.47017893
 27.66923459 26.58822068 28.25944334 25.50720676 30.12947316 27.70651093
 29.19756461 30.4276839  29.6945825  24.8362326  25.38916501 24.47589463
 24.91078529 24.02857853 26.48260437 27.42072565 25.68737575 26.51366799
 27.6195328  27.19085487 30.04870775 28.35884692 29.4833499  23.71794235
 22.43190855 24.9666998  26.91749503 24.44483101 24.45104374 26.64413519
 27.45178926 27.63195825 28.06684891 27.25919483 30.04870775 28.83722664
 29.70079523 24.48210736 23.88568588 26.0166501  25.62524851 25.99801193
 24.94806163 26.08499006 27.00447316 28.694334   27.04796223 28.63841948
 27.71893638 27.65059642 29.92445328 24.00372763 23.8111332  25.39537773
 24.69333996 26.06635189 25.19657058 25.35810139 25.72465209 26.9609841
 27.77485089 27.1722167  28.40233598 29.8499006  27.81833996 28.5390159
 24.64985089 23.15879722 25.06610338 25.01018887 25.4140159  27.13494036
 26.58200795 27.42693837 27.50770378 27.25298211 29.19756461 28.68190855
 30.52087475 30.17296223 23.89189861 25.31461233 25.32703777 24.41998012
 25.57554672 25.22763419 27.39587475 26.08499006 27.34617296 27.87425447
 28.91799205 28.81237575 30.35934394 30.35934394 24.33300199 23.53777336
 24.97291252 25.46993042 27.52634195 26.23409543 26.40183897 26.30243539
 28.29050696 26.81187873 28.81237575 28.83101392 28.25944334 29.09194831
 31.0862326  22.40084493]",59490.37947897014
2025-06-15 10:00:00+00:00,600,5723.64,9.0,26.812769120044656,26.779696819085483,31.309890656063615,"[24.23359841 25.097167   25.40159046 27.29025845 27.31510934 25.05989066
 26.07877734 27.06038767 27.52634195 30.00521869 30.05492048 28.52037773
 28.91799205 22.04671968 24.05964215 24.8610835  24.23981113 25.58797217
 26.75596421 26.96719682 26.42668986 27.59468191 28.11033797 28.14140159
 28.10412525 28.49552684 29.91202783 25.43265408 25.90482107 23.14637177
 24.53180915 25.69358847 28.25944334 27.02932406 26.95477137 27.277833
 27.77485089 28.88692843 27.76863817 30.1667495  28.58871769 22.76739563
 24.45104374 26.40805169 24.40134195 27.45178926 26.27137177 27.24055666
 27.01068588 28.02335984 27.32132207 27.70651093 28.43961233 26.7249006
 28.51416501 31.30989066 23.2582008  23.98508946 25.45750497 24.84244533
 27.68787276 24.52559642 26.29622266 27.99229622 28.58250497 28.20352883
 29.37152087 29.8499006  30.89985089 29.63866799 24.7554672  23.59368787
 24.84244533 24.72440358 26.17196819 25.65631213 26.58200795 26.52609344
 26.90506958 28.27808151 27.59468191 30.21645129 30.14811133 30.14189861
 24.66227634 23.84219682 24.30193837 23.20228628 25.17793241 25.097167
 26.42047714 25.98558648 27.38966203 28.67569583 26.88021869 28.03578529
 28.01714712 29.43986083 30.27857853 24.74304175 22.95999006 26.97340954
 27.81212724 25.70601392 25.15929423 26.67519881 26.55094433 25.93588469
 28.48310139 28.73782306 27.75       28.73782306 29.6138171  24.47589463
 25.17793241 24.76167992 24.48210736 25.45129225 25.91724652 27.09145129
 28.40233598 27.97365805 28.3277833  27.69408549 27.66923459 29.10437376
 29.76913519 23.43215706 24.58772366 23.76764414 25.89239563 26.58822068
 25.45129225 26.19060636 26.26515905 28.07927435 28.28429423 28.54522863
 29.07331014 28.13518887 29.8499006  23.84840954 22.66177932 24.46968191
 24.56908549 24.07828032 25.62524851 27.22191849 26.99204771 27.55119284
 28.09791252 27.6195328  28.17867793 29.19135189 29.45849901 30.69483101
 23.9167495  23.06560636 23.06560636 25.2027833  26.18439364 27.17842942
 26.1471173  28.1165507  27.15357853 27.79348907 28.71918489 28.57629225
 28.98633201 30.22887674 23.76764414 25.53827038 24.19632207 26.1222664
 25.20899602 25.83026839 27.42693837 26.92370775 26.64413519 27.0417495
 28.46446322 27.9860835  29.74428429 30.57057654 24.53802187 23.77385686
 22.94135189 24.33300199 23.22092445 26.02907555 26.84294235 25.13444334
 27.6443837  28.58871769 27.75621272 30.20402584 28.85586481 28.48310139
 28.08548708 23.71172962]",59594.4003680214
2025-06-15 10:01:00+00:00,601,5731.959999999999,9.0,26.838901367449573,26.805541749502982,31.577037773359837,"[24.625      25.84890656 24.68091451 25.569334   26.26515905 27.42072565
 24.94184891 26.69383698 28.63220676 27.87425447 27.59468191 29.24105368
 30.2972167  23.90432406 22.82952286 25.76192843 24.39512922 25.57554672
 25.45750497 26.55715706 28.52659046 26.94234592 27.57604374 26.91749503
 28.57007952 31.57703777 30.12326044 23.4445825  24.30815109 24.43861829
 25.24005964 25.60039761 26.86779324 26.92992048 25.58175944 26.65656064
 26.55094433 28.96148111 28.79373757 28.55765408 30.82529821 24.7306163
 24.41998012 23.66202783 26.42668986 26.14090457 26.20924453 25.21520875
 26.92370775 27.02311133 27.12872763 27.55119284 29.94309145 28.30914513
 29.83747515 28.72539761 24.46346918 22.87922465 25.14686879 24.30815109
 25.51963221 26.1471173  27.40208748 29.02360835 27.08523857 27.56983101
 27.45178926 29.02360835 29.35909543 30.80044732 24.02857853 24.45725646
 24.8362326  25.78677932 26.36456262 25.83026839 26.15333002 25.569334
 25.76814115 28.53280318 28.25944334 27.5387674  28.42097416 30.95576541
 21.61804175 24.88593439 25.65631213 24.45104374 24.58151093 26.97340954
 26.13469185 27.35238569 26.51988072 28.74403579 27.58225646 28.55765408
 28.43961233 28.68190855 30.90606362 24.80516899 25.44507952 26.2527336
 26.09120278 28.9055666  25.05989066 26.39562624 26.91749503 27.10387674
 29.53926441 30.12326044 27.6195328  30.11083499 30.02385686 23.680666
 22.73633201 25.74329026 25.82405567 26.73111332 26.1222664  26.31486083
 25.73086481 25.77435388 27.62574553 28.39612326 28.5390159  29.96172962
 29.56411531 24.4137674  24.91699801 23.20849901 26.06635189 25.12823062
 26.39562624 25.18414513 27.43315109 27.74378728 28.26565606 28.55144135
 28.99875746 29.17271372 29.89960239 23.27062624 23.38866799 24.61257455
 25.27733598 24.13419483 28.10412525 26.82430417 26.54473161 25.22142147
 28.38369781 28.81858847 28.17246521 29.24105368 29.1416501  30.93712724
 23.17122266 23.81734592 23.92296223 26.3832008  24.06585487 26.87400596
 26.7000497  27.65680915 28.30914513 27.6443837  28.222167   27.6443837
 29.32181909 30.11083499 24.02236581 23.69930417 25.58175944 25.5444831
 25.46993042 26.40805169 25.96073559 27.43936382 28.29671968 27.37723658
 28.51416501 29.34045726 28.32157058 30.41525845 25.72465209 24.42619284
 23.94781312 23.99751491 26.42668986 27.45178926 25.60039761 26.37077535
 26.35213718 29.94930417 27.93016899 28.32157058 29.25969185 27.97365805
 28.79373757 24.58772366]",59681.828414939286
2025-06-15 10:02:00+00:00,602,5756.959999999999,9.0,26.914255146496544,26.88320079522863,31.539761431411527,"[23.15879722 23.48807157 25.25248509 26.4888171  26.66898608 26.60685885
 25.83648111 27.76863817 28.03578529 27.58225646 28.73782306 29.14786282
 28.82480119 26.00422465 24.39512922 25.097167   25.48856859 24.89214712
 26.60685885 27.36481113 27.65059642 27.74378728 29.07331014 28.89935388
 28.68812127 29.60139165 28.89314115 23.9416004  23.14637177 25.0723161
 24.83001988 24.23359841 25.92345924 27.56983101 28.78131213 26.52609344
 26.86779324 29.73807157 29.91202783 28.4582505  29.2472664  21.30119284
 23.94781312 25.9917992  25.20899602 26.27758449 26.04150099 27.3026839
 26.90506958 28.29671968 29.36530815 27.71272366 28.9055666  29.34666998
 27.88667992 29.87475149 23.38245527 23.01590457 26.19681909 25.6500994
 26.13469185 26.04150099 26.45154076 27.61332008 27.03553678 29.7194334
 27.42693837 28.66327038 28.59493042 29.14786282 24.15904573 22.83573559
 25.59418489 25.92967197 26.34592445 26.53230616 27.19706759 25.30218688
 27.31510934 27.01689861 29.46471173 28.50795229 29.43364811 31.26018887
 23.30168986 24.2833002  24.69955268 25.06610338 25.03503976 24.92321074
 26.53851889 27.0417495  27.91774354 28.17867793 29.23484095 26.91128231
 27.58225646 29.94930417 29.42122266 24.63121272 24.4137674  24.69333996
 23.45079523 26.24652087 26.20924453 26.86779324 26.45154076 27.29025845
 27.61332008 28.52037773 28.35263419 30.13568588 28.57629225 24.39512922
 24.81138171 23.09045726 24.97912525 25.58175944 25.85511928 26.35213718
 27.68787276 25.95452286 28.37748509 28.12276342 29.78156064 30.37176938
 30.40904573 24.91699801 24.05964215 24.76789264 24.54423459 26.68762425
 26.14090457 26.8305169  26.10362823 28.34020875 27.38966203 27.89289264
 28.50795229 28.35884692 29.80641153 23.14015905 25.17171968 24.59393638
 23.98508946 25.69980119 26.44532803 27.07902584 28.222167   28.5390159
 28.50795229 28.54522863 28.93663022 31.1110835  30.66998012 30.92470179
 23.92296223 25.3332505  25.46371769 24.85487078 27.88667992 26.65034791
 28.66327038 27.55740557 27.33374751 28.99875746 29.20999006 27.19706759
 28.51416501 29.86232604 24.61878728 22.8667992  24.81759443 24.53802187
 26.23409543 26.7249006  26.26515905 27.3026839  27.06038767 27.86182903
 28.21595427 28.84343936 30.27857853 30.6637674  23.74900596 23.40109344
 25.70601392 25.36431412 25.55069583 26.45154076 26.60685885 23.76764414
 28.94284294 25.52584493 28.4582505  28.26565606 27.79970179 28.34642147
 31.53976143 25.61903579]",59933.93201811884
2025-06-15 10:03:00+00:00,603,5750.299999999999,9.0,26.896176972874358,26.862512425447314,31.440357852882702,"[23.97266402 25.9917992  26.43290258 26.56336978 25.49478131 26.71868787
 27.95501988 26.69383698 29.62002982 27.22813121 27.68166004 31.29125249
 30.70725646 24.09070577 23.05939364 26.05392644 25.10337972 25.79920477
 26.08499006 26.92370775 27.99229622 26.29622266 28.37748509 28.86207753
 30.12326044 30.0859841  29.16650099 23.06560636 24.63121272 24.76167992
 27.19706759 26.53230616 27.44557654 25.7805666  26.16575547 27.24676938
 28.01714712 28.00472167 28.94284294 29.22862823 28.30914513 24.14662028
 23.680666   25.44507952 22.92892644 25.38295229 25.097167   26.42668986
 28.31535785 26.95477137 26.22166998 26.73111332 28.09791252 29.76292247
 28.34642147 29.42743539 23.79870775 23.39488072 24.55666004 25.69980119
 26.02907555 27.17842942 26.58200795 25.42644135 27.75621272 27.21570577
 31.44035785 29.83126243 29.39637177 29.7194334  22.53131213 25.02882704
 24.1776839  25.42644135 25.94831014 26.71868787 27.04796223 26.58822068
 25.34567594 26.14090457 30.80666004 28.9055666  29.04845924 29.8499006
 24.35785288 25.70601392 23.77385686 23.77385686 24.90457256 25.3332505
 27.5387674  26.70626243 27.49527833 26.44532803 27.36481113 29.17892644
 28.44582505 28.37748509 29.3777336  23.06560636 24.35164016 24.02857853
 25.07852883 25.49478131 26.47017893 25.45750497 26.5944334  28.24080517
 26.66277336 28.99875746 30.19781312 31.40308151 29.59517893 23.64338966
 24.05342942 24.09691849 24.67470179 25.21520875 27.82455268 26.97962227
 26.7000497  28.63841948 28.21595427 28.07927435 29.19756461 29.07331014
 28.60114314 25.40780318 25.27733598 25.38295229 24.60014911 26.92370775
 27.29647117 26.68141153 28.31535785 26.79945328 27.56983101 29.06088469
 27.99850895 29.72564612 30.50223658 25.73707753 24.43861829 26.01043738
 24.22738569 24.38270378 26.76838966 26.49502982 29.80641153 27.11008946
 27.76863817 27.20949304 28.70675944 28.97390656 28.74403579 30.40904573
 23.1277336  25.17171968 25.56312127 26.49502982 26.5695825  26.39562624
 25.60039761 27.11630219 27.31510934 26.81809145 27.5387674  28.36505964
 29.71322068 30.24130219 25.2027833  24.43861829 24.09691849 26.04771372
 25.42644135 25.45129225 27.32753479 27.06038767 26.91749503 25.94831014
 27.60089463 28.06684891 29.70079523 29.14786282 23.99130219 23.55019881
 25.22142147 25.33946322 24.27087475 26.78081511 26.06635189 29.71322068
 27.07281312 27.92395626 27.60089463 28.08548708 28.19110338 30.03628231
 29.5889662  24.60636183]",59873.44968044844
2025-06-15 10:04:00+00:00,604,5721.120000000001,9.0,26.8116393563439,26.771868787276343,31.297465208747514,"[25.44507952 24.14662028 25.78677932 25.83648111 26.51988072 26.12847913
 26.97962227 27.61332008 29.25969185 28.94905567 28.27808151 28.73782306
 29.99900596 24.03479125 23.79870775 24.05964215 24.58772366 25.569334
 25.60039761 27.55740557 25.37673956 26.37698807 28.1165507  28.88692843
 28.30293241 28.55765408 30.95576541 24.81759443 25.53827038 25.10337972
 27.33996024 26.02907555 25.74329026 24.45725646 26.17196819 27.29025845
 26.29000994 28.4582505  27.66302187 28.66327038 28.4582505  24.34542744
 23.80492048 25.48856859 25.10337972 24.09691849 25.45129225 26.1471173
 26.5695825  26.66277336 27.37723658 27.22813121 28.33399602 28.52037773
 27.91774354 31.03653082 24.33921471 22.79845924 25.27733598 24.31436382
 25.26491054 26.9361332  27.13494036 25.73086481 27.42072565 29.57032803
 28.47067594 27.4083002  28.98011928 30.49602386 22.91650099 22.76739563
 24.20253479 25.35188867 25.64388668 26.1471173  25.00397614 27.72514911
 25.46993042 27.75       26.89264414 27.45178926 29.12922465 28.40233598
 24.51317097 23.65581511 25.42022863 24.93563618 25.42644135 26.62549702
 26.37698807 25.96073559 26.23409543 26.0166501  27.47664016 29.30939364
 29.78156064 27.84319085 31.06138171 23.32032803 24.99776342 26.43290258
 23.73658052 26.10984095 28.67569583 26.60064612 26.54473161 29.07331014
 26.24030815 29.14786282 29.86232604 30.39040755 31.29746521 23.99130219
 23.15258449 26.08499006 24.95427435 25.32082505 26.61307157 26.5695825
 26.73732604 28.9055666  28.81858847 27.0666004  29.60760437 27.90531809
 29.30318091 23.53156064 23.35760437 24.8362326  25.47614314 27.43936382
 27.13494036 26.63792247 28.02335984 27.61332008 27.56361829 26.89885686
 28.71918489 28.06684891 30.09219682 22.79845924 23.9167495  24.13419483
 22.83573559 26.38941352 27.02311133 26.51366799 27.37723658 27.52012922
 28.42097416 28.48310139 27.24676938 29.80641153 30.93091451 30.32828032
 25.2027833  23.61853877 25.96073559 26.65034791 25.16550696 26.48260437
 27.16600398 25.76814115 27.73136183 28.81858847 27.37102386 29.86853877
 28.46446322 29.51441352 23.84219682 23.84840954 26.1471173  25.17171968
 25.25248509 25.11580517 24.93563618 27.34617296 28.12276342 27.0417495
 28.25323062 29.51441352 30.07977137 28.53280318 24.30815109 25.72465209
 24.28951292 27.35859841 26.03528827 24.38270378 26.08499006 27.14115308
 28.37127237 28.15382704 28.76267396 28.66327038 27.8804672  29.30939364
 29.83126243 25.3083996 ]",59590.62063058415
2025-06-15 10:05:00+00:00,605,5783.32,9.0,26.996766148651286,26.96508449304175,31.8006958250497,"[24.53180915 26.08499006 27.09766402 27.71272366 26.73732604 25.10337972
 27.52634195 27.35859841 28.28429423 29.23484095 28.7999503  28.61356859
 30.24751491 24.69333996 23.27062624 24.94184891 26.02907555 26.04150099
 26.07256461 26.0166501  28.33399602 27.81833996 29.11058648 28.42718688
 28.5638668  29.38394632 31.80069583 24.65606362 26.06013917 25.09095427
 23.76143141 24.50695825 27.00447316 25.24005964 26.8305169  25.5444831
 28.72539761 27.95501988 29.13543738 28.62599404 29.47713718 23.84219682
 22.67420477 25.02882704 26.40183897 25.01640159 25.77435388 27.09145129
 25.92967197 29.45228628 27.24055666 29.17892644 28.9055666  28.1165507
 28.93663022 30.4276839  24.78031809 25.40780318 26.13469185 26.95477137
 25.79299205 26.0166501  27.52012922 26.86779324 27.91153082 28.73782306
 29.26590457 29.60139165 30.81908549 28.73782306 24.18389662 24.50074553
 25.35810139 25.29597416 25.01018887 27.00447316 26.48260437 27.277833
 29.34045726 27.22813121 29.91824056 29.32803181 28.57629225 29.29075547
 24.0472167  23.89811133 26.47639165 26.8305169  25.35188867 25.6749503
 27.22813121 26.53230616 27.3834493  28.31535785 28.5390159  29.71322068
 29.53926441 30.402833   29.22862823 23.96645129 23.55641153 24.98533797
 24.05342942 24.3889165  24.59393638 25.83648111 27.53255467 28.08548708
 28.78131213 28.26565606 29.46471173 29.63866799 31.18563618 25.94831014
 24.59393638 24.52559642 24.4945328  28.05442346 26.15954274 28.43961233
 28.05442346 28.12276342 27.86182903 27.06038767 29.23484095 30.17296223
 27.93016899 22.21446322 24.18389662 24.95427435 24.02236581 27.50770378
 27.04796223 27.3834493  26.20924453 29.41500994 27.32132207 27.20949304
 27.27162028 28.222167   30.00521869 26.09741551 23.90432406 26.68141153
 24.68712724 25.93588469 26.86158052 25.66252485 27.12251491 27.48906561
 26.45154076 29.31560636 27.16600398 28.22837972 27.90531809 30.45874751
 24.25223658 24.46346918 25.58797217 26.42047714 25.92345924 24.63742545
 27.21570577 27.11008946 29.11058648 27.23434394 27.5139165  27.56983101
 27.89910537 30.25372763 24.07828032 23.61853877 24.85487078 25.08474155
 25.22142147 25.01640159 26.99204771 28.44582505 28.21595427 26.20924453
 27.23434394 28.74403579 28.54522863 31.24776342 22.85437376 23.82355865
 24.79274354 27.60710736 25.6749503  25.24005964 25.35810139 26.65656064
 26.84294235 27.57604374 28.91177932 28.222167   30.36555666 28.7999503
 28.95526839 23.73658052]",60209.980826927735
2025-06-15 10:06:00+00:00,606,5796.8,9.0,27.038116092236137,27.006958250497018,31.28503976143141,"[25.86754473 25.09095427 25.35810139 27.01068588 25.87375746 26.60685885
 29.40879722 26.39562624 30.38419483 28.12276342 27.80591451 29.12301193
 29.86232604 24.30193837 26.33971173 24.30815109 25.43265408 26.92992048
 26.15954274 27.05417495 26.96719682 27.02311133 26.89264414 29.15407555
 28.53280318 29.1416501  30.55193837 23.49428429 24.152833   24.25223658
 25.50099404 23.67445328 26.65034791 26.65656064 26.67519881 28.67569583
 26.21545726 28.9304175  27.65680915 29.26590457 30.5333002  24.81138171
 24.53802187 24.91078529 24.7554672  24.94184891 26.25894632 26.40183897
 26.24652087 27.15979125 29.31560636 30.66998012 27.48906561 28.22837972
 30.35313121 30.48981113 26.60064612 25.15308151 25.02882704 24.38270378
 24.33300199 27.52634195 26.60685885 28.06684891 25.6500994  29.04845924
 29.31560636 28.83722664 28.75024851 30.65134195 24.74925447 24.77410537
 24.92321074 25.35810139 26.65034791 27.29647117 26.40805169 27.40208748
 26.41426441 28.57629225 28.48931412 28.20352883 27.8556163  28.39612326
 24.74925447 24.54423459 25.55690855 25.30218688 25.19657058 26.65034791
 25.8861829  26.94234592 28.16003976 27.12251491 27.6443837  30.22266402
 28.42097416 29.19135189 29.43986083 24.66227634 25.2027833  25.39537773
 25.28976143 26.78081511 25.42644135 26.88021869 26.30864811 29.43364811
 28.17867793 29.38394632 28.62599404 29.11058648 28.1973161  25.98558648
 24.46346918 26.32728628 25.97937376 26.39562624 23.89811133 26.5944334
 27.78727634 28.37748509 28.32157058 29.76913519 28.23459245 29.99279324
 30.26615308 24.4945328  25.0723161  23.26441352 25.69358847 25.9110338
 26.58822068 25.89860835 28.32157058 28.50795229 26.92992048 30.01143141
 27.52012922 28.96148111 31.28503976 23.60611332 24.89835984 25.17793241
 24.02236581 27.14115308 27.277833   27.83697813 26.1222664  26.4888171
 27.82455268 27.91153082 30.27857853 27.47664016 29.05467197 29.99279324
 23.8359841  25.22142147 24.53802187 24.42619284 26.37698807 26.5695825
 27.00447316 25.76814115 26.90506958 25.94831014 28.57629225 28.27186879
 29.8250497  30.04870775 23.59368787 23.56262425 26.45775348 26.17196819
 26.25894632 25.58797217 26.89264414 28.9055666  27.09145129 28.83722664
 29.66351889 29.39015905 29.04224652 30.15432406 22.97862823 25.16550696
 24.41998012 25.28354871 26.41426441 24.96048708 26.60685885 26.38941352
 27.6443837  26.22166998 28.32157058 29.15407555 29.63245527 29.79398608
 29.36530815 24.19010934]",60348.32119818522
2025-06-15 10:07:00+00:00,607,5772.389999999999,9.0,26.967648960888255,26.931131958250493,31.707504970178924,"[25.73707753 25.51341948 24.64363817 26.66277336 26.60064612 27.71893638
 27.44557654 28.45203777 29.31560636 28.23459245 28.20974155 29.2721173
 29.99279324 24.29572565 24.38270378 24.47589463 24.56287276 25.82405567
 25.75571571 26.50124254 26.73732604 27.71893638 29.5889662  28.96769384
 28.28429423 28.83722664 28.94905567 26.57579523 23.87947316 25.70601392
 25.91724652 26.32107356 25.8054175  27.0417495  24.79274354 26.97340954
 29.26590457 26.53851889 29.24105368 29.29075547 29.32181909 23.76764414
 22.95999006 25.03503976 24.18389662 27.11630219 26.43290258 26.63792247
 26.13469185 26.76838966 27.42072565 28.4333996  28.52037773 29.07952286
 28.09791252 31.27882704 24.48832008 25.10337972 25.42644135 25.12823062
 26.66898608 24.61257455 27.83697813 26.70626243 27.32132207 26.35213718
 28.86207753 28.222167   29.62002982 30.47117296 25.45750497 24.23359841
 24.27087475 25.74950298 26.66277336 24.84865805 26.45775348 26.42047714
 27.5387674  29.3777336  28.76267396 29.65109344 28.68812127 31.70750497
 23.20228628 26.40183897 25.18414513 24.30193837 25.49478131 25.64388668
 26.23409543 26.84915507 25.569334   27.89910537 28.43961233 29.08573559
 29.5082008  28.58871769 29.8499006  24.20874751 24.79274354 24.29572565
 25.19657058 25.90482107 25.05367793 28.52659046 28.55144135 27.18464215
 29.91824056 28.40854871 28.9055666  28.49552684 29.94309145 23.76143141
 24.3889165  25.17793241 26.34592445 25.87997018 25.24627237 26.98583499
 28.24701789 27.29647117 26.43290258 28.16625249 28.86829026 29.96794235
 28.98011928 25.22142147 23.79870775 24.69955268 25.31461233 26.8305169
 27.36481113 25.93588469 27.00447316 27.94880716 28.42718688 27.32753479
 29.45849901 31.15457256 29.35909543 22.8916501  24.46968191 23.78628231
 24.7306163  21.94110338 25.9917992  26.5695825  27.09145129 28.55144135
 27.68787276 27.91153082 27.93016899 29.0360338  28.3277833  30.28479125
 25.13444334 25.18414513 25.02261431 26.66277336 24.89214712 26.28379722
 26.40805169 27.19085487 27.35859841 28.02335984 27.94259443 29.02982107
 29.53305169 27.70651093 24.40755467 24.33921471 24.56287276 25.98558648
 25.83648111 25.89860835 27.93638171 27.35859841 26.55715706 28.91799205
 28.38369781 27.6443837  31.56461233 29.41500994 24.55666004 25.84890656
 24.17147117 23.82977137 24.2833002  26.89885686 27.38966203 26.91128231
 26.42047714 28.13518887 27.76242545 27.11008946 29.6138171  30.03628231
 30.39040755 25.38916501]",60112.56636354774
2025-06-15 10:08:00+00:00,608,5799.33,9.0,27.048715867899258,27.014817345924452,32.142395626242546,"[25.86133201 25.07852883 26.94855865 25.68116302 25.48235586 26.81809145
 27.61332008 27.63195825 26.85536779 27.56983101 28.29050696 29.86232604
 29.68215706 23.20228628 22.74254473 25.15308151 26.97340954 25.10959245
 25.48235586 27.32132207 28.1165507  27.14115308 29.25969185 28.84343936
 28.88071571 29.64488072 28.86207753 24.00372763 24.37027833 24.78031809
 24.09070577 25.96073559 26.08499006 27.21570577 28.19110338 28.21595427
 27.15979125 29.15407555 28.35263419 31.40308151 32.14239563 25.61903579
 24.9666998  27.71893638 25.50720676 23.91053678 26.52609344 25.98558648
 25.27112326 26.53230616 28.34642147 27.89910537 30.5333002  28.05442346
 32.0305666  28.80616302 26.26515905 25.65631213 25.19035785 25.36431412
 26.50745527 27.36481113 26.61307157 27.55119284 28.72539761 26.4888171
 29.66351889 30.04870775 30.78180915 28.91799205 25.09095427 23.37002982
 24.71197813 23.97266402 25.40780318 25.30218688 26.26515905 26.65034791
 27.22813121 28.55765408 28.43961233 28.84965209 30.57057654 31.347167
 25.49478131 23.49428429 25.95452286 25.77435388 25.12201789 26.77460239
 25.63767396 28.48310139 28.99875746 28.59493042 28.58871769 28.36505964
 29.29696819 29.78777336 30.05492048 23.02833002 23.64960239 23.39488072
 24.47589463 25.92967197 26.10984095 26.66898608 27.37723658 28.58250497
 29.06088469 28.35884692 30.10462227 29.9555169  29.15407555 23.55019881
 24.14040755 24.07206759 24.81138171 25.01018887 26.61928429 27.58846918
 27.72514911 27.18464215 27.56983101 27.86804175 29.23484095 29.67594433
 28.75646123 23.76764414 23.47564612 25.77435388 24.74925447 24.61257455
 27.33996024 27.21570577 26.32107356 26.70626243 27.45178926 28.34020875
 27.8804672  29.02982107 29.91824056 25.14065606 24.19010934 24.12798211
 25.14686879 25.56312127 27.80591451 26.64413519 26.0166501  28.83101392
 27.81833996 29.34045726 28.27186879 29.27833002 29.78777336 28.4333996
 24.10934394 24.47589463 25.92345924 25.4140159  27.68787276 26.02907555
 26.4639662  26.42047714 27.69408549 27.4083002  29.8250497  29.90581511
 29.47713718 31.14214712 23.9167495  23.85462227 24.94184891 25.8054175
 25.28354871 26.21545726 27.16600398 27.52012922 26.20303181 27.50149105
 27.44557654 29.8250497  28.64463221 29.12922465 24.2833002  23.61232604
 24.40755467 26.17196819 25.74329026 24.625      27.63195825 26.99826044
 27.14736581 26.91128231 27.93638171 29.96794235 28.53280318 30.82529821
 31.06138171 22.77360835]",60383.783807643755
2025-06-15 10:09:00+00:00,609,5795.68,9.0,27.039508259601924,27.003479125248504,31.403081510934392,"[22.86058648 24.05964215 25.55069583 25.48235586 26.15954274 27.21570577
 27.13494036 26.51366799 29.35909543 27.93638171 29.90581511 29.25969185
 29.05467197 24.98533797 24.79895626 25.62524851 25.14686879 26.11605368
 25.08474155 27.21570577 26.67519881 26.73732604 28.65084493 27.71893638
 30.64512922 30.18538767 30.70104374 24.01615308 25.12823062 25.05367793
 24.45104374 25.02882704 24.95427435 27.42072565 28.37127237 26.64413519
 27.52012922 29.94309145 28.1165507  28.98633201 29.81883698 23.25198807
 24.50074553 24.74925447 26.19681909 25.38295229 27.19706759 26.02286282
 29.1167992  27.72514911 30.00521869 29.18513917 28.84965209 29.99900596
 28.28429423 30.93091451 23.9416004  26.39562624 23.4445825  26.05392644
 24.97291252 27.20328032 27.1722167  26.54473161 27.76242545 28.18489066
 28.94284294 29.30939364 27.76242545 27.66302187 25.83026839 23.9167495
 25.37052684 24.00372763 25.49478131 24.64363817 27.72514911 27.43315109
 27.21570577 28.61978131 29.80019881 28.32157058 30.11083499 29.15407555
 22.96620278 24.46968191 25.37673956 27.92395626 25.17793241 26.92992048
 25.64388668 26.41426441 29.30318091 26.60064612 27.86804175 28.694334
 29.41500994 29.65730616 29.38394632 24.57529821 24.06585487 24.52559642
 25.83026839 26.43290258 26.18439364 28.01093439 28.05442346 28.39612326
 28.40854871 28.86207753 28.61978131 30.34691849 28.81858847 24.68712724
 22.18961233 25.14686879 25.27112326 24.22117296 26.81809145 27.63195825
 26.60064612 28.30914513 27.89910537 28.15382704 30.47738569 29.31560636
 29.6138171  22.00323062 23.20849901 25.32082505 26.88643141 24.78031809
 27.22191849 26.71868787 27.45178926 27.75621272 28.86207753 28.28429423
 29.17892644 29.89338966 27.76863817 22.64314115 25.32703777 26.17818091
 23.69930417 26.07256461 25.77435388 26.56336978 29.09816103 26.38941352
 28.30293241 28.89314115 27.14115308 30.1916004  28.694334   29.51441352
 23.90432406 24.60014911 23.51913519 25.89239563 26.04771372 25.96694831
 27.95501988 27.81212724 28.13518887 25.85511928 29.21620278 28.29050696
 28.01714712 27.94259443 24.67470179 24.68091451 24.85487078 26.10362823
 26.41426441 25.00397614 26.31486083 28.78752485 27.13494036 28.23459245
 28.71918489 29.83126243 28.7750994  28.95526839 24.02857853 24.97291252
 24.94806163 24.89214712 25.4388668  26.3583499  26.73111332 27.14736581
 27.07902584 28.17246521 28.63220676 28.694334   30.875      31.40308151
 30.44632207 25.50099404]",60352.97883332419
2025-06-15 10:10:00+00:00,610,5814.780000000001,9.0,27.09743477918786,27.0628106361829,32.1734592445328,"[24.35164016 25.68116302 25.6500994  25.21520875 25.92967197 27.15979125
 27.09766402 27.19706759 28.11033797 28.92420477 29.33424453 29.36530815
 32.17345924 24.53180915 23.40730616 25.569334   25.87997018 26.73732604
 26.07256461 28.29050696 28.50795229 28.72539761 27.45178926 29.88717694
 29.21620278 29.35909543 32.1610338  24.152833   25.81163022 25.12823062
 26.53851889 24.9915507  26.43911531 26.94855865 27.60710736 27.76242545
 26.97340954 27.47664016 29.25969185 31.23533797 28.92420477 24.71819085
 26.9609841  24.61878728 24.26466203 26.5695825  25.85511928 26.90506958
 27.73136183 27.40208748 26.87400596 29.57032803 26.95477137 27.82455268
 31.0862326  29.56411531 23.60611332 25.43265408 25.76192843 25.60661034
 25.58797217 25.71843936 26.81187873 28.17246521 27.93016899 28.42097416
 29.22862823 28.24701789 31.62052684 30.30964215 23.45079523 25.60039761
 26.79945328 25.42022863 25.25248509 26.29622266 26.28379722 28.87450298
 26.3583499  27.10387674 27.06038767 27.48285288 30.00521869 30.22887674
 24.54423459 24.02857853 23.05318091 24.88593439 26.32107356 26.98583499
 26.33971173 25.17171968 26.77460239 28.31535785 29.60139165 29.4833499
 27.97365805 31.16699801 29.58275348 24.4945328  24.43861829 25.3332505
 25.49478131 25.61903579 26.98583499 25.78677932 26.37698807 29.33424453
 26.63170974 26.43290258 31.71993042 27.07902584 30.03006958 23.4694334
 23.89189861 25.58797217 25.95452286 24.64985089 26.23409543 27.87425447
 29.60139165 25.87997018 26.805666   29.40879722 27.49527833 30.04249503
 29.94930417 23.28926441 25.50720676 23.32032803 24.2584493  24.74925447
 25.097167   27.3026839  26.71247515 27.37102386 29.41500994 29.21620278
 29.2721173  28.27808151 28.43961233 24.1776839  25.74950298 24.03479125
 26.05392644 27.27162028 25.60039761 26.76838966 26.76217694 28.33399602
 27.17842942 28.68812127 26.95477137 29.25969185 29.80019881 29.80019881
 23.20228628 24.81759443 24.33921471 26.92992048 26.7249006  25.37673956
 26.92992048 29.17892644 26.7249006  27.61332008 29.47092445 28.78131213
 30.00521869 29.75670974 23.55641153 25.47614314 25.34567594 24.77410537
 26.29622266 25.9917992  26.38941352 27.19085487 26.78081511 26.98583499
 29.99279324 28.97390656 29.84368787 30.37798211 25.4140159  24.33300199
 24.97912525 24.78031809 25.35810139 25.90482107 25.69980119 25.97316103
 27.94259443 29.02982107 28.99875746 28.53280318 29.89338966 31.27261431
 29.88717694 24.43240557]",60546.7777972509
2025-06-15 10:11:00+00:00,611,5776.93,9.0,26.98729721104207,26.945234840954278,31.291252485089462,"[24.33300199 25.07852883 26.52609344 25.53205765 24.89214712 27.15979125
 26.31486083 27.99229622 28.96148111 28.222167   29.29696819 29.98036779
 30.50223658 26.38941352 23.35139165 24.37649105 27.37102386 25.01640159
 26.5695825  26.81187873 26.51366799 25.23384692 28.53280318 28.57629225
 30.65134195 28.86207753 28.67569583 24.26466203 25.42022863 25.63146123
 26.28379722 26.1471173  26.08499006 27.13494036 27.63817097 27.66923459
 27.97365805 28.24701789 28.40854871 30.13568588 31.29125249 24.55666004
 23.75521869 26.01043738 25.38916501 25.94831014 25.15929423 27.66923459
 27.11008946 27.04796223 27.60710736 26.74353877 28.34642147 30.50223658
 29.34666998 28.98633201 24.22738569 24.00994036 23.84840954 24.95427435
 26.97340954 28.44582505 25.63767396 28.27808151 27.68787276 29.04845924
 28.46446322 30.36555666 30.2972167  29.6945825  24.23981113 25.90482107
 23.63096421 25.75571571 25.50099404 27.1722167  25.50099404 27.9612326
 26.74975149 28.91177932 27.76242545 29.73185885 28.31535785 29.77534791
 24.60014911 24.30193837 25.63767396 25.05989066 25.56312127 26.805666
 26.43290258 25.35188867 27.91153082 26.5695825  27.46421471 28.86829026
 27.52012922 30.6389165  29.15407555 24.32678926 25.78677932 23.8359841
 24.80516899 26.04771372 26.13469185 25.63767396 29.65109344 28.88692843
 26.20924453 28.75646123 29.74428429 30.20402584 29.49577535 23.35139165
 24.90457256 24.2584493  26.21545726 25.4388668  27.53255467 26.19060636
 27.93638171 27.23434394 28.27186879 28.04199801 29.71322068 29.62624254
 29.34666998 22.58101392 25.83026839 24.59393638 26.36456262 25.5444831
 25.74329026 27.24055666 26.90506958 27.69408549 28.01714712 28.58871769
 30.48359841 28.45203777 29.91202783 23.31411531 23.56883698 26.55094433
 24.79274354 24.10934394 25.96694831 28.09791252 25.22763419 27.60089463
 28.32157058 27.56983101 28.91799205 29.50198807 28.55144135 29.91202783
 23.3638171  25.6749503  24.07206759 25.04125249 24.70576541 26.44532803
 26.28379722 26.99204771 25.82405567 28.40233598 28.91799205 29.02360835
 27.89289264 29.16650099 21.68638171 23.71794235 24.76167992 23.91053678
 27.02311133 24.50695825 26.38941352 26.33971173 28.05442346 28.48310139
 29.0111829  28.35263419 29.73807157 29.07331014 24.60636183 24.53802187
 24.99776342 24.23981113 26.0166501  25.96073559 26.34592445 27.63817097
 27.3026839  27.65680915 28.81858847 28.29671968 29.50198807 27.67544732
 29.70700795 26.38941352]",60178.30154926233
2025-06-15 10:12:00+00:00,612,5804.150000000001,9.0,27.069181882333943,27.029790009940353,31.90631212723658,"[24.65606362 25.18414513 24.71819085 26.30864811 27.94880716 27.76863817
 27.69408549 26.20924453 26.76838966 28.1165507  29.09194831 29.78156064
 31.48384692 23.69930417 23.64960239 26.66898608 25.15308151 25.29597416
 24.80516899 27.17842942 27.0666004  27.15979125 27.72514911 28.43961233
 29.81262425 27.42693837 30.48359841 24.32057654 23.43215706 26.13469185
 26.7000497  24.37649105 26.65034791 25.3332505  27.75621272 28.60735586
 29.40879722 27.38966203 29.42743539 27.65059642 30.45253479 25.11580517
 23.73036779 24.8362326  26.55094433 25.70601392 26.74975149 26.02907555
 27.35238569 26.78702783 29.34045726 27.48906561 28.80616302 29.2721173
 29.52062624 29.9555169  23.92917495 24.19010934 24.61878728 24.20874751
 27.28404573 26.86158052 26.99826044 26.17196819 26.5695825  28.36505964
 26.22166998 27.86182903 31.90631213 30.62649105 22.84194831 24.60636183
 25.00397614 25.3332505  25.76814115 25.56312127 26.82430417 27.94259443
 27.93016899 28.78752485 27.8556163  27.73757455 30.32206759 30.57678926
 23.60611332 24.30193837 25.24005964 26.81187873 24.93563618 26.12847913
 26.90506958 25.97937376 28.73161034 28.99875746 29.22862823 27.58225646
 29.55168986 30.34691849 30.96819085 23.41973161 26.10362823 26.07877734
 25.36431412 25.81163022 26.79945328 26.10362823 26.39562624 27.3026839
 27.41451292 28.25323062 29.66351889 30.62649105 29.2721173  24.58151093
 24.74304175 25.6749503  26.78702783 24.66848907 26.08499006 27.37723658
 28.20352883 27.9860835  28.29671968 28.18489066 29.05467197 31.07380716
 28.91799205 23.86083499 25.569334   25.40159046 25.87997018 25.83026839
 26.89885686 27.75621272 26.81809145 26.82430417 28.65705765 28.34642147
 26.73732604 28.1165507  30.36555666 24.07828032 23.18364811 23.56262425
 25.76814115 25.6749503  26.7000497  24.50695825 26.40183897 26.66898608
 27.83076541 28.53280318 28.54522863 30.34070577 30.90606362 29.60760437
 24.39512922 24.76167992 23.43836978 27.36481113 25.42644135 27.24676938
 27.53255467 27.5139165  26.51988072 27.20328032 27.97365805 29.45849901
 30.07977137 29.88096421 24.10934394 23.96645129 24.4137674  27.89910537
 26.02286282 27.58225646 26.63792247 25.83026839 28.40854871 28.35884692
 28.12897614 30.25994036 30.62027833 31.347167   26.20303181 23.39488072
 25.38916501 24.56908549 25.6500994  25.83026839 26.69383698 27.00447316
 27.6195328  26.65656064 27.37102386 28.85586481 28.45203777 30.09219682
 30.57057654 22.2082505 ]",60452.25490553645
2025-06-15 10:13:00+00:00,613,5824.1,9.0,27.129610259439353,27.09176192842942,32.44681908548708,"[24.34542744 26.55094433 24.79895626 26.3832008  26.15954274 27.88667992
 28.97390656 28.55765408 28.29671968 28.00472167 31.15457256 29.11058648
 28.98633201 25.62524851 26.34592445 25.66252485 24.64985089 26.79324056
 27.19706759 26.76217694 26.97340954 27.14115308 28.20352883 30.11704771
 29.36530815 29.09194831 30.0611332  22.28280318 25.3332505  23.92917495
 24.55666004 25.71843936 26.92370775 26.89264414 27.97365805 27.34617296
 27.37723658 29.06709742 28.91799205 27.84940358 29.19135189 24.40134195
 24.64363817 25.17171968 24.46346918 26.84294235 25.22142147 26.97340954
 28.0916998  29.06088469 26.56336978 28.33399602 29.96172962 29.44607356
 31.16078529 29.3777336  23.62475149 22.77360835 24.46968191 25.33946322
 24.65606362 25.097167   25.68116302 28.04199801 29.0111829  29.44607356
 28.71918489 28.93663022 27.93638171 30.23508946 23.22713718 25.86133201
 25.70601392 23.73036779 25.6500994  25.63146123 26.15954274 28.30293241
 26.43290258 27.81833996 28.3277833  28.23459245 27.97365805 28.4333996
 23.87326044 25.84269384 27.33374751 25.53205765 26.00422465 26.79324056
 26.8305169  27.27162028 28.19110338 27.76863817 28.30293241 27.89910537
 30.06734592 28.57629225 30.38419483 24.01615308 23.06560636 26.44532803
 27.47664016 26.86779324 24.28951292 28.04199801 26.81187873 27.37723658
 28.1165507  29.68215706 29.07331014 29.75670974 30.62027833 24.48210736
 25.46993042 24.39512922 25.05989066 25.00397614 25.89239563 28.37748509
 26.9609841  27.65059642 29.21620278 30.14189861 28.4582505  29.83126243
 32.44681909 24.27708748 22.84816103 24.39512922 26.89885686 26.86779324
 25.30218688 26.47639165 26.88021869 29.16028827 27.9612326  27.97987078
 30.36555666 28.41476143 29.60139165 24.27087475 25.34567594 24.43861829
 28.20974155 26.2278827  26.1471173  25.6749503  26.86779324 25.2027833
 27.16600398 28.37127237 27.37102386 29.3528827  31.74478131 29.25347913
 24.19010934 26.10984095 26.40805169 24.72440358 25.05989066 26.91128231
 26.1471173  27.94259443 26.78081511 28.44582505 29.11058648 30.02385686
 29.67594433 30.25372763 25.63767396 23.51292247 22.92271372 26.19681909
 25.73086481 27.24676938 26.78081511 27.68787276 28.25944334 27.91774354
 28.20974155 29.07952286 29.34666998 29.73185885 23.61853877 25.27733598
 25.52584493 24.86729622 25.18414513 25.63146123 27.01689861 27.24055666
 26.60064612 29.5082008  26.89885686 28.44582505 29.63245527 29.15407555
 29.06709742 24.13419483]",60654.42408398031
2025-06-15 10:14:00+00:00,614,5846.65,9.0,27.19770911444217,27.161810387673953,31.6081013916501,"[25.14065606 25.15929423 26.30864811 26.86158052 28.06063618 27.20328032
 25.94831014 29.36530815 29.24105368 29.76292247 28.33399602 29.79398608
 30.84393638 23.46322068 23.680666   23.51292247 25.96694831 25.12201789
 25.97316103 28.14140159 27.60089463 27.67544732 28.0916998  28.16625249
 30.21023857 30.46496024 29.5889662  25.4388668  25.27733598 24.4137674
 26.4888171  25.74950298 27.6195328  26.14090457 27.19085487 28.84343936
 28.38991054 28.16625249 28.7999503  30.73832008 31.45899602 22.32007952
 24.95427435 24.64985089 25.24627237 24.4945328  24.45725646 26.99826044
 27.08523857 26.98583499 28.7750994  28.46446322 29.19756461 29.38394632
 29.44607356 29.63866799 24.50695825 22.97241551 25.55069583 24.94184891
 24.58151093 26.42668986 27.42072565 26.17818091 28.3277833  26.74975149
 30.10462227 30.52087475 28.73782306 31.25397614 24.66848907 23.52534791
 25.0723161  26.28379722 24.54423459 27.82455268 27.81212724 27.14115308
 27.40208748 27.94259443 30.84393638 29.29075547 29.79398608 28.65705765
 23.41973161 25.05367793 24.86729622 25.98558648 24.81759443 27.60089463
 26.43911531 26.0166501  26.45154076 30.05492048 28.7750994  28.36505964
 29.89338966 28.71297217 31.37201789 22.82331014 25.02261431 24.56287276
 26.32728628 26.5695825  27.28404573 26.37698807 27.83697813 29.11058648
 28.26565606 29.68215706 29.64488072 29.19756461 30.89363817 24.00372763
 23.3638171  25.5444831  23.77385686 24.04100398 25.93588469 25.43265408
 26.88643141 27.3026839  27.75       28.47067594 29.04224652 30.39040755
 30.40904573 24.33300199 25.66873757 25.94209742 26.2278827  26.24030815
 26.86158052 27.95501988 27.22813121 28.24080517 28.61978131 27.12872763
 28.17246521 29.99279324 27.81212724 26.15333002 24.89835984 26.52609344
 25.03503976 27.12251491 23.99751491 24.45725646 27.07281312 28.67569583
 26.62549702 27.94880716 29.38394632 27.68787276 30.402833   30.94333996
 23.14637177 24.7554672  25.31461233 25.4140159  25.89239563 26.02286282
 26.51366799 27.63195825 28.28429423 28.36505964 27.65680915 28.94905567
 30.61406561 31.46520875 24.66848907 24.16525845 27.44557654 24.96048708
 27.09145129 25.86754473 28.60114314 27.88667992 27.19706759 27.9860835
 29.88096421 27.56983101 30.44010934 31.60810139 25.71843936 21.99701789
 24.33921471 26.00422465 27.15357853 26.11605368 25.24005964 27.22813121
 26.89885686 27.80591451 29.3528827  28.83722664 28.70054672 29.45849901
 30.58300199 24.8362326 ]",60882.25561327772
2025-06-15 10:15:00+00:00,615,5876.91,9.0,27.288558251277948,27.25580889662028,31.819333996023854,"[25.74329026 25.83026839 26.9609841  25.70601392 26.45775348 28.47688867
 27.54498012 27.12872763 28.14140159 29.24105368 29.71322068 30.83772366
 29.89338966 24.36406561 25.17171968 25.3083996  24.81759443 26.52609344
 27.06038767 28.84343936 27.92395626 28.58250497 29.56411531 29.84368787
 28.91799205 29.21620278 31.819334   23.18986083 25.64388668 25.47614314
 23.84219682 27.4083002  27.04796223 26.71247515 28.30293241 28.58871769
 29.73807157 29.09816103 30.04249503 29.40879722 30.85636183 26.18439364
 25.04125249 25.01640159 24.32678926 25.53205765 26.14090457 25.15308151
 27.11008946 26.91749503 28.57629225 29.1416501  28.24701789 29.76913519
 28.57629225 30.28479125 24.94806163 26.09120278 25.99801193 26.21545726
 27.29647117 27.12872763 25.49478131 28.27808151 28.02957256 28.25323062
 28.65705765 28.75024851 29.04224652 31.22912525 23.46322068 25.02261431
 25.61903579 25.89860835 26.1471173  28.04821074 26.54473161 27.44557654
 26.10362823 28.60735586 27.68787276 27.9612326  30.04249503 29.07331014
 25.27112326 25.37673956 24.34542744 26.97340954 25.55690855 26.1471173
 25.98558648 26.55715706 27.19085487 28.78131213 28.65705765 27.97365805
 28.85586481 28.52037773 31.62052684 23.80492048 23.50670974 25.25869781
 25.48235586 26.81187873 25.50720676 26.61928429 26.06013917 26.99204771
 29.02982107 29.39015905 30.81287276 29.07331014 31.76963221 24.69955268
 26.94855865 23.61232604 25.4140159  28.25944334 25.97316103 26.79324056
 27.08523857 27.06038767 30.79423459 29.75670974 29.86232604 28.34020875
 29.25969185 23.21471173 25.22763419 24.97912525 25.19657058 27.42693837
 26.27758449 26.45154076 26.62549702 27.58846918 27.19706759 28.9055666
 29.3528827  30.79423459 30.44632207 22.17718688 24.35164016 27.24055666
 23.86704771 26.26515905 25.9110338  26.73732604 27.1722167  28.38991054
 29.86232604 29.3528827  28.17246521 27.95501988 29.8499006  28.96769384
 25.42022863 23.71172962 25.62524851 25.58797217 26.28379722 28.17246521
 26.71868787 27.33996024 26.94855865 28.04199801 27.84319085 28.31535785
 29.84368787 30.45253479 24.9666998  24.45104374 25.93588469 25.46371769
 25.86754473 25.69980119 26.08499006 25.39537773 26.53851889 27.05417495
 29.94309145 28.00472167 30.62027833 30.58300199 23.30790258 24.97912525
 24.61878728 25.79299205 25.59418489 26.74353877 25.53827038 27.89289264
 28.66327038 26.7000497  29.22241551 29.9555169  29.45228628 30.11704771
 30.85636183 22.97862823]",61186.20048547551
2025-06-15 10:16:00+00:00,616,5856.35,9.0,27.229433050466163,27.19194209741551,32.10511928429423,"[23.22092445 26.45775348 24.31436382 26.36456262 26.24030815 26.48260437
 28.48931412 28.39612326 27.6195328  29.6138171  28.59493042 29.20377734
 29.52683897 23.45700795 23.08424453 24.65606362 25.6749503  26.91128231
 25.53205765 27.38966203 28.11033797 27.01689861 28.3277833  30.26615308
 28.55144135 29.2472664  29.35909543 23.40730616 26.81187873 23.52534791
 23.71794235 24.36406561 27.11630219 27.17842942 26.57579523 26.4888171
 29.26590457 27.58225646 29.62002982 28.694334   31.21048708 24.85487078
 23.79249503 24.80516899 25.58175944 25.29597416 26.32728628 27.73757455
 27.12251491 28.37748509 27.75       30.00521869 28.13518887 29.29696819
 29.16028827 31.13593439 25.15929423 24.44483101 25.68737575 24.69955268
 26.95477137 27.4083002  27.08523857 26.5944334  28.76267396 27.1722167
 29.68836978 29.41500994 31.2415507  32.10511928 22.66177932 24.91078529
 25.10337972 24.81138171 24.80516899 26.69383698 26.33349901 26.84294235
 28.52659046 29.41500994 27.46421471 29.83747515 30.07977137 28.44582505
 24.20874751 23.69930417 26.13469185 26.45154076 27.12251491 25.38295229
 26.65656064 27.84319085 26.3583499  27.50149105 27.70651093 28.67569583
 29.67594433 28.83722664 30.35313121 23.09045726 24.55666004 26.20303181
 26.68762425 26.47639165 25.28354871 27.37102386 26.98583499 27.05417495
 28.34642147 27.9612326  28.47688867 29.55790258 30.12326044 23.35139165
 24.66848907 24.19010934 24.31436382 26.30864811 26.3832008  28.07306163
 28.05442346 27.25919483 31.0054672  27.9612326  30.5333002  28.06684891
 30.32828032 23.73036779 24.85487078 24.48210736 25.20899602 27.30889662
 26.41426441 27.91774354 27.12872763 28.47688867 29.29696819 28.84965209
 28.48931412 31.09244533 30.81287276 25.52584493 24.66848907 24.57529821
 24.60636183 26.55094433 26.30864811 27.37723658 26.58200795 27.70029821
 29.83747515 28.37748509 29.09194831 30.47738569 30.90606362 29.76913519
 25.14686879 26.63170974 26.19060636 25.34567594 24.71819085 25.57554672
 25.78677932 27.73136183 28.06063618 29.75049702 27.12872763 29.47713718
 30.21023857 30.29100398 25.43265408 24.2833002  25.72465209 26.36456262
 26.50124254 26.53230616 26.76217694 25.84890656 27.45178926 28.38991054
 29.5889662  29.37152087 30.11083499 28.74403579 25.12823062 25.14065606
 24.2584493  27.22813121 26.91128231 26.85536779 26.15333002 27.94259443
 27.22191849 28.40233598 27.75621272 26.64413519 30.02385686 29.7194334
 29.45849901 25.29597416]",60988.391213639596
2025-06-15 10:17:00+00:00,617,5820.5599999999995,9.0,27.125361129150484,27.08076540755467,31.931163021868784,"[23.74900596 26.01043738 28.37127237 28.46446322 26.50745527 26.65034791
 27.38966203 29.05467197 29.75049702 27.17842942 30.7693837  28.89935388
 31.63295229 24.61878728 24.46968191 26.43911531 25.86754473 27.02932406
 24.94184891 26.33349901 26.02907555 26.86779324 28.04821074 28.01093439
 29.2472664  29.94309145 29.77534791 25.05989066 24.61878728 24.56287276
 26.17196819 25.52584493 27.63817097 26.10362823 27.86804175 27.65059642
 27.83076541 29.43986083 28.73161034 29.91202783 30.44632207 24.36406561
 24.17147117 23.98508946 24.50695825 25.60039761 25.93588469 26.11605368
 27.15357853 27.42072565 27.43315109 28.34020875 29.1167992  30.18538767
 31.28503976 29.63245527 25.27733598 24.05964215 26.06635189 26.10984095
 25.36431412 25.34567594 27.58846918 26.19060636 27.75621272 27.5387674
 28.34642147 29.80019881 29.73807157 29.76292247 25.15308151 24.20253479
 24.27087475 26.2527336  26.33971173 26.37077535 27.67544732 27.54498012
 27.97365805 26.31486083 28.3277833  28.38991054 30.11083499 30.22266402
 25.2027833  24.72440358 24.60636183 25.13444334 26.41426441 27.22191849
 26.79324056 26.07256461 28.53280318 28.84343936 27.60710736 30.11704771
 28.65705765 31.16699801 30.45874751 25.47614314 25.47614314 25.90482107
 24.42619284 26.3583499  25.69358847 26.84915507 27.65680915 26.7249006
 28.17246521 27.61332008 30.09840954 27.75       28.92420477 24.36406561
 24.21496024 25.12823062 24.77410537 25.35188867 26.30864811 25.32082505
 26.55094433 28.70054672 27.63195825 27.06038767 29.13543738 29.09194831
 30.64512922 23.49428429 24.52559642 25.6749503  23.87947316 25.12201789
 25.35188867 26.73732604 26.78702783 26.78702783 27.3026839  27.6195328
 29.85611332 27.81833996 30.40904573 24.64985089 23.4445825  24.13419483
 26.70626243 24.60014911 24.80516899 26.73732604 26.78702783 26.57579523
 26.75596421 27.47664016 29.47092445 30.15432406 29.19135189 31.93116302
 23.55641153 24.17147117 23.66202783 28.04821074 25.24627237 27.66302187
 26.40183897 27.19706759 27.9860835  27.5139165  28.1973161  30.73832008
 30.19781312 29.71322068 24.54423459 23.87326044 24.59393638 27.37102386
 24.11555666 25.6749503  27.95501988 26.9361332  27.72514911 28.68190855
 27.47664016 29.99279324 29.42122266 29.56411531 23.76764414 24.07828032
 23.73658052 26.85536779 25.58797217 27.03553678 26.13469185 27.1722167
 26.88643141 28.16625249 28.81858847 29.8499006  30.58921471 29.96794235
 30.83772366 23.75521869]",60640.20819368586
2025-06-15 10:18:00+00:00,618,5856.7699999999995,9.0,27.233762003127175,27.193246769383695,32.291500994035786,"[26.47639165 24.00372763 24.46346918 27.12251491 27.05417495 28.30293241
 27.04796223 27.3834493  29.07952286 28.34642147 29.66351889 30.06734592
 28.4333996  24.41998012 25.46993042 26.79945328 25.5444831  23.3638171
 27.31510934 27.70029821 27.95501988 30.11704771 27.22813121 27.83076541
 28.63841948 29.16028827 28.81237575 24.57529821 23.91053678 26.57579523
 25.38295229 28.05442346 23.89811133 27.3834493  27.35238569 27.15979125
 27.45178926 29.86232604 27.80591451 28.65705765 31.31610338 22.73011928
 24.51317097 23.4445825  24.85487078 25.04746521 26.11605368 25.51963221
 26.50745527 28.53280318 28.58250497 29.1416501  28.52037773 29.75049702
 30.53951292 28.5638668  25.15929423 24.56908549 25.11580517 25.29597416
 25.8054175  27.48906561 26.32107356 26.51366799 27.31510934 30.90606362
 28.16003976 27.0666004  28.25944334 29.36530815 24.68091451 24.14040755
 25.92967197 24.94806163 25.37673956 26.02286282 28.88071571 28.14761431
 27.57604374 26.66277336 27.89910537 30.51466203 30.01764414 29.21620278
 25.12201789 22.32007952 25.94831014 26.97962227 27.58846918 26.43290258
 27.53255467 27.42693837 26.52609344 29.1167992  30.19781312 28.60735586
 31.17321074 29.94930417 28.27186879 23.82355865 25.9917992  26.11605368
 28.4333996  25.55069583 27.39587475 26.28379722 28.14761431 28.05442346
 27.81212724 28.73782306 30.73832008 29.6138171  31.36580517 24.53180915
 26.29000994 24.60636183 28.38369781 25.02261431 25.09095427 26.73111332
 26.1471173  28.07306163 29.04224652 29.19135189 28.83722664 31.19806163
 31.5583996  24.63121272 25.71843936 24.60636183 26.08499006 25.74950298
 26.40805169 26.53230616 27.26540755 28.65084493 29.02360835 29.32181909
 29.40258449 28.88692843 29.60760437 23.59368787 23.1277336  24.55044732
 22.98484095 24.25223658 27.79970179 26.30864811 25.66873757 27.81833996
 28.58250497 27.15979125 29.9555169  28.28429423 30.27857853 29.58275348
 23.67445328 24.19010934 25.64388668 26.2527336  25.97316103 26.94234592
 27.09145129 27.84319085 26.9609841  27.42072565 27.93016899 29.93687873
 30.40904573 31.45899602 23.73036779 24.39512922 24.55044732 27.35859841
 25.71843936 26.16575547 27.18464215 25.97316103 27.31510934 27.71272366
 28.85586481 29.24105368 28.71297217 29.89338966 24.05342942 23.15879722
 25.58797217 26.35213718 26.16575547 25.05367793 27.46421471 26.09120278
 27.49527833 28.38991054 28.48931412 28.9055666  29.11058648 31.26640159
 32.29150099 25.53205765]",61002.87415766228
2025-06-15 10:19:00+00:00,619,5879.120000000001,9.0,27.301259027700546,27.262673956262425,31.918737574552683,"[24.60636183 26.51988072 25.73707753 25.62524851 26.38941352 26.28379722
 28.63220676 28.35884692 27.95501988 27.8556163  29.53305169 29.78156064
 31.91873757 25.58175944 23.82355865 26.81187873 24.78653082 26.10362823
 27.65680915 27.06038767 27.71893638 27.86804175 25.85511928 29.33424453
 29.45849901 30.28479125 29.94309145 25.19035785 24.02857853 24.67470179
 26.22166998 23.81734592 26.15333002 27.45800199 26.74975149 26.43911531
 29.06709742 28.83101392 27.66923459 30.68240557 30.44010934 23.73036779
 23.5999006  25.06610338 25.29597416 26.26515905 25.03503976 28.12276342
 28.42718688 27.25919483 27.84319085 28.694334   30.19781312 30.28479125
 30.24751491 28.91177932 23.76764414 25.99801193 25.25869781 26.36456262
 26.27758449 26.49502982 26.43290258 25.86754473 26.14090457 28.00472167
 28.52659046 30.03628231 29.38394632 29.88096421 23.68687873 24.92942346
 24.23359841 25.83026839 26.20924453 27.12251491 27.62574553 28.38369781
 29.09816103 26.21545726 27.74378728 29.70079523 29.77534791 29.86853877
 22.03429423 24.60636183 24.70576541 27.25298211 26.89264414 26.66898608
 25.10959245 28.24701789 25.86754473 28.61978131 27.5139165  30.00521869
 29.17271372 30.34691849 29.88717694 25.36431412 25.99801193 24.60636183
 26.70626243 27.37102386 27.77485089 27.20949304 27.0666004  28.38369781
 28.16003976 29.04224652 30.22887674 30.33449304 29.42743539 25.01018887
 24.63121272 24.34542744 25.9110338  26.37698807 25.81784294 27.60089463
 28.5638668  27.43315109 28.28429423 30.04249503 29.40879722 28.86207753
 30.65755467 24.55666004 24.48832008 24.92942346 25.9917992  26.1222664
 25.42644135 27.32132207 27.71893638 27.66923459 29.04224652 28.10412525
 28.44582505 29.01739563 30.16053678 22.92892644 24.13419483 25.63767396
 25.63767396 25.45750497 26.61928429 26.94234592 28.83722664 28.0916998
 28.20974155 27.69408549 28.42718688 28.78131213 30.47117296 29.68215706
 24.53802187 25.63146123 26.07877734 25.57554672 26.22166998 26.71247515
 26.73732604 27.0417495  29.12301193 29.10437376 29.1167992  28.40854871
 30.42147117 30.61406561 25.84269384 24.27087475 25.61282306 27.20328032
 27.78106362 26.19681909 25.94831014 25.94831014 27.63195825 28.58871769
 29.01739563 28.07306163 29.64488072 30.21645129 24.02236581 25.02882704
 26.40805169 25.79920477 23.79870775 26.94855865 26.1222664  26.95477137
 29.81883698 27.37723658 27.86804175 28.79373757 30.35934394 30.70104374
 30.71968191 23.66824056]",61228.692203074956
2025-06-15 10:20:00+00:00,620,5877.85,9.0,27.29904998664971,27.25872887673956,32.90034791252485,"[24.4137674  24.81138171 25.22142147 27.23434394 25.28976143 28.40233598
 27.35238569 27.86182903 29.16028827 28.06063618 29.00497018 29.51441352
 31.72614314 24.45725646 25.19035785 23.41973161 25.93588469 26.1222664
 25.71222664 27.6443837  28.0916998  28.98011928 29.76913519 26.74975149
 30.09219682 30.35934394 29.86232604 24.72440358 25.3332505  26.47639165
 26.30864811 25.63767396 28.66327038 27.25919483 28.47688867 28.59493042
 27.09766402 29.26590457 29.23484095 28.46446322 30.18538767 24.10313121
 24.74304175 23.75521869 25.0723161  23.64338966 25.87375746 26.07256461
 27.68787276 26.9361332  28.0916998  27.56361829 27.44557654 29.83126243
 30.14189861 28.96148111 24.1776839  24.43861829 23.59368787 27.17842942
 25.84269384 27.58846918 27.43315109 26.57579523 30.27236581 29.55168986
 29.50198807 29.64488072 29.35909543 31.70750497 26.42047714 25.02261431
 26.39562624 24.32678926 24.68091451 25.15929423 27.00447316 28.22837972
 28.84343936 29.3777336  28.52037773 28.82480119 29.66351889 30.89363817
 26.36456262 23.75521869 26.08499006 24.97291252 25.6500994  26.55715706
 28.38369781 27.11008946 27.6195328  28.37748509 29.36530815 28.71918489
 28.222167   29.88717694 29.0360338  23.72415507 25.27733598 26.09741551
 25.10959245 24.152833   28.09791252 27.33996024 27.55119284 27.60710736
 28.37127237 29.41500994 29.73185885 30.57678926 29.55168986 24.38270378
 24.73682903 24.8610835  25.92967197 26.34592445 25.68116302 26.53230616
 27.22191849 28.11033797 29.10437376 28.44582505 28.93663022 30.21023857
 29.6945825  24.05342942 25.83648111 25.64388668 25.97937376 26.15954274
 26.88643141 27.87425447 27.12872763 28.91799205 28.05442346 29.11058648
 28.47067594 29.8499006  28.4582505  23.69309145 23.18986083 25.63767396
 25.13444334 26.06635189 25.84269384 26.03528827 25.79920477 28.87450298
 26.24030815 28.76267396 29.91824056 30.7693837  31.25397614 30.04249503
 24.23359841 25.05367793 25.48856859 24.56287276 26.96719682 26.36456262
 27.15979125 27.91774354 28.58871769 28.29671968 28.52659046 29.65730616
 29.17892644 30.7693837  24.60014911 24.91699801 24.5193837  23.81734592
 27.19085487 26.47639165 26.50124254 25.43265408 28.93663022 27.01689861
 28.34020875 29.1416501  28.9055666  30.22887674 23.86083499 26.26515905
 24.48832008 25.86754473 24.55666004 27.15357853 25.60039761 26.74353877
 27.24676938 27.3834493  28.61978131 29.18513917 30.03628231 29.20999006
 32.90034791 24.93563618]",61221.301635335265
2025-06-15 10:21:00+00:00,621,5866.63,9.0,27.26747561857106,27.22387549701789,31.6081013916501,"[25.01640159 24.14040755 27.86804175 27.0417495  26.08499006 27.35238569
 27.20328032 28.12276342 26.61307157 29.41500994 27.78106362 29.1167992
 29.11058648 24.76167992 25.24005964 25.49478131 27.19706759 25.46371769
 26.89264414 27.22191849 28.5390159  28.02957256 26.33971173 29.43364811
 31.52112326 30.88121272 31.25397614 24.41998012 24.76167992 24.625
 25.46993042 27.26540755 27.01689861 27.9860835  26.29000994 29.28454274
 27.93638171 29.93687873 29.930666   28.63841948 28.86207753 23.25198807
 25.65631213 25.18414513 23.85462227 28.35884692 27.20949304 25.45129225
 28.60114314 26.96719682 26.69383698 28.67569583 29.83747515 30.30342942
 27.78727634 30.49602386 26.45775348 24.8362326  26.91128231 25.56312127
 26.73111332 27.60710736 27.59468191 29.12922465 27.52012922 28.41476143
 28.29050696 29.74428429 28.76267396 29.86853877 25.77435388 24.625
 26.0166501  26.20303181 26.42047714 26.33971173 27.08523857 27.78106362
 26.07256461 26.92992048 27.9612326  28.34642147 29.45849901 29.06088469
 25.18414513 25.26491054 24.09070577 25.10959245 25.89860835 26.39562624
 26.94234592 26.95477137 27.99229622 27.47042744 28.32157058 27.28404573
 30.32206759 30.65755467 30.67619284 23.76764414 24.95427435 25.77435388
 26.42668986 25.75571571 28.08548708 27.35859841 29.13543738 28.5638668
 27.5387674  30.6389165  29.19135189 29.70700795 30.55815109 24.25223658
 23.45700795 24.22738569 24.13419483 26.83672962 26.20924453 27.37723658
 27.91153082 27.06038767 27.94880716 29.20999006 27.02932406 29.0360338
 30.32206759 24.32678926 24.01615308 25.72465209 25.91724652 24.93563618
 25.91724652 27.33996024 26.14090457 26.63792247 28.02957256 28.55765408
 29.81883698 29.44607356 31.60810139 25.24005964 24.2584493  24.03479125
 24.93563618 25.07852883 26.22166998 27.67544732 27.19706759 27.41451292
 28.02335984 27.1722167  29.53926441 27.67544732 31.23533797 30.12326044
 24.50695825 25.569334   26.36456262 25.30218688 26.48260437 26.66277336
 27.11630219 26.88021869 25.52584493 28.78752485 27.38966203 30.90606362
 29.30318091 29.34045726 23.48807157 25.71843936 25.40780318 24.82380716
 25.46371769 27.37102386 28.16003976 28.27808151 27.94880716 27.37102386
 30.05492048 28.84343936 30.06734592 30.55815109 24.45104374 23.92917495
 23.28926441 24.39512922 23.76143141 25.2027833  28.20352883 26.99204771
 26.42047714 28.58250497 27.35238569 27.90531809 29.00497018 29.89338966
 30.63270378 26.39562624]",61115.666429491335
2025-06-15 10:22:00+00:00,622,5967.97,9.0,27.568068262505104,27.538674204771368,33.49676938369781,"[25.77435388 25.19035785 26.66898608 27.30889662 25.99801193 26.16575547
 26.83672962 28.80616302 27.16600398 29.75049702 30.71968191 30.57678926
 29.75670974 23.7055169  25.53827038 23.89189861 27.0666004  26.36456262
 26.91749503 28.53280318 28.33399602 28.81858847 27.75621272 30.24751491
 30.54572565 29.91202783 30.58300199 24.92942346 25.10959245 26.45775348
 24.55044732 27.12251491 26.20924453 27.30889662 29.47713718 28.75024851
 31.23533797 28.39612326 30.0859841  30.62027833 30.14811133 23.2333499
 22.89786282 27.6195328  24.8362326  27.50149105 25.91724652 25.19657058
 27.60089463 27.50149105 29.30318091 29.2721173  28.16625249 30.6389165
 29.43364811 30.69483101 25.50099404 25.18414513 23.8359841  26.33349901
 26.27758449 27.92395626 28.18489066 27.22191849 28.76267396 26.91749503
 30.38419483 28.73161034 29.41500994 28.44582505 23.2333499  24.98533797
 25.97937376 26.5695825  26.2278827  29.41500994 27.80591451 28.51416501
 26.14090457 29.29075547 29.31560636 28.98011928 29.37152087 31.97465209
 22.85437376 24.66848907 25.8054175  26.76217694 26.73111332 26.53230616
 26.52609344 27.86804175 26.51366799 28.60735586 28.91177932 29.71322068
 30.61406561 29.31560636 31.48384692 25.16550696 27.56361829 22.74254473
 26.14090457 25.64388668 28.09791252 27.33996024 26.51366799 28.45203777
 27.72514911 28.07927435 30.76317097 30.85636183 33.49676938 26.09120278
 24.71197813 25.05367793 24.45725646 24.64363817 27.15979125 28.39612326
 27.26540755 28.04199801 28.07306163 29.00497018 29.76292247 30.59542744
 30.70104374 24.23981113 24.88593439 24.89214712 24.46968191 25.37052684
 27.38966203 26.52609344 27.23434394 27.63817097 28.14140159 28.99254473
 29.49577535 27.09766402 31.30989066 25.32703777 25.03503976 24.69955268
 25.4388668  23.47564612 26.19681909 27.44557654 24.78653082 26.97340954
 28.72539761 29.56411531 29.05467197 29.98658052 32.22937376 30.29100398
 24.44483101 25.59418489 25.68116302 25.68737575 26.7249006  28.4582505
 26.96719682 28.84965209 28.222167   28.67569583 29.31560636 29.70079523
 32.38469185 30.28479125 25.57554672 24.9666998  26.66898608 25.05989066
 28.64463221 27.01689861 28.91799205 26.89885686 27.20949304 27.38966203
 28.99254473 30.35934394 29.19756461 29.78777336 24.26466203 23.64338966
 24.5193837  24.10313121 28.31535785 26.89885686 28.35263419 26.29622266
 26.65656064 26.73732604 29.42743539 30.94333996 31.0862326  30.50223658
 31.47763419 24.40134195]",62121.32917903708
2025-06-15 10:23:00+00:00,623,5953.540000000001,9.0,27.527016072648745,27.493849403578523,31.769632206759443,"[27.31510934 25.61282306 25.05367793 26.5944334  28.14140159 27.80591451
 29.9555169  26.65656064 28.9055666  29.78156064 29.2472664  30.09840954
 29.98036779 24.81759443 24.70576541 26.97962227 23.8359841  28.74403579
 27.61332008 26.42047714 28.65705765 29.55790258 28.67569583 29.07952286
 30.875      31.35337972 30.0611332  25.26491054 25.3332505  24.71819085
 25.17171968 25.91724652 26.14090457 27.36481113 28.694334   27.32132207
 27.76863817 28.20352883 28.50173956 30.27857853 30.13568588 26.09741551
 23.63717694 27.03553678 26.22166998 25.89239563 25.46371769 26.16575547
 26.45775348 26.86158052 28.61978131 28.31535785 28.06684891 28.73782306
 29.12301193 30.39040755 23.80492048 24.38270378 28.68190855 27.00447316
 26.32728628 28.16625249 28.38369781 28.76888668 28.27808151 29.46471173
 29.90581511 29.42122266 30.30342942 30.68240557 23.9167495  23.92296223
 25.20899602 26.68141153 24.94806163 26.45775348 26.31486083 27.21570577
 27.66302187 27.99229622 28.95526839 28.72539761 29.75049702 30.93091451
 23.47564612 23.29547714 25.08474155 26.65656064 25.6500994  28.37127237
 29.16650099 28.80616302 29.02982107 29.75670974 28.44582505 28.18489066
 29.20377734 29.35909543 30.85636183 25.79920477 25.42022863 25.42022863
 26.75596421 25.53205765 27.01068588 26.37698807 27.47042744 28.97390656
 29.17271372 29.17892644 30.6637674  31.37823062 29.41500994 25.19657058
 24.19632207 24.71197813 26.10362823 26.47017893 27.24676938 29.00497018
 26.7000497  28.91177932 29.43986083 28.64463221 29.50198807 30.24130219
 31.60810139 24.02236581 26.23409543 25.79920477 25.04125249 25.53827038
 27.14115308 27.65680915 28.40854871 26.66277336 28.7999503  28.71297217
 28.09791252 29.35909543 30.75074553 25.01640159 25.3332505  25.50099404
 24.68091451 25.23384692 25.29597416 25.71843936 27.12251491 27.74378728
 28.15382704 28.49552684 29.38394632 29.2721173  28.98011928 31.76963221
 24.60636183 23.99130219 25.76814115 25.01640159 27.72514911 26.81187873
 27.52634195 27.32753479 28.09791252 28.32157058 29.68836978 27.63817097
 30.12947316 30.80666004 23.45700795 24.64363817 26.21545726 25.55069583
 26.10984095 26.60064612 28.20352883 26.61928429 26.8305169  29.09816103
 29.11058648 29.57032803 30.75695825 30.1667495  23.05318091 25.7805666
 24.06585487 25.8861829  25.6749503  25.97937376 27.66923459 26.42668986
 27.66923459 26.97340954 27.6443837  28.63841948 30.84393638 30.60164016
 30.51466203 26.45775348]",61983.984972653634
2025-06-15 10:24:00+00:00,624,5940.03,9.0,27.488676313584456,27.451882455268386,32.409542743538765,"[24.54423459 25.52584493 26.83672962 25.95452286 26.2527336  27.30889662
 26.78081511 26.77460239 29.11058648 27.93638171 29.09816103 29.19135189
 30.06734592 24.58772366 25.09095427 24.10313121 26.19060636 26.32107356
 26.18439364 26.91749503 29.08573559 27.37102386 27.71272366 29.4833499
 29.59517893 30.52087475 31.32852883 25.9110338  24.02236581 24.64363817
 25.14686879 25.78677932 25.28354871 28.02335984 26.7249006  26.78081511
 29.72564612 28.21595427 28.50795229 31.347167   30.75695825 23.81734592
 23.99751491 24.42619284 27.25919483 24.7306163  26.63170974 26.86779324
 28.53280318 28.57007952 28.43961233 28.88692843 29.53926441 28.60735586
 30.12326044 31.19184891 25.12201789 23.51913519 24.55666004 25.87375746
 26.85536779 27.76863817 27.61332008 26.55715706 28.34020875 29.73185885
 29.12301193 28.6694831  30.60785288 29.46471173 23.20849901 23.35760437
 26.18439364 25.79920477 27.73757455 26.42047714 28.30914513 26.31486083
 28.0916998  27.86182903 28.50173956 29.52683897 31.1110835  30.5084493
 23.38245527 25.14065606 24.5193837  26.51988072 25.28976143 26.14090457
 27.0666004  26.06013917 27.75       29.75670974 28.74403579 29.91202783
 30.30342942 30.35934394 31.35337972 25.92345924 24.25223658 24.99776342
 26.0166501  28.48310139 26.79945328 28.20974155 27.91774354 27.39587475
 27.03553678 28.1165507  30.04249503 32.40954274 29.81262425 25.02882704
 24.56287276 25.15929423 25.12201789 26.77460239 26.82430417 25.84269384
 27.07902584 27.47042744 30.22887674 27.90531809 29.19135189 30.6637674
 31.54597416 23.99751491 24.12176938 26.79945328 26.08499006 25.57554672
 29.27833002 26.62549702 26.60064612 29.26590457 28.48310139 28.40854871
 31.03653082 27.24676938 30.6637674  26.51988072 25.14686879 24.25223658
 24.23981113 25.34567594 26.56336978 26.53230616 28.37127237 28.30914513
 27.6195328  28.73161034 27.78106362 29.02982107 31.11729622 31.0054672
 26.06013917 25.97316103 26.14090457 24.38270378 26.71247515 28.41476143
 26.85536779 26.94234592 29.94309145 27.87425447 28.93663022 30.77559642
 30.12947316 31.01167992 25.14065606 24.33300199 26.20303181 25.69358847
 25.09095427 27.45800199 29.05467197 27.8804672  29.29696819 28.34642147
 27.6443837  29.44607356 29.30939364 31.45899602 21.87897614 24.152833
 25.61282306 25.99801193 28.9055666  26.84294235 27.92395626 27.19706759
 26.57579523 28.49552684 29.00497018 29.5889662  28.7750994  31.55218688
 30.02385686 24.36406561]",61855.71547472816
2025-06-15 10:25:00+00:00,625,5889.9400000000005,9.0,27.34238481604625,27.296284791252482,31.893886679920474,"[25.52584493 24.99776342 25.73707753 25.46371769 27.70029821 27.36481113
 26.64413519 28.66327038 27.18464215 29.47713718 28.76267396 29.92445328
 31.89388668 23.58126243 24.27708748 25.60039761 26.02286282 24.45725646
 27.01068588 26.65656064 28.43961233 27.81833996 29.40258449 29.22862823
 29.93687873 31.27882704 30.34691849 23.95402584 23.49428429 24.79274354
 26.01043738 25.95452286 25.05989066 27.6443837  26.65656064 27.81833996
 28.62599404 30.02385686 27.91774354 31.44035785 31.36580517 23.02833002
 23.96645129 23.54398608 27.67544732 25.30218688 25.17171968 26.88021869
 26.44532803 28.29050696 29.93687873 27.45178926 28.50795229 28.49552684
 29.68215706 31.52112326 24.74925447 24.69955268 25.6749503  25.06610338
 24.95427435 27.11630219 27.9860835  28.0916998  28.36505964 26.52609344
 29.6138171  27.65059642 31.43414513 31.06138171 23.15258449 24.06585487
 25.51341948 26.02286282 26.71868787 27.70651093 26.44532803 27.92395626
 27.56983101 27.27162028 30.35934394 28.7750994  30.22266402 30.2972167
 23.42594433 24.58151093 25.92967197 25.65631213 26.805666   27.20949304
 27.41451292 29.67594433 26.70626243 27.60089463 29.49577535 30.47738569
 30.13568588 28.91177932 30.15432406 25.097167   24.41998012 25.6749503
 25.55069583 25.60039761 25.22142147 25.6500994  27.56361829 27.42693837
 26.30243539 29.52062624 27.70651093 30.03628231 30.32206759 24.96048708
 25.4140159  25.01018887 26.02286282 27.54498012 26.21545726 24.68712724
 29.0360338  28.28429423 27.58225646 27.66923459 28.04199801 29.31560636
 29.65730616 24.15904573 26.06013917 23.56883698 25.87997018 26.78081511
 26.5944334  28.19110338 27.89910537 28.96148111 29.22862823 28.52659046
 28.18489066 30.32828032 29.02982107 23.47564612 24.31436382 25.01640159
 27.01068588 27.40208748 25.68737575 27.70651093 28.27186879 28.32157058
 27.48285288 29.05467197 28.43961233 28.89935388 29.70700795 29.40879722
 21.69259443 27.12251491 25.77435388 25.57554672 26.47639165 25.61903579
 27.40208748 27.95501988 28.79373757 27.14115308 29.32803181 28.71297217
 29.81262425 31.38444334 24.87972167 25.55069583 25.04746521 25.66252485
 24.68712724 25.40780318 27.10387674 27.48906561 28.4582505  28.86829026
 28.78752485 29.45849901 28.1973161  31.36580517 25.25869781 23.55641153
 26.66898608 28.40854871 24.97291252 25.40780318 27.01068588 28.49552684
 28.43961233 26.74975149 28.71918489 29.74428429 29.42743539 30.53951292
 29.06709742 24.63742545]",61366.28264056433
2025-06-15 10:26:00+00:00,626,5939.860000000001,9.0,27.49122461509119,27.451354373757454,32.01814115308151,"[26.24030815 25.73707753 26.23409543 27.01689861 26.4888171  27.6195328
 27.79348907 28.32157058 27.47042744 30.11083499 28.03578529 30.60164016
 30.7693837  22.99105368 25.12201789 25.77435388 25.29597416 25.01018887
 25.097167   26.05392644 26.53851889 27.0666004  28.87450298 30.53951292
 28.86829026 30.58921471 31.30989066 24.32057654 24.80516899 25.73086481
 25.75571571 25.55690855 25.69980119 27.14115308 26.28379722 27.63817097
 28.50795229 28.04821074 28.31535785 29.6945825  29.30939364 23.89189861
 25.01640159 26.33349901 26.68762425 24.7554672  25.78677932 26.92992048
 26.37698807 27.68787276 29.40258449 30.02385686 30.21645129 27.27162028
 29.34666998 29.96794235 24.14040755 25.17793241 25.72465209 25.06610338
 25.13444334 28.07306163 28.96769384 29.47713718 29.45228628 29.31560636
 29.67594433 30.15432406 29.39015905 30.19781312 23.41351889 24.58151093
 25.097167   26.63792247 24.84865805 27.1722167  26.60685885 26.13469185
 27.37723658 28.64463221 29.47092445 31.5832505  30.62027833 30.69483101
 25.68116302 25.6500994  25.11580517 25.92967197 26.29622266 27.14115308
 25.75571571 27.12251491 28.37127237 28.75646123 28.37748509 29.04845924
 29.32803181 30.17296223 30.03006958 25.3332505  26.2527336  24.15904573
 27.5139165  27.56361829 28.04821074 27.29025845 28.84343936 27.99850895
 29.49577535 29.34045726 30.63270378 30.83151093 29.88096421 23.94781312
 26.55094433 24.91699801 26.37698807 24.87972167 26.57579523 27.1722167
 27.25298211 28.79373757 28.52659046 29.49577535 29.59517893 29.84368787
 32.01814115 24.40755467 24.55044732 25.16550696 25.9917992  26.16575547
 28.70675944 27.33996024 27.30889662 28.34642147 29.76913519 28.14761431
 28.22837972 27.89289264 30.39662028 23.48807157 26.53230616 25.57554672
 23.55641153 25.14065606 27.63817097 28.51416501 27.61332008 28.1973161
 27.75621272 27.24055666 27.92395626 27.86182903 29.25969185 30.65134195
 24.37027833 23.92296223 24.19010934 26.73111332 26.87400596 26.53851889
 27.66302187 27.29025845 28.66327038 28.72539761 28.63841948 28.55765408
 29.52683897 31.94980119 25.4388668  26.55715706 25.48235586 26.43290258
 26.27137177 27.24055666 28.30914513 27.97987078 28.18489066 29.12301193
 29.45228628 27.9612326  28.57629225 29.9555169  25.71843936 25.58175944
 25.75571571 26.24030815 25.69980119 24.8362326  25.79920477 28.32157058
 27.99850895 28.3277833  29.54547714 29.78156064 28.47067594 30.68240557
 30.5084493  24.21496024]",61864.2410722491
2025-06-15 10:27:00+00:00,627,5921.049999999999,9.0,27.43723656143199,27.39292370775348,31.893886679920474,"[23.5750497  24.44483101 24.35785288 25.12823062 26.22166998 26.49502982
 27.9860835  28.5638668  30.88742545 29.67594433 29.78777336 30.94333996
 30.20402584 24.16525845 24.77410537 25.73086481 26.22166998 25.18414513
 26.30864811 25.60039761 26.69383698 28.222167   27.14736581 30.12326044
 30.60164016 29.65109344 31.31610338 25.40780318 23.97887674 25.24005964
 26.15333002 25.71843936 28.78752485 28.76888668 27.35859841 29.50198807
 28.66327038 29.83126243 30.09219682 29.07952286 30.82529821 24.20253479
 23.1028827  24.99776342 26.50745527 25.69358847 26.75596421 26.53851889
 27.56983101 29.17271372 28.14761431 28.1165507  27.0417495  29.49577535
 29.28454274 30.39662028 23.84840954 23.56883698 26.07256461 26.61928429
 26.42047714 26.03528827 26.20924453 26.30243539 29.0360338  28.00472167
 29.0111829  30.68240557 29.26590457 28.99254473 26.0166501  25.51341948
 25.07852883 26.53851889 25.35810139 26.88643141 28.44582505 25.8054175
 28.76267396 27.79348907 28.49552684 29.12922465 28.89935388 30.55815109
 24.69955268 23.62475149 25.56312127 25.66873757 25.93588469 26.25894632
 27.95501988 28.20352883 28.41476143 28.36505964 29.15407555 28.94284294
 29.45228628 31.89388668 29.42122266 25.91724652 25.04746521 25.69358847
 25.76192843 27.09766402 27.74378728 27.31510934 28.01714712 29.68836978
 27.89289264 29.29075547 30.5084493  29.8250497  28.91799205 23.86704771
 24.4137674  24.24602386 24.94184891 27.69408549 25.96073559 28.02957256
 28.70054672 27.47664016 27.05417495 30.73832008 29.05467197 30.71968191
 29.38394632 24.53802187 26.17196819 26.29622266 24.58151093 25.6749503
 26.4888171  26.7000497  27.49527833 27.75       27.9612326  30.27857853
 28.15382704 29.3528827  29.08573559 23.77385686 24.87350895 26.41426441
 26.37698807 25.12823062 27.69408549 25.84269384 26.77460239 28.46446322
 27.75621272 27.9612326  29.11058648 29.86853877 31.19184891 29.06088469
 23.48807157 23.89189861 25.46993042 25.34567594 26.17818091 25.20899602
 27.84319085 27.86804175 28.50173956 30.16053678 29.11058648 30.52087475
 30.78180915 30.65755467 26.19060636 24.36406561 25.29597416 25.48235586
 25.12201789 27.67544732 27.84940358 27.81833996 25.81784294 28.3277833
 28.74403579 29.72564612 29.30939364 30.66998012 25.5444831  25.13444334
 25.15929423 25.38916501 25.00397614 25.7805666  27.277833   28.10412525
 29.1167992  29.25347913 28.58250497 29.23484095 30.39662028 28.29050696
 30.17917495 23.55019881]",61683.61863992688
2025-06-15 10:28:00+00:00,628,5941.549999999999,9.0,27.49925139151705,27.456604125248504,32.3660536779324,"[24.28951292 26.63792247 25.32082505 26.30243539 26.1222664  28.17867793
 27.97987078 29.59517893 29.09194831 28.67569583 29.41500994 31.38444334
 31.64537773 23.97887674 24.41998012 25.53205765 26.22166998 26.45154076
 26.09120278 27.65680915 27.63817097 28.79373757 28.31535785 29.08573559
 29.73807157 28.65084493 30.29100398 25.40159046 25.94209742 23.08424453
 25.63767396 28.55144135 26.29000994 28.55765408 28.55765408 26.76838966
 29.38394632 28.44582505 29.87475149 28.65705765 29.99900596 23.79249503
 24.34542744 26.79324056 25.08474155 25.97937376 27.02932406 25.70601392
 27.68166004 27.15979125 28.37127237 28.48310139 28.15382704 30.01143141
 31.83797217 30.26615308 23.93538767 24.56287276 24.60014911 26.12847913
 27.82455268 28.7999503  28.45203777 28.18489066 26.42668986 28.45203777
 28.83101392 29.62624254 30.49602386 28.45203777 23.50670974 25.61282306
 25.06610338 27.5139165  25.71222664 26.27758449 26.99204771 26.58200795
 27.58846918 28.57007952 27.47664016 28.16625249 29.35909543 30.54572565
 22.94756461 26.43911531 25.96694831 26.3583499  26.97340954 26.79945328
 27.63817097 27.66302187 30.69483101 29.78156064 29.15407555 29.97415507
 28.71918489 29.3777336  30.6637674  26.07256461 24.30193837 25.3332505
 25.52584493 26.02286282 27.49527833 27.37723658 25.23384692 27.38966203
 28.86207753 31.26018887 30.73210736 28.78752485 32.36605368 23.46322068
 24.20874751 23.55019881 25.73707753 26.52609344 27.66302187 26.58822068
 28.39612326 28.16003976 28.44582505 28.83722664 28.51416501 30.47738569
 29.29696819 23.11530815 26.33349901 26.10362823 26.84294235 27.70651093
 26.82430417 26.34592445 27.0417495  28.17246521 28.694334   29.05467197
 28.70675944 30.34070577 30.10462227 24.48832008 24.53802187 26.30243539
 24.35164016 26.76217694 26.47639165 26.74975149 27.75621272 28.44582505
 28.21595427 28.42718688 28.83101392 29.75049702 28.52037773 30.41525845
 23.68687873 24.84865805 26.25894632 26.99826044 25.13444334 28.31535785
 27.42072565 25.40780318 28.0916998  29.55790258 28.4333996  29.70079523
 30.17917495 30.88121272 22.93513917 25.14065606 25.32703777 26.07256461
 27.59468191 27.66923459 26.91749503 26.20924453 27.92395626 28.46446322
 27.58225646 28.83722664 30.01143141 31.65159046 24.58151093 24.88593439
 25.05989066 25.42022863 24.9666998  27.84940358 25.93588469 28.3277833
 28.36505964 27.45178926 29.3528827  30.27857853 29.8499006  27.84940358
 30.2972167  25.3083996 ]",61891.095455459435
2025-06-15 10:29:00+00:00,629,5918.610000000001,9.0,27.433070207153285,27.385344184890656,31.66401590457256,"[24.43240557 26.53851889 24.61257455 28.89314115 27.31510934 26.99826044
 28.17246521 26.78702783 29.92445328 29.25347913 29.99279324 30.83151093
 30.29100398 23.82355865 24.67470179 25.00397614 27.01068588 25.15929423
 25.8861829  27.22191849 26.76217694 28.70675944 28.85586481 29.52062624
 30.99925447 27.68166004 30.30342942 23.66824056 23.27062624 25.62524851
 25.74950298 26.37698807 25.96073559 27.33374751 26.86779324 29.00497018
 28.88692843 28.34020875 29.90581511 29.72564612 31.21048708 25.12823062
 24.56287276 24.83001988 25.76192843 27.72514911 25.60039761 26.96719682
 27.58846918 27.19085487 27.07902584 29.19135189 30.04249503 30.35313121
 30.68861829 29.16650099 23.49428429 24.81138171 23.8111332  24.66848907
 26.16575547 28.0916998  26.55715706 29.13543738 28.37748509 27.75
 30.58921471 28.45203777 28.49552684 30.30964215 24.00372763 23.84219682
 24.2833002  26.7249006  25.63146123 26.76838966 25.42644135 27.33996024
 28.4333996  28.20352883 28.62599404 31.12972167 28.24080517 30.78802187
 23.55641153 24.37027833 25.17793241 24.64985089 26.63792247 26.3583499
 27.67544732 26.99204771 29.40258449 28.27186879 28.36505964 27.6195328
 28.81858847 29.50198807 30.35934394 25.31461233 25.45750497 25.48235586
 26.06635189 26.99826044 26.88021869 28.32157058 25.14686879 27.75621272
 28.71297217 29.71322068 30.6637674  29.30318091 29.25347913 24.35785288
 24.02857853 24.625      26.40183897 26.81187873 26.77460239 27.34617296
 28.35884692 27.84319085 28.48931412 28.63220676 28.31535785 30.73832008
 31.12350895 24.35164016 24.12176938 25.04125249 26.58200795 26.24030815
 26.91749503 27.0417495  28.29671968 26.19060636 29.7194334  27.93638171
 30.05492048 29.4833499  30.04249503 23.07181909 24.23359841 24.87972167
 23.94781312 26.47639165 26.08499006 28.95526839 27.02932406 28.24701789
 27.66302187 29.98036779 27.68787276 30.62027833 31.6640159  30.402833
 24.55044732 23.32654076 26.65656064 25.37052684 27.12251491 27.29025845
 27.97987078 28.11033797 29.16650099 26.73111332 30.83772366 30.73210736
 29.68836978 30.55815109 23.18986083 24.94184891 25.10337972 25.8054175
 27.12251491 26.83672962 27.47042744 28.04199801 28.694334   29.31560636
 29.1167992  28.40233598 28.17246521 30.29100398 24.12798211 25.27112326
 23.28926441 26.66898608 25.84890656 25.89860835 26.81187873 27.66302187
 29.92445328 29.34666998 28.02957256 29.10437376 29.62002982 30.36555666
 30.55815109 24.66848907]",61669.67968505204
2025-06-15 10:30:00+00:00,630,5980.93,9.0,27.618492308508678,27.578932654075544,32.80094433399602,"[24.12798211 26.26515905 25.35188867 25.22142147 27.94880716 27.25298211
 28.96769384 28.29671968 29.19756461 28.47067594 29.96172962 30.83151093
 30.95576541 24.33300199 24.59393638 24.35785288 26.28379722 27.45800199
 26.54473161 27.277833   28.06684891 28.82480119 29.55790258 28.44582505
 30.44010934 29.8499006  32.80094433 24.02236581 25.82405567 24.99776342
 25.96694831 27.16600398 25.02261431 27.63195825 27.65680915 28.87450298
 28.97390656 29.28454274 30.92470179 29.80019881 30.56436382 23.61853877
 25.6500994  25.60661034 27.76863817 26.81187873 26.29622266 26.805666
 27.49527833 28.64463221 28.89314115 28.70675944 28.9304175  27.68787276
 29.88717694 29.74428429 25.94209742 25.58175944 26.02907555 27.56361829
 26.40805169 27.44557654 28.46446322 29.07331014 29.74428429 28.17867793
 27.69408549 28.24080517 29.40879722 29.3528827  26.30243539 23.84219682
 26.10362823 25.34567594 25.86133201 27.20328032 25.92345924 27.84319085
 27.63195825 29.87475149 30.19781312 29.00497018 29.88717694 30.37798211
 24.56908549 23.67445328 25.48235586 26.04771372 26.20924453 26.47639165
 25.19657058 27.12251491 27.78727634 29.33424453 28.37748509 30.44010934
 30.78802187 30.31585487 30.875      23.49428429 25.07852883 25.05367793
 25.50720676 26.20303181 27.48906561 29.52683897 26.1222664  28.47688867
 28.19110338 28.49552684 30.03006958 29.85611332 30.80666004 24.98533797
 25.92967197 25.68116302 25.73086481 25.66873757 25.50720676 27.68166004
 27.67544732 29.60139165 31.54597416 26.3583499  30.52087475 31.65780318
 30.26615308 23.35139165 25.04125249 25.20899602 24.45725646 26.22166998
 27.26540755 26.40805169 26.94234592 28.70054672 29.89960239 29.31560636
 31.28503976 29.30318091 30.43389662 25.51341948 24.86729622 24.48210736
 23.79249503 26.17196819 25.57554672 27.6195328  27.48906561 28.222167
 29.52683897 30.11704771 29.68215706 30.71346918 29.88096421 29.91202783
 24.81138171 25.7805666  25.97316103 26.51366799 26.47639165 25.94209742
 25.68116302 27.11630219 27.48285288 27.76863817 28.4333996  29.65109344
 28.68190855 30.00521869 24.9666998  26.12847913 25.02261431 28.63841948
 25.65631213 26.2527336  26.0166501  27.95501988 28.89935388 27.70029821
 30.67619284 30.62027833 32.12375746 29.72564612 22.95377734 23.63096421
 26.25894632 26.73111332 28.51416501 26.5695825  26.51988072 27.03553678
 26.89885686 29.85611332 26.53851889 29.3777336  28.92420477 31.38444334
 30.68240557 24.50074553]",62290.02786734662
2025-06-15 10:31:00+00:00,631,5969.47,9.0,27.586183670752973,27.543333747514907,32.285288270377734,"[25.11580517 27.87425447 25.83648111 27.02932406 27.30889662 26.1471173
 28.98011928 30.32206759 28.31535785 28.19110338 28.18489066 30.25994036
 31.95601392 24.36406561 25.01018887 27.39587475 24.52559642 26.05392644
 26.63170974 28.37127237 28.12897614 29.30939364 29.1167992  29.76292247
 30.80666004 32.28528827 30.50223658 24.21496024 24.40134195 26.29622266
 26.76217694 24.33921471 26.28379722 27.06038767 27.91774354 28.60735586
 28.1973161  29.3777336  28.7999503  30.09219682 31.347167   25.03503976
 24.2833002  26.05392644 26.97962227 26.79324056 26.44532803 26.22166998
 28.70054672 29.13543738 28.39612326 29.01739563 28.78131213 29.76913519
 29.51441352 30.93712724 24.41998012 23.4445825  25.45129225 27.99850895
 24.91078529 26.49502982 27.3834493  27.60710736 28.18489066 28.99875746
 28.12897614 29.97415507 28.86829026 30.51466203 23.79249503 24.57529821
 24.79274354 25.14686879 26.1471173  25.71843936 25.62524851 28.01714712
 26.96719682 28.76267396 27.61332008 30.65755467 30.01143141 30.81287276
 23.13394632 25.61903579 25.11580517 26.40183897 24.48832008 26.78081511
 26.16575547 27.1722167  29.04845924 29.34666998 27.42072565 29.30318091
 29.85611332 29.67594433 30.44010934 25.35810139 26.09741551 26.65656064
 26.97962227 28.02335984 26.07877734 26.04771372 27.75621272 28.02335984
 29.75049702 30.14189861 29.43986083 30.88121272 29.98036779 25.63146123
 25.15929423 26.71868787 26.03528827 25.43265408 24.8362326  27.19706759
 28.10412525 28.16003976 28.61978131 29.50198807 29.58275348 30.37176938
 30.21645129 24.06585487 25.4388668  24.55666004 26.43290258 25.6500994
 26.09741551 26.16575547 28.65705765 26.64413519 28.24701789 29.33424453
 28.43961233 30.39040755 29.29075547 26.19681909 25.14065606 24.40755467
 24.9666998  27.56983101 26.50124254 27.57604374 27.66923459 26.30243539
 27.97987078 29.09194831 29.35909543 27.99229622 31.39065606 32.09269384
 25.26491054 26.26515905 24.87350895 26.60064612 26.60685885 27.76863817
 28.06684891 27.68166004 28.57629225 29.30939364 29.30318091 31.06759443
 30.00521869 30.5084493  24.8610835  24.09691849 23.96645129 26.53230616
 25.42022863 26.32107356 26.21545726 28.35884692 28.65084493 27.48906561
 28.07306163 28.17867793 29.89338966 29.91824056 25.74950298 26.18439364
 24.80516899 26.22166998 24.79895626 28.4582505  26.84294235 25.79920477
 28.68190855 28.24701789 28.5390159  30.03006958 29.92445328 29.94930417
 30.81287276 24.78031809]",62181.93608887114
2025-06-15 10:32:00+00:00,632,5944.21,9.0,27.513147868511506,27.464867047713714,33.57753479125248,"[26.14090457 24.99776342 25.64388668 27.00447316 26.5695825  27.22813121
 28.02335984 27.56361829 27.74378728 27.37723658 29.10437376 29.21620278
 30.82529821 23.58747515 25.3332505  23.79870775 26.29000994 26.75596421
 27.4083002  26.07877734 28.67569583 28.53280318 28.13518887 29.47713718
 29.65730616 30.25994036 30.37798211 25.6500994  24.152833   27.83697813
 24.82380716 25.99801193 27.56983101 26.49502982 27.50770378 29.52062624
 30.37176938 28.06063618 30.45253479 30.01143141 30.63270378 25.83026839
 23.29547714 26.19681909 25.01640159 25.93588469 26.73111332 25.25248509
 26.7249006  27.63195825 27.89910537 29.64488072 28.9055666  31.04895626
 29.80641153 30.89363817 23.86083499 23.52534791 24.76789264 26.37698807
 25.12201789 27.24055666 28.75024851 26.38941352 27.91153082 30.29100398
 28.63220676 29.52062624 29.98036779 31.39686879 25.39537773 24.14662028
 25.05989066 25.097167   25.55069583 27.37723658 26.51988072 28.41476143
 25.34567594 28.86207753 30.25372763 28.44582505 29.33424453 31.24776342
 22.46918489 25.66873757 24.58151093 26.99204771 26.50124254 26.89885686
 27.83076541 26.24652087 28.4333996  28.88692843 28.45203777 30.95576541
 30.12947316 28.14140159 31.25397614 23.61232604 25.25248509 27.95501988
 26.87400596 26.71868787 26.73111332 29.07952286 27.94259443 27.04796223
 28.97390656 28.53280318 27.68166004 30.35934394 29.53305169 25.12201789
 23.680666   26.04150099 27.65059642 25.74329026 26.97962227 27.55740557
 26.15954274 30.33449304 27.4083002  28.86829026 30.12947316 30.57678926
 33.57753479 25.52584493 26.27137177 26.1222664  25.31461233 26.09120278
 27.37102386 28.50173956 27.83076541 26.98583499 30.875      30.60164016
 30.52087475 31.01789264 30.14811133 26.06013917 25.00397614 25.87375746
 24.06585487 27.12872763 25.12201789 26.13469185 27.48285288 28.98011928
 27.04796223 30.24751491 31.04274354 30.85636183 29.68836978 28.93663022
 24.85487078 25.14065606 26.9609841  25.45129225 25.89860835 24.11555666
 25.94209742 27.76242545 26.29622266 28.50795229 28.02957256 30.00521869
 28.5638668  31.5832505  23.51913519 24.23981113 23.98508946 27.15979125
 25.02261431 26.5695825  28.25323062 26.37077535 28.47688867 27.27162028
 28.61978131 27.47042744 29.58275348 31.11729622 23.30168986 25.82405567
 25.32082505 25.12201789 26.35213718 23.66824056 25.74950298 27.42072565
 28.48310139 27.45800199 27.20328032 29.71322068 31.06759443 30.58921471
 31.82554672 24.16525845]",61937.5875088921
2025-06-15 10:33:00+00:00,633,6005.84,9.0,27.69652546701885,27.65631212723658,31.94980119284294,"[24.86729622 24.19010934 25.69980119 26.07256461 28.50795229 26.86779324
 28.03578529 27.50770378 28.0916998  29.46471173 29.07952286 30.21023857
 30.75695825 25.50099404 23.69309145 25.17793241 25.84269384 26.42668986
 27.20328032 27.38966203 27.60710736 27.71272366 28.36505964 29.25347913
 30.55815109 30.88742545 31.57082505 25.05367793 25.64388668 26.805666
 25.10959245 26.02907555 27.22813121 26.9361332  27.41451292 27.5387674
 28.94284294 30.93091451 29.08573559 29.76292247 27.15979125 24.55666004
 25.13444334 26.13469185 25.50099404 24.8362326  26.0166501  26.65656064
 27.83076541 28.42718688 30.58300199 30.65755467 29.37152087 28.81858847
 29.87475149 30.30342942 25.59418489 25.22142147 27.94880716 26.63792247
 26.81187873 27.01689861 26.51366799 28.89314115 27.43315109 28.34020875
 30.28479125 29.930666   29.29075547 30.47738569 24.625      24.1776839
 25.69358847 26.5944334  25.2027833  24.18389662 26.24030815 28.02957256
 29.65730616 28.96769384 27.72514911 28.98633201 31.41550696 30.55815109
 24.57529821 25.79920477 23.99751491 25.32703777 26.10362823 26.63792247
 26.31486083 25.6749503  26.77460239 27.54498012 28.99875746 30.22887674
 29.20377734 30.49602386 30.39040755 26.27758449 27.01068588 25.74950298
 26.12847913 27.43315109 26.38941352 27.71272366 28.15382704 29.39637177
 28.89314115 27.12872763 29.51441352 31.94980119 31.58946322 26.4888171
 25.12823062 25.81784294 25.96073559 27.3834493  26.04150099 27.17842942
 28.89935388 28.60114314 29.32181909 29.32803181 29.6138171  30.88742545
 29.84368787 23.77385686 27.33374751 25.19657058 25.24005964 27.53255467
 27.20328032 26.33349901 28.4582505  28.58250497 26.19681909 28.7750994
 30.80044732 29.32181909 31.35337972 24.07206759 25.76192843 24.29572565
 25.64388668 27.04796223 27.27162028 25.097167   28.88071571 26.0166501
 28.63220676 31.0054672  28.63841948 31.03653082 31.19184891 31.62673956
 25.55690855 24.92942346 23.7055169  25.94831014 27.75621272 26.43911531
 26.62549702 28.57629225 28.20352883 28.65084493 28.13518887 30.52087475
 30.21023857 29.92445328 24.2584493  24.57529821 24.56908549 26.87400596
 27.22191849 26.98583499 28.00472167 28.67569583 31.28503976 29.66351889
 31.44035785 29.42122266 29.74428429 30.40904573 23.33275348 24.88593439
 25.32082505 26.14090457 27.22191849 26.58822068 27.19085487 29.23484095
 28.52037773 27.8804672  29.09816103 28.98633201 29.76292247 30.32828032
 31.91873757 24.9915507 ]",62551.09560245827
2025-06-15 10:34:00+00:00,634,6016.0199999999995,9.0,27.728069046970226,27.68793489065606,33.06809145129225,"[25.9110338  26.67519881 25.92967197 26.02907555 26.45154076 28.1973161
 28.51416501 29.930666   28.33399602 29.33424453 29.56411531 30.66998012
 29.55790258 24.50695825 25.29597416 26.81187873 27.53255467 26.2278827
 27.11630219 28.38991054 27.83697813 27.83697813 28.22837972 29.55790258
 27.15979125 30.65134195 30.75695825 25.50720676 27.39587475 24.79895626
 25.89860835 25.8861829  26.26515905 26.74975149 26.87400596 27.02311133
 29.09816103 28.50795229 30.0611332  28.04821074 30.28479125 24.88593439
 25.43265408 26.40805169 25.15929423 26.03528827 28.13518887 27.74378728
 27.91153082 29.39637177 26.9609841  28.72539761 32.46545726 30.24751491
 31.30367793 30.98682903 23.20849901 26.90506958 25.49478131 25.35188867
 26.60685885 28.71297217 29.08573559 28.12897614 28.78131213 29.34666998
 28.73161034 28.81237575 31.03653082 33.06809145 24.57529821 25.19035785
 26.03528827 25.84890656 25.28354871 28.13518887 27.15357853 25.83648111
 26.68762425 28.83101392 28.47067594 31.40929423 30.83151093 30.46496024
 24.89214712 24.44483101 25.5444831  26.37698807 26.53230616 27.43936382
 26.87400596 28.09791252 28.50173956 27.93638171 28.25944334 28.89314115
 29.13543738 29.53305169 29.8499006  23.62475149 24.30193837 25.49478131
 25.83026839 25.24627237 24.87972167 27.92395626 27.19706759 29.51441352
 27.11630219 27.69408549 29.63866799 30.81287276 29.75670974 25.48235586
 25.01640159 25.93588469 26.4639662  26.20924453 28.09791252 28.02335984
 28.1165507  29.56411531 29.87475149 28.60114314 28.63841948 30.5333002
 30.83772366 24.37027833 22.54373757 25.81784294 26.24652087 26.3832008
 26.68762425 26.54473161 28.45203777 29.12301193 30.30964215 28.76888668
 29.91824056 29.62002982 30.65134195 24.4945328  24.12798211 25.94831014
 25.70601392 25.22142147 28.07927435 27.15979125 27.52634195 26.97962227
 29.43364811 28.49552684 28.73161034 32.4778827  30.12326044 30.37176938
 24.73682903 25.23384692 25.96073559 25.82405567 27.47664016 27.30889662
 27.73136183 28.98633201 28.94284294 30.48981113 27.81212724 29.6138171
 30.39662028 31.10487078 24.51317097 25.61903579 25.14686879 26.54473161
 25.47614314 27.27162028 26.78081511 28.00472167 29.94309145 27.25919483
 27.52634195 30.49602386 30.68240557 29.30939364 23.31411531 25.63146123
 25.9110338  25.63146123 25.43265408 26.89264414 27.99850895 29.30318091
 28.04199801 29.06088469 28.98011928 30.93712724 29.42743539 29.930666
 30.62027833 25.99801193]",62656.62780354358
2025-06-15 10:35:00+00:00,635,5986.13,9.0,27.64136145750418,27.59508573558648,32.136182902584494,"[24.09691849 25.74950298 26.75596421 25.75571571 28.18489066 27.84319085
 28.52659046 27.66302187 29.45849901 31.27261431 28.63841948 30.36555666
 31.48384692 24.91699801 23.17743539 25.49478131 25.73707753 26.43290258
 25.68116302 28.15382704 27.91153082 29.35909543 28.40854871 30.15432406
 29.64488072 30.09219682 30.81287276 23.28926441 26.13469185 25.55069583
 23.99130219 26.21545726 26.23409543 26.79945328 28.82480119 28.75646123
 29.41500994 29.6138171  29.35909543 29.22241551 30.45874751 23.68687873
 23.5999006  25.25869781 25.63767396 27.83697813 29.29075547 28.41476143
 27.86804175 29.01739563 31.45899602 29.35909543 28.65084493 28.48931412
 30.84393638 30.78802187 23.54398608 25.22142147 25.24005964 27.58846918
 26.47639165 27.41451292 27.75621272 28.30293241 27.01068588 27.5139165
 30.46496024 30.32206759 30.58300199 31.85039761 25.2027833  24.9915507
 25.25248509 25.2027833  26.83672962 25.89860835 27.33374751 27.84319085
 28.41476143 27.91153082 28.59493042 29.73185885 29.4833499  29.99900596
 24.67470179 25.04746521 25.74950298 24.79895626 25.97316103 25.8861829
 27.63195825 26.99204771 27.17842942 28.45203777 28.31535785 29.01739563
 29.67594433 29.84368787 32.1361829  24.38270378 25.04125249 24.84244533
 27.29647117 27.46421471 27.4083002  27.73136183 25.66873757 29.22862823
 28.91177932 28.76888668 29.40258449 29.85611332 30.25372763 25.28354871
 26.0166501  23.74900596 26.7249006  25.55069583 27.43936382 27.62574553
 28.65705765 27.277833   29.8499006  28.47067594 28.35884692 31.42171968
 31.38444334 23.51292247 25.49478131 26.78702783 26.1222664  27.53255467
 25.66873757 26.66898608 27.21570577 27.75       28.68190855 28.42718688
 29.91202783 30.99925447 29.29075547 23.64960239 25.15929423 27.14115308
 25.37052684 25.37673956 28.87450298 27.68166004 26.9609841  27.63817097
 29.34666998 30.13568588 30.17917495 29.77534791 30.32828032 31.46520875
 24.40755467 25.20899602 26.38941352 26.98583499 25.40159046 26.63170974
 26.65034791 27.22191849 28.43961233 28.07306163 29.42743539 27.24676938
 30.43389662 29.8499006  24.40755467 24.38270378 25.95452286 26.8305169
 25.97316103 26.40805169 27.29647117 26.37698807 27.20328032 29.75670974
 29.1416501  27.60710736 31.42171968 30.58921471 22.69284294 24.1776839
 25.69358847 27.45800199 26.07256461 28.00472167 27.29025845 27.48285288
 28.47067594 27.20949304 28.63841948 30.53951292 29.73807157 30.06734592
 29.56411531 23.78628231]",62366.538892225995
2025-06-15 10:36:00+00:00,636,5996.0599999999995,9.0,27.672161554274695,27.6259319085487,32.99975149105367,"[25.3083996  26.94234592 24.82380716 25.15308151 25.98558648 29.13543738
 28.64463221 29.09194831 29.24105368 29.55790258 30.22266402 29.76913519
 28.48310139 24.9666998  25.97937376 25.48235586 26.41426441 28.06684891
 27.09766402 27.69408549 28.21595427 25.86754473 29.29075547 29.73185885
 30.11704771 31.17321074 30.2972167  24.56287276 24.10934394 26.05392644
 24.24602386 25.79920477 27.29647117 28.52037773 27.4083002  27.14115308
 28.0916998  28.20974155 29.57032803 30.22887674 30.875      24.45725646
 24.78653082 25.19657058 23.42594433 26.78702783 28.12276342 26.73111332
 26.76217694 28.61356859 28.06684891 30.16053678 30.34070577 31.77584493
 30.88121272 31.12972167 23.91053678 26.40183897 25.38916501 24.22117296
 25.73086481 26.40183897 27.37723658 27.1722167  28.78131213 28.70675944
 30.83772366 29.12922465 31.29125249 32.99975149 24.8362326  26.04771372
 25.90482107 25.20899602 26.97340954 28.64463221 27.78727634 27.69408549
 28.6694831  29.05467197 29.04845924 29.22241551 30.92470179 30.67619284
 27.01689861 25.04125249 26.18439364 26.12847913 25.03503976 26.30243539
 26.29622266 27.6195328  28.62599404 26.5695825  31.70129225 30.86878728
 29.37152087 30.33449304 28.91177932 24.13419483 26.13469185 26.42668986
 25.51963221 27.91153082 27.71893638 27.8804672  28.07927435 29.19756461
 27.75       29.12922465 31.97465209 30.43389662 28.98011928 26.51988072
 26.2278827  24.5193837  26.13469185 25.8054175  26.40183897 28.55765408
 27.84940358 28.26565606 28.47067594 29.17271372 30.20402584 29.65730616
 29.65109344 22.96620278 24.22738569 25.14065606 24.34542744 25.25248509
 26.43911531 27.24055666 26.48260437 28.54522863 29.39637177 29.19756461
 30.22266402 30.4276839  30.65755467 22.89786282 24.25223658 24.53802187
 25.40780318 24.96048708 26.48260437 26.91128231 28.39612326 28.55765408
 29.04224652 30.43389662 30.24130219 30.29100398 30.36555666 31.78205765
 25.87375746 22.82331014 24.55044732 25.73086481 25.9917992  28.78131213
 28.68190855 27.42072565 28.59493042 28.12276342 29.81262425 29.53926441
 29.47713718 31.80069583 25.37052684 24.84244533 23.92917495 24.43861829
 26.79324056 25.55690855 27.11008946 27.49527833 27.84319085 29.46471173
 28.30293241 30.60785288 29.17892644 29.37152087 23.77385686 26.50745527
 25.8861829  24.82380716 24.2833002  26.23409543 27.19085487 28.20974155
 27.34617296 28.70054672 28.89314115 29.52683897 28.87450298 31.33474155
 31.25397614 23.87326044]",62469.583695981426
2025-06-15 10:37:00+00:00,637,5981.41,9.0,27.630422092095863,27.580423707753475,32.45924453280318,"[25.57554672 26.05392644 25.097167   27.99229622 25.94209742 28.73161034
 26.24652087 28.48310139 27.29647117 29.23484095 29.50198807 30.65755467
 30.34070577 25.28354871 25.28976143 24.2833002  25.97937376 26.47639165
 27.16600398 25.76192843 26.51988072 28.09791252 29.71322068 30.17917495
 30.42147117 30.58300199 31.45899602 26.38941352 24.35164016 24.56908549
 25.29597416 26.19681909 27.21570577 26.31486083 27.43315109 27.44557654
 29.30318091 29.50198807 30.40904573 28.10412525 30.07977137 23.1028827
 24.42619284 23.32032803 25.46993042 26.19060636 27.47042744 26.40805169
 24.97912525 29.05467197 29.35909543 30.96197813 30.25994036 31.23533797
 30.53951292 30.23508946 24.1776839  25.99801193 25.24627237 24.99776342
 26.50745527 26.33349901 26.11605368 28.694334   28.5390159  28.29050696
 28.40854871 30.67619284 31.0054672  31.35337972 25.5444831  26.18439364
 23.67445328 27.66302187 25.12823062 23.63717694 27.11630219 27.01068588
 27.75621272 27.05417495 28.96148111 28.94284294 29.63245527 29.84368787
 25.84890656 25.02882704 25.79920477 27.1722167  25.94831014 26.81187873
 26.43911531 25.29597416 26.88643141 29.91824056 28.25323062 27.95501988
 31.27882704 29.8499006  30.77559642 24.97912525 24.17147117 26.00422465
 26.96719682 27.20949304 27.68166004 27.19085487 28.30914513 29.2472664
 28.55765408 30.17917495 29.96172962 28.79373757 29.80641153 25.17793241
 26.31486083 25.35188867 24.7306163  27.43936382 27.22191849 25.70601392
 27.60089463 28.26565606 27.78727634 29.40879722 29.26590457 30.55193837
 31.88146123 26.11605368 25.53827038 26.11605368 25.40780318 24.98533797
 25.55069583 26.5695825  28.694334   30.49602386 27.39587475 29.09194831
 29.15407555 31.65159046 32.45924453 22.86058648 23.50049702 25.44507952
 24.48832008 28.36505964 27.22813121 27.20949304 28.25944334 28.76267396
 29.73185885 29.48956262 29.43986083 29.98036779 31.77584493 30.22266402
 26.86779324 23.89189861 25.39537773 26.16575547 26.39562624 25.69980119
 28.60114314 28.97390656 29.22241551 31.38444334 27.95501988 28.1165507
 29.10437376 31.53976143 23.51292247 23.9167495  25.49478131 23.8359841
 27.42072565 26.38941352 28.12897614 28.24080517 26.74975149 29.66973161
 30.38419483 29.46471173 27.83076541 30.75074553 25.89239563 25.22763419
 25.66873757 26.8305169  26.27137177 25.63146123 26.69383698 28.68190855
 27.25298211 29.07331014 28.42718688 29.52683897 27.05417495 31.85661034
 32.09269384 25.30218688]",62329.9401513159
2025-06-15 10:38:00+00:00,638,6028.9,9.0,27.77205755545931,27.727944831013914,32.98111332007952,"[24.09691849 24.81138171 27.60710736 26.99826044 27.46421471 26.13469185
 29.5889662  28.36505964 29.99279324 28.93663022 28.38991054 31.74478131
 32.98111332 24.92942346 24.82380716 24.8610835  26.11605368 26.78702783
 28.68812127 27.81833996 28.01714712 28.76267396 27.78106362 28.65705765
 28.42097416 30.92470179 30.44010934 24.07828032 24.35785288 24.80516899
 25.53205765 27.277833   26.19681909 28.1973161  27.83076541 27.17842942
 27.14115308 27.77485089 29.29696819 29.62624254 30.51466203 24.45104374
 26.33349901 25.70601392 24.97291252 27.53255467 27.09145129 27.32132207
 27.23434394 28.31535785 29.12301193 30.0611332  30.81908549 30.60785288
 30.65134195 30.85636183 23.72415507 26.48260437 26.60685885 25.24627237
 28.06063618 27.14115308 27.45178926 27.38966203 27.5387674  28.34020875
 30.37798211 30.89985089 30.09840954 31.44035785 24.53802187 25.53827038
 24.64985089 25.65631213 26.94855865 27.53255467 28.94284294 29.29075547
 29.6945825  27.03553678 30.01143141 28.88071571 31.19184891 29.55790258
 24.28951292 24.51317097 24.46346918 26.5944334  26.34592445 27.03553678
 27.53255467 28.08548708 27.53255467 28.49552684 29.24105368 30.12326044
 30.09219682 29.5082008  29.91824056 24.88593439 25.19035785 24.63742545
 25.38916501 27.61332008 28.07927435 25.42022863 27.87425447 28.57629225
 29.65109344 29.1416501  29.3528827  31.14835984 30.45874751 24.66227634
 23.74900596 24.19632207 26.15954274 27.26540755 26.5944334  27.62574553
 28.65705765 28.52037773 28.68190855 31.46520875 30.83151093 30.9806163
 31.22912525 23.17743539 23.82355865 25.60039761 26.06635189 27.38966203
 27.73136183 26.65034791 26.76217694 29.1416501  29.21620278 27.65680915
 28.33399602 29.24105368 28.81858847 25.14686879 26.65034791 25.19035785
 25.97937376 26.22166998 26.60685885 29.00497018 27.76242545 27.9860835
 30.65134195 28.87450298 28.40854871 29.79398608 30.43389662 29.91202783
 23.58747515 25.04746521 25.26491054 27.39587475 25.4388668  27.32753479
 27.14115308 28.58871769 28.3277833  29.55790258 29.32181909 31.02410537
 30.14811133 30.24130219 25.66252485 25.14065606 25.14686879 25.51341948
 27.45800199 27.76242545 28.52037773 27.5139165  29.83747515 27.9860835
 30.1667495  30.02385686 29.17271372 30.14811133 24.68091451 26.74353877
 26.39562624 25.94831014 26.64413519 24.4945328  27.41451292 29.09194831
 28.7750994  28.45203777 29.12922465 29.86232604 28.60114314 29.91824056
 31.13593439 24.50074553]",62803.79575754466
2025-06-15 10:39:00+00:00,639,6047.6900000000005,9.0,27.82899510286878,27.78631336978131,32.11754473161034,"[25.53827038 25.3332505  26.66277336 25.70601392 26.66898608 29.04845924
 29.38394632 29.09816103 27.08523857 30.63270378 29.5082008  30.85636183
 30.875      24.63742545 26.30864811 26.01043738 25.8054175  26.69383698
 26.18439364 27.02932406 28.58871769 28.16625249 28.95526839 28.63841948
 29.65109344 30.75074553 31.01167992 26.01043738 26.02907555 24.84865805
 27.18464215 26.07877734 26.2278827  28.18489066 25.70601392 27.61332008
 29.43986083 30.81908549 30.75695825 29.08573559 29.5889662  25.14065606
 25.56312127 25.73086481 26.1471173  25.15929423 26.9609841  26.37077535
 28.694334   28.222167   29.99900596 28.36505964 29.2721173  30.97440358
 30.25994036 30.88121272 25.24627237 23.1028827  26.56336978 27.57604374
 26.36456262 26.83672962 29.36530815 28.6694831  28.30914513 28.96769384
 30.99304175 29.35909543 30.97440358 29.96794235 25.02261431 23.8359841
 26.14090457 25.83648111 27.1722167  26.89264414 26.38941352 27.52634195
 27.92395626 28.67569583 28.76888668 29.6138171  31.52112326 31.89388668
 25.49478131 23.87947316 24.84865805 25.8054175  26.40805169 26.60685885
 28.44582505 26.90506958 28.84343936 28.37748509 30.45253479 29.81262425
 28.54522863 30.6389165  30.5333002  23.28926441 26.30864811 26.3832008
 25.19657058 26.78702783 27.00447316 27.83076541 28.60114314 27.40208748
 29.35909543 30.69483101 28.4333996  29.28454274 32.11754473 23.95402584
 25.81163022 25.4140159  25.47614314 26.55715706 26.805666   26.96719682
 28.48310139 27.52634195 27.99229622 29.17271372 30.01143141 31.44035785
 31.24776342 25.37673956 24.81138171 25.09095427 26.50124254 27.80591451
 28.02957256 26.00422465 27.99850895 28.40233598 29.77534791 30.6389165
 30.99304175 29.83126243 30.20402584 25.27733598 24.42619284 26.14090457
 24.46968191 26.35213718 26.85536779 28.15382704 27.95501988 28.6694831
 27.61332008 29.12301193 28.84343936 30.25372763 31.30367793 31.80069583
 25.43265408 23.98508946 27.27162028 27.50770378 27.22813121 27.04796223
 27.84319085 26.49502982 27.89910537 27.93016899 29.46471173 29.0111829
 31.42793241 29.74428429 24.11555666 26.11605368 24.14662028 27.93638171
 25.8054175  25.38916501 27.62574553 26.23409543 27.94880716 27.40208748
 29.0360338  31.18563618 29.48956262 31.71993042 25.21520875 24.17147117
 26.31486083 26.43911531 27.43936382 28.94284294 27.38966203 27.12872763
 28.02335984 27.59468191 30.13568588 29.3777336  30.03006958 31.51491054
 30.47738569 25.12201789]",62994.28601615779
2025-06-15 10:40:00+00:00,640,6002.19,9.0,27.696207059385365,27.644973906560637,32.111332007952285,"[25.16550696 24.92321074 28.60114314 26.63792247 27.55740557 26.85536779
 27.9612326  29.43986083 30.03006958 28.9304175  30.01143141 31.43414513
 31.06138171 25.4140159  24.27087475 25.29597416 23.97266402 25.86133201
 25.74329026 28.47688867 26.36456262 30.1667495  28.52037773 28.59493042
 29.85611332 31.43414513 29.85611332 24.68712724 23.87326044 26.71247515
 26.02286282 27.46421471 27.58846918 27.0417495  27.88667992 28.694334
 29.19135189 28.07306163 29.06709742 31.17321074 32.11133201 23.81734592
 24.84244533 23.28305169 26.84915507 26.03528827 26.62549702 28.35884692
 29.06709742 26.76217694 28.50173956 28.62599404 30.12947316 31.52112326
 30.96819085 31.29746521 24.02857853 26.61307157 27.13494036 26.53230616
 25.04746521 27.0417495  27.75       25.06610338 27.81212724 29.3777336
 29.55168986 30.28479125 31.55218688 29.98036779 25.58175944 26.22166998
 25.28354871 26.81809145 27.79970179 26.805666   26.01043738 27.71893638
 28.50795229 28.04199801 28.7999503  29.34045726 30.11704771 29.39637177
 24.02236581 25.11580517 24.69955268 24.65606362 27.11630219 25.38916501
 27.47042744 26.65656064 30.24751491 28.02335984 29.34045726 28.84343936
 30.47738569 31.60810139 31.24776342 25.50099404 23.59368787 26.17196819
 25.97937376 25.96073559 26.14090457 27.87425447 28.3277833  28.75646123
 29.24105368 29.80641153 31.38444334 27.21570577 31.07380716 25.15308151
 25.65631213 27.0417495  25.84269384 25.93588469 26.56336978 28.57629225
 26.5944334  26.68141153 28.9304175  29.91824056 31.6888668  30.44632207
 31.12350895 24.98533797 23.51913519 25.28354871 26.43290258 25.53827038
 25.6749503  27.26540755 27.277833   28.27186879 29.96794235 28.75024851
 29.09194831 30.2972167  30.70104374 22.86058648 24.60014911 25.03503976
 26.92992048 27.63195825 28.222167   27.11630219 28.3277833  26.37077535
 28.27186879 28.95526839 29.04224652 30.07977137 29.50198807 29.55168986
 24.81759443 26.40183897 26.0166501  26.42047714 27.24055666 24.10934394
 25.58797217 26.55715706 29.54547714 27.32753479 28.66327038 30.55193837
 30.21023857 30.69483101 24.4137674  24.59393638 25.04746521 25.63146123
 26.87400596 27.53255467 27.25298211 27.09145129 29.22241551 28.40233598
 29.53926441 27.65680915 29.78777336 28.1165507  22.93513917 26.33971173
 24.23981113 27.8804672  25.9110338  28.70675944 27.80591451 29.16028827
 27.68166004 29.29696819 28.55765408 28.66327038 29.53305169 30.47738569
 30.47117296 25.45129225]",62550.03033787968
2025-06-15 10:41:00+00:00,641,6047.1,9.0,27.830219862950123,27.784480616302186,32.8941351888668,"[26.07256461 25.53205765 25.7805666  25.58175944 27.70029821 28.20352883
 28.37127237 27.02932406 28.40854871 29.86232604 29.62624254 29.83126243
 31.65159046 25.50099404 24.58151093 25.53205765 26.23409543 26.71868787
 26.4639662  30.12947316 28.67569583 28.89935388 28.38369781 29.31560636
 30.30964215 31.60188867 31.17942346 24.67470179 25.47614314 24.45725646
 27.56983101 26.53230616 27.22813121 29.85611332 28.7750994  29.00497018
 29.43986083 29.99279324 29.79398608 30.94955268 29.53305169 22.50646123
 25.3083996  23.80492048 24.29572565 25.66873757 27.12251491 26.68762425
 28.94284294 28.78752485 28.32157058 29.27833002 28.1165507  29.93687873
 31.39686879 30.48981113 25.15308151 23.78628231 25.76814115 23.90432406
 27.07902584 26.56336978 26.8305169  27.25298211 29.18513917 28.04821074
 29.60139165 31.14214712 29.18513917 30.81908549 22.81088469 25.92967197
 24.22738569 25.50720676 25.40159046 27.74378728 28.0916998  26.53230616
 27.81212724 27.33996024 28.73782306 28.87450298 31.34095427 30.15432406
 24.31436382 26.18439364 25.22763419 26.29622266 28.43961233 27.32132207
 28.24701789 27.8804672  28.6694831  28.36505964 27.55119284 28.694334
 30.57678926 30.89985089 29.41500994 25.7805666  23.97887674 26.65034791
 26.94855865 28.17246521 27.37102386 28.67569583 30.13568588 29.44607356
 29.23484095 28.80616302 30.13568588 30.64512922 32.08026839 23.61853877
 26.1222664  25.23384692 26.42668986 27.70029821 27.11008946 27.20949304
 29.1416501  29.56411531 29.98036779 28.95526839 29.70700795 29.77534791
 31.01789264 24.05964215 24.48210736 26.66277336 26.25894632 25.00397614
 26.49502982 28.16625249 28.92420477 27.14115308 28.38369781 28.5638668
 28.63841948 31.04274354 30.75074553 23.63096421 26.2527336  25.81163022
 25.7805666  26.22166998 27.62574553 25.75571571 30.17917495 27.65059642
 30.30964215 29.52683897 28.47067594 30.1916004  31.14214712 30.13568588
 24.17147117 25.29597416 24.56908549 26.82430417 25.58797217 26.69383698
 26.89885686 27.74378728 27.84940358 29.41500994 30.01143141 30.47117296
 30.97440358 31.19184891 23.94781312 23.79870775 26.04771372 25.17171968
 27.24055666 28.32157058 27.07281312 28.38991054 27.6195328  28.44582505
 29.43986083 29.3777336  30.17296223 30.06734592 24.50695825 25.5444831
 25.6749503  25.98558648 26.91128231 27.39587475 28.46446322 27.70029821
 27.95501988 27.48285288 30.37176938 29.12922465 29.53926441 31.62052684
 32.89413519 25.9917992 ]",62998.383573485924
2025-06-15 10:42:00+00:00,642,6064.4800000000005,9.0,27.88298738694923,27.838469184890656,32.763667992047715,"[23.5750497  26.4888171  26.66277336 26.4639662  26.55715706 27.61332008
 28.96769384 27.84319085 28.82480119 29.22241551 30.0859841  29.60760437
 31.19806163 25.63146123 25.19657058 24.67470179 25.17171968 26.07877734
 28.20974155 28.16625249 28.10412525 28.48310139 27.81833996 28.16003976
 29.87475149 31.70750497 31.98707753 26.37698807 24.81759443 26.33349901
 26.01043738 27.00447316 26.5944334  27.87425447 27.25298211 27.15979125
 28.55144135 30.0859841  29.38394632 31.30989066 32.14239563 23.43836978
 25.16550696 24.48210736 26.04771372 26.96719682 26.67519881 28.11033797
 28.35884692 28.30293241 29.63866799 28.38991054 28.7999503  27.80591451
 31.55218688 30.57678926 24.41998012 25.83026839 26.92370775 25.69358847
 25.47614314 27.92395626 27.12251491 28.88071571 28.94905567 28.84343936
 30.46496024 29.02982107 29.76913519 30.63270378 23.99751491 24.61878728
 27.31510934 27.49527833 27.25919483 26.30864811 28.83101392 27.43315109
 29.88096421 28.79373757 29.72564612 29.55168986 29.49577535 30.82529821
 25.77435388 25.20899602 25.32082505 25.76192843 26.08499006 25.24005964
 26.78702783 25.98558648 27.19085487 27.04796223 29.55168986 29.25969185
 29.32803181 30.45874751 32.76366799 26.28379722 25.63146123 25.76814115
 27.63817097 26.36456262 26.30864811 27.52012922 29.39637177 29.97415507
 30.09840954 30.78802187 29.06088469 31.01167992 31.6888668  25.32703777
 26.14090457 26.88643141 27.15357853 26.19060636 27.02311133 27.18464215
 28.62599404 28.29671968 28.99875746 30.38419483 30.75074553 29.49577535
 29.76913519 23.64960239 24.11555666 25.10337972 26.48260437 26.56336978
 27.9860835  30.20402584 26.9609841  28.53280318 28.70675944 30.30342942
 27.83697813 30.1916004  31.40929423 25.21520875 26.09741551 27.35859841
 26.90506958 27.94259443 27.10387674 27.93638171 28.48310139 28.15382704
 28.7999503  28.28429423 30.49602386 29.98658052 28.99875746 30.25994036
 24.08449304 26.09120278 25.45129225 26.71247515 25.4388668  26.84294235
 27.75       29.10437376 28.89314115 26.98583499 29.05467197 29.86853877
 29.72564612 31.37201789 24.91078529 26.27758449 25.46993042 25.04746521
 27.16600398 26.33349901 26.71247515 26.97962227 28.04199801 28.59493042
 28.14140159 29.91824056 29.2721173  29.84368787 23.48185885 26.04150099
 25.32703777 26.58822068 25.81163022 27.09145129 28.63220676 27.59468191
 28.93663022 29.3777336  30.52087475 31.03031809 31.20427435 29.89960239
 30.23508946 25.16550696]",63174.92260177735
2025-06-15 10:43:00+00:00,643,6075.969999999999,9.0,27.918370189717514,27.874161282306158,32.136182902584494,"[27.20328032 25.9917992  27.22813121 26.42047714 26.28379722 26.81187873
 27.38966203 28.30293241 29.26590457 28.15382704 29.16650099 31.39686879
 30.46496024 24.09070577 25.43265408 25.77435388 26.45775348 27.71272366
 26.68762425 27.19706759 26.87400596 27.81833996 29.12301193 29.930666
 28.84343936 30.33449304 31.37823062 22.71769384 24.48210736 27.01689861
 24.97291252 25.28976143 28.01714712 26.29622266 27.25298211 28.34020875
 27.68166004 30.62649105 29.43364811 29.68836978 31.03653082 25.05989066
 24.2584493  25.3083996  25.85511928 25.76814115 26.9609841  26.805666
 27.71272366 28.97390656 29.23484095 29.92445328 30.67619284 31.46520875
 30.03006958 31.47763419 24.94184891 25.40159046 27.31510934 26.17818091
 27.24055666 27.79970179 28.35884692 28.38369781 28.16625249 28.25323062
 30.01764414 29.02360835 30.03628231 29.60139165 24.22117296 24.02236581
 25.10959245 25.55069583 26.74353877 26.47017893 27.45800199 29.60139165
 28.02957256 26.99826044 30.04249503 28.35263419 31.39686879 31.73235586
 25.21520875 25.28354871 26.20924453 24.96048708 24.96048708 27.36481113
 27.07902584 27.9860835  29.58275348 28.9304175  29.02982107 28.63220676
 30.80044732 30.90606362 31.06138171 25.25248509 24.68091451 25.38916501
 27.15979125 25.98558648 28.03578529 28.15382704 26.92992048 29.09816103
 30.02385686 30.02385686 30.55193837 31.03031809 29.36530815 25.0723161
 25.43265408 26.10362823 25.8054175  27.62574553 28.9304175  26.04150099
 28.55144135 28.29050696 28.80616302 29.34045726 32.06163022 30.64512922
 31.06759443 24.86729622 27.14115308 27.09766402 25.52584493 26.5944334
 28.17867793 28.74403579 26.68141153 28.02335984 28.65084493 28.93663022
 30.27857853 30.68240557 30.54572565 26.20924453 23.95402584 26.11605368
 26.04150099 26.82430417 26.02286282 27.67544732 29.88717694 28.67569583
 28.04199801 30.62027833 30.17917495 29.3777336  29.41500994 32.1361829
 25.40780318 25.17171968 25.27112326 25.40159046 27.49527833 27.55740557
 27.08523857 26.96719682 28.84965209 28.88071571 28.82480119 29.35909543
 29.70079523 31.85661034 24.35785288 28.46446322 25.02261431 26.24652087
 27.37723658 27.52634195 28.07927435 28.14761431 29.51441352 30.33449304
 28.89935388 29.32803181 30.94955268 30.6389165  24.42619284 24.64985089
 25.56312127 26.71868787 27.71893638 27.73136183 27.75621272 27.75
 28.37748509 29.55168986 29.81262425 28.68812127 30.55193837 31.01789264
 30.52087475 24.152833  ]",63293.29930671891
2025-06-15 10:44:00+00:00,644,6029.799999999999,9.0,27.78359270887294,27.730740556660038,33.2668986083499,"[24.41998012 26.83672962 26.52609344 26.60685885 27.30889662 28.18489066
 26.74975149 28.03578529 30.17296223 29.07952286 30.55815109 31.40929423
 31.52733598 24.84244533 25.51341948 25.31461233 25.8861829  26.58822068
 27.01068588 27.32132207 27.35238569 28.06684891 26.83672962 29.28454274
 29.1167992  29.96794235 33.26689861 25.42022863 25.02882704 25.79920477
 24.67470179 25.96694831 25.9110338  27.71893638 27.1722167  27.63195825
 28.57629225 30.26615308 30.80044732 30.60164016 31.27882704 23.8359841
 24.79274354 26.14090457 25.39537773 26.47639165 29.04845924 27.22813121
 28.52037773 27.73136183 29.2472664  30.80666004 28.46446322 30.0859841
 31.19184891 30.98682903 22.61207753 23.90432406 26.3832008  27.20328032
 26.03528827 26.43911531 27.9860835  26.2278827  29.45228628 28.25323062
 28.61356859 30.24130219 30.13568588 30.64512922 24.96048708 25.70601392
 24.25223658 25.57554672 26.65034791 25.51341948 27.45178926 28.27808151
 29.78777336 29.47713718 28.63841948 30.48981113 28.19110338 29.44607356
 23.82355865 24.64363817 25.05989066 25.82405567 26.74353877 27.50770378
 28.33399602 27.09145129 29.07952286 29.91202783 28.42097416 29.55790258
 29.99279324 28.72539761 30.67619284 24.89835984 26.28379722 26.3832008
 25.78677932 26.82430417 26.94234592 28.68812127 27.74378728 29.32181909
 27.13494036 30.60164016 30.68240557 29.930666   30.19781312 24.64985089
 24.40134195 25.92967197 27.68787276 25.11580517 27.52634195 27.90531809
 27.15979125 28.83101392 28.14761431 28.63220676 29.65730616 30.4276839
 32.08648111 25.26491054 26.57579523 27.50770378 27.08523857 25.79920477
 28.10412525 27.78106362 28.50173956 28.43961233 28.04821074 29.75049702
 28.40233598 30.58921471 29.26590457 24.56908549 23.98508946 25.89860835
 25.55690855 26.43911531 27.08523857 25.84890656 27.68787276 28.72539761
 28.22837972 28.37127237 29.88096421 29.36530815 28.70675944 31.48384692
 24.55666004 26.56336978 26.61307157 28.27186879 27.14115308 28.02335984
 25.57554672 27.61332008 29.06709742 29.36530815 29.30939364 28.70675944
 30.35934394 30.23508946 24.07206759 24.78031809 25.22763419 25.66252485
 26.94234592 25.58175944 30.09219682 29.930666   27.08523857 27.22813121
 29.60760437 30.99304175 31.69507952 31.05516899 25.14065606 23.82977137
 25.97937376 25.3083996  28.83722664 26.7249006  26.84294235 25.81784294
 26.10362823 29.74428429 29.0360338  28.93663022 29.90581511 30.25994036
 31.1110835  24.15904573]",62842.38776680531
2025-06-15 10:45:00+00:00,645,6071.77,9.0,27.908917093325165,27.861114562624252,33.04945328031809,"[25.89860835 25.51341948 26.63170974 28.01714712 26.44532803 27.35859841
 27.65059642 28.222167   29.04845924 30.35934394 30.69483101 30.2972167
 31.30367793 23.74279324 24.24602386 27.31510934 27.83697813 28.49552684
 27.05417495 27.61332008 27.07281312 28.15382704 27.62574553 29.47092445
 30.0611332  29.19135189 31.5832505  24.09691849 24.63121272 26.45775348
 26.8305169  26.43911531 25.77435388 27.08523857 29.06088469 28.72539761
 29.27833002 27.77485089 30.20402584 29.45849901 31.36580517 23.8359841
 24.63742545 25.24627237 24.84244533 27.83697813 25.27112326 26.42668986
 27.63195825 26.54473161 29.15407555 28.38369781 29.54547714 30.68861829
 30.75695825 31.67644135 26.43290258 27.02932406 25.04125249 25.50099404
 26.06013917 26.06013917 26.38941352 27.93638171 27.82455268 28.93663022
 28.28429423 29.99900596 30.13568588 30.28479125 25.04746521 25.2027833
 25.69980119 26.61307157 26.36456262 27.88667992 28.14140159 29.47713718
 28.54522863 30.28479125 30.89985089 30.875      30.88121272 30.80666004
 23.85462227 27.07281312 25.82405567 25.83648111 26.22166998 26.30243539
 27.54498012 28.57629225 28.64463221 29.42122266 28.4582505  29.55168986
 29.6138171  30.98682903 29.68215706 25.55069583 24.89214712 25.3332505
 26.89885686 26.14090457 25.07852883 27.23434394 27.66302187 27.9860835
 27.55740557 29.3777336  29.94309145 31.12972167 33.04945328 21.87897614
 24.9666998  26.69383698 27.29025845 26.56336978 26.56336978 27.87425447
 26.90506958 30.22887674 31.30367793 31.60810139 30.66998012 28.86207753
 30.37798211 24.81138171 24.81759443 24.50074553 25.87375746 26.67519881
 26.3583499  28.47067594 27.07902584 27.94880716 27.52012922 29.53305169
 29.54547714 30.86878728 32.1361829  23.88568588 23.30790258 27.58846918
 25.86754473 26.24652087 28.1973161  26.88643141 28.34642147 29.06709742
 28.06063618 29.23484095 30.62027833 29.40258449 30.75695825 32.06784294
 24.2584493  25.4388668  26.52609344 25.18414513 27.6443837  27.69408549
 27.62574553 29.29696819 28.98011928 28.40854871 30.83772366 30.45874751
 30.14811133 31.04895626 25.01018887 25.51963221 24.63742545 25.83026839
 27.19706759 28.01093439 28.02335984 26.51366799 27.38966203 29.62624254
 29.58275348 29.99279324 31.09244533 31.12972167 25.87997018 25.6749503
 27.91774354 24.55044732 26.4639662  27.11008946 27.9860835  29.6945825
 28.6694831  28.14140159 29.85611332 29.44607356 32.08026839 30.01764414
 29.09194831 24.43861829]",63261.673027428675
2025-06-15 10:46:00+00:00,646,6100.849999999999,9.0,27.99619936629788,27.951447564612327,32.81958250497018,"[24.79895626 26.85536779 26.89264414 26.66898608 25.77435388 28.02335984
 26.16575547 28.72539761 28.52037773 31.16078529 31.26640159 31.21048708
 31.34095427 24.9915507  25.27733598 26.66277336 26.65656064 27.75
 28.33399602 26.805666   28.14140159 28.53280318 28.34020875 29.68215706
 30.27857853 30.37176938 29.80019881 24.9915507  25.55690855 25.20899602
 24.63742545 26.62549702 26.5944334  26.51366799 28.28429423 27.65680915
 29.01739563 29.1416501  30.52708748 30.62649105 32.12375746 24.69333996
 24.17147117 24.89214712 27.84319085 27.43315109 28.04821074 26.8305169
 28.09791252 28.38991054 28.94284294 30.11083499 30.1916004  29.88096421
 31.71993042 31.54597416 23.82355865 24.23981113 27.12251491 27.33996024
 26.00422465 26.28379722 28.35884692 29.55168986 28.36505964 28.5638668
 27.71272366 29.58275348 32.31013917 31.19806163 24.35785288 24.50695825
 25.38295229 25.63767396 27.13494036 26.79324056 28.47688867 28.35884692
 28.47067594 27.02932406 31.9000994  29.89960239 30.85636183 30.68861829
 25.81784294 23.37002982 26.1222664  23.92917495 26.88643141 27.75
 27.79970179 28.09791252 28.59493042 28.1165507  29.930666   28.57629225
 30.27236581 31.4527833  31.88767396 24.45104374 25.3332505  25.89860835
 25.27733598 26.60064612 28.05442346 30.18538767 28.87450298 30.31585487
 31.11729622 29.43986083 30.49602386 31.01789264 31.32852883 23.71794235
 25.86133201 26.32107356 26.27758449 28.52037773 28.9304175  27.13494036
 28.55765408 29.39637177 28.78752485 29.19756461 30.42147117 29.6138171
 30.97440358 24.89214712 25.55069583 26.16575547 25.19035785 26.20303181
 27.19085487 26.68762425 29.44607356 29.88096421 29.16028827 29.71322068
 29.73807157 31.77584493 30.48359841 25.06610338 25.19657058 26.07877734
 25.55069583 26.24030815 27.58225646 27.61332008 28.30293241 27.88667992
 30.44632207 30.79423459 30.22266402 29.15407555 31.93116302 30.2972167
 24.29572565 25.04746521 26.10984095 26.88643141 26.28379722 27.22191849
 25.20899602 28.78752485 27.83076541 30.43389662 28.40233598 31.11729622
 29.8499006  28.91177932 23.54398608 24.22738569 25.61903579 27.69408549
 26.9609841  27.15357853 27.12872763 29.19756461 29.07331014 28.98011928
 29.53305169 30.875      29.30939364 32.8195825  24.35785288 26.32107356
 26.13469185 25.63767396 25.10959245 26.56336978 27.07281312 28.51416501
 27.09766402 29.48956262 28.40854871 29.19135189 28.73782306 29.83126243
 30.83772366 24.05342942]",63553.684599886205
2025-06-15 10:47:00+00:00,647,6087.48,9.0,27.958206646999376,27.90991550695825,32.589711729622266,"[26.7000497  26.87400596 26.84294235 27.42072565 26.40183897 28.14761431
 28.71918489 28.24701789 29.10437376 29.66351889 30.30964215 30.79423459
 29.29075547 25.61903579 24.56908549 27.17842942 27.57604374 27.14736581
 27.71893638 26.73732604 27.89289264 27.10387674 29.45849901 27.8556163
 30.04249503 30.63270378 29.89960239 25.02261431 25.61282306 25.6500994
 26.97340954 27.36481113 27.70651093 27.83697813 28.4582505  28.73161034
 30.65755467 28.30914513 28.92420477 30.36555666 30.9806163  25.32082505
 23.1028827  24.69955268 27.71893638 28.31535785 27.39587475 28.81858847
 27.92395626 26.74975149 30.25994036 31.06759443 29.06709742 30.89985089
 30.0611332  31.96222664 25.0723161  25.76814115 26.29000994 25.51963221
 26.32728628 26.08499006 27.8556163  28.38991054 28.41476143 29.57032803
 28.17246521 30.97440358 30.82529821 30.44010934 25.46993042 23.79249503
 25.79299205 26.5695825  27.60089463 27.55119284 26.04771372 26.99826044
 28.68190855 30.37798211 29.89960239 29.8499006  30.01764414 30.07977137
 25.31461233 23.9416004  25.52584493 27.16600398 26.55715706 25.35188867
 26.92992048 28.07306163 29.68215706 29.06088469 28.28429423 31.83175944
 31.10487078 30.1916004  31.83797217 25.58797217 25.79299205 26.86779324
 25.22142147 27.09766402 28.32157058 27.35238569 29.57032803 30.28479125
 29.63866799 29.99900596 30.52087475 30.0859841  30.95576541 25.00397614
 25.08474155 24.74304175 25.4140159  26.27758449 30.24751491 27.45178926
 28.93663022 28.25944334 28.26565606 29.57032803 31.6640159  29.88717694
 31.39686879 26.62549702 24.53802187 24.86729622 25.15929423 26.39562624
 26.01043738 26.53851889 29.08573559 27.12251491 29.17271372 28.89935388
 30.5333002  29.09816103 30.1667495  26.3583499  23.61853877 25.32082505
 26.50745527 25.21520875 27.97365805 25.06610338 30.16053678 28.67569583
 29.94930417 30.94333996 29.38394632 30.22266402 31.37823062 32.58971173
 24.27087475 23.69930417 26.51988072 24.86729622 26.07256461 26.805666
 28.23459245 28.24701789 28.26565606 28.94284294 27.57604374 30.81287276
 30.67619284 28.9055666  22.47539761 24.38270378 25.30218688 26.81809145
 28.18489066 27.22191849 26.91749503 28.58250497 30.65134195 27.70651093
 29.60760437 30.05492048 29.60760437 29.930666   25.46993042 25.35188867
 25.02882704 26.1471173  26.78081511 26.57579523 27.92395626 25.86133201
 28.67569583 26.805666   28.73782306 29.2472664  28.65084493 30.7445328
 31.98707753 26.3832008 ]",63426.576158201104
2025-06-15 10:48:00+00:00,648,6059.46,9.0,27.876977923485825,27.822875248508943,33.06809145129225,"[25.83648111 26.71868787 26.34592445 26.88643141 27.12872763 27.77485089
 26.29000994 26.94234592 29.09816103 29.16028827 30.1916004  30.25994036
 31.20427435 24.7554672  25.097167   25.569334   26.48260437 26.64413519
 28.36505964 27.28404573 27.45800199 27.74378728 29.30318091 28.07306163
 28.24080517 31.10487078 30.94955268 25.60039761 24.77410537 25.45129225
 25.05367793 27.89910537 26.66277336 27.83697813 27.11008946 27.68787276
 29.29696819 29.43364811 30.6389165  28.71918489 30.5333002  24.90457256
 23.86704771 25.81784294 25.53205765 26.45154076 26.57579523 25.86754473
 28.5390159  28.44582505 27.89910537 30.4276839  27.59468191 29.60139165
 29.2472664  31.1110835  23.75521869 24.38270378 26.35213718 25.83026839
 26.08499006 27.09766402 27.35859841 29.12301193 30.00521869 29.0360338
 28.75024851 30.27236581 31.69507952 31.09865805 26.06013917 25.42022863
 25.45750497 26.87400596 28.08548708 28.81237575 27.58225646 27.38966203
 28.54522863 31.19806163 29.92445328 31.07380716 29.60760437 30.88121272
 22.94756461 25.36431412 24.42619284 26.04771372 26.53230616 26.55094433
 25.78677932 27.46421471 28.35263419 27.04796223 28.64463221 29.71322068
 30.39662028 31.19806163 30.62027833 22.43812127 26.65034791 24.89214712
 26.99204771 27.06038767 26.89885686 28.65705765 26.92370775 28.33399602
 28.04199801 29.98036779 30.7693837  30.18538767 30.02385686 23.9167495
 26.39562624 25.69358847 25.97937376 27.40208748 26.65656064 27.68787276
 28.17867793 27.76242545 29.97415507 28.61356859 30.54572565 30.25994036
 32.00571571 24.19632207 24.58772366 25.11580517 25.22763419 26.71247515
 26.86779324 26.60064612 27.18464215 27.47042744 30.09219682 28.55144135
 30.23508946 31.43414513 30.75074553 26.55715706 24.09070577 24.44483101
 25.57554672 26.31486083 25.68737575 26.98583499 27.24055666 29.13543738
 30.55815109 28.68190855 30.96819085 28.99254473 31.40308151 32.43439364
 26.53230616 26.00422465 25.04746521 26.94234592 27.52634195 27.50770378
 26.79324056 28.222167   27.3026839  28.70675944 28.51416501 29.53305169
 31.98086481 31.55218688 24.9915507  25.49478131 25.82405567 24.51317097
 28.33399602 26.99204771 27.70651093 27.83076541 28.46446322 29.48956262
 30.00521869 32.01814115 28.72539761 30.5333002  25.47614314 25.09095427
 25.55069583 26.44532803 27.61332008 27.50770378 26.51988072 27.22813121
 28.82480119 28.37748509 30.1667495  30.38419483 31.70129225 31.08001988
 33.06809145 25.097167  ]",63154.817340814174
2025-06-15 10:49:00+00:00,649,6124.56,9.0,28.070547151568462,28.025099403578523,33.0991550695825,"[25.19657058 25.61282306 25.45750497 26.27137177 27.24676938 27.9860835
 28.53280318 27.86182903 29.34045726 30.44632207 30.57678926 29.2472664
 31.02410537 25.94209742 24.35785288 26.94855865 26.88643141 27.20949304
 26.20924453 28.27186879 28.35884692 31.19806163 28.60735586 29.55790258
 30.95576541 31.09244533 29.31560636 24.87350895 24.73682903 25.27733598
 26.8305169  26.84915507 28.21595427 28.96769384 28.02335984 27.71893638
 29.90581511 28.37127237 29.10437376 30.39040755 29.45228628 25.16550696
 26.1222664  24.58151093 25.6749503  26.60685885 26.21545726 28.45203777
 28.55144135 27.12251491 28.43961233 29.02982107 30.05492048 28.63841948
 31.3223161  31.75720676 25.7805666  25.28976143 25.99801193 27.86182903
 26.73111332 28.06684891 27.52634195 29.45228628 29.29075547 30.16053678
 29.58275348 30.48981113 33.09915507 30.14811133 25.50099404 25.11580517
 26.71868787 26.51366799 27.34617296 26.58822068 28.21595427 27.09145129
 27.20328032 28.35263419 28.93663022 29.96172962 31.28503976 31.7944831
 26.41426441 26.78702783 25.30218688 25.82405567 26.34592445 26.22166998
 26.99204771 29.45849901 28.07306163 28.01714712 29.35909543 27.97365805
 30.63270378 32.52758449 30.1916004  22.6804175  26.32107356 24.82380716
 27.09145129 26.08499006 27.65680915 28.63220676 26.61928429 27.84319085
 30.68861829 29.16028827 30.49602386 29.64488072 31.61431412 25.23384692
 26.06013917 26.20303181 26.20303181 28.55765408 28.16003976 29.29075547
 25.9917992  28.51416501 27.67544732 29.39015905 31.22912525 30.25994036
 30.37798211 24.4945328  25.66873757 26.95477137 26.71247515 25.71222664
 28.34020875 25.68737575 27.78106362 29.47713718 28.76267396 29.16028827
 29.56411531 31.09865805 30.35313121 23.76143141 27.72514911 26.68141153
 26.3583499  26.3583499  28.24080517 27.29025845 28.52659046 28.01093439
 29.54547714 29.64488072 29.45228628 30.83772366 31.34095427 30.12947316
 23.19607356 25.38916501 27.37102386 26.82430417 27.27162028 27.20949304
 27.70029821 27.45800199 29.90581511 29.66351889 29.30939364 30.84393638
 32.9749006  32.17345924 24.37649105 25.69980119 26.18439364 27.86182903
 25.76192843 29.33424453 26.78081511 26.67519881 28.36505964 29.56411531
 29.75049702 29.73807157 30.89363817 29.5889662  25.58175944 24.63742545
 27.01689861 26.55715706 26.60064612 26.92370775 27.50770378 26.805666
 28.38991054 28.47067594 28.33399602 30.4276839  31.14214712 29.99900596
 31.46520875 24.7306163 ]",63802.42255028744
2025-06-15 10:50:00+00:00,650,6090.34,9.0,27.97101544666294,27.91879970178927,32.732604373757454,"[25.16550696 25.27733598 27.48906561 26.73111332 27.54498012 29.41500994
 27.55119284 29.89338966 29.85611332 30.85014911 29.47092445 31.96222664
 30.57678926 25.07852883 25.82405567 25.45129225 26.2527336  27.20949304
 28.06063618 28.61978131 28.84343936 28.19110338 28.59493042 29.27833002
 30.86257455 30.30964215 31.347167   24.71197813 25.47614314 26.86158052
 27.83697813 26.9609841  26.55715706 28.64463221 27.48285288 29.65730616
 29.85611332 30.59542744 31.53354871 28.76888668 32.40333002 23.79870775
 25.4140159  24.61878728 26.3832008  25.93588469 26.5944334  27.32132207
 25.50720676 28.95526839 28.78131213 30.20402584 30.33449304 30.49602386
 31.18563618 31.3223161  25.76192843 25.01640159 25.57554672 26.67519881
 27.49527833 26.89885686 26.64413519 29.33424453 26.74353877 28.9055666
 29.34666998 28.78131213 29.05467197 30.37798211 25.76192843 25.15929423
 25.03503976 25.4140159  27.87425447 26.41426441 29.2472664  26.4888171
 28.37127237 27.74378728 27.8804672  29.5082008  31.68265408 32.41575547
 24.54423459 24.08449304 26.41426441 24.48832008 26.64413519 27.17842942
 26.74353877 27.90531809 28.73161034 28.92420477 29.09816103 28.91177932
 29.87475149 31.28503976 30.10462227 27.01068588 25.9917992  26.29622266
 24.87972167 24.52559642 26.37077535 27.1722167  29.0111829  28.51416501
 29.25969185 28.89314115 29.04845924 30.97440358 32.73260437 25.64388668
 25.66252485 23.45079523 27.20328032 26.96719682 27.65680915 26.61928429
 27.25919483 28.60735586 29.9555169  29.16650099 29.70079523 30.65755467
 31.23533797 25.53205765 25.32703777 28.38991054 26.43290258 27.13494036
 27.71272366 27.75621272 28.07927435 29.98036779 28.70675944 27.94259443
 29.42743539 29.70700795 30.88742545 22.82331014 26.05392644 25.35188867
 27.45178926 25.8054175  26.58822068 27.58225646 27.70651093 29.07331014
 30.10462227 29.29696819 30.21023857 31.04895626 31.36580517 30.77559642
 25.22142147 26.41426441 26.60064612 27.42693837 27.42072565 26.98583499
 29.12301193 28.41476143 27.8804672  28.75646123 29.34045726 30.44632207
 31.01789264 31.21048708 26.2527336  25.10959245 23.97887674 26.1471173
 25.50099404 26.17196819 27.01068588 27.12251491 26.88021869 27.55740557
 28.68812127 28.84343936 29.5082008  30.81287276 24.82380716 26.43290258
 25.15929423 26.10362823 25.51963221 27.22191849 25.25869781 27.32132207
 28.02335984 30.50223658 30.29100398 29.7194334  30.6389165  29.88096421
 31.67644135 24.17147117]",63469.42927835552
2025-06-15 10:51:00+00:00,651,6047.1,9.0,27.844862030608994,27.784480616302186,32.41575546719682,"[24.68091451 25.76814115 25.72465209 25.569334   26.73111332 27.47664016
 28.79373757 30.47117296 30.63270378 29.66973161 30.44632207 29.35909543
 31.71993042 25.15308151 25.34567594 25.2027833  26.4639662  26.89264414
 25.51341948 27.89910537 29.90581511 28.29671968 28.94905567 30.90606362
 29.17892644 29.90581511 30.65755467 22.96620278 24.39512922 25.48856859
 26.90506958 27.47042744 28.76267396 27.78106362 28.60114314 27.45178926
 29.89338966 29.1416501  29.66351889 30.30342942 32.40954274 24.0472167
 24.88593439 25.81163022 25.73086481 25.32703777 27.48906561 28.47688867
 26.81187873 27.30889662 29.40258449 29.8250497  29.34045726 28.57007952
 29.5082008  31.64537773 26.04150099 25.25869781 25.28976143 26.94234592
 24.84244533 26.84294235 28.22837972 27.93016899 29.80019881 30.37798211
 29.33424453 28.13518887 29.20999006 30.96197813 23.73658052 24.06585487
 24.0472167  24.51317097 28.01093439 25.83026839 28.58250497 29.68215706
 29.47713718 29.5082008  28.99875746 27.89910537 30.44632207 29.55790258
 24.29572565 25.12823062 26.33349901 24.97912525 25.81163022 25.92967197
 26.04150099 29.92445328 28.54522863 29.88717694 31.28503976 28.50795229
 28.61978131 30.17296223 32.41575547 25.18414513 24.12176938 24.78031809
 26.10362823 27.14115308 28.06063618 26.9609841  28.96148111 28.21595427
 29.8499006  31.57703777 29.52683897 29.62624254 30.25372763 24.50695825
 25.72465209 27.47664016 26.43911531 26.66898608 27.14736581 28.08548708
 29.0111829  28.19110338 28.68812127 29.12922465 28.58250497 31.25397614
 30.94955268 24.63121272 24.74304175 26.77460239 25.94209742 27.15357853
 26.49502982 26.2278827  28.5390159  29.38394632 29.57654076 30.78802187
 27.70651093 29.10437376 29.86232604 24.05964215 24.82380716 25.49478131
 25.60039761 25.9917992  25.28354871 26.91749503 26.78081511 29.04224652
 26.81809145 30.57057654 30.78180915 29.25347913 31.69507952 31.47763419
 26.67519881 24.56908549 24.39512922 27.23434394 25.2027833  26.39562624
 28.28429423 27.89289264 28.3277833  27.83076541 30.68240557 29.60760437
 32.06784294 30.12326044 26.8305169  25.63146123 26.21545726 26.76217694
 25.96694831 25.94831014 25.98558648 27.73136183 29.60139165 27.34617296
 27.93016899 30.88742545 29.30939364 30.15432406 26.30243539 26.26515905
 25.52584493 26.91128231 27.07281312 26.30864811 27.14736581 28.49552684
 28.37127237 29.80019881 28.86829026 28.05442346 29.83747515 30.35934394
 29.5082008  24.58151093]",63047.37040960546
2025-06-15 10:52:00+00:00,652,6133.96,9.0,28.10263608057751,28.054299204771368,32.52758449304174,"[25.53205765 25.91724652 27.0666004  27.12251491 27.58225646 25.75571571
 29.43986083 27.47042744 29.2472664  30.4276839  28.98011928 31.29125249
 30.75695825 25.82405567 25.13444334 27.77485089 25.92967197 27.22813121
 27.15979125 29.07331014 27.61332008 29.1167992  28.14761431 28.4333996
 29.55168986 30.29100398 32.52758449 24.05342942 25.26491054 26.60064612
 26.26515905 27.42072565 25.96073559 27.68166004 29.67594433 27.48906561
 27.52012922 30.0611332  31.64537773 30.4276839  30.62649105 23.07181909
 24.51317097 25.89860835 25.18414513 27.53255467 27.50770378 26.8305169
 29.02982107 28.50173956 28.74403579 27.48285288 30.52087475 30.27236581
 32.14860835 29.97415507 26.81809145 25.28354871 25.34567594 28.00472167
 26.4888171  27.83697813 26.87400596 28.71297217 29.00497018 30.89985089
 30.49602386 28.51416501 30.32828032 32.44060636 24.79895626 25.94209742
 26.05392644 26.75596421 27.1722167  26.99826044 28.84343936 27.14736581
 29.31560636 29.35909543 30.71346918 31.42171968 30.42147117 30.00521869
 24.14662028 24.57529821 26.77460239 26.76217694 26.94855865 25.8054175
 26.94855865 28.26565606 28.35884692 30.53951292 30.15432406 28.7999503
 29.97415507 29.42122266 31.95601392 25.68737575 24.40755467 25.76192843
 26.97340954 25.42022863 27.01689861 27.78106362 27.50149105 27.12251491
 28.73161034 29.37152087 29.30318091 30.71968191 30.66998012 24.625
 26.65034791 26.8305169  25.26491054 26.19681909 27.5387674  27.66302187
 26.88021869 30.04249503 28.53280318 29.76913519 29.60139165 29.74428429
 29.22862823 23.75521869 25.76814115 25.40780318 25.49478131 27.5387674
 28.08548708 27.40208748 27.52012922 29.56411531 28.78752485 29.68836978
 31.14835984 30.18538767 30.80044732 23.22092445 24.32057654 26.76838966
 27.19085487 25.79920477 27.78727634 28.47688867 28.96769384 28.01093439
 29.35909543 29.73185885 31.26640159 31.19806163 32.12375746 32.23558648
 24.12798211 25.5444831  26.79324056 27.97987078 27.6195328  28.04199801
 27.20328032 27.83076541 29.96794235 28.68812127 29.3777336  30.00521869
 30.90606362 29.99279324 26.15954274 24.88593439 25.33946322 26.96719682
 28.21595427 28.40854871 29.34666998 29.17271372 28.91799205 28.10412525
 30.95576541 30.11083499 31.0054672  30.85636183 23.30168986 23.97887674
 26.2278827  27.76863817 25.71222664 27.62574553 27.93638171 27.10387674
 27.70029821 29.70700795 30.52087475 28.48931412 31.69507952 30.73832008
 31.6640159  25.79299205]",63909.779271180116
2025-06-15 10:53:00+00:00,653,6147.700000000001,9.0,28.14462646068139,28.096980616302186,33.17992047713717,"[23.85462227 25.35810139 27.45178926 24.7554672  26.29000994 28.15382704
 27.25298211 29.71322068 29.41500994 29.3528827  30.39040755 31.93737575
 32.53379722 25.24627237 25.21520875 27.60089463 26.51366799 29.16650099
 27.90531809 27.52634195 27.99229622 27.76863817 28.94905567 29.1416501
 28.98633201 30.30342942 30.22266402 23.9416004  25.46993042 26.55715706
 26.32107356 27.47664016 27.37723658 28.78131213 27.76242545 28.92420477
 28.30293241 29.01739563 30.35934394 29.60760437 30.89363817 25.08474155
 24.3889165  26.81809145 28.05442346 25.3332505  27.16600398 26.71868787
 27.24676938 28.51416501 28.15382704 29.40879722 29.73185885 32.67047714
 31.72614314 31.45899602 23.96645129 25.71222664 27.5139165  27.25919483
 27.34617296 28.27808151 28.29671968 28.20352883 26.47017893 30.01143141
 31.36580517 31.09865805 31.35337972 29.58275348 24.81138171 25.97937376
 25.72465209 25.73707753 25.83026839 26.84915507 26.58200795 28.3277833
 30.07355865 29.06709742 28.52659046 29.58275348 31.73235586 31.11729622
 25.18414513 27.24676938 25.12823062 24.92942346 25.55690855 26.4639662
 26.74975149 27.68787276 28.33399602 27.63817097 31.27882704 29.65730616
 30.41525845 31.55218688 31.65159046 25.22142147 25.58175944 26.09741551
 27.99229622 26.94855865 27.80591451 27.8804672  29.60760437 29.00497018
 28.71918489 29.68836978 30.46496024 31.29125249 33.17992048 24.92942346
 26.97340954 24.625      27.26540755 26.95477137 27.65680915 27.15357853
 28.7750994  27.3834493  29.40258449 30.49602386 31.50248509 30.34070577
 32.77609344 25.11580517 26.14090457 25.25869781 24.55044732 26.34592445
 26.5695825  28.14761431 29.96172962 28.40854871 28.95526839 29.29075547
 31.52112326 31.10487078 30.04249503 25.19035785 25.95452286 24.71197813
 26.87400596 27.37723658 25.57554672 27.23434394 27.62574553 30.04870775
 29.06088469 28.74403579 29.8250497  31.48384692 32.91898608 31.68265408
 24.55666004 23.68687873 24.77410537 27.15979125 25.99801193 27.89289264
 28.02335984 28.52037773 28.42097416 29.68836978 30.75695825 32.27286282
 31.42171968 29.91824056 24.20253479 23.80492048 26.4888171  26.34592445
 28.222167   27.97365805 28.67569583 27.78106362 29.14786282 28.81237575
 29.57654076 30.63270378 31.08001988 28.89935388 25.44507952 25.16550696
 24.4137674  25.58797217 28.23459245 26.90506958 27.48285288 27.19706759
 29.3777336  28.73161034 30.94955268 28.67569583 30.70104374 31.3223161
 30.56436382 24.32678926]",64050.262286855665
2025-06-15 10:54:00+00:00,654,6145.77,9.0,28.14037060617091,28.09098533797216,32.49652087475149,"[23.76764414 26.45775348 27.3834493  28.52037773 27.79348907 26.32107356
 27.41451292 30.24751491 29.4833499  29.85611332 28.11033797 31.49627237
 32.32256461 24.05342942 24.64363817 27.40208748 26.70626243 25.8054175
 28.37748509 28.81237575 27.52012922 29.27833002 29.07331014 29.70700795
 30.68240557 32.49652087 30.94333996 25.72465209 24.19010934 23.68687873
 25.86133201 28.60114314 26.805666   29.5889662  27.09766402 27.93638171
 28.09791252 29.8499006  29.65730616 30.60785288 31.53354871 24.74304175
 25.51963221 24.89214712 25.74329026 26.07256461 27.37723658 28.39612326
 28.20352883 30.30964215 26.95477137 30.13568588 31.71371769 31.819334
 30.68240557 31.12350895 25.14686879 25.69980119 27.56361829 26.73732604
 26.09741551 27.26540755 27.08523857 27.56361829 29.16028827 27.49527833
 29.1416501  30.79423459 30.96197813 31.68265408 25.92345924 23.63096421
 24.59393638 25.5444831  25.6749503  28.06684891 28.24080517 27.33374751
 29.78156064 28.84965209 30.53951292 28.20974155 29.27833002 32.37847913
 26.20924453 23.71794235 25.6500994  26.76217694 26.9361332  26.13469185
 27.00447316 29.34666998 29.53926441 30.44632207 30.86257455 29.97415507
 30.14189861 31.76341948 29.85611332 24.5193837  26.20303181 26.16575547
 24.69333996 27.44557654 26.48260437 27.8556163  27.5139165  30.40904573
 28.87450298 29.81262425 29.66973161 31.48384692 31.78827038 26.71247515
 25.24005964 26.15954274 28.45203777 27.81833996 27.31510934 28.222167
 30.34070577 29.06088469 29.19135189 28.55144135 30.33449304 32.40333002
 31.75720676 24.4137674  26.8305169  25.9110338  26.40183897 27.55740557
 26.19060636 26.62549702 29.47092445 27.89289264 29.96172962 31.24776342
 28.74403579 29.05467197 31.30367793 25.28354871 25.51341948 25.97937376
 27.02932406 27.31510934 25.97316103 27.80591451 28.06684891 28.36505964
 29.63245527 29.55168986 29.68215706 29.45228628 31.03031809 30.40904573
 25.05367793 25.27112326 25.84269384 25.82405567 25.7805666  28.68190855
 25.68116302 28.45203777 30.10462227 30.7445328  30.39040755 29.86853877
 31.93737575 30.09219682 25.07852883 26.74353877 26.37077535 26.30243539
 26.10984095 26.2527336  27.42072565 28.72539761 28.97390656 28.27186879
 28.37748509 30.80666004 30.11083499 31.01789264 24.92942346 25.3083996
 24.76789264 25.6500994  26.26515905 27.11008946 26.50745527 28.25323062
 28.04821074 28.28429423 30.45253479 28.48310139 30.98682903 31.55218688
 31.39065606 26.3583499 ]",64036.0239000054
2025-06-15 10:55:00+00:00,655,6138.91,9.0,28.121562699378565,28.069675695825048,32.69532803180914,"[27.06038767 26.06635189 26.04150099 26.43911531 26.48260437 27.19085487
 29.24105368 29.73185885 30.2972167  30.16053678 29.60139165 30.81287276
 30.12326044 25.76192843 24.76789264 24.37649105 25.65631213 26.84294235
 26.5944334  27.16600398 28.55765408 28.40233598 30.15432406 31.9000994
 30.0859841  30.07977137 28.98633201 25.10959245 26.10984095 26.63170974
 24.97912525 25.87997018 27.31510934 26.91749503 29.89338966 29.05467197
 29.89338966 27.25298211 31.819334   30.78180915 32.01192843 26.06635189
 24.78653082 25.78677932 26.53230616 26.39562624 27.53255467 27.12251491
 27.81833996 27.91774354 27.84319085 30.02385686 30.52708748 30.32206759
 30.78802187 30.875      24.10934394 26.81809145 26.76838966 25.72465209
 26.8305169  28.86207753 29.25347913 26.95477137 29.81262425 29.28454274
 30.27857853 30.40904573 29.56411531 31.83175944 25.50720676 26.65034791
 25.23384692 26.44532803 26.57579523 26.50124254 27.83697813 26.55094433
 26.27137177 29.04224652 30.80044732 30.67619284 30.86878728 30.48981113
 24.60014911 24.68712724 23.69309145 26.60064612 26.68762425 26.97340954
 28.08548708 27.11008946 28.06684891 29.65730616 29.73807157 30.1667495
 29.99279324 30.97440358 32.62698807 24.30815109 25.53205765 26.58200795
 26.33971173 26.71247515 26.76838966 29.36530815 27.96744533 27.53255467
 28.16625249 29.21620278 29.66351889 31.5832505  31.27882704 26.18439364
 25.28976143 24.23359841 24.86729622 25.63146123 27.74378728 28.24701789
 28.34020875 27.89910537 29.6945825  30.37798211 29.52683897 32.69532803
 30.32206759 25.24627237 25.76192843 25.57554672 25.06610338 25.21520875
 26.27137177 27.30889662 28.61978131 27.99229622 30.0611332  27.3026839
 30.59542744 32.03677932 31.97465209 24.73682903 26.25894632 25.61903579
 26.39562624 28.10412525 26.55715706 27.99850895 28.97390656 26.68762425
 27.97365805 30.94955268 31.83175944 31.63916501 31.53976143 30.89985089
 26.58822068 25.14686879 26.02286282 27.23434394 25.97937376 26.88643141
 26.9609841  29.58275348 27.47664016 29.98658052 30.94333996 31.41550696
 30.25372763 31.62673956 25.53827038 24.58772366 25.28976143 27.00447316
 27.78727634 28.43961233 26.41426441 27.94259443 28.60735586 28.09791252
 29.63245527 30.60164016 30.6637674  31.43414513 24.68091451 25.74950298
 26.17196819 27.01068588 28.64463221 26.81187873 26.76217694 27.25298211
 27.93016899 29.59517893 30.61406561 30.89363817 31.1110835  30.0859841
 30.80666004 26.22166998]",63973.10016704093
2025-06-15 10:56:00+00:00,656,6147.610000000001,9.0,28.14866959914307,28.096701043737575,32.52137176938369,"[25.96694831 26.92370775 27.24055666 28.12897614 28.06684891 27.79348907
 28.4582505  29.46471173 30.0859841  30.52708748 29.96794235 31.23533797
 31.50248509 24.1776839  24.99776342 25.74950298 27.47664016 27.07902584
 26.68762425 29.21620278 28.70675944 29.48956262 28.68190855 31.27882704
 30.85636183 29.93687873 30.42147117 25.22763419 25.75571571 26.21545726
 25.55690855 27.01068588 27.21570577 27.88667992 28.12897614 28.59493042
 28.7750994  30.4276839  29.52062624 31.347167   30.36555666 24.10313121
 23.62475149 26.1471173  25.76814115 27.82455268 26.08499006 26.97962227
 27.86804175 28.81858847 28.12897614 27.3026839  28.97390656 30.52087475
 30.80044732 32.07405567 23.97887674 25.68737575 25.73707753 27.27162028
 25.90482107 27.65059642 27.54498012 28.09791252 29.70079523 29.04224652
 29.59517893 30.30964215 30.04249503 32.52137177 26.51988072 24.4945328
 25.94831014 25.48856859 25.52584493 27.75       27.99229622 29.52062624
 28.98011928 28.48931412 28.94284294 30.15432406 29.86853877 30.402833
 24.38270378 24.84865805 24.31436382 25.92345924 26.52609344 27.12251491
 26.97340954 27.75621272 28.37127237 29.05467197 29.43986083 29.78777336
 30.18538767 30.47738569 31.0054672  23.78628231 25.12201789 25.25248509
 26.82430417 27.47042744 27.71893638 28.38369781 29.01739563 29.1416501
 29.63245527 29.11058648 30.85014911 29.55168986 32.2417992  25.01018887
 27.84940358 25.97937376 25.74950298 27.65680915 26.15333002 27.15979125
 28.35884692 28.55144135 29.1167992  28.65705765 28.23459245 30.80666004
 31.46520875 25.14686879 26.74353877 26.16575547 24.28951292 28.55144135
 27.15357853 26.68762425 28.16003976 30.22266402 29.4833499  28.79373757
 29.57654076 31.97465209 31.96222664 24.35785288 24.16525845 25.81784294
 27.05417495 28.11033797 26.66898608 28.16003976 27.42693837 28.66327038
 30.26615308 29.47713718 28.60114314 30.80666004 31.44657058 30.91848907
 25.08474155 25.17171968 25.79299205 26.79324056 28.12276342 27.08523857
 27.25919483 29.32181909 29.54547714 27.03553678 29.16650099 29.60139165
 31.78827038 30.20402584 26.5695825  24.20253479 27.22813121 27.70029821
 27.44557654 27.56361829 26.0166501  27.69408549 28.29671968 29.24105368
 29.11058648 31.22291252 31.32852883 30.03006958 26.31486083 25.72465209
 26.40183897 26.10362823 26.79945328 27.58846918 27.16600398 28.39612326
 29.4833499  29.86853877 29.1416501  31.73235586 30.6637674  32.49652087
 31.76963221 25.86133201]",64063.789010893066
2025-06-15 10:57:00+00:00,657,6140.8099999999995,9.0,28.130031859696548,28.075577783300197,32.856858846918485,"[25.65631213 26.03528827 26.63792247 26.27758449 29.15407555 27.32132207
 27.32753479 27.91774354 26.53851889 30.84393638 28.84965209 30.40904573
 32.15482107 27.13494036 24.65606362 26.04771372 26.64413519 28.11033797
 28.02335984 25.9917992  27.83697813 27.38966203 29.60760437 30.13568588
 29.85611332 32.51515905 30.73832008 25.70601392 26.96719682 26.18439364
 26.02286282 27.42693837 27.97987078 28.12897614 26.03528827 29.19135189
 29.24105368 29.68215706 30.42147117 30.91848907 29.25969185 23.59368787
 24.91078529 24.34542744 26.40183897 26.79945328 26.40805169 28.01714712
 27.25298211 29.6138171  29.9555169  30.84393638 29.98658052 30.59542744
 30.72589463 31.40929423 24.8610835  25.97937376 27.277833   27.29025845
 26.79945328 27.91153082 27.66302187 29.39637177 28.02957256 28.30914513
 28.50173956 31.12350895 31.75099404 31.37823062 24.69333996 25.89239563
 27.27162028 26.50124254 28.4333996  27.37723658 26.65656064 27.75
 29.52683897 29.04224652 30.66998012 29.81883698 31.93737575 31.19806163
 24.14040755 25.61903579 25.33946322 25.73086481 28.92420477 27.66302187
 28.58250497 29.12301193 27.56361829 28.47688867 29.70079523 31.31610338
 30.90606362 30.52087475 32.85685885 25.76192843 25.65631213 26.51988072
 26.97962227 28.222167   27.75       27.79970179 28.70054672 28.31535785
 27.75       29.97415507 30.86257455 30.03006958 32.30392644 24.71197813
 25.15929423 25.66252485 24.97291252 28.14761431 25.8054175  27.69408549
 26.68141153 26.90506958 28.30293241 29.40258449 30.22887674 30.53951292
 31.09865805 23.54398608 25.65631213 26.03528827 25.35810139 27.13494036
 26.97962227 27.8804672  28.60735586 28.76267396 28.5390159  30.48359841
 30.1667495  30.38419483 30.29100398 24.33300199 25.87375746 24.78653082
 27.53255467 27.90531809 26.98583499 27.84319085 26.55094433 27.29647117
 28.47067594 29.75670974 29.14786282 30.402833   30.02385686 30.16053678
 26.34592445 24.32057654 26.74975149 24.91699801 24.87972167 26.57579523
 29.02982107 28.50795229 29.65730616 31.22912525 30.17296223 30.40904573
 30.26615308 29.81262425 26.79945328 27.15979125 25.97937376 24.92321074
 25.46371769 27.39587475 28.20974155 28.7999503  27.89289264 29.86853877
 28.86207753 29.78777336 31.14214712 31.68265408 24.07206759 26.24030815
 24.84244533 26.2278827  29.58275348 26.07256461 28.55765408 26.92992048
 28.30914513 30.31585487 28.84965209 29.77534791 29.73185885 31.26640159
 31.16699801 24.15904573]",64001.434589800774
2025-06-15 10:58:00+00:00,658,6146.039999999999,9.0,28.146891687921503,28.091824055666006,33.540258449304176,"[26.69383698 25.97316103 28.09791252 27.12251491 28.20352883 27.79348907
 29.43364811 29.53305169 30.34691849 31.0862326  30.71346918 31.67022863
 31.12350895 24.11555666 24.64985089 26.14090457 27.37723658 27.93638171
 27.81833996 25.34567594 28.66327038 28.5638668  29.65730616 29.18513917
 31.54597416 30.4276839  30.41525845 24.4137674  25.8861829  25.74950298
 24.8610835  28.3277833  26.94234592 25.44507952 28.78131213 29.42743539
 29.65109344 30.44010934 29.71322068 28.85586481 30.18538767 25.29597416
 25.23384692 24.78031809 26.38941352 26.88021869 26.31486083 27.77485089
 28.65084493 27.09766402 28.48310139 28.63841948 29.12301193 30.88742545
 31.03031809 30.7693837  24.53802187 26.82430417 25.91724652 25.61903579
 26.43290258 27.8804672  27.18464215 27.44557654 29.45228628 30.61406561
 29.18513917 29.63866799 29.31560636 30.99304175 25.097167   25.00397614
 26.14090457 27.26540755 25.92345924 26.79945328 28.34642147 29.25969185
 29.62002982 28.28429423 29.59517893 31.62052684 31.347167   33.54025845
 24.32057654 24.32057654 25.44507952 26.84294235 28.71297217 27.13494036
 28.91799205 28.26565606 26.7249006  30.48359841 28.89935388 29.1167992
 29.57032803 31.53976143 30.25372763 24.99776342 25.097167   26.32728628
 26.99204771 25.52584493 27.34617296 27.83697813 28.43961233 28.49552684
 29.34045726 30.11704771 30.5333002  30.27857853 31.15457256 26.15954274
 25.85511928 24.83001988 27.75       28.34642147 27.53255467 27.83076541
 29.25969185 27.8556163  29.86853877 29.08573559 30.94333996 31.0054672
 31.7944831  25.96073559 24.66848907 27.17842942 27.75621272 27.24676938
 26.71868787 26.26515905 28.5390159  28.81858847 29.83747515 30.2972167
 29.75049702 31.35337972 29.70700795 24.90457256 24.2584493  25.28976143
 26.88643141 27.41451292 25.55690855 28.15382704 27.48906561 27.79348907
 27.67544732 28.38991054 29.63245527 29.54547714 32.55864811 30.77559642
 26.14090457 25.5444831  26.8305169  26.64413519 26.02907555 28.34020875
 27.66302187 29.65109344 28.44582505 28.94905567 29.72564612 30.40904573
 31.12972167 29.86232604 27.44557654 25.81163022 25.18414513 26.76838966
 25.77435388 25.74329026 26.45775348 26.88021869 28.50795229 30.1916004
 28.64463221 29.19135189 31.347167   32.48409543 23.97266402 24.87350895
 24.18389662 27.26540755 26.15333002 28.96148111 25.70601392 28.94905567
 29.80019881 28.20974155 29.34045726 30.47117296 31.01789264 31.42793241
 30.93712724 25.17793241]",64057.84083111018
2025-06-15 10:59:00+00:00,659,6155.23,9.0,28.175434133709217,28.120371520874752,32.8941351888668,"[23.1277336  25.07852883 26.73111332 26.52609344 27.79970179 28.46446322
 27.60089463 29.17271372 29.9555169  30.5084493  31.62052684 30.00521869
 31.17321074 25.569334   25.51341948 27.01068588 27.72514911 28.24080517
 27.15357853 28.42097416 28.11033797 29.21620278 30.65755467 29.46471173
 31.16699801 31.56461233 31.347167   22.35114314 23.69309145 24.69333996
 26.74353877 27.68787276 26.58822068 29.55168986 27.53255467 28.48310139
 30.19781312 28.80616302 29.27833002 31.75099404 30.71346918 23.35139165
 25.35188867 23.34517893 26.58822068 27.01689861 28.38369781 26.65656064
 27.60089463 27.65680915 29.13543738 29.81883698 31.2415507  29.32803181
 31.53976143 29.77534791 24.63742545 26.97962227 25.65631213 26.60685885
 27.79348907 27.48285288 29.28454274 28.24701789 28.92420477 29.18513917
 29.27833002 30.24130219 30.35934394 32.11133201 24.12176938 24.40755467
 26.09741551 27.79970179 26.07877734 28.5390159  28.50173956 28.18489066
 30.73210736 29.930666   30.95576541 29.62002982 30.94955268 30.5333002
 25.03503976 25.79920477 26.45154076 27.94880716 27.22813121 26.5944334
 26.97962227 27.20949304 28.42097416 28.82480119 28.40233598 29.37152087
 30.35313121 29.19135189 32.09890656 23.62475149 25.14065606 27.23434394
 26.76838966 26.49502982 27.79970179 28.52037773 28.10412525 29.54547714
 29.42743539 30.27236581 31.80069583 30.06734592 32.22316103 24.29572565
 26.21545726 26.19681909 26.56336978 25.74950298 26.84294235 27.93638171
 29.17892644 28.26565606 29.3777336  31.52733598 30.96819085 29.04845924
 32.89413519 25.14065606 26.47639165 25.70601392 26.86779324 27.80591451
 27.8556163  29.09816103 27.78106362 28.54522863 28.39612326 29.46471173
 30.09840954 31.50869781 30.52708748 25.04125249 24.19632207 28.22837972
 25.79920477 26.2527336  28.60114314 27.79348907 27.6195328  27.6195328
 31.93737575 28.75024851 30.02385686 30.52708748 30.81287276 31.47763419
 23.58126243 25.48856859 26.07256461 27.36481113 25.72465209 27.17842942
 27.6443837  29.10437376 27.63817097 29.73807157 29.75049702 30.01143141
 30.18538767 31.15457256 24.32057654 24.55666004 26.05392644 26.38941352
 27.27162028 26.18439364 26.52609344 28.91177932 28.13518887 30.99304175
 29.84368787 31.71371769 30.80044732 29.09194831 25.77435388 27.42072565
 24.56908549 25.09095427 27.48285288 26.86158052 27.20949304 28.03578529
 28.33399602 28.01714712 27.99229622 30.62027833 30.11704771 28.7999503
 32.28528827 25.05989066]",64153.332437737554
2025-06-15 11:00:00+00:00,660,6141.32,9.0,28.135803926441348,28.077162027833,32.83822067594433,"[24.57529821 26.88021869 27.19706759 27.84940358 27.66302187 26.64413519
 26.37698807 30.56436382 29.31560636 29.41500994 30.29100398 28.89314115
 30.62649105 25.08474155 25.23384692 25.09095427 25.83026839 25.72465209
 27.3026839  27.8804672  27.95501988 28.79373757 27.93016899 28.88692843
 29.64488072 30.21645129 29.96794235 24.43861829 26.62549702 24.89835984
 26.43290258 27.36481113 25.43265408 27.01068588 28.36505964 28.98011928
 29.4833499  29.86853877 29.89960239 31.19184891 30.24130219 21.89140159
 24.61257455 25.24005964 25.06610338 26.94234592 26.9609841  27.84319085
 28.71297217 28.63841948 29.04845924 30.86257455 29.02360835 30.53951292
 31.13593439 31.24776342 26.76838966 25.19657058 27.65059642 25.14686879
 27.6195328  27.52634195 27.74378728 27.8556163  30.09219682 30.04249503
 29.52062624 28.9055666  32.38469185 31.81312127 25.68737575 27.09766402
 25.62524851 26.53851889 26.16575547 26.1222664  26.63170974 29.55790258
 28.5390159  29.6945825  29.10437376 29.55168986 31.48384692 31.27261431
 25.25869781 24.25223658 26.91749503 27.01068588 26.97340954 27.34617296
 27.12872763 27.14736581 30.75074553 28.95526839 27.97365805 30.01764414
 29.46471173 31.76341948 32.83822068 24.81138171 24.89214712 25.40159046
 29.76292247 26.88021869 25.81163022 27.86182903 26.9361332  29.98658052
 29.78777336 29.32181909 31.30989066 29.31560636 30.07977137 24.44483101
 26.06635189 24.7554672  26.18439364 27.02932406 27.40208748 28.27186879
 26.94855865 29.62002982 29.3777336  30.66998012 30.86257455 30.45874751
 32.08648111 24.93563618 26.09741551 24.68712724 26.81187873 27.50770378
 27.22813121 28.15382704 29.16650099 30.58300199 29.3777336  29.79398608
 29.42743539 30.45253479 29.4833499  24.23359841 26.87400596 25.10337972
 27.04796223 27.66302187 26.71247515 27.35238569 27.30889662 28.80616302
 28.60735586 29.36530815 28.9055666  31.82554672 31.57082505 31.70129225
 21.83548708 22.73011928 25.05367793 26.31486083 27.47042744 28.11033797
 26.74353877 27.12872763 30.37798211 30.37176938 30.24130219 31.11729622
 31.11729622 32.31013917 24.69333996 25.8054175  26.805666   28.04199801
 27.15979125 27.0417495  27.0666004  27.52634195 27.91774354 30.70725646
 29.97415507 30.96197813 30.67619284 30.47117296 24.00372763 25.79920477
 26.39562624 28.57007952 25.96694831 26.81809145 28.99875746 28.07306163
 28.694334   29.930666   30.71968191 29.8499006  30.28479125 29.81883698
 32.14860835 25.49478131]",64020.74561630218
2025-06-15 11:01:00+00:00,661,6168.1900000000005,9.0,28.21651371306205,28.16062997017892,33.235834990059644,"[24.5193837  27.48285288 27.55119284 26.32107356 27.52012922 28.38991054
 27.47042744 29.66973161 29.10437376 30.03628231 29.60760437 29.53926441
 30.09840954 24.78031809 25.87375746 26.04150099 26.70626243 25.92345924
 28.222167   28.16003976 30.04249503 29.37152087 28.61356859 29.21620278
 30.60785288 29.9555169  31.84418489 24.26466203 25.96073559 26.42047714
 25.19035785 24.18389662 28.07927435 28.29050696 27.44557654 29.0111829
 28.88071571 29.57032803 28.85586481 30.70104374 30.91227634 25.13444334
 24.94184891 25.73086481 26.2527336  28.40233598 26.18439364 28.16003976
 29.18513917 27.20949304 29.57654076 29.22862823 29.43364811 31.71993042
 29.15407555 31.68265408 26.50124254 25.44507952 26.32107356 25.61282306
 27.60089463 29.32803181 29.87475149 29.51441352 30.01143141 29.46471173
 29.34666998 30.17917495 32.32877734 31.35337972 24.45725646 26.86779324
 27.32132207 27.37723658 27.05417495 26.79945328 27.5139165  27.96744533
 28.50173956 28.34642147 29.45228628 31.1110835  30.81908549 30.15432406
 24.35164016 25.05367793 25.68737575 26.47017893 28.222167   27.14736581
 27.14736581 28.52037773 29.42122266 30.91848907 30.43389662 30.45253479
 30.88742545 32.19831014 33.23583499 25.56312127 26.32728628 24.9666998
 25.45129225 28.24701789 26.40183897 28.06063618 29.15407555 27.35238569
 29.97415507 29.0111829  30.72589463 32.2666501  30.65755467 26.43911531
 24.61257455 25.51963221 26.1471173  25.47614314 25.56312127 28.9304175
 27.59468191 27.74378728 29.77534791 29.51441352 31.85039761 31.11729622
 31.94980119 24.00372763 26.06013917 23.4445825  26.51988072 27.58225646
 27.19085487 28.42097416 29.22862823 29.97415507 30.1916004  27.03553678
 30.00521869 30.94955268 30.66998012 24.74304175 25.78677932 25.12823062
 26.58200795 27.01689861 27.39587475 28.34642147 27.00447316 28.42718688
 29.9555169  27.93638171 30.24130219 30.58921471 29.81883698 31.46520875
 25.8054175  24.71819085 26.98583499 25.86754473 26.30243539 26.37698807
 26.98583499 28.38991054 29.73807157 27.62574553 28.27186879 30.17296223
 30.01143141 31.57082505 26.25894632 25.17171968 25.68116302 25.60661034
 27.01068588 27.00447316 28.08548708 26.97340954 28.91177932 29.47092445
 29.73185885 29.56411531 31.46520875 31.64537773 25.32703777 26.50124254
 26.55094433 25.42644135 26.48260437 26.97340954 28.60735586 27.26540755
 30.73832008 30.0859841  31.09244533 30.32206759 32.2417992  29.25969185
 30.91227634 25.61903579]",64290.76827842039
2025-06-15 11:02:00+00:00,662,6170.200000000001,9.0,28.22385695569277,28.166873757455267,32.39711729622266,"[24.9666998  25.24627237 27.56361829 28.73161034 26.39562624 28.47067594
 29.12301193 30.11704771 29.25969185 30.50223658 29.49577535 30.52708748
 31.29746521 25.86133201 23.7055169  24.65606362 25.79920477 27.37102386
 25.46371769 28.55144135 27.37102386 28.91177932 32.19209742 29.55168986
 30.24130219 31.47763419 30.21645129 25.10959245 25.53827038 24.68091451
 27.33374751 25.99801193 28.25323062 27.3834493  27.12872763 29.88717694
 29.54547714 29.89960239 31.1110835  29.20999006 31.13593439 27.20328032
 23.72415507 26.10984095 25.38295229 26.57579523 26.74975149 27.37723658
 26.39562624 28.12897614 27.80591451 30.83151093 31.39065606 29.91824056
 29.30939364 30.91848907 25.34567594 25.86133201 27.65680915 26.78702783
 26.75596421 29.34666998 28.47067594 28.7999503  29.64488072 31.04895626
 30.41525845 29.60139165 30.34691849 31.27261431 25.14686879 24.30193837
 26.58822068 25.02882704 24.63121272 27.71272366 27.78727634 29.66973161
 29.23484095 30.4276839  29.16028827 30.09840954 30.32206759 31.347167
 26.42668986 23.72415507 25.30218688 25.79920477 27.75621272 27.66302187
 27.8556163  28.98633201 28.48931412 29.18513917 29.90581511 30.1916004
 30.5333002  31.16699801 31.14214712 25.45129225 25.15929423 27.73757455
 26.28379722 26.99204771 28.27808151 27.32753479 30.41525845 30.66998012
 29.86853877 32.08648111 31.0862326  29.49577535 32.04920477 23.00969185
 24.71197813 26.79324056 27.47664016 27.97365805 27.75621272 29.27833002
 26.02907555 29.43364811 29.29696819 29.83126243 31.37823062 30.55193837
 30.85014911 25.097167   24.84244533 24.21496024 25.35810139 28.27808151
 27.19085487 28.83101392 29.0360338  28.11033797 28.40854871 31.43414513
 30.04249503 31.89388668 29.22241551 22.75497018 24.92321074 25.84890656
 27.33374751 27.25919483 26.97340954 29.31560636 27.35859841 29.15407555
 27.14115308 30.12947316 29.70079523 31.83797217 32.3971173  31.55218688
 25.94209742 26.65656064 25.66873757 25.74329026 28.01714712 27.55740557
 28.17867793 28.6694831  27.07281312 30.10462227 28.96148111 29.57654076
 30.22266402 31.01789264 23.97887674 24.57529821 25.66873757 26.15954274
 26.45154076 27.58846918 27.23434394 27.59468191 29.98658052 29.11058648
 28.72539761 29.21620278 31.62673956 30.27236581 26.32728628 26.20924453
 25.23384692 24.79895626 27.32753479 28.25323062 28.07927435 28.60735586
 29.96794235 29.00497018 27.90531809 31.06138171 30.00521869 31.28503976
 30.48359841 24.28951292]",64315.33583096573
2025-06-15 11:03:00+00:00,663,6215.46,9.0,28.358829216424024,28.30746769383698,33.838469184890656,"[25.08474155 25.59418489 27.44557654 26.48260437 27.48285288 27.8804672
 28.32157058 28.76267396 30.00521869 30.99925447 29.25969185 29.50198807
 31.91252485 26.41426441 25.08474155 25.4388668  26.88021869 26.22166998
 26.55094433 29.22241551 30.17917495 28.35263419 30.10462227 31.99950298
 29.20377734 30.58300199 31.44657058 24.59393638 25.43265408 27.34617296
 26.86158052 27.74378728 27.1722167  27.89910537 28.64463221 29.05467197
 30.11083499 30.27236581 29.96794235 30.95576541 31.08001988 24.63742545
 24.61878728 25.57554672 25.96694831 27.52012922 28.694334   29.12301193
 29.30318091 30.48359841 28.20974155 29.99279324 30.62649105 29.98658052
 33.83846918 32.07405567 25.3332505  25.45129225 27.96744533 24.16525845
 26.10362823 27.73136183 27.66923459 28.87450298 28.91799205 27.3026839
 30.53951292 31.57082505 31.50248509 31.18563618 26.43911531 27.81833996
 25.25248509 27.49527833 26.99204771 29.48956262 27.14736581 29.10437376
 28.65084493 29.3528827  30.81287276 30.94955268 30.94955268 31.39065606
 23.53777336 24.09070577 24.76167992 26.31486083 25.17793241 27.47042744
 26.09741551 29.06709742 30.09219682 30.57678926 27.76242545 30.01764414
 31.14214712 31.22291252 32.93762425 24.64363817 26.20924453 26.31486083
 26.5695825  28.16003976 28.88071571 27.44557654 29.57032803 27.79348907
 30.37798211 31.36580517 32.31635189 31.96222664 30.11704771 25.55690855
 25.03503976 25.50099404 25.12201789 28.73782306 27.72514911 27.52634195
 26.50745527 27.37102386 30.86878728 29.48956262 32.20452286 32.93141153
 32.14239563 24.64985089 25.69358847 25.94209742 25.5444831  26.52609344
 29.44607356 27.60710736 28.21595427 27.58846918 29.83747515 30.01143141
 30.03628231 30.67619284 31.70129225 23.3389662  26.60685885 25.49478131
 26.78702783 27.50149105 26.65034791 26.42668986 27.91153082 28.68812127
 29.40879722 30.60785288 28.07927435 30.31585487 31.03031809 31.39686879
 25.71843936 24.99776342 26.64413519 26.78081511 27.94259443 25.83026839
 29.83126243 29.07952286 28.67569583 29.96794235 30.58300199 29.73807157
 30.6389165  30.1667495  25.46371769 25.02882704 25.77435388 27.56361829
 27.78106362 26.53851889 29.05467197 29.39015905 29.0111829  29.36530815
 30.25372763 30.0611332  30.52708748 31.95601392 24.65606362 24.48210736
 24.65606362 27.50770378 25.47614314 26.51366799 28.40854871 29.14786282
 27.78106362 31.15457256 28.93663022 30.50223658 29.47713718 29.86232604
 31.2166998  24.55044732]",64766.89902646821
2025-06-15 11:04:00+00:00,664,6208.77,9.0,28.34049110463203,28.286686133200792,33.086729622266404,"[25.08474155 27.31510934 26.79324056 26.19060636 27.43315109 28.01714712
 29.47092445 27.9612326  29.57032803 30.88121272 30.70725646 31.40308151
 32.08648111 25.48856859 24.22117296 26.07256461 26.81809145 25.7805666
 27.25919483 28.70675944 27.56983101 29.44607356 30.27236581 30.47738569
 31.53354871 30.60785288 31.30989066 23.92917495 26.17818091 26.73111332
 27.18464215 26.61307157 28.7750994  27.4083002  28.5390159  30.00521869
 28.98011928 29.34045726 30.0611332  29.42122266 31.89388668 22.95999006
 23.35139165 23.81734592 26.42047714 26.02286282 27.76242545 28.12276342
 29.88096421 29.06088469 28.01093439 30.12947316 30.88742545 29.8250497
 28.89314115 30.57678926 25.35810139 24.4945328  26.9609841  27.84940358
 27.93016899 29.30939364 28.694334   28.86207753 29.14786282 28.33399602
 28.70675944 29.98036779 31.90631213 31.89388668 24.29572565 27.61332008
 26.0166501  26.76838966 28.5390159  27.45800199 27.43315109 28.40854871
 28.85586481 28.6694831  30.55815109 30.01764414 31.28503976 29.33424453
 25.68116302 26.2527336  25.46371769 26.77460239 27.50770378 27.82455268
 27.15979125 29.74428429 28.35884692 29.67594433 29.29075547 30.31585487
 30.32206759 31.1110835  32.85064612 23.63096421 25.97316103 26.47017893
 25.9917992  27.36481113 27.3834493  28.20974155 29.40258449 28.38991054
 30.21645129 29.80019881 30.1667495  30.72589463 33.08672962 24.80516899
 26.85536779 25.42022863 26.73732604 25.82405567 27.72514911 27.22191849
 30.01143141 31.37823062 28.02335984 29.91824056 28.41476143 30.93091451
 31.33474155 25.10337972 26.04771372 27.22813121 27.33996024 26.84915507
 27.66923459 28.0916998  29.41500994 27.86182903 29.68836978 29.01739563
 31.06759443 29.89338966 30.65134195 24.26466203 25.55069583 25.31461233
 26.42047714 26.16575547 26.28379722 27.57604374 27.83697813 28.52659046
 28.87450298 29.35909543 28.50795229 29.73185885 28.87450298 31.77584493
 28.7750994  25.22142147 26.61928429 27.12251491 25.9917992  26.75596421
 27.35238569 27.73757455 28.91799205 30.35934394 30.62027833 30.402833
 31.75099404 31.36580517 26.48260437 25.95452286 26.1222664  26.71247515
 27.35238569 27.14736581 30.10462227 28.71918489 28.41476143 31.88767396
 28.60114314 30.89985089 30.1916004  30.89363817 26.19681909 25.4140159
 25.92967197 25.14065606 27.44557654 27.38966203 28.55144135 29.43986083
 30.55193837 29.02982107 30.09840954 29.91824056 29.74428429 32.12997018
 31.78827038 25.4140159 ]",64705.54703965691
2025-06-15 11:05:00+00:00,665,6200.97,9.0,28.31887365719787,28.262456510934395,34.02485089463221,"[25.58175944 26.41426441 28.27186879 27.86182903 27.48906561 28.73782306
 29.01739563 30.05492048 29.30318091 29.60760437 30.97440358 30.12326044
 32.78230616 25.12823062 25.097167   26.55094433 26.84294235 28.19110338
 27.84319085 27.68787276 28.82480119 28.98633201 29.41500994 30.38419483
 30.59542744 30.82529821 31.50869781 24.24602386 26.14090457 26.7249006
 27.75       26.7249006  27.35859841 29.02360835 29.45849901 28.60735586
 30.5333002  30.19781312 27.94880716 30.21023857 30.86257455 25.02882704
 25.5444831  26.29000994 27.33996024 26.09741551 27.27162028 28.63220676
 27.56361829 27.15357853 29.65730616 30.22266402 28.51416501 30.62649105
 30.71968191 32.26043738 26.37698807 25.45750497 26.57579523 26.40183897
 26.43290258 27.83697813 27.70029821 27.60710736 27.42072565 30.11083499
 30.05492048 29.44607356 31.3223161  29.52062624 24.12176938 25.0723161
 24.96048708 26.50124254 26.85536779 26.36456262 26.99826044 28.1165507
 31.39065606 28.59493042 30.61406561 29.53305169 29.34666998 31.44035785
 23.02833002 23.28305169 23.78006958 26.98583499 25.39537773 26.51366799
 28.58250497 28.36505964 27.49527833 30.57057654 27.63817097 28.40233598
 29.71322068 32.85685885 32.29771372 27.19706759 24.79274354 26.99204771
 27.84940358 27.02311133 28.24080517 28.25323062 30.30342942 29.63866799
 30.43389662 29.09194831 32.72639165 31.819334   32.17345924 26.20303181
 24.45725646 24.84244533 26.33349901 28.52037773 26.73111332 26.77460239
 28.46446322 30.6389165  30.04870775 30.6637674  30.90606362 31.347167
 31.37823062 24.77410537 25.0723161  25.23384692 25.35810139 27.33996024
 27.52012922 28.63841948 29.42743539 28.55765408 27.81833996 30.39040755
 29.89960239 30.18538767 32.07405567 24.89835984 26.26515905 25.63767396
 25.20899602 28.16003976 28.75024851 28.694334   29.43986083 28.79373757
 30.34691849 29.9555169  26.91749503 30.12326044 31.93116302 34.02485089
 26.88021869 26.68141153 27.22813121 26.67519881 25.95452286 28.3277833
 28.97390656 28.04199801 28.49552684 29.22862823 29.48956262 30.67619284
 30.78802187 30.52087475 24.74925447 26.68762425 26.90506958 24.9915507
 25.58175944 26.16575547 27.67544732 27.76242545 28.47688867 30.60164016
 29.60139165 30.5084493  29.42743539 29.76913519 24.86729622 25.73707753
 26.39562624 24.66227634 27.14115308 27.8804672  26.45775348 27.84940358
 29.6138171  28.9304175  29.86232604 31.34095427 30.58300199 31.29746521
 31.80069583 26.02907555]",64633.22370752119
2025-06-15 11:06:00+00:00,666,6213.6,9.0,28.35754232956172,28.301689860834987,33.58996023856859,"[25.53205765 25.31461233 27.01689861 27.00447316 26.99204771 26.94234592
 27.89910537 28.15382704 28.83101392 31.2415507  29.63245527 30.4276839
 31.7944831  23.60611332 25.53205765 24.09691849 25.4388668  27.21570577
 28.20974155 26.85536779 30.75074553 29.27833002 28.89935388 30.17296223
 30.58300199 30.30964215 30.85014911 23.680666   24.37027833 26.79324056
 26.38941352 27.79348907 28.29671968 27.36481113 29.51441352 28.54522863
 28.50173956 30.79423459 30.28479125 30.402833   31.16699801 27.66302187
 25.7805666  25.42644135 25.6500994  27.76242545 26.94855865 26.43911531
 26.49502982 30.22266402 28.70054672 29.35909543 29.25969185 29.33424453
 30.39040755 30.36555666 25.40159046 26.15954274 26.94855865 27.65059642
 28.26565606 28.02335984 29.5082008  30.42147117 28.03578529 28.39612326
 31.06138171 30.72589463 30.09840954 30.68240557 25.69358847 26.82430417
 27.37102386 25.96694831 26.81809145 29.19135189 29.20377734 28.42718688
 29.54547714 28.73782306 29.45849901 30.402833   29.53305169 31.07380716
 26.04771372 25.45750497 24.34542744 26.98583499 26.15954274 27.17842942
 28.34020875 28.85586481 28.92420477 28.3277833  29.42122266 31.01789264
 31.17942346 31.68265408 30.86257455 26.1222664  24.58151093 26.61928429
 25.45129225 27.43315109 27.50770378 29.32181909 29.32181909 29.04845924
 29.90581511 29.39015905 30.40904573 32.1610338  32.0554175  26.1471173
 25.79920477 23.71794235 27.81212724 26.88643141 28.0916998  28.14140159
 29.4833499  30.01764414 30.70725646 30.12947316 30.17296223 30.21645129
 31.4527833  26.20303181 24.67470179 26.66277336 24.17147117 26.2527336
 28.68190855 28.28429423 27.73136183 29.32803181 29.47713718 28.03578529
 30.59542744 31.39065606 32.1610338  24.17147117 25.3083996  24.70576541
 26.79945328 26.77460239 26.91128231 26.91749503 29.11058648 27.97987078
 27.50770378 32.04920477 28.6694831  33.23583499 29.4833499  33.58996024
 25.83648111 26.7249006  25.52584493 26.3832008  27.43315109 28.02335984
 28.17246521 27.83076541 27.63195825 29.2472664  30.53951292 30.75074553
 30.33449304 30.13568588 25.0723161  25.53827038 25.68116302 26.50745527
 25.87375746 28.75646123 29.43364811 27.66302187 29.40879722 30.26615308
 28.50795229 33.35387674 30.60785288 32.83822068 24.27708748 26.56336978
 26.47639165 27.04796223 25.83026839 27.76242545 27.20328032 28.44582505
 29.56411531 29.76292247 30.17917495 30.39040755 31.71371769 32.40333002
 31.47763419 25.50099404]",64762.59361778169
2025-06-15 11:07:00+00:00,667,6244.789999999999,9.0,28.45097864333764,28.398577286282308,33.155069582504964,"[25.51963221 24.64363817 27.70029821 26.55094433 28.48310139 28.78131213
 27.76242545 28.19110338 30.64512922 28.99254473 30.78180915 30.875
 31.44035785 24.89835984 24.58151093 26.42668986 25.14686879 28.34020875
 26.43911531 29.70079523 28.28429423 28.97390656 30.2972167  31.27882704
 31.50248509 31.80690855 32.09269384 27.11630219 26.60064612 24.93563618
 26.36456262 25.87997018 28.91799205 29.11058648 28.81858847 30.65755467
 28.16625249 29.44607356 29.85611332 30.78802187 31.13593439 25.46371769
 25.23384692 26.45154076 27.02311133 27.46421471 26.29000994 27.36481113
 28.63841948 29.09194831 29.25969185 29.68836978 29.3528827  31.72614314
 29.57032803 31.01167992 25.02261431 25.8861829  25.45750497 27.18464215
 28.18489066 28.78752485 27.67544732 30.12326044 30.44010934 30.65134195
 29.68836978 30.19781312 32.42196819 33.15506958 26.23409543 25.68737575
 25.46993042 26.99826044 27.73136183 26.31486083 28.88692843 29.55168986
 28.27808151 31.16078529 29.57654076 30.13568588 32.39090457 30.24751491
 25.29597416 25.3332505  25.77435388 27.06038767 26.8305169  26.64413519
 26.60685885 28.75646123 28.20352883 30.73832008 28.70675944 30.90606362
 30.50223658 30.25372763 30.875      24.89214712 25.31461233 27.22813121
 28.48931412 26.69383698 27.11008946 28.59493042 28.57629225 28.34642147
 29.64488072 31.2415507  31.43414513 33.06809145 31.56461233 23.87326044
 25.18414513 27.5139165  27.18464215 26.75596421 27.41451292 28.48931412
 26.89885686 29.43364811 30.13568588 30.34070577 30.19781312 31.42793241
 31.04895626 24.77410537 23.80492048 27.76242545 27.63195825 27.8804672
 26.60064612 27.18464215 28.1973161  30.64512922 29.80019881 28.29671968
 30.76317097 28.07306163 31.96843936 25.8861829  26.06013917 26.22166998
 28.21595427 26.15333002 27.45800199 27.20328032 28.78752485 28.47067594
 28.14140159 28.78752485 29.90581511 29.5889662  31.12350895 31.30367793
 25.18414513 26.27137177 27.37723658 27.18464215 27.97987078 27.02932406
 28.73161034 26.97962227 29.05467197 29.17892644 30.27857853 31.19184891
 30.50223658 31.76341948 25.32703777 25.96694831 26.31486083 26.20303181
 27.52634195 27.02932406 27.87425447 29.15407555 27.44557654 29.57032803
 30.99925447 30.18538767 29.36530815 32.42196819 25.44507952 25.09095427
 24.88593439 25.15929423 26.51366799 27.82455268 29.77534791 28.99254473
 30.78802187 30.32828032 29.75670974 30.60164016 30.45253479 29.02982107
 31.69507952 26.90506958]",65075.194149150404
2025-06-15 11:08:00+00:00,668,6168.46,9.0,28.227114977566572,28.161468687872762,32.95626242544731,"[25.95452286 26.83672962 25.73707753 26.27758449 28.17867793 29.3777336
 28.19110338 28.04821074 31.26640159 28.60114314 30.06734592 32.27907555
 31.21048708 25.33946322 24.43240557 25.99801193 27.02311133 27.23434394
 27.33996024 28.25944334 28.3277833  28.34642147 29.47092445 30.25994036
 29.04845924 31.13593439 30.0859841  23.09666998 25.14065606 26.33971173
 26.70626243 27.24676938 27.89289264 27.44557654 28.04199801 29.39637177
 29.22862823 29.83747515 29.0111829  30.56436382 29.930666   23.3389662
 23.72415507 24.20253479 26.34592445 26.55094433 27.95501988 26.56336978
 26.92992048 29.04845924 29.83126243 27.09766402 31.2415507  29.02982107
 30.90606362 31.59567594 25.19657058 25.72465209 25.10959245 26.8305169
 27.52634195 27.31510934 29.22241551 28.55144135 27.43315109 29.19135189
 30.34070577 30.52708748 29.18513917 32.95626243 24.91078529 25.11580517
 26.76838966 26.65656064 27.47664016 28.39612326 27.24055666 27.99850895
 29.60139165 29.42122266 31.01789264 31.24776342 28.88071571 32.7388171
 24.68091451 24.50074553 24.2833002  25.77435388 27.59468191 28.17867793
 26.66277336 28.52037773 29.63866799 30.06734592 29.65730616 29.70079523
 31.99329026 31.63295229 32.4778827  25.42022863 26.50124254 26.0166501
 25.07852883 28.02957256 27.32132207 28.4333996  26.43911531 30.7445328
 30.65755467 27.8556163  30.52708748 30.86257455 30.17296223 26.10984095
 25.72465209 27.32132207 24.72440358 26.45154076 27.93016899 27.04796223
 27.50770378 29.47092445 30.55815109 30.69483101 30.14189861 32.4778827
 31.05516899 24.88593439 26.50124254 24.38270378 26.23409543 26.58200795
 27.13494036 28.04199801 27.54498012 26.94855865 28.98011928 28.14140159
 31.37823062 31.23533797 30.96197813 24.70576541 24.71819085 26.65034791
 26.79945328 27.88667992 27.23434394 26.94855865 29.81262425 29.50198807
 29.24105368 31.24776342 29.55790258 29.66973161 31.31610338 32.12375746
 24.79274354 25.76814115 26.50124254 25.42022863 26.04771372 28.00472167
 26.68141153 28.85586481 28.75646123 28.63220676 28.49552684 29.36530815
 30.402833   31.89388668 25.64388668 24.94806163 26.02286282 27.68166004
 28.50173956 27.37723658 27.77485089 28.38991054 29.51441352 29.6945825
 29.62624254 28.63220676 30.35313121 31.61431412 25.65631213 25.097167
 27.49527833 28.06684891 27.29647117 28.39612326 27.15357853 28.33399602
 29.43986083 30.99925447 28.49552684 29.15407555 29.78777336 30.70725646
 30.03628231 26.62549702]",64326.23586894672
2025-06-15 11:09:00+00:00,669,6209.85,9.0,28.350644397245688,28.29004100397614,33.58996023856859,"[25.49478131 27.07902584 27.49527833 27.80591451 27.4083002  29.22241551
 28.47688867 28.01714712 31.11729622 29.27833002 31.2415507  30.25372763
 31.82554672 22.53131213 24.97291252 30.12947316 26.40183897 25.11580517
 26.78702783 27.1722167  28.05442346 27.68787276 28.38369781 30.55193837
 30.34070577 31.2415507  29.94930417 25.16550696 26.53851889 24.66227634
 27.0666004  27.79348907 28.51416501 28.19110338 27.89910537 28.20352883
 28.3277833  30.48981113 30.11704771 30.44010934 31.47763419 25.29597416
 24.71197813 26.26515905 27.66302187 26.9361332  28.07927435 27.91153082
 28.42097416 30.20402584 29.80641153 30.32828032 31.25397614 31.44657058
 33.17370775 31.37201789 24.45104374 26.74353877 26.8305169  28.53280318
 27.05417495 28.24701789 28.25323062 28.13518887 28.33399602 28.81858847
 28.694334   30.71346918 31.40929423 29.89338966 25.94831014 26.24030815
 26.19681909 26.16575547 24.87972167 26.66277336 28.63841948 27.67544732
 28.68190855 28.30914513 31.01789264 31.2166998  30.10462227 30.55815109
 25.79920477 26.71868787 26.40183897 25.72465209 24.95427435 26.45775348
 27.02932406 28.35884692 28.83101392 30.27236581 29.1416501  28.42097416
 29.66351889 32.48409543 30.44010934 25.69358847 25.25248509 27.29647117
 27.97365805 29.06088469 27.65059642 28.49552684 28.1973161  30.62649105
 29.63866799 29.60139165 30.55815109 30.2972167  31.57082505 25.50720676
 26.89885686 26.14090457 27.70651093 28.42718688 27.3834493  27.50770378
 28.62599404 29.4833499  29.21620278 29.7194334  30.62027833 28.86207753
 33.58996024 25.00397614 25.04125249 23.49428429 25.25248509 27.60710736
 27.60710736 28.38991054 28.08548708 29.55790258 30.26615308 28.37127237
 28.40233598 30.40904573 32.64562624 24.91699801 25.08474155 25.13444334
 26.35213718 27.58225646 26.32107356 27.92395626 29.12301193 29.3528827
 29.24105368 30.66998012 29.60139165 31.39686879 31.35337972 31.71371769
 23.9416004  25.17793241 26.32728628 27.79348907 26.45775348 28.78752485
 27.08523857 27.49527833 28.71918489 28.22837972 30.20402584 31.80690855
 31.94358847 31.20427435 25.55690855 26.44532803 27.25298211 25.55690855
 26.3832008  27.87425447 28.46446322 28.59493042 29.79398608 28.11033797
 28.60114314 30.46496024 30.49602386 30.94333996 25.61282306 24.77410537
 26.20924453 28.01714712 26.5695825  27.73136183 27.37723658 27.6195328
 28.13518887 29.6138171  28.52037773 30.55193837 31.23533797 30.54572565
 32.12997018 25.25248509]",64739.51589542518
2025-06-15 11:10:00+00:00,670,6220.37,9.0,28.383071287026674,28.322719930417488,32.7139662027833,"[24.35785288 25.72465209 26.74353877 25.62524851 28.44582505 28.94905567
 28.80616302 28.75646123 31.1110835  28.96769384 30.52087475 32.04299205
 32.6332008  25.60039761 25.30218688 25.50720676 26.65656064 27.26540755
 27.67544732 27.55740557 27.14736581 28.88692843 28.99254473 29.07331014
 29.0360338  31.6640159  31.1110835  25.37673956 25.73086481 26.79324056
 27.58225646 27.1722167  29.42122266 28.99254473 28.16003976 29.85611332
 31.30989066 30.30342942 29.70700795 30.72589463 32.68290258 25.3083996
 25.47614314 26.71247515 28.36505964 26.82430417 26.53851889 28.58250497
 29.07952286 28.93663022 28.75646123 30.04249503 29.12922465 30.18538767
 30.35934394 31.2166998  26.4639662  24.78031809 26.35213718 26.27758449
 26.29000994 28.05442346 28.25323062 28.99254473 29.43986083 29.80641153
 31.347167   30.402833   31.6888668  30.39662028 25.06610338 24.8610835
 26.0166501  25.85511928 25.6500994  28.7999503  26.35213718 28.5638668
 29.75049702 30.01143141 27.8556163  30.16053678 30.00521869 30.18538767
 25.37052684 24.46346918 24.85487078 25.70601392 25.96073559 27.93638171
 28.22837972 27.41451292 31.20427435 28.50173956 30.02385686 29.34045726
 32.45924453 31.53354871 32.01192843 25.8861829  25.90482107 24.78031809
 25.87997018 26.51366799 29.3777336  28.34642147 27.71893638 29.39637177
 29.70079523 29.93687873 30.89985089 30.75695825 32.7139662  27.5387674
 24.71819085 26.8305169  27.03553678 28.61978131 27.46421471 29.62624254
 28.27186879 30.26615308 28.96148111 29.70700795 31.04274354 32.00571571
 32.08648111 27.32132207 25.04746521 26.24030815 25.30218688 26.02286282
 26.56336978 27.70029821 27.65059642 27.01689861 30.91848907 30.10462227
 29.42743539 31.10487078 30.86257455 26.00422465 25.51341948 27.23434394
 26.81187873 28.06063618 26.29000994 27.40208748 27.52012922 28.68190855
 29.09194831 30.7445328  29.56411531 30.93091451 30.76317097 30.47738569
 24.9915507  26.40805169 27.76863817 25.64388668 26.4639662  27.14115308
 27.86182903 29.63245527 28.1973161  28.86207753 30.32828032 31.01167992
 31.04895626 31.78205765 25.90482107 26.2278827  23.71794235 27.00447316
 27.41451292 26.71868787 28.21595427 27.50149105 29.73185885 29.29075547
 31.23533797 30.12326044 30.24130219 30.0859841  25.75571571 24.54423459
 26.82430417 24.26466203 26.48260437 27.50770378 28.30293241 28.7750994
 29.19756461 28.79373757 30.17917495 29.92445328 30.875      30.69483101
 32.40333002 24.92321074]",64848.00329787645
2025-06-15 11:11:00+00:00,671,6226.42,9.0,28.402303175271943,28.3415134194831,33.037027833001986,"[27.75621272 27.02311133 25.22142147 27.19085487 27.12251491 29.37152087
 27.86182903 29.52062624 29.79398608 31.37201789 30.12326044 31.32852883
 31.35959245 24.73682903 25.9110338  26.70626243 26.63170974 26.19060636
 26.94234592 26.32107356 30.4276839  28.30293241 30.00521869 29.8250497
 29.30939364 32.56486083 31.12972167 23.55019881 24.85487078 27.15979125
 26.40183897 27.3834493  28.58250497 27.17842942 26.68762425 29.15407555
 30.71968191 30.44010934 30.34070577 31.65159046 31.44657058 23.79249503
 26.58200795 25.24627237 26.24652087 26.31486083 27.24676938 27.66302187
 28.40854871 26.76217694 30.12326044 29.76913519 29.62624254 31.03031809
 31.4527833  31.85039761 25.2027833  26.67519881 26.42047714 25.35810139
 28.12897614 27.69408549 27.59468191 28.94284294 30.05492048 29.83126243
 31.98086481 30.37798211 30.0859841  30.72589463 23.88568588 25.19657058
 26.45775348 25.83026839 27.33374751 26.79324056 27.55119284 26.79324056
 30.99304175 27.96744533 29.27833002 29.86232604 30.77559642 30.35313121
 23.54398608 24.21496024 26.9361332  25.40159046 28.54522863 26.61928429
 27.48285288 27.65680915 29.26590457 28.78131213 27.91153082 30.89363817
 29.98036779 30.71968191 31.02410537 24.30815109 25.98558648 25.50099404
 28.58871769 27.48285288 28.04199801 26.9609841  28.68812127 30.42147117
 30.80044732 29.60760437 31.34095427 32.06163022 32.09890656 24.4137674
 27.15979125 26.5944334  26.17196819 26.45154076 28.07306163 27.66302187
 27.8556163  29.42122266 27.32132207 30.42147117 30.01764414 32.31013917
 30.71968191 24.56287276 24.94806163 25.60661034 26.48260437 27.49527833
 25.17793241 29.1167992  28.55765408 29.68215706 29.66973161 29.49577535
 29.33424453 30.94333996 32.08648111 26.04150099 24.7306163  27.26540755
 25.92345924 27.65680915 26.20303181 27.96744533 28.70675944 27.70029821
 29.92445328 29.62624254 30.19781312 30.40904573 31.2166998  32.53379722
 25.17171968 25.2027833  26.42668986 27.76863817 26.04771372 28.16003976
 27.86804175 27.32132207 29.59517893 30.99304175 29.94930417 31.40308151
 31.76341948 33.03702783 25.12201789 24.58151093 27.0666004  27.84319085
 27.94880716 27.72514911 28.47067594 29.10437376 28.55144135 29.47713718
 30.03006958 29.71322068 31.75099404 31.80690855 25.76814115 26.71868787
 25.24005964 26.99826044 27.23434394 28.1973161  26.66898608 28.78131213
 30.7445328  30.72589463 30.57057654 30.55193837 31.81312127 31.12972167
 32.07405567 24.60014911]",64912.34550318982
2025-06-15 11:12:00+00:00,672,6234.57,9.0,28.42772839310081,28.36683026838966,33.061878727634195,"[25.28354871 27.22813121 27.63195825 25.25248509 29.11058648 26.35213718
 30.06734592 28.13518887 29.50198807 29.92445328 32.26043738 29.2472664
 32.02435388 25.04125249 24.71197813 24.94184891 27.18464215 27.84940358
 27.60089463 28.5390159  28.35884692 29.2721173  29.05467197 28.81237575
 29.70079523 31.98707753 30.59542744 25.37673956 25.44507952 27.83697813
 26.56336978 26.07256461 27.44557654 28.82480119 29.34666998 28.07927435
 29.09816103 29.99900596 31.26640159 31.02410537 32.22316103 24.84244533
 26.75596421 25.99801193 27.10387674 27.11008946 27.99229622 27.55119284
 28.78131213 28.38991054 29.3528827  31.19184891 29.70700795 29.12922465
 31.17321074 32.9500497  25.63767396 24.64363817 26.49502982 26.20924453
 27.4083002  28.87450298 27.99229622 28.84343936 28.75024851 29.12922465
 30.75074553 30.59542744 30.90606362 30.83151093 24.10934394 26.12847913
 26.47017893 26.53851889 28.73782306 29.12922465 29.17892644 27.20949304
 30.61406561 29.18513917 31.99950298 30.44632207 30.54572565 31.70129225
 22.6555666  24.64985089 25.81784294 26.45154076 26.88021869 27.63817097
 28.14140159 29.22241551 29.25969185 27.52012922 30.84393638 29.62002982
 31.19806163 31.9249503  31.22291252 25.19657058 25.3332505  27.58846918
 27.70651093 28.04199801 29.08573559 28.50173956 26.09120278 28.0916998
 29.89338966 27.82455268 30.42147117 30.9806163  30.94333996 24.66227634
 24.02236581 26.42047714 26.06013917 26.73732604 27.37723658 28.95526839
 28.42718688 28.5390159  28.91177932 30.96197813 29.73807157 30.71968191
 32.16724652 24.99776342 27.22191849 25.45750497 24.93563618 27.79348907
 28.30293241 29.06709742 28.06063618 30.29100398 29.12301193 28.78752485
 30.83151093 30.25994036 30.77559642 25.58175944 27.6195328  25.45129225
 25.76814115 27.6195328  26.60685885 28.63220676 27.66302187 28.85586481
 28.43961233 30.27857853 29.91824056 32.90034791 31.75720676 32.37847913
 25.60661034 25.21520875 27.16600398 25.19035785 26.61307157 28.58250497
 29.07331014 28.43961233 28.31535785 29.15407555 28.52037773 31.29125249
 30.55815109 33.06187873 25.40780318 23.73658052 26.86779324 27.67544732
 26.8305169  27.41451292 28.83722664 28.91799205 28.6694831  27.35238569
 29.32181909 30.98682903 29.4833499  32.01192843 26.67519881 24.2584493
 25.74950298 26.26515905 27.93638171 27.6443837  28.59493042 28.88692843
 28.04199801 29.44607356 31.43414513 30.90606362 30.03628231 30.88742545
 31.84418489 25.27112326]",64997.40811195808
2025-06-15 11:13:00+00:00,673,6259.16,9.0,28.5016648815471,28.443215705765407,33.0743041749503,"[25.61903579 24.9666998  28.06684891 26.1222664  28.14761431 27.75621272
 29.1416501  29.50198807 30.53951292 31.83175944 30.43389662 29.81262425
 31.35959245 25.14686879 25.28354871 27.13494036 27.58846918 25.97937376
 28.96769384 26.86158052 28.68812127 29.12922465 29.30939364 31.22291252
 30.80666004 29.70700795 30.57057654 24.625      26.74975149 26.19060636
 26.94855865 25.94831014 28.85586481 27.14115308 27.68166004 29.65109344
 29.08573559 30.23508946 28.60735586 32.69532803 30.7445328  25.50099404
 24.45104374 27.06038767 26.45775348 28.26565606 26.86779324 28.33399602
 29.55168986 29.87475149 28.27808151 28.94284294 31.63295229 30.1667495
 30.90606362 32.22316103 26.23409543 25.4388668  26.21545726 27.75
 28.27808151 28.48310139 28.66327038 27.73136183 26.77460239 29.83747515
 28.7750994  32.06784294 30.6389165  31.35337972 24.58772366 24.8610835
 25.50720676 27.57604374 27.42072565 27.8556163  29.64488072 27.83697813
 27.60710736 30.85014911 32.3971173  30.02385686 31.18563618 31.25397614
 25.2027833  25.58797217 26.10362823 24.22738569 26.69383698 25.56312127
 28.85586481 29.67594433 29.48956262 29.29075547 30.65755467 30.65134195
 30.76317097 31.40929423 30.98682903 25.51963221 27.01689861 26.0166501
 27.59468191 28.52037773 27.37102386 28.15382704 28.84965209 29.33424453
 30.55193837 29.34045726 29.59517893 31.09244533 33.07430417 25.9110338
 25.51341948 27.56361829 26.74353877 28.12897614 27.83076541 28.9304175
 28.5638668  30.402833   28.68190855 29.42743539 30.46496024 31.65780318
 30.80044732 26.64413519 25.65631213 26.62549702 27.37723658 27.08523857
 27.70029821 28.40854871 28.29671968 28.07927435 30.41525845 31.22912525
 29.96794235 30.32206759 30.97440358 23.82355865 27.04796223 25.35810139
 25.99801193 28.19110338 27.02932406 28.27808151 28.39612326 28.11033797
 28.92420477 29.40879722 28.79373757 29.51441352 31.54597416 32.72639165
 24.87972167 26.69383698 25.17171968 27.0417495  26.70626243 28.14761431
 26.4888171  28.45203777 30.32828032 30.78180915 30.85014911 30.12947316
 30.04249503 31.22912525 23.56262425 26.8305169  26.96719682 27.78727634
 27.80591451 29.22862823 27.1722167  28.12276342 27.25919483 28.61356859
 31.1110835  31.819334   31.20427435 30.47117296 25.02261431 25.68737575
 27.42693837 27.25919483 27.42072565 26.71247515 28.04821074 29.35909543
 29.54547714 29.92445328 30.89363817 28.40233598 29.38394632 31.60810139
 31.88767396 25.2027833 ]",65244.770027703984
2025-06-15 11:14:00+00:00,674,6281.49,9.0,28.5689280966292,28.512580765407556,33.47813121272365,"[25.46993042 28.63841948 26.13469185 27.53255467 27.46421471 27.24055666
 30.05492048 30.60164016 27.68787276 29.29696819 31.12350895 31.42793241
 33.47813121 26.04771372 27.5139165  27.80591451 27.53255467 27.28404573
 27.40208748 28.694334   27.71272366 27.99229622 30.25372763 29.89338966
 31.12972167 29.5889662  31.30367793 25.38295229 26.99826044 25.42644135
 25.6749503  26.97340954 27.07902584 28.71297217 27.97987078 29.54547714
 30.58300199 30.02385686 30.19781312 30.65755467 30.81908549 26.43911531
 25.51341948 24.27087475 27.09766402 26.44532803 28.12897614 28.55144135
 27.11630219 28.63220676 29.39015905 30.29100398 30.70104374 31.02410537
 32.22316103 31.0054672  24.17147117 24.4137674  26.29000994 26.20303181
 26.92992048 25.46371769 28.17246521 28.59493042 29.76292247 29.55168986
 29.83747515 28.41476143 31.31610338 31.33474155 24.48832008 25.20899602
 24.65606362 27.73136183 25.28354871 28.14140159 27.45178926 30.38419483
 29.76913519 29.16650099 29.75049702 29.59517893 32.16724652 32.28528827
 26.63792247 25.30218688 25.35810139 27.59468191 27.01689861 27.5139165
 28.89935388 29.63245527 30.99304175 27.65059642 30.82529821 30.10462227
 29.55790258 29.50198807 32.64562624 24.5193837  26.0166501  25.57554672
 27.41451292 29.32181909 27.62574553 27.57604374 30.05492048 28.9055666
 29.66351889 31.22912525 30.69483101 32.68290258 33.27932406 24.22738569
 26.56336978 26.13469185 26.50124254 27.09145129 27.57604374 28.29671968
 29.70700795 28.70675944 30.15432406 31.53354871 31.68265408 29.55168986
 31.39065606 24.19010934 26.3583499  26.82430417 25.87997018 26.68141153
 26.91128231 27.35859841 28.14140159 30.09840954 30.27236581 29.44607356
 29.62624254 30.75695825 32.19831014 26.26515905 25.58175944 26.92370775
 28.222167   27.70029821 26.61307157 29.90581511 29.43364811 27.65059642
 28.63220676 29.22241551 30.01764414 32.6332008  31.76341948 32.47166998
 24.04100398 24.52559642 27.50770378 27.27162028 26.09741551 27.79348907
 28.94284294 28.86207753 28.25323062 30.06734592 31.59567594 31.03031809
 32.92519881 31.82554672 26.47017893 26.85536779 25.12823062 27.05417495
 27.6443837  27.89910537 26.89264414 27.78727634 29.14786282 29.20377734
 29.3528827  31.28503976 31.37823062 33.03702783 25.14065606 25.28976143
 26.79324056 27.95501988 28.01714712 29.36530815 28.04821074 29.65730616
 29.49577535 29.16650099 29.76292247 31.37823062 30.86878728 30.34070577
 29.62624254 25.31461233]",65469.80584008265
2025-06-15 11:15:00+00:00,675,6237.0,9.0,28.438998628634835,28.374378727634195,32.98732604373757,"[24.4945328  25.93588469 27.07281312 27.3026839  27.69408549 29.17271372
 28.05442346 28.1973161  28.67569583 30.25372763 30.63270378 30.45253479
 31.64537773 24.76789264 25.24005964 25.69358847 24.7306163  27.33996024
 26.37698807 28.62599404 28.85586481 29.84368787 28.6694831  30.21645129
 30.99304175 31.01789264 31.63916501 26.30243539 25.92345924 25.42644135
 26.98583499 27.67544732 28.04821074 27.72514911 31.29746521 28.37748509
 28.02957256 28.65084493 30.2972167  31.26640159 31.04895626 25.84890656
 24.81138171 23.81734592 25.56312127 27.5139165  30.402833   28.62599404
 28.61978131 28.04199801 29.07331014 31.06138171 30.53951292 31.48384692
 31.20427435 32.98732604 26.40805169 25.25248509 25.71222664 26.63170974
 26.62549702 26.62549702 30.07355865 28.84965209 31.22912525 29.02982107
 30.45253479 29.41500994 30.68240557 32.08026839 25.06610338 26.55715706
 26.79324056 26.40183897 28.01093439 29.32803181 28.04821074 30.03006958
 27.76242545 28.85586481 29.72564612 30.39040755 31.62673956 31.37823062
 26.17818091 25.22142147 25.48856859 27.20328032 28.16003976 26.99204771
 28.40854871 27.8804672  30.04249503 28.58871769 32.02435388 29.8250497
 30.34070577 30.55815109 30.1667495  25.48856859 27.52634195 25.04746521
 28.35263419 27.93016899 28.06684891 27.8556163  30.88742545 28.7999503
 29.62002982 30.60785288 30.89363817 31.94358847 28.73161034 24.37027833
 27.68166004 26.69383698 27.15357853 25.97937376 26.31486083 28.74403579
 29.87475149 28.70054672 27.32132207 29.49577535 29.98658052 32.14860835
 31.74478131 26.45154076 25.73086481 28.14761431 26.3832008  27.43936382
 25.6500994  28.65705765 28.71297217 30.17296223 30.38419483 28.09791252
 30.04249503 31.30367793 29.9555169  25.6749503  25.52584493 25.24005964
 24.82380716 26.8305169  26.61307157 26.69383698 28.45203777 29.05467197
 30.6637674  29.5889662  28.68812127 29.930666   31.14214712 30.61406561
 26.30243539 27.57604374 26.51988072 25.48856859 26.34592445 27.70651093
 28.40854871 28.7750994  29.40258449 28.70675944 28.96769384 28.04821074
 29.65109344 31.22912525 25.60661034 24.89835984 27.26540755 25.81784294
 28.47067594 28.24701789 27.87425447 29.01739563 29.88717694 30.82529821
 30.80666004 29.55790258 30.88121272 30.25994036 25.2027833  24.28951292
 25.86754473 26.42047714 27.03553678 26.57579523 28.43961233 26.27758449
 30.09219682 29.62624254 30.11704771 30.35934394 31.35959245 32.34741551
 31.76963221 25.55690855]",65035.11381196071
2025-06-15 11:16:00+00:00,676,6286.37,9.0,28.58605015937807,28.5277398111332,34.14289264413519,"[25.02882704 26.62549702 26.32107356 27.45800199 27.29647117 28.91177932
 29.12922465 30.22887674 31.31610338 30.01764414 31.05516899 31.42793241
 31.06138171 25.73086481 25.17171968 25.85511928 25.87375746 26.09120278
 26.63792247 29.26590457 27.76863817 30.45253479 30.99925447 29.90581511
 31.6888668  31.42171968 31.68265408 26.26515905 25.25248509 27.35238569
 25.97316103 27.58225646 28.15382704 27.9612326  29.07952286 30.4276839
 29.91202783 29.97415507 31.9000994  30.22887674 30.09840954 24.8610835
 26.40183897 26.15333002 27.43315109 26.83672962 28.24080517 27.78727634
 28.70675944 29.19135189 26.90506958 30.11704771 30.14189861 30.95576541
 31.6640159  32.7388171  25.92345924 24.92321074 26.47639165 26.63792247
 28.47688867 28.48310139 26.97340954 29.23484095 28.82480119 29.99279324
 30.58300199 32.80094433 31.12972167 34.14289264 25.05989066 27.74378728
 28.09791252 26.97962227 26.07256461 27.44557654 28.40233598 28.16625249
 28.96769384 27.42693837 30.79423459 30.62027833 31.28503976 31.41550696
 26.00422465 26.5695825  26.805666   26.1222664  27.19706759 27.81833996
 28.49552684 30.47738569 30.55193837 30.22887674 29.75049702 30.11704771
 30.22887674 30.86878728 29.70079523 23.55019881 25.94209742 26.56336978
 28.42097416 29.7194334  27.99850895 27.93016899 27.69408549 29.67594433
 29.76292247 29.48956262 31.53976143 31.47763419 32.08026839 24.38270378
 26.22166998 26.16575547 25.13444334 28.04199801 27.75621272 26.84294235
 27.34617296 29.06709742 29.47092445 30.58300199 30.1916004  31.18563618
 30.60164016 25.92967197 24.04100398 24.60014911 26.15954274 27.87425447
 27.31510934 27.11630219 27.94880716 29.73807157 30.27857853 30.68240557
 29.18513917 31.17321074 32.29150099 26.81809145 24.94184891 27.58846918
 27.14736581 25.48856859 28.37748509 27.19706759 28.38991054 28.48931412
 28.13518887 29.36530815 28.3277833  31.37201789 32.93141153 31.86282306
 25.56312127 26.27758449 26.7000497  27.32753479 28.00472167 26.28379722
 27.8556163  28.75024851 28.20974155 30.22887674 31.96222664 31.28503976
 31.94358847 32.17345924 26.01043738 26.61307157 25.97316103 25.68737575
 27.3026839  27.86804175 27.09766402 27.68166004 32.17345924 28.95526839
 30.1667495  30.43389662 31.21048708 30.95576541 24.64985089 27.09766402
 26.08499006 26.10362823 26.04150099 26.54473161 27.37723658 28.76267396
 28.13518887 29.99279324 29.77534791 32.14860835 31.93737575 29.99900596
 32.0305666  25.83026839]",65527.089413215275
2025-06-15 11:17:00+00:00,677,6286.9,9.0,28.588968721643106,28.52938618290258,33.02460238568588,"[26.21545726 26.54473161 27.1722167  26.1222664  26.805666   28.38991054
 28.40233598 29.20999006 29.85611332 31.95601392 29.68836978 30.47738569
 32.59592445 24.27087475 26.62549702 26.79945328 25.95452286 26.84915507
 27.02311133 27.37723658 27.93016899 28.74403579 29.88096421 30.96197813
 31.16078529 31.39065606 31.88146123 24.39512922 26.40183897 25.51963221
 26.77460239 27.42693837 27.88667992 30.30964215 28.68812127 30.99304175
 29.62002982 30.93712724 30.79423459 29.90581511 30.95576541 25.26491054
 24.92942346 27.0666004  27.69408549 27.35859841 27.75       28.24080517
 29.89960239 29.02360835 28.88692843 28.58250497 31.62052684 31.17942346
 31.35959245 32.4778827  24.53802187 26.15333002 27.6443837  28.00472167
 28.14761431 27.84940358 29.53926441 28.694334   30.81908549 30.21645129
 29.98036779 29.58275348 30.17917495 32.12375746 25.49478131 26.11605368
 26.95477137 27.09145129 28.62599404 27.03553678 28.65084493 28.17867793
 28.96148111 27.57604374 30.78180915 31.52112326 30.77559642 31.54597416
 24.54423459 24.29572565 25.98558648 25.85511928 27.22813121 29.56411531
 28.05442346 29.49577535 28.03578529 30.65755467 28.98633201 30.1667495
 31.70750497 31.53354871 31.75720676 25.00397614 24.15904573 27.56361829
 27.33374751 26.86779324 29.10437376 27.45178926 27.75621272 30.4276839
 30.19781312 31.23533797 30.1916004  29.75049702 32.22316103 26.57579523
 25.73086481 27.44557654 27.05417495 28.02957256 27.76863817 28.31535785
 28.43961233 29.92445328 28.73782306 31.10487078 29.3528827  32.55864811
 31.78205765 24.64363817 23.95402584 27.37102386 27.48906561 28.25944334
 27.20328032 28.89314115 28.52037773 29.41500994 29.01739563 29.63866799
 29.22862823 31.25397614 30.07977137 24.24602386 26.17196819 24.25223658
 26.36456262 25.91724652 28.96769384 26.56336978 28.7999503  30.39662028
 29.94309145 29.29075547 29.29696819 31.60188867 30.79423459 30.06734592
 24.89214712 25.097167   27.33374751 27.6443837  28.05442346 26.3832008
 28.4582505  29.02360835 30.11083499 30.29100398 30.98682903 30.88121272
 30.37798211 31.17942346 26.45154076 25.55690855 26.27137177 26.09741551
 27.81212724 27.52634195 28.52037773 28.72539761 29.42122266 30.57057654
 30.22887674 32.68911531 33.02460239 31.35959245 23.73658052 24.55044732
 26.55094433 26.02907555 26.94234592 26.83672962 28.48310139 27.88667992
 27.82455268 30.60785288 29.41500994 31.63295229 29.74428429 31.80690855
 31.96222664 24.28951292]",65536.85375512917
2025-06-15 11:18:00+00:00,678,6295.9400000000005,9.0,28.616996647991943,28.557467693836976,33.94408548707753,"[24.41998012 26.53851889 25.63767396 27.96744533 27.44557654 29.13543738
 27.9612326  30.91848907 30.24751491 29.86853877 32.27907555 31.44035785
 30.77559642 24.63121272 25.49478131 26.91749503 27.06038767 25.20899602
 28.22837972 28.05442346 29.85611332 29.94309145 30.22266402 29.1416501
 31.72614314 30.5333002  32.7388171  24.10313121 26.07877734 25.33946322
 25.96694831 28.222167   27.50770378 28.57629225 28.57007952 29.5082008
 28.64463221 29.32803181 32.15482107 30.07355865 31.49627237 26.89264414
 24.65606362 26.53851889 27.75621272 25.90482107 28.03578529 26.47639165
 29.55168986 29.78777336 30.79423459 29.08573559 30.80044732 31.40308151
 31.80690855 33.27311133 25.2027833  25.37673956 26.29000994 28.14761431
 28.76888668 28.34642147 28.04199801 28.48931412 28.57007952 27.83697813
 31.60810139 30.81908549 32.16724652 33.14885686 25.92345924 27.26540755
 26.31486083 26.81187873 27.89910537 28.78752485 29.93687873 28.70054672
 28.71297217 29.63245527 30.03006958 29.16028827 30.402833   33.94408549
 24.94806163 26.10984095 26.16575547 26.94855865 25.23384692 26.36456262
 28.14140159 28.88071571 29.22862823 30.01143141 29.98658052 30.37176938
 30.32828032 30.51466203 32.62698807 25.43265408 26.78081511 25.8054175
 25.5444831  25.89239563 28.91177932 28.03578529 28.86207753 28.33399602
 29.8250497  30.70104374 30.44010934 29.9555169  32.31013917 23.97887674
 25.81163022 25.8861829  27.41451292 27.36481113 28.26565606 28.83101392
 28.78131213 30.04870775 31.63295229 30.50223658 31.01789264 30.6389165
 32.19209742 23.39488072 23.78006958 26.64413519 27.29647117 27.78727634
 27.3834493  28.57629225 28.1165507  29.47713718 31.09244533 28.19110338
 29.81883698 31.97465209 31.40308151 24.50695825 26.10362823 25.17793241
 27.83697813 27.48285288 26.81809145 27.65059642 27.78727634 29.96172962
 29.5082008  27.95501988 30.80666004 31.82554672 31.26018887 33.15506958
 25.27112326 25.89239563 25.14065606 24.63121272 26.73732604 27.37102386
 28.14761431 29.66351889 28.65084493 30.40904573 31.82554672 31.77584493
 32.25422465 31.25397614 25.16550696 26.42047714 26.37077535 26.44532803
 27.55740557 26.53851889 28.10412525 29.32181909 28.86207753 30.31585487
 31.42171968 32.98732604 30.80044732 31.48384692 25.49478131 25.5444831
 25.59418489 26.08499006 26.78702783 29.32181909 29.20377734 30.10462227
 29.08573559 28.94905567 29.4833499  30.9806163  31.65780318 30.48981113
 30.83772366 24.15904573]",65630.62398552184
2025-06-15 11:19:00+00:00,679,6287.610000000001,9.0,28.59376090078474,28.531591699801194,32.87549701789264,"[27.30889662 26.5944334  26.21545726 27.14115308 27.01068588 26.94234592
 29.25969185 31.4527833  30.02385686 29.51441352 31.49627237 29.39015905
 30.61406561 28.21595427 26.20924453 26.805666   27.43936382 26.81187873
 26.54473161 27.22813121 27.99850895 29.66351889 31.2166998  30.0859841
 29.20377734 31.86282306 31.22912525 25.9917992  27.42693837 26.15333002
 26.87400596 29.73185885 29.5889662  28.84965209 27.68787276 27.47664016
 30.35934394 30.10462227 31.09865805 32.12375746 30.04870775 24.81138171
 25.01640159 26.9361332  25.51341948 27.43936382 26.96719682 28.19110338
 28.51416501 28.21595427 28.71297217 29.76913519 29.32181909 31.39065606
 30.53951292 32.53379722 25.51341948 25.74329026 25.57554672 25.63146123
 27.47664016 27.56361829 28.12897614 28.4582505  29.22241551 29.53305169
 32.14239563 29.86232604 31.819334   31.2166998  22.07157058 25.95452286
 26.97340954 25.58797217 26.94234592 27.15357853 28.68812127 27.48285288
 28.81858847 27.35238569 30.14189861 29.8499006  31.93737575 31.48384692
 25.2027833  25.35188867 25.32703777 26.61928429 28.00472167 27.21570577
 27.73136183 29.17892644 29.45228628 30.32206759 31.06138171 30.21645129
 30.83772366 31.13593439 31.42793241 26.30243539 26.64413519 28.32157058
 26.88021869 27.29025845 27.8804672  27.80591451 28.91799205 30.90606362
 29.92445328 30.17296223 31.06759443 32.87549702 31.07380716 25.46993042
 26.24652087 26.15954274 26.66898608 27.25919483 29.87475149 28.72539761
 29.3777336  29.35909543 29.94930417 29.30939364 28.80616302 29.77534791
 32.55243539 26.2527336  24.55044732 26.34592445 27.76242545 25.8054175
 27.58225646 27.90531809 27.22813121 29.02982107 31.68265408 30.64512922
 29.19756461 30.27857853 31.81312127 25.74329026 26.24030815 25.82405567
 25.5444831  27.71272366 28.39612326 27.78106362 28.58250497 27.47042744
 27.84940358 30.51466203 29.12922465 29.87475149 30.41525845 32.63941352
 25.71222664 26.60064612 26.86779324 27.10387674 26.76838966 28.1973161
 28.64463221 29.34045726 28.44582505 29.43986083 29.71322068 30.96819085
 31.08001988 30.60785288 23.91053678 25.89239563 27.10387674 27.48285288
 27.3026839  27.22191849 27.48906561 30.98682903 29.81262425 29.68836978
 30.60785288 30.57678926 32.55243539 32.40954274 25.72465209 26.71868787
 25.06610338 29.20999006 28.09791252 28.63841948 28.80616302 26.7249006
 29.68215706 30.26615308 30.33449304 29.45849901 32.57728628 31.32852883
 30.60164016 26.88021869]",65552.88646966543
2025-06-15 11:20:00+00:00,680,6254.72,9.0,28.498043449913947,28.429423459244536,33.94408548707753,"[26.66898608 27.277833   27.06038767 28.36505964 28.29671968 27.56983101
 29.60760437 30.26615308 30.2972167  30.12947316 31.16078529 31.19184891
 31.9000994  23.07181909 26.76217694 26.91749503 27.65059642 26.56336978
 27.6195328  27.90531809 27.31510934 30.79423459 29.55790258 30.55193837
 31.08001988 30.32828032 31.78205765 25.3332505  25.4388668  25.9917992
 25.87375746 27.22813121 26.52609344 28.52037773 29.85611332 29.41500994
 29.11058648 30.71346918 29.88717694 29.50198807 31.07380716 26.78702783
 23.14637177 25.25869781 26.49502982 26.97962227 27.04796223 27.70029821
 28.88071571 29.02982107 27.5139165  31.04274354 31.44657058 29.81883698
 30.71346918 31.90631213 26.09741551 25.49478131 26.77460239 25.77435388
 27.94259443 27.14736581 28.24701789 30.48359841 29.09816103 28.32157058
 28.94284294 30.76317097 31.29125249 30.07355865 25.35810139 27.44557654
 25.60661034 25.65631213 27.48285288 26.30864811 29.06088469 27.87425447
 28.16003976 29.72564612 32.21694831 30.79423459 31.09244533 30.15432406
 26.26515905 26.38941352 25.55069583 27.09766402 26.805666   26.90506958
 29.1416501  30.0611332  28.29050696 27.96744533 30.86257455 30.77559642
 30.04249503 28.9304175  32.99975149 26.26515905 26.78081511 27.22191849
 27.78727634 28.76267396 26.58822068 28.89935388 29.09194831 27.22191849
 31.10487078 30.66998012 30.81287276 31.15457256 31.18563618 24.63742545
 24.90457256 25.97937376 26.42047714 26.84915507 27.65059642 28.0916998
 29.04845924 29.65109344 27.91774354 31.26018887 31.47142147 32.72639165
 32.31635189 25.61903579 25.32082505 25.98558648 25.79299205 26.96719682
 28.29671968 27.25298211 27.5387674  28.41476143 30.79423459 28.50173956
 30.96197813 32.38469185 30.402833   24.68091451 25.90482107 25.7805666
 26.24030815 27.01068588 27.93638171 25.92967197 29.21620278 29.6945825
 29.11058648 29.86853877 30.04870775 30.58300199 30.78180915 30.6389165
 26.81187873 25.35810139 26.40183897 27.50770378 24.35164016 28.23459245
 27.60710736 28.02335984 30.96819085 29.70700795 28.20352883 30.44010934
 29.86232604 31.35337972 24.84865805 24.79895626 26.90506958 26.55094433
 25.72465209 28.96148111 27.14736581 28.75024851 28.48310139 29.68215706
 28.81858847 29.70700795 33.94408549 32.45924453 24.79895626 27.55740557
 26.53230616 27.11630219 27.20949304 26.94234592 27.66302187 29.71322068
 28.88692843 29.70079523 29.47713718 31.30989066 30.53951292 29.40258449
 33.71421471 26.17196819]",65232.6541660321
2025-06-15 11:21:00+00:00,681,6330.870000000001,9.0,28.72410371316257,28.66597291252485,33.37251491053678,"[27.22191849 27.42072565 27.52012922 30.01764414 28.86829026 29.09194831
 28.42718688 30.5084493  30.21023857 30.34070577 29.9555169  31.51491054
 32.49030815 26.10984095 27.52012922 24.96048708 27.82455268 24.95427435
 27.25919483 28.17867793 29.81883698 29.60139165 28.60114314 31.20427435
 30.32828032 31.03031809 31.27882704 26.63170974 25.90482107 27.09145129
 27.03553678 29.49577535 28.0916998  26.40805169 30.0611332  28.31535785
 30.03006958 30.0859841  31.08001988 33.21719682 33.14264414 25.57554672
 26.15333002 27.93016899 28.05442346 27.49527833 26.9361332  28.15382704
 29.22862823 28.55765408 27.5387674  29.45228628 30.24130219 30.7445328
 30.17296223 30.63270378 25.7805666  25.57554672 27.48906561 26.73111332
 28.04199801 28.10412525 28.12276342 30.38419483 29.70079523 29.30939364
 31.17942346 30.37176938 32.88792247 31.52733598 25.19657058 24.82380716
 25.65631213 28.71297217 27.45178926 28.67569583 29.11058648 29.26590457
 29.57032803 31.64537773 30.09840954 30.91227634 32.85064612 32.43439364
 26.06635189 24.56908549 25.02261431 27.3834493  27.41451292 27.60089463
 27.35859841 28.87450298 27.1722167  29.81262425 29.80641153 30.35934394
 31.47763419 32.52137177 32.28528827 26.30243539 25.79920477 26.9361332
 27.6443837  28.70054672 29.09194831 26.78702783 28.42718688 29.53305169
 29.09816103 31.24776342 29.78156064 32.17967197 32.74502982 25.76192843
 24.8610835  26.97340954 27.00447316 26.7249006  25.03503976 28.47067594
 28.81858847 30.94955268 31.19806163 31.01789264 30.40904573 32.04920477
 32.76366799 25.99801193 26.10984095 27.05417495 26.75596421 27.55119284
 28.99254473 27.1722167  27.33996024 29.8499006  30.12947316 29.75670974
 30.1916004  31.2415507  30.79423459 24.29572565 25.24627237 27.17842942
 26.33349901 27.93016899 26.09741551 26.53230616 30.15432406 28.5638668
 31.0054672  30.0859841  30.4276839  30.5333002  31.31610338 31.75099404
 26.33349901 25.12201789 25.98558648 27.23434394 28.97390656 26.51366799
 26.82430417 29.31560636 27.83697813 31.25397614 30.70725646 32.54000994
 31.04895626 31.28503976 24.16525845 24.89835984 26.81187873 28.16625249
 25.14686879 26.95477137 29.29075547 29.64488072 27.90531809 29.0111829
 29.81883698 30.37176938 29.78777336 31.38444334 24.37027833 25.42644135
 26.06635189 27.45800199 28.13518887 27.96744533 29.52683897 29.30939364
 28.91799205 28.38369781 27.72514911 28.6694831  30.46496024 30.28479125
 33.37251491 25.02882704]",65988.96138275668
2025-06-15 11:22:00+00:00,682,6306.63,9.0,28.653904575091403,28.59067470178926,33.19234592445328,"[25.49478131 25.75571571 27.25919483 26.69383698 28.55144135 26.97962227
 30.1916004  29.43364811 30.05492048 30.86878728 30.68861829 32.01814115
 30.89985089 25.91724652 26.53230616 27.16600398 26.19060636 26.63792247
 28.51416501 29.75670974 28.59493042 28.53280318 30.20402584 29.36530815
 30.11083499 30.89363817 30.39662028 26.04771372 26.97340954 26.06635189
 27.66302187 26.86158052 27.81833996 28.72539761 28.38991054 29.36530815
 28.9304175  30.10462227 29.9555169  32.53379722 31.63295229 24.98533797
 25.29597416 24.79274354 26.86779324 26.32107356 26.82430417 29.17892644
 29.52062624 28.99254473 30.16053678 30.45874751 31.09244533 31.44035785
 30.45874751 32.68911531 25.36431412 26.78081511 26.96719682 25.45750497
 28.50173956 28.59493042 29.81262425 27.92395626 29.10437376 29.62624254
 31.08001988 31.67644135 31.11729622 33.19234592 24.34542744 26.91128231
 26.61928429 26.27137177 26.89885686 26.14090457 27.5139165  28.24080517
 30.23508946 29.74428429 32.44060636 30.27236581 31.30367793 29.96794235
 27.48285288 23.97266402 25.07852883 27.75621272 26.8305169  28.7999503
 27.30889662 29.88717694 27.75621272 30.70104374 31.347167   30.07977137
 30.60785288 31.32852883 33.01838966 26.20924453 26.20924453 27.24055666
 26.74975149 27.53255467 28.37748509 29.31560636 28.72539761 29.78777336
 30.33449304 29.63866799 31.06759443 30.51466203 31.44035785 23.79870775
 26.24030815 26.76838966 26.5944334  27.08523857 27.95501988 29.19135189
 28.61356859 28.66327038 28.76888668 29.74428429 30.63270378 30.85014911
 31.63916501 25.8054175  25.84269384 25.75571571 26.15954274 27.68166004
 27.01689861 28.16003976 29.04224652 31.2166998  29.73185885 29.99279324
 29.66351889 29.75049702 30.85014911 24.20253479 25.6749503  26.10362823
 24.4137674  25.97937376 28.91799205 27.84319085 29.76292247 29.70700795
 29.84368787 28.47688867 31.14835984 31.29125249 31.52733598 31.56461233
 25.30218688 25.569334   27.42693837 25.73707753 29.12922465 28.41476143
 29.25969185 29.67594433 29.45849901 30.81287276 31.4527833  31.45899602
 31.0054672  31.86282306 24.88593439 24.73682903 26.37077535 25.38916501
 26.12847913 29.19135189 29.36530815 29.45228628 30.62027833 30.47738569
 30.5084493  30.17917495 30.86257455 31.84418489 26.29622266 26.61928429
 26.71868787 26.01043738 27.11630219 27.73136183 27.78727634 27.49527833
 28.86829026 29.0360338  30.15432406 29.0360338  30.51466203 30.76317097
 31.26018887 25.42022863]",65754.1031464258
2025-06-15 11:23:00+00:00,683,6285.9400000000005,9.0,28.594177496383423,28.526404075546715,33.061878727634195,"[25.34567594 26.19681909 26.45154076 26.43911531 28.50795229 28.31535785
 28.92420477 30.15432406 28.49552684 30.89985089 31.91873757 31.73856859
 31.01789264 26.33971173 26.04771372 24.40134195 27.45178926 26.86158052
 26.26515905 26.28379722 28.40854871 31.08001988 26.4639662  30.35934394
 33.06187873 32.32256461 32.58971173 26.09120278 26.2278827  26.25894632
 25.69980119 30.30964215 26.45775348 28.57007952 27.3834493  29.13543738
 28.47688867 28.60114314 32.33499006 31.16078529 33.00596421 25.92967197
 24.68712724 26.0166501  28.20974155 28.59493042 28.05442346 28.57629225
 29.44607356 28.66327038 29.02982107 29.43364811 31.03653082 32.04299205
 32.83822068 31.90631213 25.65631213 25.01640159 25.58797217 27.94880716
 27.02311133 27.18464215 27.93016899 29.0360338  29.06709742 30.00521869
 29.89960239 30.62649105 32.43439364 29.75049702 26.1222664  26.08499006
 28.14761431 27.22191849 27.01689861 27.91774354 27.9612326  27.93016899
 30.80666004 28.45203777 30.45874751 30.01143141 30.92470179 30.47738569
 26.58822068 26.17196819 26.45154076 27.39587475 26.90506958 25.9917992
 29.12301193 28.41476143 28.52659046 27.73757455 30.37176938 31.39065606
 31.07380716 32.02435388 33.04945328 24.98533797 27.38966203 26.10362823
 27.1722167  26.61307157 28.86207753 28.42097416 29.18513917 29.55790258
 28.59493042 31.94358847 29.77534791 30.5084493  31.1110835  25.24627237
 25.46371769 26.0166501  26.97962227 27.91153082 28.48310139 28.47688867
 27.36481113 28.22837972 30.07355865 30.93712724 32.45303181 29.20999006
 32.89413519 24.96048708 25.23384692 26.66898608 25.91724652 25.76814115
 26.92992048 26.8305169  29.78156064 28.98011928 27.8804672  30.22266402
 30.48359841 30.93712724 31.93737575 23.43836978 25.50720676 25.6500994
 26.04771372 26.62549702 28.20974155 28.04199801 30.22266402 31.19184891
 28.9055666  30.40904573 30.25372763 31.41550696 30.91848907 31.90631213
 25.6749503  26.61307157 25.01018887 25.07852883 27.97987078 26.17818091
 28.74403579 29.09194831 30.10462227 30.26615308 32.08648111 31.63295229
 29.81262425 31.96843936 25.29597416 27.19706759 25.6749503  25.76192843
 27.07281312 27.27162028 28.24080517 28.58871769 29.91202783 29.6138171
 29.92445328 29.96172962 31.75720676 29.88096421 26.55715706 25.37673956
 25.87375746 26.19060636 25.99801193 29.54547714 30.57057654 28.38369781
 27.37102386 28.38369781 29.21620278 30.2972167  30.71968191 31.19806163
 32.40333002 25.12201789]",65554.28023190037
2025-06-15 11:24:00+00:00,684,6290.910000000001,9.0,28.610170028754805,28.541842693836976,33.27311133200795,"[24.80516899 27.91153082 26.3832008  29.2472664  28.89935388 27.33374751
 27.01068588 29.42122266 29.33424453 30.78802187 29.93687873 31.86903579
 30.98682903 27.12251491 26.24030815 26.81809145 29.73807157 26.7249006
 27.03553678 27.65680915 28.62599404 28.98011928 28.61356859 28.82480119
 31.04895626 33.00596421 31.45899602 25.14686879 25.24005964 27.73136183
 27.12872763 27.01689861 28.04199801 26.71868787 29.68836978 31.08001988
 29.64488072 30.30342942 28.88071571 30.28479125 31.36580517 25.46993042
 25.97937376 26.8305169  27.94259443 26.95477137 26.92992048 28.6694831
 27.66302187 28.80616302 28.82480119 29.84368787 29.88717694 32.24801193
 30.1667495  32.77609344 25.46371769 25.47614314 26.95477137 27.89289264
 27.63195825 29.53305169 28.38369781 28.55144135 29.17271372 31.49627237
 30.65755467 32.68911531 31.81312127 32.2666501  25.0723161  25.40159046
 25.96694831 25.92967197 27.89289264 26.49502982 27.15979125 29.12922465
 29.04845924 27.6195328  30.99925447 31.5583996  31.65159046 32.36605368
 24.69333996 26.07256461 27.19706759 25.94831014 28.4333996  25.91724652
 28.07927435 29.73807157 30.04870775 28.46446322 31.9249503  30.42147117
 31.30989066 32.27907555 31.91873757 26.57579523 25.05367793 28.02957256
 26.71868787 26.73111332 27.90531809 27.59468191 27.73136183 29.56411531
 29.80019881 30.19781312 29.99900596 31.96222664 32.4778827  26.55094433
 26.5944334  27.10387674 25.94831014 26.16575547 27.89910537 28.43961233
 29.41500994 29.04224652 29.48956262 31.05516899 29.40879722 30.58921471
 32.16724652 25.95452286 25.70601392 26.92992048 26.43290258 26.60685885
 27.32132207 27.34617296 28.42718688 29.50198807 29.54547714 30.31585487
 30.88121272 30.47738569 31.19806163 24.84865805 26.14090457 25.05989066
 25.78677932 27.91774354 29.13543738 28.7999503  28.40854871 28.1165507
 30.56436382 29.70700795 30.4276839  29.99279324 30.32206759 32.29150099
 25.64388668 25.8861829  25.36431412 25.79299205 27.1722167  27.42693837
 26.65656064 29.00497018 30.50223658 29.52062624 29.28454274 29.96172962
 30.68240557 33.27311133 25.2027833  26.53230616 27.45800199 26.29000994
 27.15979125 28.36505964 26.77460239 28.16625249 27.57604374 28.94905567
 28.16625249 30.92470179 29.70700795 30.15432406 24.69333996 24.92321074
 25.97937376 28.71297217 25.62524851 26.33349901 27.9612326  29.52683897
 29.98658052 30.1916004  29.99279324 31.70129225 31.70129225 32.83822068
 32.34120278 24.07828032]",65607.78484820208
2025-06-15 11:25:00+00:00,685,6337.5599999999995,9.0,28.749157867639326,28.686754473161027,33.66451292246521,"[27.28404573 26.18439364 27.5387674  27.81212724 27.35859841 28.91799205
 29.07331014 29.09816103 28.18489066 30.17917495 31.82554672 31.14835984
 31.62673956 26.83672962 26.0166501  27.14736581 27.3834493  29.25969185
 28.4582505  29.52062624 29.68836978 31.2415507  30.6637674  28.81237575
 31.50248509 31.06759443 30.72589463 25.12823062 26.4888171  26.00422465
 26.92370775 28.40233598 28.7999503  28.96148111 28.694334   29.81883698
 29.49577535 30.91848907 30.00521869 30.46496024 33.66451292 23.55019881
 24.26466203 25.31461233 27.0666004  26.91128231 28.24701789 28.86207753
 27.47042744 30.44010934 28.63220676 29.52062624 31.14214712 30.39040755
 31.04895626 31.65159046 25.37052684 27.84940358 25.84890656 25.69358847
 29.47713718 28.06063618 26.39562624 30.84393638 28.6694831  27.82455268
 29.85611332 30.24751491 30.93712724 32.08026839 24.27087475 26.15954274
 26.22166998 27.08523857 27.08523857 28.23459245 29.60139165 29.02360835
 28.89935388 30.63270378 30.71346918 30.56436382 31.26018887 32.32877734
 23.93538767 25.15929423 26.58822068 27.69408549 27.33996024 27.61332008
 28.16003976 29.20377734 26.9609841  28.38991054 28.03578529 29.50198807
 32.22316103 33.01217694 32.76366799 26.68762425 26.7249006  26.81809145
 27.66302187 27.12251491 29.42743539 29.07952286 30.39040755 27.44557654
 29.85611332 29.80641153 30.37798211 32.61456262 32.14860835 24.76789264
 25.87375746 27.53255467 26.81187873 26.90506958 29.27833002 29.02982107
 28.93663022 28.93663022 30.06734592 29.20999006 30.22266402 32.15482107
 32.53379722 25.19657058 24.23981113 25.68116302 26.06013917 27.73757455
 27.77485089 27.11630219 29.51441352 28.93663022 29.29075547 28.74403579
 32.14860835 32.7388171  31.98707753 24.7554672  24.81138171 26.60685885
 27.45178926 27.25919483 26.47017893 28.63220676 28.10412525 28.98633201
 28.75024851 30.31585487 30.24130219 31.22912525 31.36580517 31.80069583
 25.7805666  25.92345924 26.2278827  27.35238569 27.45178926 27.35238569
 29.57654076 29.62002982 29.85611332 30.5333002  30.60785288 30.37176938
 31.87524851 31.61431412 25.24627237 28.04199801 25.53205765 26.24652087
 28.07306163 27.43936382 27.65059642 28.54522863 29.5889662  28.95526839
 30.21023857 30.60164016 32.1610338  31.14214712 26.09120278 27.75
 26.68762425 25.76192843 28.14761431 26.76838966 29.29696819 27.60089463
 29.50198807 28.37127237 28.98011928 31.40929423 32.00571571 32.72639165
 32.65183897 26.99204771]",66072.78256197413
2025-06-15 11:26:00+00:00,686,6330.32,9.0,28.729109737874694,28.664264413518886,34.09940357852882,"[25.66252485 25.95452286 27.34617296 27.09145129 29.24105368 27.06038767
 29.97415507 29.96794235 30.03628231 30.06734592 31.42793241 31.12350895
 31.99950298 26.96719682 28.49552684 25.27112326 27.13494036 26.3832008
 28.7750994  28.42097416 29.87475149 29.25347913 29.78156064 29.45228628
 28.94284294 32.12997018 30.81287276 26.11605368 25.58175944 25.87997018
 26.97340954 27.32132207 29.15407555 27.70651093 28.32157058 28.91177932
 27.58846918 31.347167   31.30367793 33.26689861 31.42171968 25.9110338
 25.10337972 25.38916501 26.8305169  29.80641153 29.29075547 28.95526839
 28.21595427 29.36530815 30.83151093 28.7750994  31.01789264 31.10487078
 30.05492048 31.67644135 26.38941352 26.30243539 27.83076541 27.35238569
 28.4582505  28.12276342 28.94905567 28.63841948 27.94259443 30.42147117
 29.51441352 30.95576541 31.41550696 30.35313121 25.55069583 25.58175944
 25.74950298 26.47017893 25.52584493 27.60089463 28.21595427 27.11630219
 29.17892644 30.31585487 30.34691849 30.22887674 31.51491054 32.06784294
 26.44532803 25.42022863 25.89860835 26.03528827 27.72514911 26.97340954
 30.47738569 29.15407555 28.24080517 28.39612326 30.02385686 31.21048708
 30.71346918 31.45899602 32.30392644 25.74329026 25.33946322 28.60735586
 27.18464215 26.97962227 27.97987078 28.9055666  28.02335984 29.3528827
 30.30964215 29.86853877 32.41575547 31.06759443 31.27261431 25.57554672
 24.23359841 26.71247515 27.91153082 27.18464215 27.76242545 27.58225646
 29.39637177 28.33399602 31.22912525 31.37823062 31.19806163 30.94333996
 33.60238569 25.71222664 26.40183897 24.87972167 26.01043738 27.24055666
 28.88071571 27.5387674  27.48285288 29.05467197 30.16053678 29.30939364
 30.52087475 32.27907555 31.43414513 23.53156064 24.43240557 25.5444831
 28.31535785 27.277833   27.75621272 29.58275348 27.87425447 29.0360338
 28.89314115 29.40258449 31.85661034 30.07977137 30.95576541 30.85636183
 26.10984095 24.14040755 25.47614314 26.74975149 28.25944334 27.40208748
 27.80591451 29.43986083 30.1667495  28.63841948 29.43986083 29.09816103
 34.09940358 32.6332008  28.17246521 26.60685885 27.32132207 25.15929423
 26.9361332  29.22862823 28.37127237 27.9860835  29.07331014 30.86257455
 30.75074553 29.83126243 33.02460239 33.72664016 23.81734592 25.87997018
 26.76838966 27.06038767 26.55715706 28.79373757 29.85611332 25.65631213
 28.57007952 30.00521869 30.80044732 32.28528827 31.64537773 30.28479125
 32.37847913 27.12872763]",66005.70953903359
2025-06-15 11:27:00+00:00,687,6346.389999999999,9.0,28.77784619091976,28.71418364811133,33.55889662027833,"[25.58797217 25.4388668  27.03553678 28.31535785 27.9612326  28.30293241
 29.02982107 29.2472664  29.77534791 31.16699801 30.86878728 32.11133201
 31.31610338 26.86779324 26.34592445 25.097167   26.45154076 27.16600398
 29.52683897 28.52659046 30.5333002  28.58871769 32.06163022 30.28479125
 31.17321074 30.88742545 32.2417992  23.1277336  25.50099404 26.42668986
 25.07852883 27.06038767 27.89289264 27.11008946 28.44582505 29.41500994
 30.11083499 30.37176938 30.45874751 31.22912525 31.64537773 24.67470179
 25.9110338  25.7805666  26.78702783 27.6195328  26.64413519 27.58225646
 29.45228628 29.18513917 29.9555169  29.50198807 32.52137177 31.97465209
 32.10511928 30.24751491 25.94209742 27.52634195 26.74353877 26.64413519
 28.12897614 28.41476143 27.29025845 28.27808151 29.22862823 29.47092445
 30.12947316 30.64512922 33.02460239 33.09915507 25.18414513 24.4137674
 26.44532803 26.96719682 26.5944334  28.21595427 29.36530815 27.96744533
 27.09145129 29.96794235 30.73210736 29.58275348 30.37176938 31.20427435
 23.82355865 25.25248509 25.50099404 27.25298211 27.03553678 28.68190855
 28.08548708 29.42122266 28.36505964 28.66327038 28.97390656 30.402833
 32.23558648 31.46520875 31.75720676 26.52609344 26.77460239 28.12897614
 26.65656064 29.45228628 27.86182903 28.07927435 29.00497018 29.76913519
 31.05516899 31.09244533 31.4527833  32.93762425 32.45924453 25.70601392
 25.52584493 26.54473161 26.56336978 26.4639662  26.57579523 28.99254473
 30.56436382 30.0611332  31.85661034 30.68861829 31.91252485 31.73235586
 32.59592445 27.18464215 24.97291252 25.04746521 29.06088469 27.82455268
 26.17196819 29.83747515 28.27808151 30.62027833 29.54547714 29.96172962
 30.97440358 30.39662028 33.55889662 24.12176938 25.08474155 25.63146123
 27.22191849 26.33349901 28.33399602 28.23459245 30.18538767 30.04870775
 29.71322068 30.16053678 31.62673956 31.75099404 30.31585487 32.09269384
 25.60039761 26.85536779 25.53827038 28.0916998  26.60064612 28.09791252
 28.84343936 30.51466203 28.28429423 29.930666   32.08026839 30.2972167
 31.38444334 31.12972167 27.01689861 25.59418489 26.53230616 28.15382704
 27.15979125 27.17842942 28.20352883 28.62599404 29.09816103 30.17917495
 31.35959245 29.30318091 29.5082008  30.71346918 25.95452286 24.35164016
 24.98533797 25.97316103 26.19681909 28.62599404 27.40208748 30.89363817
 29.63245527 31.35337972 29.7194334  30.68240557 32.40954274 31.30989066
 32.86307157 25.96694831]",66168.76221634116
2025-06-15 11:28:00+00:00,688,6361.990000000001,9.0,28.825191381693948,28.762642892644134,33.807405566600394,"[27.62574553 26.69383698 27.93016899 27.28404573 28.16003976 28.50795229
 28.95526839 30.12947316 29.65109344 30.02385686 31.40929423 31.14835984
 31.19184891 24.91078529 26.8305169  26.88021869 27.95501988 26.63792247
 28.05442346 28.58250497 28.93663022 28.55765408 29.62002982 29.45849901
 30.55193837 32.23558648 32.43439364 25.98558648 26.12847913 26.84294235
 26.47017893 28.88071571 26.96719682 28.42718688 28.46446322 28.28429423
 30.69483101 30.77559642 28.84343936 31.1110835  31.10487078 24.26466203
 26.74353877 26.04150099 27.47664016 26.55715706 28.38991054 29.70079523
 29.88717694 29.55790258 28.37127237 30.35313121 29.75670974 31.76963221
 32.8195825  32.7139662  26.7000497  26.50124254 26.92992048 25.9917992
 28.01093439 27.49527833 28.36505964 27.79970179 29.83747515 31.59567594
 31.10487078 30.13568588 32.22937376 31.82554672 24.52559642 25.81163022
 28.05442346 28.222167   27.8556163  28.9055666  27.30889662 27.29025845
 30.09840954 29.41500994 28.75646123 30.43389662 31.17321074 31.58946322
 25.76814115 27.84319085 26.69383698 25.83648111 28.71297217 28.01093439
 27.6443837  28.1165507  28.36505964 29.16650099 30.58921471 31.51491054
 32.14239563 32.20452286 32.20452286 25.24005964 25.17171968 25.96694831
 25.90482107 26.11605368 29.70079523 27.63195825 27.14115308 27.94259443
 28.95526839 32.19209742 30.93712724 32.42196819 32.51515905 25.37052684
 26.65034791 24.79274354 29.09194831 26.8305169  28.23459245 28.80616302
 30.14189861 28.48931412 29.45228628 32.29150099 31.91873757 30.82529821
 30.71346918 26.2278827  26.29000994 26.91749503 26.92992048 27.84319085
 27.91774354 28.42718688 28.67569583 30.60785288 30.77559642 27.79970179
 29.64488072 31.94980119 33.80740557 26.49502982 25.90482107 26.5695825
 26.03528827 28.47067594 28.72539761 26.97962227 28.88692843 28.54522863
 31.51491054 29.31560636 30.65755467 30.4276839  31.5832505  32.14239563
 26.15954274 27.39587475 28.52659046 26.76838966 28.78752485 27.42693837
 28.37127237 28.61978131 29.6945825  29.05467197 30.46496024 32.15482107
 31.13593439 33.45949304 24.46968191 26.54473161 26.43290258 25.78677932
 27.26540755 27.27162028 28.52037773 28.38369781 30.2972167  28.79373757
 30.21645129 31.16699801 31.81312127 31.96843936 24.97912525 25.61282306
 25.569334   26.43290258 28.09791252 26.60064612 29.04224652 29.49577535
 29.2472664  27.90531809 31.347167   28.96148111 30.6637674  31.53976143
 33.68315109 26.36456262]",66327.16028659527
2025-06-15 11:29:00+00:00,689,6341.12,9.0,28.76490771072483,28.697813121272365,34.36655069582505,"[26.86779324 27.73757455 27.44557654 27.58846918 27.29647117 29.30939364
 28.09791252 28.70054672 29.88717694 27.39587475 30.64512922 31.03031809
 32.29150099 23.9167495  26.16575547 26.68141153 26.27758449 26.9361332
 27.93638171 28.39612326 29.12922465 29.83747515 30.03628231 32.06784294
 31.12972167 30.04870775 32.11133201 25.50720676 27.43315109 26.76838966
 27.08523857 27.12872763 26.88021869 28.75024851 29.07952286 29.13543738
 30.44632207 30.67619284 29.07952286 29.30939364 31.54597416 25.11580517
 25.52584493 24.9666998  28.45203777 27.43315109 28.15382704 26.92992048
 28.72539761 29.78777336 30.68240557 29.80019881 31.78827038 29.3528827
 32.88170974 31.96843936 26.92370775 25.30218688 26.64413519 27.71272366
 27.35238569 30.20402584 28.63220676 29.32803181 32.14860835 29.34666998
 30.58300199 32.35984095 31.53354871 34.3665507  25.24005964 26.99204771
 25.22142147 25.96694831 29.33424453 28.21595427 27.66302187 29.00497018
 28.87450298 30.402833   29.83747515 30.39040755 30.25372763 31.50248509
 25.98558648 25.22142147 27.43936382 27.06038767 28.68812127 26.45154076
 27.81833996 27.88667992 27.87425447 29.19135189 30.55193837 30.89985089
 31.28503976 31.62052684 30.98682903 27.94880716 26.79324056 26.54473161
 28.78752485 28.88071571 28.55765408 29.40258449 29.78156064 27.99850895
 28.39612326 29.85611332 30.31585487 32.27286282 32.44060636 24.50074553
 25.70601392 25.60039761 26.91749503 28.78131213 27.56361829 27.68787276
 29.83747515 29.96794235 29.44607356 30.0859841  30.80666004 31.40308151
 29.99900596 23.5999006  25.10959245 26.55094433 25.62524851 27.68166004
 28.36505964 27.67544732 29.40879722 29.62624254 31.06759443 30.38419483
 32.49030815 30.1667495  30.65755467 26.20303181 25.3332505  26.4888171
 27.24676938 26.76838966 26.86158052 27.50770378 28.03578529 29.50198807
 30.76317097 30.09219682 31.42793241 32.8195825  31.86903579 31.22291252
 27.56361829 26.48260437 26.41426441 27.8556163  26.74353877 27.04796223
 29.02360835 29.93687873 27.3834493  29.90581511 30.35313121 29.44607356
 30.97440358 30.86878728 25.12201789 24.4137674  26.01043738 28.20352883
 26.99204771 28.57629225 28.93663022 28.21595427 30.5333002  29.05467197
 31.2415507  32.03677932 31.84418489 31.37201789 23.17743539 25.37052684
 24.88593439 27.6443837  28.37127237 28.38369781 27.30889662 29.17892644
 28.65705765 31.08001988 29.20377734 30.31585487 29.80019881 31.45899602
 33.45328032 26.23409543]",66125.475237001
2025-06-15 11:30:00+00:00,690,6294.110000000001,9.0,28.627479434983634,28.551783051689863,33.57753479125248,"[26.09741551 27.33374751 24.85487078 26.1222664  28.17867793 28.33399602
 28.81858847 29.36530815 29.91824056 30.11083499 33.57753479 32.55243539
 31.75099404 26.89885686 25.32082505 24.90457256 26.32728628 25.01640159
 28.70675944 28.86829026 29.44607356 29.99900596 29.07331014 29.19135189
 31.29746521 31.41550696 32.74502982 25.50720676 24.66848907 25.14065606
 24.95427435 27.36481113 28.26565606 28.5638668  28.42718688 28.48310139
 29.2721173  32.91277336 29.30318091 30.20402584 32.03677932 26.16575547
 27.277833   24.77410537 28.17867793 27.58846918 27.60089463 29.31560636
 28.88071571 27.56361829 29.05467197 29.13543738 31.83175944 28.93663022
 32.2417992  31.62673956 24.73682903 26.63170974 27.18464215 26.91128231
 28.42097416 28.12276342 28.14761431 29.16028827 28.96148111 30.27236581
 29.04224652 30.10462227 30.27236581 32.12997018 25.59418489 27.0666004
 26.69383698 26.5944334  26.805666   29.40879722 28.23459245 28.20974155
 30.31585487 29.19756461 30.83151093 30.80666004 32.96247515 30.56436382
 24.12176938 25.57554672 24.98533797 26.1471173  27.54498012 28.91177932
 27.86804175 28.5638668  31.04274354 29.87475149 29.98658052 30.43389662
 30.75695825 31.89388668 30.38419483 24.10313121 25.51341948 26.53851889
 27.21570577 27.22191849 28.16625249 28.55144135 31.30367793 29.59517893
 29.13543738 30.31585487 31.70129225 33.19855865 33.26068588 24.68091451
 25.68737575 25.79920477 27.26540755 29.21620278 28.13518887 26.89885686
 29.19135189 29.78777336 28.66327038 29.13543738 29.22862823 30.78802187
 31.9000994  24.20874751 24.71819085 26.03528827 25.17171968 26.25894632
 27.86182903 29.04224652 28.11033797 29.06088469 31.0862326  30.09840954
 31.4527833  31.35337972 31.86282306 25.71843936 26.49502982 26.16575547
 26.68141153 25.55690855 26.85536779 28.04821074 28.29050696 29.32803181
 30.84393638 30.0611332  30.4276839  30.7445328  29.93687873 32.36605368
 27.04796223 25.2027833  25.32082505 26.68762425 28.5390159  27.22813121
 29.9555169  29.36530815 28.61356859 31.37823062 30.21645129 31.56461233
 29.68836978 33.12400596 25.83026839 27.36481113 26.02286282 27.21570577
 25.7805666  27.43315109 27.19706759 29.66973161 28.72539761 29.36530815
 29.42743539 30.15432406 31.3223161  31.60188867 24.65606362 25.64388668
 24.72440358 27.13494036 26.83672962 27.9860835  29.56411531 28.12897614
 29.27833002 28.06684891 29.56411531 29.88717694 28.84965209 31.60810139
 32.32877734 26.03528827]",65665.69519768126
2025-06-15 11:31:00+00:00,691,6357.969999999999,9.0,28.817229032199798,28.750155318091448,33.391153081510936,"[25.17171968 27.49527833 27.63195825 27.63195825 26.71868787 29.54547714
 29.09194831 29.83747515 29.5889662  29.58275348 30.37176938 31.52733598
 32.60213718 27.69408549 25.097167   25.12823062 25.89239563 27.77485089
 28.12276342 29.93687873 29.81262425 30.64512922 30.01143141 30.51466203
 30.97440358 32.54000994 30.57057654 25.59418489 25.74329026 25.95452286
 27.47042744 28.97390656 27.43315109 29.42122266 29.5889662  28.52037773
 30.875      30.10462227 30.81908549 33.17370775 30.7693837  23.84219682
 25.71222664 27.12251491 27.39587475 27.66923459 28.7750994  27.55740557
 27.8556163  29.6945825  30.45874751 29.78777336 29.98658052 30.92470179
 31.03031809 33.39115308 25.8861829  25.68737575 27.53255467 27.45800199
 27.72514911 28.24080517 28.44582505 28.04821074 30.18538767 30.79423459
 29.55790258 31.08001988 32.60213718 32.08648111 25.45750497 26.08499006
 24.89835984 27.50149105 26.9609841  28.58871769 27.61332008 28.04199801
 28.78752485 29.2472664  31.347167   31.75720676 29.5889662  32.29150099
 25.91724652 24.50074553 25.96073559 27.09145129 26.40183897 26.805666
 27.71893638 29.12922465 29.73807157 28.50795229 30.88742545 30.09840954
 32.07405567 33.04324056 32.16724652 23.69309145 27.42693837 24.70576541
 25.12823062 28.19110338 27.52634195 29.09194831 28.38369781 30.37798211
 29.17892644 32.30392644 31.10487078 29.99279324 31.24776342 24.13419483
 26.45775348 26.55094433 27.89289264 27.93638171 28.06063618 28.91799205
 28.29050696 29.66973161 28.67569583 30.7693837  31.88146123 31.43414513
 32.41575547 26.84915507 25.07852883 27.15979125 26.51366799 27.6443837
 28.34020875 28.05442346 30.36555666 31.82554672 30.50223658 29.52062624
 29.63866799 31.04274354 33.04945328 26.89885686 25.22763419 25.89239563
 25.60039761 26.91128231 29.63866799 29.56411531 27.55119284 29.51441352
 30.07977137 31.29746521 30.89985089 30.85014911 32.3971173  30.92470179
 26.63170974 26.60685885 26.33971173 26.43911531 26.38941352 28.87450298
 28.5638668  29.80019881 30.44010934 30.35934394 30.90606362 30.19781312
 32.92519881 32.88792247 25.55069583 25.03503976 25.69980119 26.61307157
 26.16575547 28.36505964 28.31535785 28.63220676 29.62002982 29.76913519
 31.30989066 29.68215706 30.63270378 32.3722664  25.14065606 25.68737575
 25.92967197 25.92967197 26.66277336 27.02932406 28.04199801 27.95501988
 28.30293241 31.0862326  30.20402584 31.06138171 30.69483101 30.60164016
 32.68911531 26.91749503]",66300.52145012765
2025-06-15 11:32:00+00:00,692,6355.76,9.0,28.81199879877396,28.743290258449306,33.53404572564612,"[26.00422465 26.3832008  25.60039761 27.75       27.12251491 30.13568588
 27.37723658 28.98011928 30.75074553 29.93687873 30.94333996 33.055666
 31.29746521 26.07256461 26.20303181 26.87400596 26.88643141 28.06684891
 27.71272366 27.11630219 28.5390159  30.76317097 29.53926441 30.01764414
 30.77559642 33.2109841  31.98707753 26.36456262 26.24030815 27.37102386
 26.22166998 28.79373757 27.3834493  27.66923459 29.85611332 28.18489066
 30.07355865 29.56411531 31.46520875 32.20452286 33.53404573 25.14686879
 25.96073559 26.17818091 27.39587475 26.43290258 27.42693837 29.16650099
 27.35859841 27.13494036 30.83772366 30.01143141 30.77559642 30.71968191
 33.01217694 33.44706759 24.17147117 26.23409543 27.75       28.81858847
 27.55119284 28.67569583 28.01093439 29.46471173 29.60139165 30.04249503
 29.63245527 31.29746521 31.06759443 31.30989066 25.13444334 26.17196819
 27.94880716 27.78106362 27.21570577 27.99850895 28.59493042 28.27808151
 29.53305169 27.43315109 30.89985089 30.89363817 31.69507952 32.1361829
 24.00994036 26.98583499 24.94184891 26.8305169  28.12897614 28.06684891
 30.70725646 28.14761431 30.70725646 31.19806163 30.55815109 31.49627237
 31.03031809 32.44060636 32.29771372 24.2833002  26.77460239 27.75
 26.79324056 27.57604374 27.50149105 29.39015905 29.68836978 29.07331014
 29.74428429 29.20999006 30.77559642 31.62673956 31.76963221 26.39562624
 24.61257455 25.51963221 28.27186879 26.73111332 28.63841948 28.42097416
 29.70079523 30.45253479 29.63245527 31.17942346 32.02435388 31.08001988
 32.76366799 24.66227634 25.69358847 25.73086481 26.37077535 27.96744533
 26.96719682 28.04821074 29.32803181 28.72539761 29.10437376 30.31585487
 30.94333996 33.02460239 32.73260437 25.46993042 24.88593439 26.60064612
 27.66923459 25.25248509 28.25944334 26.58200795 28.76888668 29.32181909
 29.3777336  29.73807157 30.19781312 29.39015905 32.2417992  32.83200795
 24.53802187 23.24577535 26.04150099 27.56361829 28.26565606 26.5695825
 30.32828032 29.2472664  27.46421471 31.53354871 31.47142147 30.78180915
 32.32256461 33.16749503 25.57554672 25.57554672 25.11580517 27.68166004
 28.71918489 26.78081511 27.04796223 28.53280318 27.81212724 30.85636183
 29.23484095 31.36580517 31.14835984 31.60188867 24.74304175 25.63767396
 25.38295229 27.94259443 28.75646123 26.40183897 28.41476143 28.82480119
 30.5084493  28.21595427 29.59517893 31.96222664 31.37201789 30.78802187
 32.58349901 26.43290258]",66283.02318117816
2025-06-15 11:33:00+00:00,693,6334.18,9.0,28.749602452661165,28.676254970178924,34.23608349900596,"[25.42644135 27.53255467 28.22837972 27.75       26.95477137 27.5139165
 29.77534791 30.04249503 29.54547714 30.93712724 32.91898608 30.2972167
 31.81312127 25.76192843 26.83672962 27.89910537 27.91153082 27.52634195
 27.17842942 27.66302187 28.96769384 28.96148111 30.64512922 28.73782306
 29.43986083 31.47142147 32.19209742 26.5944334  26.23409543 25.40159046
 27.50770378 25.87997018 27.33374751 28.94905567 28.94284294 29.18513917
 29.19756461 29.62002982 29.45849901 30.68240557 30.94955268 26.26515905
 25.05989066 26.49502982 27.3026839  26.27758449 27.12251491 27.01689861
 29.1167992  31.1110835  30.73832008 30.27857853 32.83822068 30.27236581
 30.71968191 32.04299205 26.58822068 25.62524851 25.74950298 26.42668986
 27.32132207 27.33374751 28.7750994  29.62002982 30.875      31.62052684
 29.64488072 29.89960239 32.6083499  31.80069583 25.93588469 25.94831014
 26.36456262 26.1222664  28.75646123 28.16003976 28.65705765 28.12276342
 29.43364811 29.78777336 30.10462227 30.72589463 31.85039761 34.2360835
 25.83026839 24.93563618 26.61307157 25.32082505 27.90531809 28.7750994
 28.12897614 28.13518887 30.60785288 31.22291252 30.4276839  31.70129225
 31.57082505 30.93091451 30.83772366 26.42668986 26.09741551 26.20303181
 26.82430417 25.35188867 28.79373757 28.12897614 30.0859841  29.40258449
 29.80641153 28.87450298 31.98086481 30.01143141 31.40308151 26.12847913
 26.42668986 27.01689861 27.23434394 26.9361332  27.78106362 28.45203777
 29.2721173  28.14761431 29.05467197 29.73807157 30.57057654 30.44632207
 31.35337972 25.28976143 25.45129225 24.23981113 27.91153082 27.39587475
 27.30889662 28.94284294 30.26615308 31.16078529 28.38369781 29.84368787
 30.24751491 30.48359841 32.55864811 24.72440358 24.96048708 25.22142147
 25.569334   25.95452286 29.26590457 28.49552684 28.38369781 29.37152087
 30.97440358 28.97390656 30.52087475 30.73210736 32.3971173  31.54597416
 27.07281312 26.66277336 26.98583499 26.73732604 28.24080517 27.65059642
 28.91177932 29.45849901 29.29696819 28.70675944 31.30367793 30.36555666
 32.22937376 32.34741551 25.89860835 26.03528827 26.07256461 26.94234592
 27.74378728 26.82430417 28.99875746 27.5139165  27.15979125 30.78180915
 29.88096421 29.09194831 32.21694831 32.58349901 26.89264414 26.1222664
 25.01018887 27.05417495 28.65705765 26.22166998 27.91153082 29.85611332
 29.01739563 28.67569583 29.1167992  32.14860835 32.31635189 30.28479125
 33.36630219 24.79895626]",66074.2699656232
2025-06-15 11:34:00+00:00,694,6349.499999999999,9.0,28.796095200468727,28.7238444333996,33.49055666003976,"[26.2278827  26.47639165 27.57604374 26.92370775 28.45203777 25.48856859
 28.06684891 29.99279324 30.37798211 30.07355865 30.45253479 32.19209742
 31.50248509 27.09766402 25.56312127 24.95427435 27.5387674  27.53255467
 29.07331014 28.14140159 28.49552684 29.2472664  29.01739563 29.94930417
 30.20402584 31.96843936 31.94358847 23.5750497  25.65631213 26.37698807
 27.03553678 26.61307157 27.78727634 29.76913519 29.18513917 28.79373757
 30.18538767 29.88717694 30.50223658 31.35337972 29.66351889 24.87972167
 24.61878728 25.4388668  25.95452286 26.66898608 26.83672962 28.222167
 29.01739563 30.00521869 29.63245527 29.98036779 31.77584493 31.5583996
 31.9000994  33.01838966 24.94184891 27.48906561 24.63742545 26.29622266
 27.52012922 29.68836978 27.71893638 30.88742545 30.0611332  30.23508946
 30.21645129 30.75074553 32.34120278 32.29150099 25.65631213 25.79920477
 28.06063618 25.58175944 28.11033797 27.25298211 28.58871769 29.08573559
 28.92420477 29.28454274 29.89338966 31.01167992 32.02435388 32.45924453
 25.9110338  25.73086481 25.15929423 26.25894632 28.4582505  28.09791252
 28.85586481 29.02982107 29.6138171  28.83722664 29.7194334  30.33449304
 31.99329026 30.79423459 33.41600398 26.63792247 26.20303181 27.47042744
 27.34617296 26.17196819 28.81237575 29.07952286 27.61332008 28.6694831
 29.18513917 31.65159046 30.44632207 31.347167   33.49055666 25.76192843
 25.79299205 26.79324056 26.26515905 26.95477137 26.28379722 28.04199801
 29.63866799 29.06709742 29.32803181 29.30939364 29.86853877 32.9749006
 30.99304175 26.37698807 25.89860835 27.99850895 25.32703777 27.10387674
 27.24055666 28.52659046 28.21595427 29.91824056 29.43364811 31.39686879
 31.13593439 31.53354871 32.42818091 27.32132207 24.64985089 27.69408549
 28.07927435 27.68787276 28.22837972 28.91799205 28.39612326 28.99254473
 31.56461233 31.05516899 30.54572565 31.0054672  32.52758449 31.30989066
 26.1222664  26.77460239 26.99204771 26.39562624 26.35213718 28.18489066
 28.0916998  29.32803181 30.1667495  29.39637177 30.04870775 30.2972167
 31.85661034 31.94358847 24.00994036 27.03553678 25.04746521 28.79373757
 26.73111332 29.22862823 29.72564612 28.78131213 30.7445328  29.19756461
 29.57654076 30.84393638 30.78180915 31.19184891 24.73682903 26.23409543
 26.66898608 28.22837972 26.36456262 28.35263419 28.50795229 28.29050696
 29.36530815 30.52087475 31.347167   29.28454274 31.85661034 31.40308151
 31.41550696 27.40208748]",66229.81610268817
2025-06-15 11:35:00+00:00,695,6370.82,9.0,28.86028976628373,28.790072067594433,33.60238568588469,"[26.53230616 27.5139165  27.94880716 28.45203777 27.32753479 28.96769384
 29.30939364 28.43961233 29.76913519 31.35337972 30.63270378 32.57728628
 32.57728628 25.15308151 26.31486083 24.19010934 28.23459245 27.5139165
 27.70029821 28.32157058 28.64463221 27.3834493  31.03653082 31.72614314
 33.43464215 31.26018887 32.55864811 24.5193837  24.8362326  27.18464215
 26.67519881 27.87425447 28.81858847 27.12872763 29.46471173 29.05467197
 30.22266402 29.70700795 30.81908549 32.64562624 32.38469185 25.63146123
 26.60064612 27.9612326  26.40805169 27.74378728 27.54498012 27.29025845
 29.20999006 30.10462227 29.66351889 30.37176938 30.72589463 28.76888668
 31.86903579 31.68265408 26.02907555 27.63195825 26.29622266 26.06013917
 26.15333002 27.93016899 28.84965209 31.03653082 29.80019881 30.71346918
 31.04895626 31.10487078 32.23558648 30.43389662 25.81784294 25.25248509
 27.55740557 26.89885686 27.10387674 29.17271372 30.12947316 28.35263419
 29.5082008  30.30342942 32.35362823 30.15432406 31.48384692 30.12947316
 25.28354871 24.0472167  25.25248509 26.97962227 27.21570577 28.38369781
 29.80019881 29.67594433 30.39040755 30.88121272 27.99229622 31.35959245
 32.27907555 32.6083499  31.42171968 25.9917992  23.02833002 26.10984095
 25.89239563 26.44532803 28.9304175  28.37127237 28.27808151 31.16078529
 30.43389662 30.99304175 30.17917495 31.4527833  32.52758449 26.94855865
 23.37002982 26.8305169  27.01068588 29.2472664  26.81187873 29.05467197
 28.05442346 31.72614314 29.76913519 32.54622266 30.50223658 31.05516899
 30.97440358 26.2278827  26.22166998 27.79348907 27.07281312 27.3026839
 28.89314115 28.64463221 29.0111829  28.27186879 29.54547714 30.52708748
 31.26018887 31.69507952 32.09269384 25.52584493 25.84269384 27.29647117
 27.52634195 27.16600398 26.37698807 28.93663022 30.04870775 29.43364811
 31.18563618 30.64512922 30.81287276 30.25994036 33.60238569 32.22937376
 25.38295229 24.26466203 25.4388668  25.43265408 29.7194334  28.39612326
 27.24676938 29.33424453 29.2472664  28.73782306 31.09865805 29.10437376
 32.08026839 32.88170974 23.28305169 26.65034791 25.97316103 26.95477137
 28.75646123 28.39612326 28.61356859 29.52062624 28.52037773 30.43389662
 29.73807157 30.402833   30.27236581 30.94333996 25.37052684 25.84269384
 25.38916501 28.01093439 27.277833   29.21620278 27.48285288 29.30318091
 27.16600398 28.83722664 30.47117296 30.70725646 32.8444334  30.96819085
 32.44060636 23.81734592]",66444.58544207885
2025-06-15 11:36:00+00:00,696,6374.58,9.0,28.872659535311683,28.801751988071572,33.186133200795226,"[26.44532803 25.96694831 26.68762425 27.25919483 28.74403579 27.79348907
 28.27186879 28.08548708 30.86878728 30.22887674 32.06784294 30.04870775
 32.19831014 23.79870775 25.43265408 25.86133201 26.24030815 26.73732604
 27.39587475 28.3277833  28.85586481 29.91202783 28.76888668 30.24130219
 31.7944831  31.70129225 31.71371769 24.96048708 26.42668986 26.04771372
 26.40805169 27.03553678 27.83076541 28.80616302 29.68215706 32.19209742
 27.89910537 30.65755467 31.14835984 32.6332008  31.71993042 25.64388668
 26.02907555 26.3583499  29.04224652 28.18489066 28.70054672 27.73136183
 27.9612326  29.65109344 31.43414513 30.23508946 31.65159046 30.78802187
 30.58921471 31.80690855 26.21545726 25.4388668  26.34592445 27.6195328
 26.83672962 26.4888171  28.18489066 28.75646123 29.0360338  31.60188867
 31.09865805 31.0862326  32.23558648 32.37847913 26.50124254 26.67519881
 27.56361829 28.40233598 26.04150099 28.54522863 28.88692843 29.80641153
 30.03006958 28.73161034 29.79398608 30.83772366 32.09269384 33.1861332
 24.83001988 25.74950298 25.91724652 27.81833996 29.07331014 27.58225646
 29.62624254 28.17867793 27.79970179 30.48359841 30.16053678 28.694334
 32.28528827 31.64537773 32.61456262 25.12201789 26.51988072 25.66252485
 26.45775348 29.65730616 27.22813121 28.57629225 28.12897614 30.1667495
 30.40904573 30.39040755 32.3722664  31.29746521 32.08026839 25.12823062
 26.4639662  28.21595427 27.74378728 27.40208748 27.11008946 28.9055666
 29.80019881 29.94309145 29.3528827  29.45849901 30.01143141 30.61406561
 32.17967197 24.94806163 26.15333002 28.16003976 27.23434394 28.65084493
 27.19706759 28.73782306 27.76863817 29.80019881 30.22887674 29.54547714
 30.99925447 31.5583996  32.08026839 25.86133201 25.26491054 27.9860835
 26.94855865 28.04199801 27.32132207 27.35859841 28.62599404 28.87450298
 29.54547714 29.30318091 31.15457256 31.78205765 32.76366799 32.56486083
 23.58126243 26.4888171  27.73757455 27.22813121 28.25323062 28.95526839
 28.58871769 29.12922465 29.40879722 28.65705765 28.81858847 30.17917495
 31.76963221 31.74478131 25.17793241 25.31461233 25.91724652 25.78677932
 27.77485089 27.28404573 28.60114314 30.28479125 28.65705765 29.71322068
 31.39686879 32.7139662  31.88146123 31.0862326  27.277833   25.12201789
 26.65656064 28.06684891 27.32753479 27.33996024 27.76242545 28.48931412
 30.17917495 29.73807157 31.15457256 31.2166998  31.90631213 31.65159046
 32.16724652 25.72465209]",66485.96974133876
2025-06-15 11:37:00+00:00,697,6383.36,9.0,28.89983905089484,28.829025844930417,34.3727634194831,"[27.3834493  26.66277336 26.85536779 27.80591451 28.01093439 28.37748509
 31.5583996  29.06709742 29.94930417 30.15432406 31.59567594 32.88792247
 31.73235586 24.3889165  27.29025845 26.94234592 26.71868787 28.15382704
 28.59493042 27.45800199 27.88667992 29.59517893 30.40904573 30.01764414
 30.86878728 32.91277336 31.26640159 24.95427435 24.90457256 25.37673956
 25.27112326 26.65656064 27.71272366 29.93687873 27.66923459 30.27236581
 29.5082008  29.27833002 28.89935388 32.83200795 30.09219682 26.06635189
 25.18414513 25.50720676 27.81212724 28.73161034 28.63841948 28.00472167
 27.24676938 30.45874751 31.51491054 30.57057654 31.98707753 31.49005964
 31.29746521 31.37201789 26.86158052 26.19681909 26.12847913 26.37077535
 29.17892644 29.17892644 28.24080517 28.86829026 28.83101392 30.70104374
 29.32181909 29.12301193 33.90680915 31.26640159 25.16550696 26.54473161
 26.92370775 29.00497018 26.99826044 28.0916998  28.64463221 29.62002982
 29.94309145 29.42743539 31.27882704 30.29100398 30.0859841  32.08648111
 23.5750497  25.83648111 26.73732604 29.31560636 28.13518887 26.805666
 30.77559642 28.27186879 29.21620278 29.1416501  29.87475149 31.09244533
 31.14835984 32.23558648 30.80044732 25.30218688 25.81163022 27.01068588
 26.15954274 26.06013917 28.02335984 28.00472167 28.75024851 29.70700795
 30.20402584 30.01143141 30.73210736 32.15482107 31.3223161  24.91699801
 25.77435388 27.12872763 26.94234592 27.9860835  28.03578529 28.84343936
 27.62574553 30.95576541 30.73210736 30.4276839  30.93091451 32.55864811
 32.24801193 26.51366799 26.47017893 27.99850895 28.54522863 28.5390159
 28.4582505  27.76863817 30.14189861 28.24080517 30.48359841 28.97390656
 30.18538767 31.9000994  32.81336978 24.84244533 25.02261431 25.48856859
 26.20303181 26.54473161 28.92420477 30.55815109 29.05467197 29.36530815
 30.38419483 30.58921471 30.14811133 30.27236581 30.93091451 34.37276342
 25.14686879 26.37698807 28.05442346 27.20328032 27.05417495 28.16003976
 29.18513917 29.89960239 28.1973161  29.35909543 30.60164016 30.26615308
 31.40308151 33.03081511 24.31436382 25.50099404 26.33971173 26.95477137
 29.56411531 27.52634195 27.57604374 28.07306163 29.66973161 30.00521869
 30.52708748 31.02410537 31.81312127 31.19184891 25.66873757 28.12276342
 25.96694831 28.11033797 28.3277833  28.18489066 29.79398608 29.30318091
 28.11033797 28.74403579 30.65134195 31.44035785 31.67644135 30.94333996
 31.33474155 26.27758449]",66576.90152867377
2025-06-15 11:38:00+00:00,698,6383.530000000001,9.0,28.901605562723443,28.82955392644135,33.32902584493041,"[25.61903579 26.09741551 28.17246521 26.9609841  28.73782306 28.96148111
 30.45253479 29.29075547 31.35959245 28.42097416 30.38419483 29.98658052
 30.88742545 26.38941352 26.42668986 27.02932406 28.12276342 25.87375746
 29.78156064 29.19135189 29.22241551 29.63245527 28.91799205 30.38419483
 32.86928429 30.30342942 31.93737575 27.13494036 25.96073559 26.89885686
 27.99850895 26.67519881 27.78727634 27.8804672  28.76888668 29.99279324
 28.57007952 30.05492048 30.93712724 31.14835984 31.63916501 23.93538767
 25.3332505  26.31486083 26.38941352 25.73707753 27.6195328  27.27162028
 29.39015905 29.25347913 30.25994036 31.57082505 30.59542744 30.27236581
 31.18563618 31.98086481 23.9167495  27.82455268 25.83026839 28.99254473
 28.03578529 27.76863817 28.43961233 29.59517893 27.96744533 30.43389662
 30.60164016 29.99900596 31.29125249 31.63916501 26.92992048 26.9361332
 25.55069583 25.43265408 27.35238569 30.4276839  29.47713718 28.47688867
 30.34691849 30.52087475 30.12326044 30.02385686 31.347167   32.80094433
 25.22763419 24.94806163 24.87972167 25.75571571 26.88643141 29.14786282
 28.67569583 29.04845924 29.30318091 29.3777336  30.01764414 33.11779324
 31.78827038 33.29796223 31.67022863 26.36456262 26.21545726 28.04199801
 27.05417495 28.16003976 27.73757455 27.96744533 30.34070577 29.34666998
 31.53354871 31.37201789 33.32902584 31.46520875 31.96222664 25.68116302
 26.51366799 27.47664016 27.11008946 27.10387674 29.28454274 28.9304175
 28.88692843 29.19135189 31.08001988 30.28479125 28.99254473 31.7944831
 33.24826044 23.90432406 25.66252485 26.40805169 26.5944334  28.26565606
 28.07927435 26.7000497  29.24105368 29.30318091 29.22241551 30.64512922
 30.20402584 30.86257455 30.93091451 25.6500994  27.70029821 27.25298211
 27.65059642 26.91749503 26.60685885 28.5638668  30.04249503 30.02385686
 30.78802187 30.37176938 28.91799205 32.69532803 32.31635189 31.99950298
 25.60039761 25.94831014 26.1222664  28.3277833  27.13494036 26.8305169
 27.48906561 28.52659046 30.2972167  29.53305169 30.37176938 30.32828032
 32.20452286 33.10536779 25.097167   26.10362823 26.34592445 26.18439364
 28.04199801 29.17892644 28.87450298 28.63841948 29.8499006  29.62624254
 28.55144135 32.24801193 31.29746521 31.50869781 24.78031809 24.89214712
 26.7249006  26.56336978 27.25298211 28.21595427 28.57629225 29.16650099
 29.30939364 29.96794235 32.35984095 30.71346918 30.98682903 32.21073559
 32.55243539 27.08523857]",66582.81157064755
2025-06-15 11:39:00+00:00,699,6388.129999999999,9.0,28.916440657054842,28.84384319085487,33.987574552683895,"[27.02311133 29.44607356 25.90482107 27.55740557 27.75621272 28.1165507
 29.42122266 29.66973161 30.7693837  31.08001988 30.25994036 31.57082505
 32.11133201 26.54473161 26.14090457 25.90482107 26.33349901 27.52634195
 27.27162028 29.53926441 28.86829026 31.02410537 28.23459245 30.09219682
 31.18563618 32.78230616 32.14860835 24.3889165  25.61903579 27.03553678
 27.04796223 27.49527833 25.55690855 32.35362823 28.49552684 30.47738569
 29.68215706 30.78802187 32.29771372 31.52112326 31.29125249 24.46346918
 26.96719682 25.9917992  27.29647117 30.02385686 28.88071571 28.29050696
 28.29050696 30.24751491 30.04870775 30.82529821 31.04274354 30.77559642
 31.09865805 31.54597416 27.09145129 26.09120278 27.52012922 27.94259443
 26.91749503 29.80641153 28.6694831  30.18538767 29.55790258 29.75670974
 31.0862326  31.08001988 31.75720676 33.58996024 24.35785288 25.47614314
 27.5139165  27.35859841 26.97962227 27.86804175 28.37127237 28.83101392
 29.91824056 29.27833002 29.66351889 29.83126243 31.63916501 32.11754473
 24.92942346 27.60710736 25.99801193 28.01093439 27.58846918 27.52634195
 28.222167   29.60760437 29.85611332 29.47713718 30.39040755 30.89363817
 29.89338966 30.99304175 32.14860835 26.27137177 26.45775348 25.71843936
 28.08548708 27.23434394 27.71272366 28.13518887 28.63841948 29.92445328
 29.64488072 31.29746521 29.59517893 31.30367793 32.40954274 25.24627237
 25.25869781 26.805666   26.76217694 26.68762425 28.76267396 30.47117296
 29.09194831 29.75670974 29.52683897 30.26615308 31.21048708 32.06784294
 32.11754473 25.69358847 24.34542744 26.53230616 28.42097416 26.19060636
 27.87425447 27.12872763 30.05492048 28.97390656 28.9055666  29.08573559
 29.5082008  30.75695825 33.98757455 24.37027833 25.05989066 26.18439364
 27.60089463 26.84294235 26.71868787 27.42693837 30.30964215 29.52062624
 28.34642147 29.57032803 30.45253479 30.24130219 31.34095427 31.60810139
 25.97937376 26.24652087 26.74975149 26.79945328 29.17892644 28.5390159
 29.47713718 28.79373757 29.40879722 30.94333996 31.99329026 30.27236581
 30.30342942 31.73235586 25.78677932 24.61257455 26.48260437 26.03528827
 26.47639165 28.55144135 29.8499006  30.2972167  29.66351889 30.15432406
 31.47142147 31.14214712 32.85064612 32.88170974 24.85487078 25.52584493
 27.0666004  26.57579523 27.57604374 26.73732604 29.2721173  27.97987078
 29.11058648 30.13568588 30.34691849 31.49005964 32.44060636 32.06784294
 31.9000994  25.97937376]",66632.44386224268
2025-06-15 11:40:00+00:00,700,6390.509999999999,9.0,28.924719869040004,28.851236332007947,34.08697813121272,"[26.31486083 25.61282306 27.39587475 28.33399602 26.19060636 27.91774354
 28.24701789 28.98633201 30.50223658 30.50223658 32.11754473 30.54572565
 33.28553678 25.03503976 26.33349901 26.42047714 27.70029821 27.60710736
 26.88021869 29.12301193 28.02335984 31.49005964 30.21645129 29.92445328
 30.17296223 29.98658052 32.34741551 23.84840954 26.0166501  25.53827038
 29.47713718 29.16650099 28.03578529 29.2472664  30.45253479 29.17271372
 31.06759443 30.75074553 32.22937376 31.52733598 32.3722664  24.14662028
 25.48235586 25.43265408 26.55715706 28.87450298 27.20949304 26.51366799
 28.08548708 27.68787276 28.62599404 30.10462227 31.12350895 31.58946322
 30.5333002  33.14885686 25.94209742 27.34617296 27.37723658 26.71247515
 28.12897614 28.50173956 29.25969185 27.94880716 30.21023857 29.1167992
 32.19209742 31.74478131 30.45253479 30.0611332  25.79920477 25.39537773
 26.74353877 27.50770378 27.02311133 28.60114314 29.07331014 27.47664016
 30.65755467 31.10487078 30.04249503 32.75124254 31.06138171 31.97465209
 24.43240557 26.40183897 27.81833996 26.03528827 29.05467197 29.11058648
 29.1167992  27.52634195 29.02982107 29.25969185 30.17296223 30.30342942
 31.34095427 31.9000994  32.83822068 25.38916501 29.55168986 26.68141153
 27.63195825 27.36481113 29.10437376 27.50149105 28.96148111 30.35934394
 31.04274354 30.59542744 32.57107356 31.9000994  30.85014911 24.96048708
 27.60089463 26.53230616 27.1722167  28.99254473 30.45874751 26.53230616
 29.0111829  29.23484095 31.03653082 30.31585487 31.2166998  34.08697813
 31.62673956 25.25869781 27.50770378 27.5387674  28.45203777 28.54522863
 27.22813121 27.27162028 29.19756461 29.52683897 29.98658052 28.80616302
 32.02435388 31.9249503  31.5832505  25.95452286 26.06013917 26.57579523
 24.69333996 26.17818091 28.22837972 28.694334   30.1916004  29.13543738
 29.81262425 28.12897614 31.6888668  31.44035785 29.8250497  31.7944831
 25.69358847 26.22166998 25.50720676 28.32157058 27.36481113 29.25347913
 28.11033797 29.89338966 30.31585487 30.34691849 30.39662028 31.77584493
 31.68265408 33.19855865 26.07877734 26.76217694 25.48856859 28.1973161
 27.18464215 27.14115308 29.66351889 27.18464215 28.1973161  29.91202783
 29.86853877 31.88146123 29.6138171  31.28503976 25.42022863 26.55715706
 25.19035785 28.25944334 27.06038767 26.79324056 28.38369781 27.96744533
 29.63245527 29.49577535 30.60785288 29.29696819 32.73260437 32.31635189
 31.38444334 25.28976143]",66660.14279386023
2025-06-15 11:41:00+00:00,701,6399.53,9.0,28.95258942228659,28.879255715705764,34.37897614314115,"[27.24676938 24.15904573 28.11033797 27.82455268 27.63195825 28.99254473
 29.0111829  29.56411531 30.75695825 31.86903579 31.70750497 32.18588469
 31.43414513 24.64985089 24.91078529 26.71868787 27.27162028 27.02311133
 27.15979125 26.97340954 28.71297217 28.28429423 31.48384692 30.78180915
 31.16078529 33.98757455 34.2112326  26.69383698 25.90482107 26.4888171
 28.1973161  27.33374751 27.60710736 27.83076541 29.93687873 28.89935388
 28.33399602 32.04299205 30.80044732 32.49652087 31.54597416 24.91699801
 24.72440358 25.68737575 26.9361332  28.79373757 27.20328032 28.9304175
 27.59468191 29.98036779 30.24751491 29.81262425 30.6637674  30.1916004
 34.02485089 32.32256461 26.00422465 27.21570577 25.9917992  27.77485089
 28.4582505  28.5390159  29.25969185 30.57678926 30.80044732 31.64537773
 31.09244533 31.31610338 31.19806163 30.00521869 27.95501988 26.39562624
 26.97340954 26.9361332  28.52659046 29.31560636 30.27857853 27.67544732
 29.12301193 30.85014911 29.4833499  31.27882704 31.01789264 30.85014911
 27.23434394 25.24005964 27.3026839  27.65680915 27.65059642 28.22837972
 28.81858847 27.73136183 28.75646123 30.5084493  29.63245527 30.11083499
 29.33424453 32.52137177 32.40954274 24.25223658 26.03528827 27.22813121
 28.12897614 28.21595427 28.71918489 28.4582505  31.21048708 29.10437376
 29.3777336  31.67022863 30.75074553 31.6888668  30.17296223 25.10959245
 24.60636183 26.25894632 28.09791252 27.95501988 29.72564612 27.57604374
 29.42122266 30.67619284 29.2472664  29.74428429 31.6888668  30.81908549
 31.46520875 25.55690855 27.11630219 24.95427435 25.25248509 27.42072565
 28.32157058 29.3777336  26.8305169  27.76242545 29.68836978 31.19184891
 30.4276839  30.89363817 31.75720676 24.64363817 26.43290258 25.96694831
 27.02311133 26.8305169  29.63866799 29.30318091 28.88692843 29.73807157
 29.73185885 31.12972167 29.72564612 31.0862326  32.42818091 32.8195825
 26.5695825  24.81759443 25.94209742 25.76814115 28.47067594 27.55740557
 30.5084493  26.4888171  28.50173956 29.36530815 31.27261431 31.30367793
 30.94955268 34.37897614 27.1722167  25.81163022 27.14115308 26.29000994
 26.89885686 28.63841948 28.70675944 27.96744533 28.28429423 29.86232604
 30.46496024 31.25397614 31.93737575 30.58921471 26.48260437 26.65656064
 27.02311133 27.18464215 27.68166004 28.12276342 27.67544732 30.22887674
 28.38369781 29.45849901 31.347167   31.36580517 32.1610338  32.21073559
 32.72017893 25.25248509]",66753.383171202
2025-06-15 11:42:00+00:00,702,6444.6,9.0,29.08683948929678,29.019259443339955,34.82007952286282,"[27.96744533 25.73707753 26.82430417 29.65730616 27.32132207 28.99875746
 28.70675944 29.7194334  30.09840954 30.05492048 32.56486083 31.69507952
 32.34120278 25.32703777 25.53827038 26.68762425 25.96073559 28.24080517
 28.71297217 29.02982107 29.76913519 30.4276839  29.0111829  30.41525845
 31.11729622 31.37823062 31.64537773 26.2527336  25.68737575 25.94209742
 28.74403579 28.72539761 28.16003976 27.42693837 28.41476143 29.39637177
 32.4778827  28.99254473 31.1110835  31.53354871 32.85064612 25.32082505
 26.28379722 27.44557654 25.69358847 28.91177932 26.73732604 28.89314115
 29.63866799 29.68215706 30.78180915 30.89363817 32.36605368 32.09890656
 32.44060636 34.82007952 26.37077535 26.42668986 26.26515905 26.99204771
 27.33374751 27.69408549 28.71918489 28.91799205 29.41500994 30.17296223
 31.09865805 31.96222664 31.84418489 32.62077535 24.87350895 25.68116302
 28.48931412 28.00472167 27.48906561 28.73782306 29.33424453 27.9612326
 29.93687873 30.04870775 31.03653082 32.93141153 32.65805169 34.53429423
 26.26515905 24.8610835  26.19060636 26.3832008  27.09145129 29.64488072
 29.45849901 29.05467197 29.930666   30.30342942 31.67644135 31.11729622
 31.98707753 32.52758449 33.527833   25.11580517 27.65680915 25.097167
 27.59468191 29.1167992  29.00497018 29.78156064 30.07355865 30.38419483
 31.06138171 30.75695825 31.5832505  32.29150099 33.09294235 26.18439364
 27.87425447 28.15382704 27.22191849 26.99826044 27.43936382 28.76267396
 28.14761431 31.40308151 30.17917495 31.11729622 31.88146123 31.87524851
 32.80094433 26.04771372 25.04125249 25.94209742 27.02311133 27.20328032
 27.96744533 29.87475149 28.50173956 29.85611332 29.5889662  30.98682903
 31.13593439 31.42171968 32.09890656 23.65581511 26.23409543 26.00422465
 25.63767396 28.11033797 28.30914513 29.11058648 28.95526839 29.24105368
 30.25372763 30.69483101 29.3528827  31.23533797 31.0054672  33.62102386
 24.21496024 27.93016899 26.48260437 26.08499006 27.43315109 26.07877734
 28.71918489 29.47713718 29.63866799 30.96819085 29.89960239 32.25422465
 32.8195825  31.16699801 26.34592445 26.20924453 25.22763419 27.94880716
 27.81212724 27.39587475 28.65084493 27.86182903 30.0859841  29.28454274
 28.32157058 29.9555169  29.83126243 31.91873757 24.30815109 26.02907555
 25.90482107 27.10387674 28.222167   28.96148111 27.3834493  28.02335984
 28.36505964 30.25372763 30.57678926 31.18563618 32.10511928 30.44632207
 33.09294235 24.86729622]",67202.5301953913
2025-06-15 11:43:00+00:00,703,6405.889999999999,9.0,28.97384647526497,28.899012176938367,33.67072564612326,"[25.93588469 27.42693837 26.20303181 27.86182903 29.2472664  28.60114314
 29.15407555 28.18489066 30.00521869 28.47067594 32.35984095 31.39065606
 31.32852883 25.62524851 24.90457256 25.30218688 28.03578529 28.63220676
 28.9055666  28.7999503  29.74428429 30.96197813 30.68861829 30.65134195
 32.17967197 31.22291252 32.12997018 24.56287276 26.29622266 29.39637177
 27.86804175 28.33399602 27.71272366 28.94905567 29.43364811 28.7999503
 29.79398608 30.64512922 31.6640159  30.17296223 30.17917495 25.17171968
 26.87400596 29.39637177 26.71247515 28.88692843 29.49577535 29.30939364
 28.70054672 28.65084493 28.48310139 30.2972167  31.42793241 32.65805169
 32.0305666  31.12972167 25.99801193 25.86754473 26.88021869 26.82430417
 28.01093439 26.43911531 29.51441352 30.05492048 30.60785288 30.94333996
 28.75024851 33.35387674 30.95576541 30.45253479 25.92345924 25.43265408
 28.23459245 27.16600398 27.73136183 28.50173956 28.02335984 29.25969185
 30.05492048 30.17917495 29.29075547 30.11704771 30.70725646 31.21048708
 24.50695825 24.55044732 27.63817097 26.7000497  29.98658052 28.58250497
 27.84940358 29.1167992  28.44582505 29.52683897 31.47763419 30.77559642
 31.9000994  33.67072565 31.52112326 26.00422465 27.19706759 26.78702783
 28.4582505  29.35909543 28.33399602 30.12326044 30.14189861 31.2166998
 30.05492048 30.68240557 28.97390656 30.42147117 32.65805169 24.9666998
 25.37052684 27.25298211 27.83076541 27.55740557 29.08573559 29.86232604
 28.70054672 29.39637177 28.97390656 31.78827038 30.80044732 33.6583002
 30.89985089 24.72440358 26.12847913 26.10984095 28.11033797 27.93638171
 27.84319085 27.09145129 27.29647117 30.18538767 30.62649105 30.30964215
 30.29100398 31.32852883 30.35313121 24.02236581 25.26491054 26.19681909
 26.60685885 27.03553678 27.89910537 28.68812127 29.54547714 28.71918489
 28.68190855 29.65109344 29.83126243 33.47813121 33.14885686 32.85685885
 25.82405567 26.24030815 27.21570577 26.55715706 27.30889662 28.20974155
 29.23484095 29.02982107 27.78727634 29.3777336  31.81312127 32.22937376
 30.39662028 31.49627237 24.92321074 25.87375746 27.60710736 26.4888171
 26.86158052 29.62002982 28.23459245 29.96794235 29.47092445 29.10437376
 30.6389165  28.74403579 30.78802187 32.59592445 25.24005964 26.25894632
 25.74329026 27.35238569 27.97987078 28.35263419 27.73757455 30.44010934
 30.12947316 29.1416501  30.25994036 30.99925447 30.00521869 30.32828032
 32.88792247 27.0666004 ]",66824.50076764649
2025-06-15 11:44:00+00:00,704,6422.129999999999,9.0,29.023008654261105,28.94945949304175,34.54671968190854,"[27.47664016 27.36481113 26.79324056 26.99204771 27.61332008 29.33424453
 29.0111829  29.50198807 31.17942346 32.03677932 30.69483101 31.72614314
 31.42793241 25.55690855 26.22166998 26.4888171  27.12872763 27.29647117
 26.5944334  28.73161034 29.66973161 30.28479125 30.32828032 31.5832505
 30.94955268 30.24751491 31.15457256 24.8362326  26.26515905 26.43290258
 25.6749503  28.35884692 27.96744533 27.41451292 28.11033797 28.47688867
 29.97415507 30.39662028 29.55790258 31.1110835  30.26615308 24.32678926
 25.02882704 26.06635189 25.4140159  26.25894632 27.87425447 27.48285288
 27.75621272 29.75049702 29.13543738 29.06709742 32.12997018 31.80069583
 33.03081511 32.64562624 25.48856859 26.1222664  26.5944334  27.24676938
 28.30293241 27.94259443 27.71272366 29.14786282 30.97440358 30.27236581
 30.94333996 30.65134195 31.48384692 33.29796223 26.75596421 26.8305169
 27.14736581 26.84294235 28.58250497 27.44557654 28.16003976 28.38991054
 29.33424453 30.79423459 29.78777336 31.80690855 32.44681909 32.14860835
 24.04100398 25.59418489 27.3834493  27.18464215 27.71893638 27.77485089
 28.97390656 29.39637177 29.04845924 30.94333996 31.83175944 29.57032803
 31.63295229 34.42867793 31.43414513 27.02932406 27.71272366 28.12897614
 29.52062624 28.28429423 29.14786282 28.5638668  30.98682903 28.45203777
 31.1110835  30.42147117 32.40333002 32.11754473 32.04299205 26.1222664
 25.58175944 25.89239563 26.39562624 28.14140159 28.68812127 26.56336978
 30.7445328  31.94980119 29.55168986 30.43389662 32.12997018 32.01814115
 32.50894632 25.63146123 28.19110338 25.59418489 27.19706759 27.90531809
 27.91774354 29.13543738 28.32157058 29.99279324 30.35934394 30.07355865
 29.3777336  31.24776342 31.76963221 27.62574553 24.7554672  26.41426441
 26.91749503 29.51441352 27.47664016 27.42693837 29.47092445 28.4333996
 30.48981113 30.99925447 30.86878728 32.40954274 31.35959245 33.64587475
 25.87375746 25.35188867 26.92992048 27.63817097 28.12276342 27.57604374
 28.92420477 28.47067594 31.32852883 31.24776342 29.21620278 31.819334
 32.85064612 34.54671968 25.3083996  26.27758449 25.6749503  28.52037773
 28.65084493 27.93638171 28.36505964 27.94259443 29.31560636 31.0054672
 30.13568588 29.89338966 31.77584493 32.31635189 24.16525845 25.92967197
 26.86779324 25.15929423 28.44582505 27.89910537 29.14786282 31.42171968
 28.60114314 27.74378728 28.71297217 30.91848907 32.49030815 32.82579523
 32.25422465 25.51341948]",66988.97775369594
2025-06-15 11:45:00+00:00,705,6435.32,9.0,29.063165465950796,28.990432405566597,33.84468190854871,"[25.28354871 25.69358847 28.15382704 28.99254473 28.83101392 28.64463221
 29.92445328 29.02982107 30.48359841 32.1361829  29.6945825  32.74502982
 32.31635189 26.92370775 25.84269384 27.79348907 27.82455268 27.05417495
 28.70054672 29.99900596 27.67544732 29.59517893 29.21620278 29.58275348
 30.12326044 32.15482107 33.34766402 24.36406561 26.60064612 26.32728628
 25.8054175  28.10412525 26.71247515 29.34666998 29.73185885 29.89960239
 30.43389662 30.90606362 31.42171968 31.39686879 30.73832008 25.86754473
 25.42644135 25.93588469 27.94880716 26.5944334  27.277833   27.9860835
 28.94284294 28.60735586 31.02410537 30.82529821 31.09244533 31.69507952
 32.6332008  33.84468191 25.0723161  26.00422465 26.38941352 26.39562624
 27.75       27.79970179 28.50795229 29.39637177 29.17271372 30.93712724
 31.39686879 31.67644135 32.36605368 32.8444334  26.28379722 27.04796223
 26.65034791 27.37102386 27.68787276 27.71893638 29.27833002 29.56411531
 28.31535785 28.94284294 30.73832008 30.28479125 32.57728628 31.72614314
 23.87947316 27.277833   25.97316103 27.70029821 26.55715706 27.35859841
 29.02982107 27.6195328  30.21645129 31.06759443 29.7194334  30.52708748
 33.07430417 32.46545726 31.40308151 25.8861829  27.66923459 25.13444334
 28.24701789 28.00472167 29.65109344 28.5638668  31.29125249 29.39637177
 31.30989066 31.51491054 29.8499006  32.19831014 31.68265408 26.81187873
 26.88021869 27.47042744 27.24055666 27.21570577 28.13518887 28.14761431
 29.15407555 28.35263419 29.99279324 31.53976143 32.11133201 31.80690855
 32.93762425 25.75571571 26.805666   25.3332505  26.94234592 27.80591451
 27.33374751 30.33449304 33.06809145 30.27236581 29.63245527 30.10462227
 30.30964215 31.33474155 30.80666004 25.8054175  25.85511928 26.79945328
 27.02311133 26.84915507 28.35884692 29.25347913 29.39015905 29.18513917
 30.47738569 28.68190855 31.60188867 30.04249503 30.81287276 32.86307157
 25.48235586 25.36431412 26.71868787 27.56361829 27.76863817 27.13494036
 29.78777336 29.65730616 29.57032803 28.81237575 30.52087475 31.06138171
 30.80044732 31.9249503  24.81138171 26.00422465 26.79945328 26.58822068
 28.55765408 28.20352883 27.92395626 28.65084493 30.92470179 30.23508946
 30.44010934 31.56461233 32.88792247 32.60213718 26.35213718 27.22813121
 26.99826044 27.67544732 28.58250497 27.26540755 29.0360338  26.90506958
 29.36530815 30.37176938 30.17917495 31.36580517 31.35959245 32.90656064
 32.35362823 25.72465209]",67123.32638288497
2025-06-15 11:46:00+00:00,706,6371.73,9.0,28.876736432096806,28.79289885685884,33.639662027833,"[26.71247515 26.81809145 28.05442346 26.37698807 28.97390656 28.03578529
 29.55168986 28.88071571 29.78777336 31.38444334 32.38469185 33.2917495
 31.72614314 26.51988072 27.66302187 25.83648111 27.14115308 27.25919483
 27.43315109 29.30939364 27.80591451 29.55790258 29.29696819 30.17296223
 30.29100398 30.90606362 32.82579523 24.95427435 26.37698807 27.76863817
 25.89860835 26.70626243 27.8556163  27.46421471 27.30889662 30.68861829
 29.8499006  31.09244533 31.06138171 32.60213718 31.19184891 27.07281312
 26.23409543 25.27112326 28.01714712 26.5944334  28.89935388 26.61928429
 29.11058648 29.46471173 29.70700795 30.81908549 31.06138171 31.17942346
 32.21694831 33.24826044 25.19035785 27.44557654 26.45154076 25.83026839
 26.43290258 26.67519881 27.47664016 30.68240557 29.45849901 29.62624254
 29.97415507 31.94358847 32.46545726 30.98682903 26.24030815 26.42047714
 26.5695825  26.86779324 27.16600398 25.45129225 28.85586481 28.35884692
 31.17321074 30.60164016 30.94955268 29.77534791 32.0305666  32.16724652
 25.66873757 24.56287276 25.89239563 26.9609841  26.84915507 27.96744533
 26.32107356 28.46446322 29.86232604 29.53926441 31.36580517 30.0859841
 29.73807157 31.9000994  33.63966203 27.52012922 26.37077535 25.2027833
 28.37748509 29.07331014 27.50149105 28.76267396 30.41525845 28.58871769
 30.11083499 29.91824056 32.70154076 32.18588469 31.01789264 25.45750497
 26.40805169 27.66302187 25.66252485 26.4888171  29.78156064 29.41500994
 29.67594433 29.18513917 31.72614314 29.9555169  29.55168986 31.42171968
 32.26043738 24.45104374 26.53851889 28.12276342 24.89835984 28.63220676
 27.58846918 29.06709742 29.25969185 28.3277833  28.71297217 29.17271372
 30.26615308 30.45874751 31.42793241 24.61257455 26.02907555 26.51988072
 25.69980119 25.63767396 27.86804175 27.58846918 30.69483101 29.2721173
 29.34045726 29.65109344 29.36530815 33.08672962 31.77584493 31.6640159
 24.72440358 25.79299205 27.42072565 28.63841948 28.89314115 27.58846918
 28.97390656 30.75695825 28.63841948 28.78131213 31.13593439 33.10536779
 30.89985089 31.9000994  26.24652087 24.8362326  25.9110338  26.76838966
 28.25323062 28.14140159 29.16650099 31.14835984 27.73136183 30.28479125
 31.22912525 31.30367793 30.46496024 31.6888668  26.24030815 25.5444831
 26.26515905 26.17818091 27.84319085 27.56983101 29.56411531 29.14786282
 28.92420477 29.8499006  31.75720676 30.06734592 31.53976143 30.99304175
 31.29746521 24.82380716]",66499.60940722306
2025-06-15 11:47:00+00:00,707,6436.34,9.0,29.06862647465091,28.99360089463221,34.14289264413519,"[25.84890656 26.82430417 29.05467197 27.71893638 29.1416501  28.94284294
 30.11083499 30.04870775 30.88742545 27.69408549 31.10487078 31.71993042
 33.09915507 24.32057654 25.40780318 27.32753479 26.41426441 27.70651093
 27.58846918 28.52659046 29.81262425 29.5889662  31.02410537 29.49577535
 30.88121272 32.61456262 32.20452286 25.45750497 25.93588469 27.0666004
 28.67569583 27.99850895 27.25919483 29.55790258 28.09791252 28.88692843
 30.03628231 29.52062624 28.27808151 31.29746521 32.49652087 25.32703777
 26.42668986 27.36481113 27.65680915 27.69408549 28.76888668 28.42718688
 27.79970179 29.65109344 28.98011928 31.16078529 30.57678926 32.44060636
 31.2166998  31.94358847 25.51963221 27.22191849 27.18464215 25.64388668
 30.49602386 29.26590457 29.05467197 30.04870775 29.91824056 31.15457256
 32.39090457 31.85661034 31.62052684 31.89388668 23.02833002 26.53230616
 25.87997018 26.73111332 29.42743539 29.80641153 29.08573559 29.36530815
 30.65134195 30.14811133 30.48981113 30.81287276 32.62698807 31.82554672
 25.76814115 25.65631213 27.33996024 27.04796223 29.13543738 29.1167992
 29.76913519 29.72564612 28.86829026 30.48359841 30.60785288 30.45874751
 31.75099404 32.43439364 33.57132207 24.86729622 24.54423459 27.95501988
 27.58225646 27.33374751 28.17246521 27.01068588 30.52708748 28.67569583
 30.33449304 30.402833   32.14860835 31.96222664 31.08001988 25.3332505
 25.32082505 25.8054175  27.04796223 28.38369781 27.50149105 29.54547714
 30.32828032 28.67569583 30.60164016 29.34666998 31.02410537 30.70104374
 32.16724652 25.35188867 24.98533797 26.84915507 28.04821074 28.50795229
 27.67544732 28.96769384 29.06088469 28.24701789 28.5390159  32.02435388
 31.01167992 32.62077535 32.58971173 24.55044732 26.27137177 25.60661034
 28.63841948 26.84915507 27.66302187 26.45775348 29.65109344 30.83151093
 29.19135189 29.45849901 30.09219682 32.80094433 31.44035785 33.57132207
 26.06013917 26.52609344 26.08499006 27.5139165  27.29647117 27.9612326
 28.29671968 30.7445328  30.47117296 30.39040755 31.20427435 32.22316103
 33.15506958 34.14289264 25.44507952 27.94259443 26.96719682 24.74925447
 26.61307157 26.86158052 29.02982107 27.22813121 30.10462227 31.06759443
 31.49005964 31.77584493 31.60188867 32.10511928 25.95452286 25.69358847
 25.11580517 26.55715706 26.65656064 27.94880716 29.02360835 28.53280318
 28.89935388 29.18513917 31.4527833  31.3223161  30.37176938 32.79473161
 32.80094433 26.89885686]",67141.59673359207
2025-06-15 11:48:00+00:00,708,6427.759999999999,9.0,29.044524872016773,28.96694831013916,33.80119284294234,"[25.26491054 27.08523857 25.22763419 28.79373757 28.84965209 28.92420477
 28.23459245 29.15407555 29.05467197 31.96843936 32.62077535 29.96172962
 31.37823062 25.31461233 27.17842942 27.03553678 27.99850895 27.84940358
 27.45178926 29.15407555 28.47688867 29.43364811 31.2415507  29.66351889
 31.31610338 31.03653082 30.85014911 24.76789264 24.95427435 27.57604374
 26.21545726 29.11058648 27.18464215 28.0916998  30.6389165  28.94284294
 30.68240557 32.3722664  31.20427435 28.66327038 32.7388171  25.91724652
 25.36431412 26.00422465 26.2278827  27.07902584 27.01689861 28.88071571
 30.77559642 28.9304175  29.51441352 30.44010934 33.00596421 31.69507952
 31.85661034 32.70154076 25.34567594 24.37027833 27.42072565 27.00447316
 25.89860835 27.01068588 27.49527833 28.11033797 28.47067594 28.07306163
 30.70725646 32.31635189 32.54000994 32.99353877 26.58822068 26.32728628
 26.78702783 28.57629225 27.83076541 29.75049702 29.99279324 28.55144135
 29.88096421 31.28503976 30.44632207 30.57678926 31.01167992 32.55243539
 26.66898608 26.97962227 27.30889662 26.0166501  26.94855865 27.86182903
 28.34020875 29.5889662  28.02957256 30.68240557 31.819334   29.3777336
 29.86232604 32.11754473 31.90631213 26.09741551 26.49502982 26.79945328
 27.97365805 29.78777336 26.8305169  27.47664016 30.17917495 29.19135189
 30.75074553 31.38444334 29.77534791 31.75099404 31.52733598 25.32703777
 26.42047714 28.06063618 26.4639662  28.222167   26.38941352 29.17892644
 30.1916004  31.51491054 30.2972167  30.52708748 29.13543738 31.20427435
 33.6334493  25.37673956 26.84915507 25.9110338  25.98558648 28.03578529
 27.09766402 28.55765408 28.78752485 30.01143141 30.32828032 32.06784294
 31.01167992 30.7445328  31.54597416 25.71222664 25.55690855 26.06013917
 24.87350895 27.27162028 28.43961233 29.00497018 29.2721173  29.37152087
 30.14811133 31.27882704 29.43986083 31.19184891 32.03677932 32.37847913
 26.32728628 25.94831014 27.29647117 27.28404573 26.79945328 30.07355865
 29.09194831 29.17271372 29.92445328 29.04224652 31.99950298 31.04895626
 32.35362823 31.29125249 25.66873757 25.36431412 26.36456262 27.24676938
 29.30318091 27.84940358 29.11058648 29.96172962 29.84368787 29.66973161
 31.23533797 32.68290258 31.01167992 32.9500497  26.53851889 25.66873757
 27.56983101 27.53255467 27.5139165  28.91177932 29.2721173  28.88692843
 32.12375746 30.4276839  29.43364811 33.80119284 31.49005964 32.99975149
 32.42196819 25.45129225]",67060.96241181932
2025-06-15 11:49:00+00:00,709,6480.2699999999995,9.0,29.200697754080245,29.13006336978131,34.111829025844926,"[26.60685885 26.01043738 26.4639662  27.12872763 28.36505964 29.26590457
 27.37723658 30.2972167  31.35337972 31.9000994  33.2109841  32.21073559
 32.18588469 27.22191849 27.02311133 24.92321074 28.25944334 27.77485089
 27.00447316 28.37748509 31.38444334 30.47738569 30.24751491 30.49602386
 29.91202783 32.56486083 31.70129225 24.92321074 25.25248509 27.49527833
 26.10362823 27.95501988 27.73757455 28.33399602 28.25323062 30.24130219
 31.39065606 31.09244533 31.83175944 30.93712724 30.73210736 24.53180915
 25.66873757 25.63146123 25.96073559 26.91128231 27.69408549 29.42743539
 29.65730616 30.93712724 28.82480119 31.2166998  31.12350895 31.14835984
 31.819334   33.14264414 24.78653082 25.0723161  26.1222664  27.53255467
 27.83076541 28.55765408 29.98658052 30.35313121 30.44632207 30.31585487
 29.94309145 30.84393638 31.64537773 34.11182903 26.75596421 26.45775348
 27.09145129 25.84890656 26.74975149 30.0611332  29.00497018 29.67594433
 30.04870775 30.44632207 30.76317097 31.75720676 32.39090457 31.75099404
 26.8305169  25.91724652 26.40183897 27.86804175 27.73757455 27.99229622
 29.96794235 28.72539761 30.41525845 32.21694831 31.45899602 31.78205765
 30.83772366 32.7139662  31.12350895 26.14090457 27.25919483 27.8804672
 27.20949304 28.81858847 28.63220676 26.76217694 30.51466203 28.45203777
 29.12301193 30.44632207 31.16078529 33.22962227 32.62698807 26.0166501
 25.30218688 26.79324056 28.67569583 26.5695825  28.44582505 30.02385686
 29.45849901 29.3777336  30.14189861 31.98707753 27.70029821 32.9500497
 32.91898608 23.8359841  26.94855865 25.42644135 27.33374751 27.60089463
 29.12301193 29.47092445 31.22291252 29.09194831 28.47688867 29.80641153
 31.35337972 32.12997018 33.02460239 25.19657058 24.56908549 27.15357853
 27.96744533 28.27186879 27.63817097 29.43986083 28.47688867 30.75074553
 28.84965209 29.99900596 29.06088469 31.22291252 32.54000994 32.48409543
 25.84269384 26.5944334  26.25894632 28.27186879 28.86207753 28.72539761
 29.35909543 28.14761431 30.65755467 28.29671968 30.89363817 33.59617296
 32.51515905 32.41575547 25.17171968 27.39587475 26.83672962 28.02335984
 26.76838966 29.34666998 29.91202783 31.42793241 30.83772366 30.48981113
 32.06163022 31.19806163 31.36580517 31.4527833  26.38941352 26.55094433
 27.68787276 26.16575547 28.29050696 30.22266402 29.85611332 28.37748509
 29.88717694 28.27808151 29.77534791 30.00521869 32.46545726 33.03702783
 32.48409543 26.66898608]",67583.45440605088
2025-06-15 11:50:00+00:00,710,6431.709999999999,9.0,29.058603845251497,28.979218439363816,34.44731610337972,"[26.4639662  25.53827038 28.10412525 27.37723658 27.82455268 30.48359841
 27.89910537 28.11033797 31.44657058 31.78205765 31.56461233 32.35362823
 32.58349901 26.51988072 26.12847913 28.04821074 27.50770378 27.60089463
 29.73807157 28.35884692 27.88667992 30.67619284 29.65730616 30.52708748
 31.11729622 32.48409543 31.78827038 25.99801193 27.69408549 26.34592445
 28.3277833  27.66302187 26.62549702 28.06063618 30.15432406 30.41525845
 30.82529821 30.20402584 30.86257455 31.26018887 31.50869781 26.08499006
 24.53180915 27.37723658 26.78702783 29.10437376 27.42072565 29.51441352
 29.19756461 30.15432406 31.3223161  29.76913519 30.48981113 31.7944831
 32.89413519 33.91302187 26.43911531 23.97266402 27.42072565 26.13469185
 27.22191849 27.15357853 30.49602386 30.89363817 29.16650099 31.19184891
 31.40308151 30.54572565 29.98036779 32.33499006 27.30889662 25.5444831
 26.50745527 25.52584493 26.4639662  28.29671968 28.60114314 27.96744533
 28.73782306 30.57678926 31.13593439 31.64537773 30.66998012 30.09840954
 27.37723658 27.50770378 27.75621272 25.05989066 27.47664016 27.277833
 28.68812127 27.9860835  29.39637177 28.89935388 30.44010934 30.52708748
 31.52112326 32.70775348 31.14835984 23.05318091 24.7306163  26.96719682
 26.39562624 27.277833   28.78131213 28.60114314 29.86232604 29.08573559
 29.97415507 32.09890656 31.01789264 32.04920477 33.06187873 25.95452286
 27.43315109 27.35859841 27.08523857 28.52037773 28.0916998  29.0360338
 30.23508946 28.52659046 31.76963221 32.14239563 31.09865805 32.21694831
 32.0554175  25.86754473 27.24676938 26.04771372 28.17246521 28.63220676
 28.29050696 28.04199801 28.35884692 28.74403579 30.73210736 28.76888668
 31.0054672  32.29771372 32.72017893 26.24030815 25.68737575 24.86729622
 28.63841948 27.9612326  28.02957256 28.96769384 27.3026839  29.43986083
 31.22291252 31.26018887 32.60213718 31.67022863 30.75074553 32.88170974
 25.32082505 25.40780318 26.32107356 27.3834493  26.00422465 29.40258449
 28.44582505 26.89885686 28.24080517 30.62649105 32.3971173  31.05516899
 32.34741551 32.90034791 24.32057654 26.33349901 25.55690855 28.01093439
 26.94855865 27.37102386 29.52062624 29.04845924 30.47738569 29.91824056
 29.81262425 31.16699801 32.98111332 30.73210736 25.40780318 26.09120278
 26.29000994 26.65034791 29.42122266 28.03578529 28.16003976 28.37748509
 28.76888668 29.5082008  30.35313121 30.33449304 31.81312127 32.14239563
 34.4473161  25.08474155]",67108.06502467341
2025-06-15 11:51:00+00:00,711,6462.82,9.0,29.15161476764642,29.07585735586481,34.111829025844926,"[26.15954274 27.33996024 27.65059642 29.87475149 30.92470179 28.62599404
 29.98036779 30.34691849 29.96794235 30.82529821 31.16699801 30.75695825
 32.94383698 27.58225646 26.2278827  26.5944334  26.55094433 29.0111829
 28.39612326 27.6195328  30.44010934 29.99900596 30.91227634 31.29746521
 31.83797217 32.42818091 33.7639165  25.64388668 25.65631213 26.07256461
 28.38369781 25.79920477 28.66327038 27.48906561 28.70054672 30.65755467
 31.82554672 29.16028827 30.70725646 30.55193837 32.95626243 25.61903579
 26.02286282 25.33946322 26.11605368 27.39587475 28.97390656 28.55765408
 29.56411531 29.96172962 31.53976143 30.39040755 30.40904573 30.90606362
 31.81312127 32.35362823 25.52584493 27.03553678 26.33349901 27.54498012
 27.62574553 28.12276342 30.18538767 29.64488072 29.98036779 31.61431412
 31.57703777 30.95576541 32.77609344 32.26043738 25.83648111 25.71843936
 27.59468191 27.30889662 27.84319085 28.57629225 28.694334   28.88692843
 30.51466203 30.78180915 31.15457256 30.79423459 30.77559642 31.96843936
 24.76167992 24.152833   26.34592445 28.11033797 26.52609344 27.24676938
 27.9612326  29.7194334  28.89935388 29.45228628 29.39015905 31.40929423
 30.65134195 29.5082008  32.77609344 27.45800199 25.78677932 27.09766402
 28.1165507  27.60710736 28.82480119 29.04845924 28.50795229 29.09816103
 30.01143141 31.67644135 31.43414513 30.22887674 32.60213718 25.08474155
 26.1222664  27.58846918 27.77485089 27.3834493  28.80616302 29.8250497
 27.89289264 30.26615308 30.46496024 31.69507952 30.90606362 30.17296223
 31.85661034 25.40159046 26.04150099 25.58175944 26.19060636 28.67569583
 26.34592445 29.02360835 29.73807157 31.17942346 30.46496024 30.88742545
 31.49627237 33.58374751 31.60810139 27.73757455 26.42047714 27.24676938
 26.42047714 27.4083002  29.78777336 29.16650099 29.53305169 28.86829026
 30.29100398 30.56436382 29.80019881 30.12326044 32.19831014 31.96222664
 25.98558648 26.08499006 27.75       27.78727634 27.09145129 29.06709742
 29.25347913 28.99254473 30.89363817 28.99875746 29.88096421 31.96843936
 32.35984095 33.45328032 25.22142147 26.19681909 26.58200795 28.42097416
 26.58822068 28.01093439 29.1416501  28.78131213 29.54547714 30.98682903
 29.94309145 31.77584493 29.51441352 32.15482107 25.0723161  25.87375746
 27.57604374 27.19706759 28.53280318 27.62574553 28.35263419 28.222167
 30.36555666 31.29746521 30.52087475 31.65159046 31.32852883 32.09269384
 34.11182903 24.8362326 ]",67419.24236663787
2025-06-15 11:52:00+00:00,712,6430.139999999999,9.0,29.05637376375107,28.974341451292247,33.434642147117295,"[25.36431412 26.89264414 28.62599404 27.89910537 28.57629225 29.96794235
 29.84368787 30.79423459 29.30318091 31.95601392 32.0305666  31.10487078
 33.24826044 25.25869781 25.35188867 25.53827038 27.14115308 26.75596421
 29.30939364 27.79970179 29.6138171  28.25323062 30.31585487 28.71297217
 33.32281312 30.78180915 32.1361829  26.47639165 25.74950298 25.72465209
 27.91774354 28.23459245 28.01093439 29.73807157 29.07331014 29.99279324
 29.40879722 30.16053678 30.80044732 31.53354871 33.39115308 26.27758449
 26.14090457 26.68762425 26.79945328 27.50770378 28.11033797 28.60735586
 28.20352883 28.4333996  29.76913519 31.85039761 31.5583996  32.58971173
 32.10511928 33.06187873 25.68737575 27.07902584 27.55740557 27.31510934
 26.49502982 28.20352883 29.83126243 29.65109344 29.56411531 29.66351889
 31.10487078 30.0859841  30.64512922 32.65183897 26.69383698 25.83648111
 25.68737575 27.83076541 27.31510934 28.25944334 27.71272366 29.80019881
 29.8250497  29.30939364 29.94930417 32.72017893 31.15457256 31.15457256
 24.52559642 24.79895626 26.2278827  26.40183897 26.30243539 27.60710736
 26.65034791 29.20377734 28.96148111 29.12922465 30.51466203 31.61431412
 31.2166998  31.36580517 33.43464215 25.94831014 24.12798211 26.77460239
 26.33349901 27.58225646 27.6195328  28.89314115 29.96172962 28.41476143
 28.86207753 30.96819085 29.53926441 31.61431412 32.7388171  25.60039761
 25.59418489 26.02286282 27.35238569 29.00497018 29.42743539 27.97365805
 28.50173956 32.65183897 30.64512922 29.7194334  32.11754473 32.3971173
 31.84418489 26.04771372 26.0166501  26.73111332 28.50795229 27.25298211
 28.86829026 29.04845924 30.17917495 29.0360338  30.20402584 30.41525845
 31.4527833  31.56461233 32.32256461 24.50074553 27.55740557 25.36431412
 28.4582505  28.57629225 28.79373757 28.27186879 29.72564612 30.04249503
 30.30342942 29.07952286 30.75074553 29.90581511 32.33499006 33.14885686
 25.83026839 26.73111332 27.54498012 26.60685885 28.34020875 28.52037773
 27.75621272 31.80069583 29.64488072 29.56411531 30.2972167  31.63295229
 30.49602386 30.95576541 26.35213718 26.17196819 27.31510934 26.97340954
 29.06709742 25.91724652 28.35263419 30.99925447 29.6138171  31.80069583
 30.96197813 32.46545726 31.18563618 31.78827038 25.84890656 25.23384692
 26.53230616 26.39562624 27.5387674  27.20949304 27.96744533 29.1416501
 29.55790258 28.75024851 32.1610338  31.29125249 31.05516899 30.95576541
 32.6332008  28.66327038]",67100.60406400557
2025-06-15 11:53:00+00:00,713,6490.33,9.0,29.235191322664626,29.16131336978131,33.60238568588469,"[27.86804175 27.20949304 28.17867793 27.23434394 27.63817097 28.99875746
 29.29075547 29.74428429 30.65134195 29.58275348 30.77559642 31.80690855
 32.57728628 25.21520875 27.04796223 26.88643141 27.90531809 29.7194334
 29.45849901 27.55740557 31.38444334 31.31610338 28.89935388 30.60785288
 32.52137177 31.40929423 32.4778827  25.25248509 26.805666   25.46371769
 27.65680915 28.36505964 26.89885686 29.13543738 30.28479125 29.68836978
 30.72589463 30.85636183 31.52112326 32.93141153 33.60238569 26.15954274
 26.29000994 24.82380716 25.89860835 29.39637177 27.9612326  28.94284294
 28.72539761 32.0554175  28.84965209 32.27907555 31.80069583 31.22912525
 31.58946322 33.57132207 25.89239563 26.73111332 26.39562624 26.805666
 28.4333996  28.83101392 29.11058648 28.222167   29.57654076 31.23533797
 31.22912525 30.44632207 32.90034791 32.90034791 24.08449304 27.72514911
 27.65680915 27.76863817 26.75596421 26.63792247 27.57604374 28.74403579
 29.85611332 29.29075547 30.71346918 30.47117296 32.18588469 32.86307157
 25.27733598 28.02957256 27.15979125 26.805666   28.6694831  27.6443837
 30.56436382 27.57604374 28.66327038 30.37798211 29.66973161 32.77609344
 32.36605368 31.42171968 31.6888668  26.34592445 25.79299205 27.59468191
 26.5695825  26.78702783 28.29671968 30.24130219 28.05442346 28.1165507
 30.94333996 31.17321074 30.97440358 32.73260437 31.9000994  25.25248509
 26.77460239 26.15333002 27.45178926 28.55144135 29.2472664  30.64512922
 29.12922465 30.16053678 28.72539761 31.64537773 30.76317097 30.19781312
 32.2417992  25.78677932 25.94831014 26.85536779 28.36505964 27.62574553
 28.14140159 29.65109344 28.83101392 29.96172962 28.33399602 30.03006958
 32.57728628 31.19184891 32.39090457 25.91724652 27.52012922 28.49552684
 28.30914513 28.4582505  27.81833996 28.74403579 28.50173956 29.53305169
 29.59517893 31.29125249 31.40308151 30.59542744 31.74478131 32.0305666
 25.71222664 28.68812127 26.34592445 27.71893638 28.19110338 30.71968191
 29.1167992  29.3777336  28.16003976 30.47117296 30.52087475 31.19806163
 31.93116302 32.53379722 26.87400596 27.1722167  24.59393638 27.16600398
 28.38369781 27.1722167  28.07927435 30.53951292 29.6138171  30.28479125
 29.87475149 31.73856859 32.30392644 32.65183897 25.48235586 26.19060636
 26.805666   29.63245527 29.28454274 26.95477137 28.80616302 28.19110338
 28.38991054 28.50795229 30.94333996 31.58946322 31.47142147 32.08648111
 33.46570577 26.76217694]",67698.85608910679
2025-06-15 11:54:00+00:00,714,6469.490000000001,9.0,29.174880915686348,29.096576789264414,34.03106361829026,"[26.9361332  26.99826044 29.02360835 28.57007952 27.11008946 28.3277833
 30.55815109 28.71918489 29.2472664  30.57678926 32.62077535 32.7139662
 32.06784294 25.84269384 28.00472167 27.65680915 29.19756461 28.59493042
 28.15382704 30.01143141 28.01093439 30.7693837  30.07355865 30.06734592
 31.10487078 32.72017893 33.38494036 27.17842942 26.69383698 27.5387674
 26.90506958 28.43961233 26.82430417 28.12897614 31.34095427 29.73185885
 29.22241551 30.97440358 31.6888668  32.21694831 31.88146123 24.78653082
 27.60089463 27.52012922 24.92942346 29.09816103 27.44557654 27.78727634
 28.80616302 30.31585487 32.8195825  30.17917495 30.75695825 32.11754473
 32.37847913 33.67072565 25.48856859 26.52609344 27.12251491 27.0417495
 29.01739563 29.02360835 28.30914513 30.37798211 30.73832008 29.97415507
 30.47117296 32.00571571 30.7693837  32.38469185 25.68116302 27.69408549
 25.10959245 26.97962227 26.9609841  28.75646123 30.93091451 28.47067594
 30.11083499 31.52733598 31.68265408 31.98707753 32.18588469 31.65159046
 26.5944334  25.12201789 26.92992048 28.80616302 28.76888668 26.88021869
 28.35884692 29.34666998 30.1667495  31.86282306 30.40904573 32.2417992
 31.39686879 31.54597416 34.03106362 25.27733598 24.8362326  25.2027833
 26.33349901 28.16625249 26.9361332  30.42147117 28.55765408 30.48359841
 31.64537773 28.43961233 32.83822068 32.04299205 33.43464215 24.79274354
 26.04771372 26.48260437 28.02957256 27.45800199 28.38369781 29.22241551
 27.96744533 29.65730616 29.83747515 31.60188867 29.68215706 31.29746521
 32.69532803 25.17793241 25.0723161  28.18489066 28.09791252 27.86804175
 26.84915507 27.28404573 29.24105368 30.56436382 30.13568588 31.14214712
 31.75720676 32.93141153 32.18588469 24.15904573 25.48856859 26.97340954
 26.5944334  26.91749503 29.94309145 29.05467197 29.89960239 28.01093439
 30.55193837 30.91848907 32.1361829  30.27857853 32.42196819 33.49055666
 25.59418489 25.15929423 25.51341948 26.10362823 28.694334   27.89910537
 27.21570577 29.52062624 31.27261431 30.83772366 30.07355865 30.29100398
 31.9000994  33.22962227 26.17196819 25.22142147 26.51366799 25.45750497
 27.3834493  28.27186879 29.60760437 28.60114314 28.81858847 30.37176938
 29.58275348 30.2972167  32.03677932 31.16699801 26.40183897 25.87997018
 26.3832008  27.22813121 28.40854871 26.47017893 28.4582505  28.0916998
 29.39015905 30.27857853 29.89960239 31.70129225 31.22912525 30.48359841
 31.99950298 25.61903579]",67497.08159152024
2025-06-15 11:55:00+00:00,715,6440.32,9.0,29.089983399894493,29.00596421471173,34.04348906560636,"[25.22142147 25.93588469 28.27808151 27.8804672  27.81833996 26.74353877
 26.67519881 29.43364811 31.0054672  30.15432406 29.57654076 31.54597416
 32.34120278 27.01689861 26.13469185 25.77435388 27.02932406 27.81212724
 30.25372763 27.55740557 29.28454274 29.70079523 31.44657058 30.875
 31.0054672  31.77584493 32.75124254 24.4945328  27.84940358 28.01093439
 27.29025845 28.85586481 27.6443837  27.86182903 29.37152087 30.65755467
 32.32256461 29.57654076 29.50198807 30.99925447 33.71421471 25.15929423
 26.77460239 24.87972167 27.37723658 27.63195825 27.65059642 28.06684891
 28.82480119 28.54522863 29.89338966 31.0054672  31.24776342 30.80666004
 31.43414513 33.06809145 24.43240557 26.50745527 27.1722167  28.33399602
 27.47664016 28.24080517 28.7999503  28.04199801 28.39612326 28.78131213
 32.0305666  29.63866799 33.27932406 32.92519881 24.86729622 26.17196819
 27.0666004  27.29647117 27.38966203 26.97962227 27.71272366 28.73782306
 29.35909543 29.55168986 31.04274354 31.73235586 31.76341948 31.53354871
 26.47639165 25.51963221 26.82430417 27.65680915 27.57604374 28.85586481
 29.10437376 29.53926441 29.70700795 29.72564612 30.91848907 31.62673956
 31.32852883 32.21694831 34.04348907 25.01640159 26.09741551 26.10984095
 27.61332008 29.43986083 27.56361829 29.73807157 29.01739563 28.1973161
 31.29746521 30.77559642 31.49627237 31.34095427 30.88742545 25.66873757
 27.22813121 26.48260437 27.84319085 27.29647117 28.41476143 28.35884692
 29.46471173 30.60785288 31.94358847 31.09865805 31.30367793 33.27311133
 33.66451292 25.4140159  25.95452286 28.76888668 29.62002982 27.55119284
 27.77485089 28.12897614 29.54547714 29.16650099 32.34741551 28.85586481
 31.47142147 31.09865805 32.17345924 27.37723658 27.0417495  25.63146123
 26.2278827  28.25323062 29.19756461 27.92395626 27.99229622 28.34642147
 31.65780318 30.80044732 32.08026839 31.29125249 32.91898608 32.37847913
 26.2278827  24.91699801 27.277833   26.78081511 28.07927435 28.00472167
 29.49577535 29.29696819 29.75670974 29.55790258 30.73832008 31.14214712
 30.48981113 32.3722664  25.46993042 24.92942346 26.17818091 27.01689861
 27.15979125 27.02311133 30.13568588 27.78106362 30.78180915 30.31585487
 30.12947316 33.14885686 32.94383698 32.32256461 25.50099404 27.63195825
 26.83672962 26.29622266 27.34617296 27.31510934 27.37723658 28.08548708
 28.42097416 28.02335984 30.28479125 31.02410537 32.89413519 32.4778827
 32.35984095 27.68787276]",67213.04846268702
2025-06-15 11:56:00+00:00,716,6493.92,9.0,29.249338837232266,29.17246520874751,33.608598409542736,"[26.5944334  28.42718688 27.57604374 27.60710736 27.88667992 29.1416501
 28.41476143 29.07952286 31.40929423 31.01789264 31.50869781 31.96843936
 33.0805169  25.19035785 26.96719682 26.39562624 26.9361332  29.08573559
 29.3528827  30.09219682 31.01789264 31.03653082 32.47166998 30.22266402
 30.78180915 33.03702783 32.67047714 26.63170974 25.3083996  26.20924453
 26.94855865 27.74378728 30.21645129 27.48906561 28.53280318 29.91824056
 30.2972167  30.44010934 31.93116302 31.60188867 32.07405567 24.27087475
 27.05417495 26.25894632 26.43911531 27.72514911 27.81833996 27.52634195
 26.79324056 28.79373757 30.7693837  29.92445328 29.91202783 30.37176938
 32.49030815 32.82579523 27.65059642 25.95452286 27.92395626 27.14115308
 27.53255467 29.62002982 29.86232604 31.34095427 28.89935388 29.96794235
 30.99304175 32.54000994 31.34095427 33.50919483 25.73086481 26.06635189
 25.61903579 28.04821074 28.26565606 28.18489066 27.66923459 29.5889662
 31.56461233 30.36555666 31.19806163 29.79398608 33.60859841 30.60164016
 24.64363817 26.30864811 24.98533797 26.61307157 27.8556163  30.35313121
 28.51416501 28.30914513 29.45228628 30.52087475 31.48384692 29.86232604
 31.57082505 30.94955268 32.76366799 26.84915507 26.92370775 27.32132207
 27.59468191 28.21595427 29.43986083 26.66898608 30.93712724 31.52112326
 30.34691849 30.9806163  31.85039761 31.76341948 32.72639165 25.94209742
 28.60735586 27.44557654 26.87400596 26.97962227 28.20352883 29.68215706
 27.63195825 29.6945825  31.51491054 30.01143141 30.62649105 30.71968191
 32.59592445 25.90482107 26.39562624 26.83672962 28.05442346 27.42693837
 27.53255467 27.9612326  29.90581511 30.39040755 30.89363817 31.62673956
 30.48359841 32.25422465 32.1361829  24.00372763 26.44532803 27.22191849
 27.04796223 27.75       28.47067594 28.68190855 31.17942346 30.61406561
 30.96819085 31.09865805 30.7445328  31.61431412 32.60213718 33.04945328
 26.19681909 26.40805169 26.21545726 27.6195328  27.97987078 27.71893638
 29.40879722 27.68787276 30.5084493  28.72539761 29.89338966 30.4276839
 32.22316103 31.39065606 25.95452286 25.76192843 26.94855865 28.20352883
 28.52659046 28.26565606 29.26590457 30.0859841  32.08026839 29.930666
 31.13593439 31.3223161  31.347167   32.19209742 24.23981113 25.72465209
 26.27758449 27.76863817 27.95501988 27.76863817 28.29050696 29.91202783
 29.89338966 31.80690855 31.62673956 31.07380716 31.88767396 31.29746521
 32.59592445 25.92967197]",67746.18801384426
2025-06-15 11:57:00+00:00,717,6477.95,9.0,29.203385202261703,29.122856610337973,34.708250497017886,"[25.09095427 26.27758449 26.90506958 26.52609344 28.50173956 30.76317097
 28.93663022 28.7750994  31.03031809 31.4527833  30.23508946 32.09890656
 31.61431412 24.34542744 26.3583499  28.54522863 27.18464215 28.04821074
 25.92345924 28.29671968 28.48931412 31.55218688 29.99900596 30.48981113
 30.15432406 31.80069583 31.44657058 27.27162028 24.89835984 27.73757455
 27.35238569 26.2527336  28.43961233 26.91749503 28.55144135 30.26615308
 29.91824056 31.10487078 31.76341948 31.18563618 31.01167992 24.03479125
 25.36431412 25.8861829  28.01714712 27.97365805 29.81883698 28.47688867
 28.29050696 29.89338966 31.25397614 31.26018887 30.89363817 31.9249503
 32.11133201 31.94358847 26.42668986 27.66302187 26.42668986 27.30889662
 28.32157058 27.99850895 27.29647117 28.76267396 27.11008946 30.76317097
 30.68861829 31.37823062 34.7082505  33.22962227 25.29597416 26.4888171
 27.84940358 28.60114314 27.1722167  29.33424453 29.56411531 31.28503976
 29.6945825  30.45874751 32.45924453 33.69557654 32.41575547 32.55243539
 23.73658052 25.92345924 26.08499006 27.58846918 28.18489066 27.0417495
 27.09766402 28.17867793 30.12947316 29.19756461 31.30367793 30.60164016
 33.81361829 32.14860835 32.79473161 25.22763419 26.8305169  25.75571571
 27.65680915 28.50173956 27.91774354 29.10437376 28.33399602 29.88717694
 31.42793241 32.3722664  32.25422465 30.41525845 32.77609344 24.9915507
 24.9915507  26.00422465 27.6443837  27.09145129 28.55144135 29.53305169
 29.10437376 31.29746521 30.94955268 28.86829026 31.83175944 32.32877734
 33.6334493  26.77460239 27.29025845 27.94880716 27.92395626 26.38941352
 28.79373757 28.64463221 29.32181909 30.38419483 31.07380716 29.57032803
 31.63295229 33.77634195 33.42842942 25.68116302 25.96694831 27.70029821
 27.02311133 27.56361829 27.88667992 28.17246521 29.07952286 30.11704771
 31.2166998  31.59567594 33.14264414 32.1361829  32.11133201 33.055666
 24.19010934 26.77460239 28.68190855 28.09791252 28.61978131 27.88667992
 29.38394632 28.70675944 29.22862823 30.60164016 31.15457256 30.32206759
 31.4527833  30.9806163  24.80516899 26.8305169  27.66923459 26.89264414
 27.91774354 29.8499006  27.83076541 30.29100398 30.39662028 29.35909543
 29.0360338  33.45328032 31.59567594 32.68290258 26.99204771 25.74950298
 26.62549702 26.20303181 27.12251491 28.04821074 28.30293241 29.96794235
 28.88071571 28.23459245 30.80044732 30.50223658 31.84418489 31.12972167
 33.24826044 26.10984095]",67592.44553268675
2025-06-15 11:58:00+00:00,718,6515.63,9.0,29.31575008196533,29.239904324055665,33.79498011928429,"[26.16575547 26.91128231 26.34592445 27.24676938 26.37698807 28.81237575
 28.99254473 31.16699801 29.2472664  30.96819085 31.0054672  32.76988072
 32.1361829  25.97316103 27.84319085 26.40183897 28.04199801 29.73807157
 28.07306163 29.0360338  30.44010934 29.43986083 31.09865805 29.81262425
 30.77559642 33.71421471 33.17992048 24.55666004 25.12823062 26.81187873
 26.70626243 26.48260437 29.3528827  27.67544732 29.98036779 31.85661034
 31.60810139 32.29771372 31.27261431 32.25422465 31.69507952 27.09766402
 27.44557654 27.58225646 26.00422465 25.81784294 28.88071571 28.64463221
 28.71297217 30.93091451 29.22241551 31.30989066 32.86928429 30.9806163
 31.05516899 32.75124254 25.16550696 27.63195825 27.81212724 28.9304175
 27.81833996 27.99850895 29.49577535 29.47713718 29.53926441 29.71322068
 30.13568588 30.37798211 31.28503976 31.2166998  26.69383698 26.63792247
 25.7805666  28.30293241 29.3528827  28.48310139 29.76913519 29.22862823
 30.58921471 29.78777336 30.56436382 32.11133201 33.79498012 31.85039761
 25.97316103 26.18439364 27.32753479 27.05417495 26.09120278 28.53280318
 30.65755467 28.14140159 29.66973161 32.52758449 31.53354871 29.97415507
 31.17321074 31.86903579 31.24776342 25.53827038 25.87375746 27.42693837
 28.91799205 28.18489066 30.23508946 31.03653082 29.73185885 29.78777336
 30.25372763 30.83772366 33.5526839  31.49627237 33.43464215 27.93016899
 27.47664016 28.16625249 25.9110338  28.79373757 27.66923459 28.91799205
 29.32181909 30.58921471 29.7194334  33.22962227 31.93116302 32.67668986
 33.55889662 25.38916501 26.73111332 26.7000497  27.8556163  29.5082008
 27.9860835  30.86257455 27.93016899 30.76317097 30.82529821 29.74428429
 30.57057654 33.10536779 32.04920477 25.05367793 24.7554672  25.70601392
 26.68762425 27.47042744 26.63792247 27.60710736 28.34642147 30.37176938
 28.38369781 29.58275348 31.75720676 32.2417992  31.48384692 32.2417992
 27.57604374 27.81212724 26.13469185 26.71247515 27.56983101 28.03578529
 30.01143141 30.73832008 30.35934394 30.40904573 31.38444334 31.69507952
 31.59567594 33.16749503 25.20899602 26.11605368 27.03553678 27.29647117
 27.49527833 27.65059642 27.17842942 29.44607356 30.52708748 28.83101392
 31.65780318 31.85039761 31.40308151 31.13593439 25.77435388 27.4083002
 26.33349901 27.80591451 26.31486083 28.70054672 27.72514911 28.71918489
 29.7194334  30.55193837 29.76292247 31.45899602 31.75720676 32.78851889
 33.74527833 26.63170974]",67968.3734742232
2025-06-15 11:59:00+00:00,719,6518.23,9.0,29.32458734324156,29.247980864811133,34.73931411530815,"[26.08499006 28.29050696 28.40233598 26.60064612 28.75646123 28.99254473
 29.88096421 28.82480119 31.47142147 32.02435388 30.875      33.06809145
 31.93116302 25.9917992  25.49478131 25.85511928 26.94855865 28.22837972
 28.61978131 29.55168986 29.81262425 30.57678926 30.73832008 31.7944831
 32.10511928 30.99925447 31.85661034 25.9110338  27.09145129 27.5387674
 28.46446322 28.222167   28.76267396 30.33449304 28.14761431 29.86853877
 30.30964215 31.47142147 31.84418489 32.27286282 32.72639165 24.87972167
 27.75       26.5695825  27.95501988 27.8556163  29.20377734 28.06063618
 30.48981113 31.19184891 31.1110835  31.97465209 30.07355865 31.63916501
 34.13667992 33.21719682 26.68141153 25.35810139 25.6500994  26.4888171
 28.24701789 29.66973161 28.1973161  29.45849901 29.5889662  31.33474155
 28.46446322 31.7944831  33.14264414 34.5777833  24.19632207 26.57579523
 27.29647117 28.54522863 27.20949304 30.14811133 28.25944334 28.97390656
 29.25969185 30.78180915 31.75720676 30.83151093 31.93737575 31.11729622
 26.09741551 25.65631213 28.29050696 26.79324056 27.26540755 29.30318091
 28.63220676 28.96148111 28.38369781 30.04249503 31.01789264 32.45303181
 32.06163022 33.09915507 33.81983101 26.09741551 26.5944334  25.96694831
 27.68166004 27.25919483 29.32181909 29.75049702 29.94309145 29.00497018
 30.39040755 31.74478131 31.27261431 33.19234592 34.18638171 25.39537773
 26.08499006 25.569334   26.30243539 25.48856859 28.57629225 30.52087475
 29.65730616 28.17867793 29.04845924 32.51515905 31.78827038 32.12997018
 32.24801193 25.56312127 27.8804672  26.25894632 28.72539761 28.57629225
 29.42743539 28.88071571 28.47067594 29.31560636 30.95576541 30.4276839
 32.63941352 32.9500497  32.28528827 25.19035785 26.39562624 26.9361332
 27.15357853 26.17196819 28.01714712 27.89289264 28.70675944 27.54498012
 29.930666   31.30367793 30.27236581 33.44706759 32.34741551 33.16128231
 25.8861829  26.02907555 26.91128231 26.77460239 28.67569583 25.61903579
 29.67594433 28.01093439 31.14214712 29.68215706 30.02385686 30.35313121
 30.21645129 32.11133201 26.87400596 27.3026839  27.37723658 27.45800199
 26.7000497  28.38369781 28.42097416 29.98036779 30.91848907 28.88692843
 31.0054672  30.48981113 30.58921471 31.35959245 26.15954274 26.25894632
 26.32728628 27.91153082 27.33374751 27.37102386 29.22862823 29.89960239
 30.7445328  30.49602386 32.27286282 30.57678926 31.49005964 32.64562624
 34.73931412 26.27137177]",67997.93941554897
2025-06-15 12:00:00+00:00,720,6529.77,9.0,29.35980190924714,29.283828280318094,33.90059642147117,"[27.14115308 25.15308151 27.35238569 28.27186879 27.0666004  29.0360338
 28.30293241 29.49577535 32.07405567 32.3722664  31.43414513 32.41575547
 33.7639165  26.20303181 26.37077535 27.02932406 26.37698807 28.73161034
 28.06063618 26.18439364 28.35263419 30.44010934 31.09244533 31.45899602
 31.07380716 31.37823062 33.35387674 24.94184891 25.7805666  27.24676938
 28.06063618 29.12301193 27.12251491 28.24701789 29.07952286 30.01764414
 30.45253479 29.2721173  32.54622266 31.41550696 32.09269384 26.32728628
 25.68116302 26.47639165 27.40208748 27.277833   27.84319085 29.25347913
 29.79398608 29.39637177 31.95601392 27.88667992 32.63941352 32.2666501
 33.90059642 31.67644135 27.15979125 27.93016899 26.99826044 28.36505964
 27.02311133 28.52037773 29.57654076 30.78180915 29.74428429 30.39662028
 31.63916501 30.40904573 32.48409543 32.35984095 25.15308151 25.61282306
 26.86158052 28.14140159 28.32157058 27.91153082 29.76913519 30.62649105
 29.81883698 30.04249503 29.73185885 33.0805169  32.90034791 31.98707753
 25.50720676 26.84294235 27.31510934 26.40183897 26.55094433 29.40879722
 29.64488072 30.04870775 29.86853877 30.52708748 31.77584493 31.75720676
 32.52758449 33.26068588 33.04324056 25.38916501 26.07877734 26.9609841
 29.04224652 28.57629225 30.0859841  29.96794235 29.60139165 29.11058648
 28.67569583 31.49005964 30.54572565 32.4778827  31.75099404 26.29622266
 26.97340954 27.05417495 27.67544732 26.86158052 28.78752485 29.59517893
 30.09219682 29.84368787 29.79398608 31.13593439 29.75049702 31.94980119
 33.09294235 25.55069583 28.96769384 28.04821074 25.61903579 27.9860835
 29.64488072 30.93091451 30.42147117 28.79373757 29.3777336  30.64512922
 31.01167992 31.69507952 32.35362823 25.42644135 26.4888171  27.01068588
 27.02311133 26.7000497  28.76888668 28.31535785 30.12947316 31.04895626
 30.18538767 29.56411531 30.94333996 32.7139662  31.97465209 31.6888668
 25.90482107 25.91724652 26.54473161 28.83101392 26.86158052 28.3277833
 28.70054672 28.88692843 30.18538767 30.83151093 30.18538767 31.60810139
 32.11754473 33.11779324 26.1471173  27.50770378 26.57579523 29.07952286
 26.51988072 28.9304175  30.94955268 29.68836978 30.23508946 30.61406561
 32.29771372 30.58300199 31.39686879 32.38469185 26.61307157 26.92370775
 26.20924453 25.45129225 29.42743539 27.60089463 28.15382704 29.83747515
 29.91824056 30.63270378 30.6389165  31.53354871 31.78827038 32.06784294
 31.83175944 26.53230616]",68115.75326757724
2025-06-15 12:01:00+00:00,721,6524.32,9.0,29.344873193791134,29.2668986083499,34.161530815109344,"[25.38916501 27.15357853 28.61978131 27.01068588 27.27162028 28.53280318
 29.62002982 30.16053678 30.23508946 31.27882704 31.70129225 32.47166998
 33.44706759 25.37052684 27.12872763 26.94234592 27.47042744 27.99850895
 28.20352883 28.09791252 29.07331014 29.32803181 31.01789264 31.96843936
 32.66426441 31.41550696 34.01242545 27.25298211 26.45154076 26.43911531
 28.61978131 27.01068588 28.54522863 28.12897614 28.73782306 29.60139165
 30.35934394 31.0054672  31.96222664 33.06187873 33.16749503 26.74353877
 26.06635189 29.94309145 27.23434394 27.80591451 29.2721173  28.02957256
 28.52037773 29.96794235 30.01764414 30.80666004 31.12972167 31.67644135
 31.83797217 32.90656064 25.50099404 26.92370775 27.17842942 26.42047714
 28.02335984 29.29075547 29.79398608 29.77534791 29.45228628 30.78180915
 31.23533797 32.62077535 31.63295229 33.47191849 25.68737575 26.3583499
 25.90482107 27.79348907 27.74378728 28.76267396 27.33996024 29.87475149
 30.17296223 30.22266402 30.19781312 32.39090457 34.16153082 31.41550696
 25.50720676 26.2527336  26.37698807 25.72465209 28.44582505 29.3777336
 30.81287276 29.16028827 28.52037773 30.69483101 29.5889662  30.99304175
 33.49055666 33.03081511 32.45924453 26.21545726 26.8305169  26.58822068
 29.05467197 26.47639165 29.02982107 28.87450298 30.12947316 29.94930417
 30.92470179 31.70750497 31.51491054 32.96247515 33.30417495 24.33300199
 25.76192843 26.23409543 26.84294235 27.84940358 28.99875746 29.01739563
 29.85611332 29.44607356 30.01143141 30.6389165  29.85611332 30.82529821
 32.9500497  26.34592445 26.32107356 26.47017893 25.57554672 27.60089463
 28.14761431 28.35263419 30.98682903 29.06088469 29.33424453 32.20452286
 32.27286282 31.99329026 32.03677932 27.33996024 27.0417495  25.40159046
 26.4639662  27.47664016 29.39015905 28.71297217 30.71346918 29.66973161
 31.04274354 31.76341948 33.14885686 31.03031809 32.08026839 33.24204771
 26.52609344 26.53851889 27.48906561 26.77460239 26.40183897 27.4083002
 28.39612326 29.06088469 30.6637674  31.34095427 31.37201789 29.67594433
 31.33474155 32.18588469 25.6749503  27.27162028 26.81809145 26.29000994
 28.80616302 28.91177932 28.85586481 27.6195328  28.41476143 29.66351889
 30.07977137 30.89363817 30.24130219 32.70154076 25.85511928 26.97962227
 26.86158052 28.52659046 26.71868787 28.96148111 30.82529821 30.26615308
 28.97390656 29.50198807 30.48359841 31.71371769 32.51515905 32.70154076
 33.90059642 27.32753479]",68065.80775714763
2025-06-15 12:02:00+00:00,722,6506.65,9.0,29.29387765352228,29.212009194831012,33.453280318091444,"[27.46421471 26.63792247 26.02907555 27.58225646 27.44557654 28.83101392
 28.54522863 30.60785288 30.04870775 29.86853877 31.94980119 31.86903579
 32.12375746 26.10984095 24.3889165  28.07306163 28.08548708 28.81237575
 28.16625249 29.22862823 29.67594433 29.94930417 29.99279324 30.85636183
 30.03628231 31.73856859 32.9749006  27.0417495  25.74329026 28.13518887
 26.90506958 27.92395626 29.36530815 29.64488072 28.26565606 29.67594433
 29.94309145 31.34095427 32.28528827 31.28503976 33.24204771 25.40159046
 26.73111332 27.60710736 27.17842942 28.53280318 27.57604374 28.54522863
 30.65134195 30.18538767 30.39662028 30.97440358 29.88096421 32.08026839
 33.45328032 32.24801193 24.70576541 25.68116302 27.45800199 26.71868787
 27.66302187 28.5638668  29.3528827  27.89910537 31.61431412 30.26615308
 30.05492048 30.68861829 32.11133201 32.5027336  28.18489066 26.51988072
 24.48210736 28.0916998  29.01739563 28.1165507  29.6945825  30.00521869
 30.03006958 28.53280318 33.16749503 31.50248509 31.67644135 32.47166998
 24.66227634 25.45750497 27.07281312 27.24676938 26.91749503 27.90531809
 28.12897614 28.82480119 29.1167992  28.72539761 31.74478131 31.78205765
 31.50248509 31.86903579 31.72614314 25.77435388 28.26565606 26.81187873
 28.16625249 26.7249006  28.02335984 30.30342942 31.34095427 32.3971173
 31.30989066 31.0054672  30.96819085 33.32902584 32.01192843 27.07281312
 26.42047714 26.10362823 27.6443837  27.94259443 28.39612326 28.70675944
 29.07331014 29.36530815 30.63270378 29.29075547 29.91824056 32.32877734
 32.48409543 26.71868787 25.51963221 27.19706759 27.27162028 27.58846918
 29.70700795 28.60735586 27.90531809 28.99875746 30.81287276 30.52087475
 31.54597416 32.03677932 33.37251491 24.81759443 27.05417495 27.78727634
 27.86804175 26.68762425 28.07306163 29.91824056 29.6138171  30.67619284
 29.59517893 29.90581511 31.97465209 31.20427435 33.03702783 32.22937376
 26.64413519 27.62574553 27.9612326  27.00447316 29.58275348 26.53851889
 27.4083002  29.31560636 29.62002982 31.93737575 32.54622266 30.66998012
 32.01814115 31.69507952 25.27733598 26.64413519 25.569334   27.37723658
 29.99900596 28.04199801 29.02360835 30.26615308 30.71968191 32.00571571
 30.51466203 29.57654076 32.49030815 32.22316103 27.84319085 25.01640159
 25.097167   27.42693837 27.73136183 28.44582505 30.52708748 29.72564612
 28.58250497 30.27236581 31.04274354 30.56436382 30.85636183 31.47763419
 31.80690855 26.84294235]",67895.19707762414
2025-06-15 12:03:00+00:00,723,6564.7300000000005,9.0,29.466418584152034,29.392426689860837,34.46595427435388,"[26.47639165 26.69383698 27.60089463 26.52609344 29.42743539 29.22241551
 28.94905567 32.31635189 30.48359841 31.37823062 32.19831014 32.37847913
 32.78851889 24.67470179 26.04771372 25.81784294 27.60089463 28.78131213
 28.00472167 30.12326044 30.06734592 28.45203777 31.85661034 31.29125249
 32.35984095 30.7445328  32.73260437 26.52609344 26.27758449 28.17246521
 29.67594433 26.91749503 29.23484095 30.29100398 28.36505964 29.68215706
 29.70079523 31.19184891 30.20402584 31.93116302 30.875      27.23434394
 27.79348907 25.76814115 27.8804672  27.60089463 28.41476143 30.45874751
 29.72564612 30.7445328  31.28503976 29.96794235 31.3223161  32.10511928
 33.41600398 32.14860835 26.19060636 26.61307157 27.18464215 28.09791252
 27.97365805 27.41451292 27.66302187 28.55765408 30.75695825 30.53951292
 31.26640159 30.9806163  31.17321074 33.87574553 26.23409543 25.94831014
 25.86133201 26.16575547 27.58225646 28.60735586 28.04199801 30.11083499
 29.80019881 31.19184891 31.09865805 32.21694831 32.26043738 32.21694831
 27.6195328  27.36481113 27.53255467 27.32132207 28.83722664 28.12276342
 29.930666   29.02360835 28.93663022 29.86232604 30.71346918 29.3777336
 30.67619284 33.12400596 31.94980119 27.21570577 26.805666   28.81237575
 28.83101392 27.277833   30.10462227 29.32803181 28.76888668 29.83126243
 31.49005964 31.64537773 29.85611332 31.37201789 32.34120278 27.19085487
 27.0666004  26.55094433 27.5387674  28.9304175  28.40854871 27.93016899
 28.96769384 30.45253479 31.21048708 30.25372763 30.86257455 32.37847913
 32.58971173 27.12251491 25.36431412 26.1222664  26.29622266 27.3026839
 27.81212724 28.84965209 31.83175944 28.82480119 30.45874751 33.19234592
 31.65780318 31.29746521 32.09890656 25.68737575 26.83672962 26.07256461
 26.81187873 28.70054672 28.99875746 29.81883698 29.30939364 30.7693837
 29.25347913 30.21645129 33.35387674 31.23533797 33.73285288 34.46595427
 26.66277336 27.54498012 27.81833996 28.96769384 29.86232604 28.75024851
 29.43364811 30.21645129 30.5084493  29.47713718 31.08001988 31.85039761
 32.08648111 34.20501988 23.56883698 27.58846918 27.8556163  26.75596421
 28.79373757 29.32181909 30.68240557 29.76913519 31.38444334 30.81908549
 30.4276839  31.31610338 30.03006958 32.91277336 23.95402584 27.68787276
 27.81212724 28.24701789 27.86804175 29.05467197 28.12276342 28.65084493
 28.55765408 29.87475149 30.56436382 31.35959245 30.33449304 32.95626243
 33.72664016 26.5944334 ]",68472.45001513905
2025-06-15 12:04:00+00:00,724,6518.710000000001,9.0,29.331750747691608,29.24947191848906,34.764165009940356,"[27.33996024 28.07306163 26.88021869 26.81809145 28.96769384 29.64488072
 28.66327038 31.2166998  30.68240557 30.48981113 31.74478131 32.68290258
 31.15457256 26.33971173 24.97291252 27.21570577 28.81858847 26.31486083
 28.65084493 29.58275348 30.67619284 30.33449304 30.80666004 32.23558648
 30.62027833 31.94358847 32.85064612 26.74975149 25.48235586 24.82380716
 28.43961233 29.09816103 28.34642147 29.75670974 30.07977137 30.26615308
 30.97440358 30.75074553 31.37823062 32.72639165 31.9000994  25.73086481
 24.90457256 26.3583499  26.67519881 28.54522863 28.6694831  28.10412525
 30.1916004  31.16699801 30.71968191 29.4833499  31.42793241 32.82579523
 32.56486083 30.50223658 27.07281312 27.43936382 28.0916998  27.00447316
 27.29025845 28.74403579 28.20352883 29.04224652 29.94309145 30.66998012
 31.347167   31.88767396 32.54000994 32.63941352 27.18464215 26.62549702
 27.45800199 27.35238569 27.277833   27.26540755 28.27808151 28.94284294
 30.56436382 29.73807157 29.99900596 31.52112326 31.78205765 32.52758449
 25.15929423 25.73086481 26.10362823 26.71247515 29.10437376 28.48931412
 28.60735586 27.90531809 28.75646123 30.56436382 31.08001988 31.68265408
 32.80715706 33.71421471 31.819334   25.64388668 25.99801193 26.33971173
 28.04821074 28.58871769 28.98011928 29.34045726 30.62027833 30.03628231
 30.44010934 30.71968191 32.44060636 33.11779324 34.40382704 24.45104374
 25.36431412 27.63817097 26.89264414 29.09816103 28.61356859 29.39015905
 28.68190855 30.30964215 28.83101392 31.01789264 31.37201789 31.39686879
 33.27932406 24.97291252 26.4639662  26.25894632 27.40208748 27.41451292
 27.11008946 28.25944334 29.40879722 29.94309145 30.9806163  31.53976143
 31.94358847 31.62673956 34.76416501 24.80516899 26.1471173  25.02882704
 26.7000497  28.02957256 27.37102386 28.58250497 29.15407555 30.57678926
 28.84343936 29.94309145 31.86903579 31.06138171 32.67668986 34.25472167
 26.89264414 26.88021869 27.41451292 27.81212724 27.00447316 28.81858847
 29.88096421 30.57678926 29.52062624 30.88121272 31.75720676 30.06734592
 31.71993042 32.40333002 27.06038767 26.27137177 26.05392644 27.89289264
 28.34642147 26.63792247 30.09219682 28.94905567 29.07331014 30.0859841
 30.17296223 30.71968191 32.92519881 33.15506958 23.89811133 26.28379722
 26.34592445 28.24701789 26.00422465 28.91799205 28.66327038 31.2166998
 29.30939364 29.6945825  31.38444334 30.86878728 31.90631213 33.68936382
 32.83200795 26.34592445]",68021.90530147703
2025-06-15 12:05:00+00:00,725,6547.58,9.0,29.418081441040798,29.33915258449304,34.1677435387674,"[27.75621272 27.97987078 26.06013917 28.49552684 29.24105368 28.81237575
 28.4333996  30.21645129 31.86282306 30.27236581 31.50248509 31.14835984
 32.40954274 27.14736581 25.04125249 29.49577535 28.93663022 27.12872763
 28.55144135 29.31560636 28.15382704 30.96819085 31.1110835  29.36530815
 31.87524851 33.10536779 31.71371769 24.58772366 26.68762425 25.21520875
 28.15382704 28.84965209 29.01739563 29.97415507 31.03653082 30.83151093
 29.04224652 30.40904573 30.47738569 31.59567594 32.88170974 25.03503976
 25.69358847 26.40183897 28.03578529 28.33399602 29.27833002 29.10437376
 29.55790258 30.44010934 28.9304175  30.89985089 31.98707753 31.53976143
 33.08672962 33.5526839  26.10362823 27.33996024 27.9612326  27.83076541
 26.86779324 29.23484095 29.93687873 29.2472664  31.16078529 28.92420477
 30.5333002  30.42147117 30.61406561 33.28553678 27.99229622 26.76217694
 26.92370775 28.41476143 28.30293241 28.82480119 27.71272366 28.49552684
 30.48359841 29.02360835 31.26640159 30.78802187 31.57082505 32.5027336
 26.19681909 27.93016899 27.36481113 25.30218688 29.39015905 28.94284294
 26.88021869 28.68812127 30.71968191 31.27882704 30.71968191 32.88792247
 32.07405567 33.4222167  32.74502982 25.71843936 26.66277336 27.32132207
 27.9860835  27.84940358 29.93687873 29.60760437 31.97465209 30.56436382
 30.5084493  31.53976143 31.16078529 31.19184891 32.85685885 27.53255467
 25.71222664 25.96694831 27.75       28.38991054 28.52659046 30.99304175
 29.60139165 29.90581511 30.17917495 31.47142147 31.32852883 33.65208748
 31.98707753 24.43240557 26.73732604 25.37673956 28.71297217 27.88667992
 29.26590457 29.80019881 28.52037773 29.5082008  30.91227634 30.22266402
 31.87524851 30.27236581 33.19234592 26.99826044 25.91724652 26.74353877
 26.60685885 28.63841948 28.20352883 27.60089463 28.79373757 30.11083499
 28.66327038 31.13593439 30.15432406 32.34741551 33.4222167  32.10511928
 27.20949304 27.07902584 27.00447316 28.6694831  27.52012922 27.78727634
 29.64488072 30.83772366 30.37798211 30.35313121 31.42793241 31.72614314
 31.27261431 31.63295229 26.79324056 27.56983101 27.26540755 26.85536779
 28.51416501 27.72514911 26.3583499  30.05492048 29.08573559 31.12350895
 31.78827038 30.81287276 29.80019881 32.88792247 25.68116302 25.61903579
 28.30914513 26.1222664  28.52037773 27.76242545 28.7999503  29.29075547
 30.50223658 29.45228628 29.65730616 33.03081511 30.83151093 31.94358847
 34.16774354 27.12251491]",68310.73326914609
2025-06-15 12:06:00+00:00,726,6516.16,9.0,29.326488550163408,29.241550695825044,33.92544731610337,"[25.77435388 26.805666   27.15979125 29.24105368 28.66327038 28.61356859
 27.35238569 31.61431412 29.28454274 31.6888668  32.73260437 33.26068588
 31.74478131 24.13419483 26.96719682 27.69408549 27.02932406 28.7750994
 30.11704771 29.06088469 29.80641153 28.82480119 29.85611332 31.86903579
 31.55218688 32.49030815 33.01838966 26.65034791 26.24030815 26.9609841
 28.84343936 28.28429423 27.81833996 28.14140159 29.88096421 30.48981113
 30.55815109 29.62624254 32.06784294 30.14811133 33.8695328  25.23384692
 27.18464215 26.31486083 27.42693837 28.04821074 28.49552684 27.78727634
 28.49552684 29.48956262 28.95526839 30.56436382 31.53354871 31.20427435
 31.41550696 32.04299205 25.28976143 26.15333002 27.07902584 28.91799205
 28.07927435 28.12897614 28.06684891 29.49577535 29.76913519 30.59542744
 31.94358847 33.15506958 32.8195825  33.34766402 26.22166998 26.26515905
 26.38941352 27.33996024 28.66327038 28.06063618 28.52659046 28.82480119
 29.35909543 30.17296223 27.90531809 30.66998012 31.4527833  32.18588469
 24.46346918 26.83672962 28.03578529 25.66873757 27.15357853 27.71272366
 27.78727634 28.92420477 30.44632207 30.81287276 29.77534791 30.61406561
 31.94980119 31.47763419 33.5526839  26.64413519 25.53827038 28.78752485
 27.35859841 28.40233598 29.2472664  28.7999503  29.34045726 29.85611332
 30.78802187 31.08001988 32.83822068 32.57728628 32.6332008  25.06610338
 27.12251491 27.52012922 27.75621272 28.84343936 26.65034791 27.78106362
 30.63270378 30.07977137 29.16028827 31.47763419 31.40929423 32.65805169
 32.09269384 26.20924453 25.53205765 27.06038767 26.97962227 27.89910537
 27.20328032 29.55790258 29.6945825  30.80666004 29.3528827  30.58921471
 31.37201789 33.10536779 31.94358847 26.45154076 26.03528827 25.3332505
 27.62574553 27.63195825 27.65680915 29.84368787 28.33399602 30.0611332
 28.5638668  31.54597416 33.02460239 31.33474155 32.58349901 32.75745527
 26.91128231 28.25323062 25.18414513 26.76217694 29.02360835 27.24676938
 30.1916004  29.92445328 30.45874751 30.03006958 30.70725646 32.61456262
 32.0305666  32.26043738 25.38916501 26.23409543 26.85536779 27.97365805
 27.9612326  31.01167992 28.10412525 28.78131213 29.40258449 31.85661034
 32.56486083 32.02435388 30.48359841 31.99329026 26.94234592 26.65034791
 27.9612326  27.81212724 27.97365805 28.55144135 28.58250497 27.66923459
 30.13568588 31.81312127 30.07977137 30.39040755 33.92544732 31.80690855
 31.39065606 27.16600398]",68004.30009342669
2025-06-15 12:07:00+00:00,727,6555.76,9.0,29.444473606747646,29.36456262425447,34.062127236580515,"[27.07281312 26.89885686 28.23459245 28.07306163 28.30914513 29.3528827
 29.47713718 30.71346918 31.12350895 30.71346918 32.68911531 30.9806163
 31.49627237 28.27808151 25.55069583 27.41451292 28.42718688 27.14736581
 28.52659046 28.82480119 28.75646123 30.5084493  31.73235586 30.75695825
 31.9000994  31.41550696 34.01863817 27.30889662 25.58797217 28.27186879
 26.805666   27.86804175 29.32181909 27.76863817 29.930666   29.94309145
 31.96843936 30.60164016 30.57678926 31.44657058 32.99975149 24.23981113
 26.68141153 27.13494036 27.10387674 26.62549702 28.52037773 27.48906561
 29.40258449 30.81908549 28.94284294 32.77609344 31.35959245 33.07430417
 32.44681909 32.3971173  27.72514911 26.32107356 26.65656064 27.97987078
 28.60735586 29.6138171  29.40258449 28.81237575 30.26615308 30.58921471
 31.34095427 29.65109344 32.93762425 32.14860835 25.01018887 27.45800199
 26.02286282 26.32728628 27.28404573 27.66302187 27.49527833 29.65109344
 32.61456262 31.12350895 32.18588469 31.44657058 32.52758449 33.03702783
 27.33996024 26.04150099 26.78081511 27.80591451 27.42072565 26.14090457
 29.40879722 29.43364811 31.16078529 29.09194831 30.54572565 31.29746521
 31.39065606 34.06212724 33.31038767 24.25223658 27.91153082 28.39612326
 28.46446322 27.21570577 28.07306163 28.46446322 29.19135189 30.20402584
 29.60760437 31.31610338 31.87524851 31.80069583 33.48434394 23.79249503
 28.16625249 29.16028827 26.83672962 27.95501988 28.73161034 28.33399602
 30.1667495  31.21048708 29.7194334  32.28528827 31.06138171 32.7388171
 32.3722664  26.79324056 25.3083996  25.8054175  28.41476143 26.94855865
 28.40854871 28.25944334 28.30293241 29.38394632 30.85636183 31.01167992
 33.62102386 31.14835984 32.29150099 24.89835984 27.37102386 27.41451292
 27.84319085 28.52037773 29.05467197 27.57604374 29.45849901 28.29050696
 29.0360338  30.83151093 30.56436382 31.80069583 31.9000994  31.57703777
 25.64388668 24.85487078 28.06684891 26.88021869 28.99875746 28.38991054
 28.84343936 29.29075547 31.01789264 29.78777336 32.17967197 32.57107356
 32.78851889 32.57728628 24.43861829 25.74950298 26.7249006  28.01093439
 28.86207753 29.64488072 29.04224652 29.42122266 30.46496024 30.78180915
 31.16699801 31.54597416 31.09865805 32.34741551 26.09120278 27.14115308
 27.22191849 29.46471173 28.82480119 28.17246521 28.98011928 30.55815109
 29.88717694 30.27236581 31.52112326 31.71371769 31.81312127 32.64562624
 33.48434394 27.5139165 ]",68399.03089873493
2025-06-15 12:08:00+00:00,728,6507.360000000001,9.0,29.30276161425033,29.214214711729618,33.76391650099403,"[27.50770378 28.26565606 30.85014911 27.61332008 28.17867793 28.38369781
 31.64537773 32.45924453 30.66998012 29.17271372 32.79473161 30.91227634
 33.7639165  25.79920477 24.33300199 26.64413519 27.5387674  28.99254473
 28.62599404 29.23484095 30.0611332  32.01192843 31.57082505 30.76317097
 29.8250497  31.97465209 31.52733598 26.12847913 26.41426441 26.50124254
 26.02286282 28.17246521 28.4582505  29.2472664  27.86182903 29.47092445
 29.32803181 28.25323062 31.39686879 32.39090457 31.4527833  26.33971173
 27.12872763 25.91724652 26.31486083 27.08523857 28.222167   27.89289264
 28.694334   29.36530815 30.32828032 29.94309145 30.57057654 31.37201789
 32.98732604 31.75720676 25.77435388 26.63170974 28.71297217 27.32132207
 29.40879722 29.78777336 27.6443837  29.81262425 30.14189861 30.89985089
 31.27261431 32.78230616 32.28528827 33.53404573 25.63767396 24.63742545
 26.37698807 27.1722167  27.56361829 27.41451292 27.93638171 26.76838966
 30.59542744 29.65109344 31.29125249 31.14835984 32.32256461 31.61431412
 25.79299205 26.3583499  25.78677932 28.33399602 31.03653082 27.8556163
 28.7999503  30.12326044 28.63841948 30.85014911 31.50248509 30.32206759
 31.53976143 32.32256461 32.37847913 26.3832008  27.29025845 26.66898608
 27.6195328  28.86207753 26.28379722 29.34666998 26.87400596 30.22887674
 30.09840954 32.19209742 33.13643141 31.99950298 32.88170974 25.92967197
 27.47664016 26.91749503 25.73707753 29.45228628 28.09791252 29.91202783
 27.25298211 30.13568588 28.40854871 29.20377734 28.53280318 32.68290258
 30.91227634 27.40208748 27.92395626 29.45228628 28.29671968 27.72514911
 27.5387674  28.65705765 30.75695825 31.41550696 30.80666004 29.99900596
 31.64537773 30.14189861 31.50248509 26.28379722 26.2527336  28.222167
 28.27808151 26.04150099 28.63841948 28.50173956 29.97415507 28.40854871
 29.37152087 29.08573559 31.85039761 32.80715706 31.89388668 33.42842942
 25.93588469 28.25323062 26.78702783 28.52037773 28.88071571 30.14189861
 29.34666998 29.83747515 30.30342942 30.25994036 30.99304175 31.0862326
 33.67693837 33.37872763 25.18414513 24.98533797 27.8804672  27.60710736
 28.12276342 27.65059642 29.17892644 29.74428429 31.10487078 30.04249503
 30.88742545 30.5084493  32.51515905 32.75124254 25.8861829  25.53205765
 26.9361332  26.30864811 28.57007952 28.98633201 28.99875746 27.86182903
 28.7999503  27.55740557 31.23533797 32.55243539 31.46520875 33.08672962
 31.6640159  25.097167  ]",67924.9192566359
2025-06-15 12:09:00+00:00,729,6564.120000000001,9.0,29.471376159726248,29.390531809145127,34.41625248508946,"[27.47042744 29.01739563 28.91799205 29.19135189 29.06088469 30.89985089
 27.81833996 29.5889662  31.39065606 30.06734592 31.60810139 32.98732604
 34.07455268 27.277833   26.13469185 26.51988072 26.42668986 26.76838966
 29.8499006  29.20377734 29.44607356 28.80616302 31.57703777 31.83797217
 31.33474155 32.12997018 33.77012922 25.38295229 27.54498012 26.24030815
 28.51416501 28.65084493 29.42122266 28.53280318 29.22241551 29.90581511
 30.89363817 30.09840954 31.96843936 31.71993042 32.14860835 26.24030815
 26.76838966 27.93638171 28.02957256 27.10387674 28.40233598 30.17296223
 29.00497018 29.89960239 29.68215706 31.56461233 30.60164016 33.80740557
 32.26043738 31.75099404 25.24005964 26.90506958 27.29647117 27.30889662
 28.98633201 29.31560636 29.22862823 30.18538767 30.70104374 29.28454274
 30.39040755 32.12997018 29.3777336  32.51515905 27.277833   27.89910537
 28.1165507  27.28404573 27.80591451 29.19756461 28.24701789 28.81858847
 29.43364811 31.18563618 31.30367793 30.68240557 32.11133201 32.45303181
 25.32082505 26.0166501  27.68166004 29.09816103 28.46446322 27.63195825
 28.7750994  28.9304175  27.78106362 30.44632207 31.31610338 32.82579523
 31.49005964 32.24801193 33.23583499 26.52609344 26.37077535 27.63817097
 28.26565606 28.52659046 27.56983101 30.34070577 28.95526839 29.80641153
 31.91252485 31.74478131 31.23533797 31.99329026 34.41625249 26.79945328
 27.29647117 24.95427435 26.4888171  28.3277833  29.12922465 29.84368787
 30.61406561 29.42122266 29.96794235 30.93712724 29.62002982 31.38444334
 34.33548708 25.35188867 25.96694831 27.04796223 28.19110338 27.69408549
 27.47042744 30.16053678 28.46446322 29.79398608 29.39637177 30.85014911
 31.87524851 32.01814115 31.48384692 25.84890656 26.60064612 26.43911531
 27.32132207 27.42072565 28.02957256 28.10412525 30.56436382 29.40258449
 31.48384692 31.14835984 29.47092445 32.91898608 32.82579523 33.17370775
 25.45750497 28.03578529 27.26540755 25.9110338  28.87450298 29.17892644
 28.98011928 29.09194831 31.86282306 30.7693837  28.52037773 32.22937376
 32.66426441 32.93141153 27.28404573 26.65656064 26.12847913 27.43936382
 29.25347913 27.14736581 29.63245527 29.47713718 29.42122266 29.15407555
 30.80044732 29.58275348 31.53354871 32.48409543 27.09145129 27.73136183
 27.30889662 27.63817097 27.0666004  27.20328032 29.98036779 29.57654076
 31.91252485 29.52683897 31.37201789 30.94955268 31.27261431 33.98136183
 31.91252485 26.28379722]",68489.03607998014
2025-06-15 12:10:00+00:00,730,6536.51,9.0,29.391005902397236,29.304765159045722,34.93190854870775,"[25.9917992  26.57579523 28.73782306 27.52012922 29.37152087 28.40233598
 28.84343936 30.11083499 29.02360835 30.99304175 30.86257455 33.91302187
 33.61481113 25.58797217 26.06635189 28.30293241 26.33971173 27.60089463
 28.04821074 28.57629225 28.45203777 29.66351889 30.46496024 31.33474155
 32.52758449 32.10511928 34.9194831  26.77460239 26.71247515 26.91128231
 28.87450298 28.15382704 28.66327038 29.58275348 27.76863817 28.62599404
 33.26689861 32.62077535 32.6083499  30.13568588 31.94980119 26.57579523
 25.98558648 26.5944334  25.63146123 27.18464215 29.07952286 27.70029821
 29.10437376 28.58250497 31.12350895 30.60785288 30.98682903 31.80690855
 32.33499006 33.10536779 25.10959245 28.52037773 26.45154076 25.94831014
 27.3834493  28.79373757 29.34045726 30.55815109 31.17321074 30.7445328
 32.11133201 31.30367793 33.81983101 32.61456262 25.76192843 26.95477137
 26.65656064 26.42668986 27.9612326  28.35884692 28.97390656 30.20402584
 29.6138171  29.53305169 31.26640159 31.24776342 31.59567594 32.40954274
 25.86133201 27.02932406 28.05442346 26.3832008  27.27162028 27.29647117
 30.19781312 30.07977137 29.47713718 30.73832008 31.48384692 30.46496024
 29.89338966 32.5027336  34.93190855 26.21545726 27.02311133 26.68141153
 27.97987078 28.46446322 28.55144135 28.53280318 29.68836978 28.61978131
 30.75074553 32.31013917 31.78205765 31.40308151 33.56510934 26.19681909
 25.73707753 27.95501988 27.79970179 27.92395626 27.73757455 27.80591451
 29.26590457 30.55193837 29.87475149 31.20427435 32.91898608 31.90631213
 33.26068588 25.569334   27.04796223 27.86182903 27.37102386 28.91799205
 29.0360338  28.17246521 30.4276839  29.59517893 30.46496024 30.55193837
 31.68265408 31.23533797 32.3971173  24.71197813 26.0166501  25.98558648
 27.12251491 27.4083002  27.78727634 28.76267396 29.36530815 29.56411531
 29.80019881 29.17271372 31.60188867 30.56436382 30.88121272 33.95651093
 25.76192843 25.24005964 28.12276342 27.99850895 28.20974155 28.35263419
 28.43961233 30.39040755 30.875      32.28528827 31.68265408 30.99304175
 33.62723658 32.50894632 26.4888171  26.0166501  28.21595427 26.55715706
 27.01068588 27.55119284 28.14761431 29.5082008  30.12326044 31.29125249
 31.14835984 31.12350895 33.62102386 31.26018887 26.10984095 27.44557654
 26.22166998 25.8861829  27.86182903 29.65109344 27.67544732 29.16650099
 29.89960239 31.347167   30.32206759 32.66426441 32.09890656 31.98707753
 32.73260437 27.08523857]",68220.14934706019
2025-06-15 12:11:00+00:00,731,6529.869999999999,9.0,29.372513768483508,29.284138916500993,34.080765407554665,"[25.96073559 27.01689861 27.23434394 28.93663022 30.93712724 29.29696819
 29.25969185 30.38419483 30.03628231 31.19806163 33.07430417 31.30989066
 31.9000994  27.8556163  26.17196819 27.5387674  27.23434394 28.54522863
 29.32803181 28.62599404 29.19135189 29.81262425 30.00521869 30.85636183
 31.02410537 31.18563618 31.35959245 24.86729622 26.60685885 25.75571571
 25.85511928 27.30889662 27.43315109 29.16650099 28.6694831  29.19756461
 30.34691849 31.57703777 30.88742545 31.40308151 32.3971173  26.9609841
 26.45154076 27.12251491 27.18464215 28.91177932 28.07927435 28.74403579
 29.72564612 31.52112326 29.42743539 30.27857853 30.0611332  31.08001988
 30.92470179 32.77609344 26.03528827 25.57554672 26.47639165 28.31535785
 28.32157058 28.694334   28.65705765 28.40233598 29.51441352 31.50248509
 31.07380716 32.70154076 31.52733598 34.02485089 27.12872763 26.06635189
 26.55715706 27.43315109 27.20949304 30.16053678 28.55144135 30.1916004
 31.08001988 31.81312127 32.2666501  31.37201789 32.92519881 32.68290258
 25.72465209 24.22738569 26.3583499  27.29025845 28.27808151 28.22837972
 27.90531809 29.63245527 29.36530815 32.11133201 31.40929423 33.60238569
 31.98707753 32.78851889 32.83822068 25.32703777 28.86207753 27.65059642
 28.18489066 28.5390159  28.71918489 28.88071571 30.65134195 31.78827038
 31.1110835  31.35959245 29.73185885 32.6332008  32.06163022 25.87997018
 26.41426441 26.75596421 27.24055666 28.07927435 27.89910537 28.55765408
 29.53305169 30.07355865 29.0111829  29.87475149 30.22266402 31.32852883
 31.13593439 27.32753479 26.1471173  26.37077535 28.06063618 29.3528827
 28.60114314 29.65730616 31.347167   30.82529821 29.53926441 30.81908549
 30.66998012 33.35387674 33.26068588 25.23384692 24.82380716 26.47639165
 28.17867793 28.99875746 28.0916998  28.20352883 28.67569583 28.75646123
 30.22266402 31.15457256 31.94358847 29.66973161 31.57703777 33.75770378
 25.11580517 26.63792247 27.10387674 26.11605368 29.00497018 29.01739563
 30.56436382 29.49577535 29.58275348 28.78131213 30.96819085 32.31635189
 32.21073559 31.99950298 26.0166501  27.9612326  25.50099404 26.94855865
 28.44582505 28.86207753 28.46446322 29.55790258 30.402833   30.80044732
 31.37823062 31.01167992 31.40308151 32.14860835 26.99826044 25.82405567
 26.53851889 27.07902584 29.75049702 27.3026839  28.63220676 29.20377734
 29.96794235 30.875      31.37823062 30.88121272 30.13568588 31.53354871
 34.08076541 26.21545726]",68158.28206383841
2025-06-15 12:12:00+00:00,732,6524.77,9.0,29.358560957168336,29.268296471172963,34.5653578528827,"[26.81187873 27.09145129 25.52584493 27.48906561 28.88071571 29.57032803
 29.4833499  29.79398608 31.16078529 31.83175944 31.98086481 32.25422465
 32.59592445 25.73707753 26.02907555 28.47688867 25.33946322 27.13494036
 26.75596421 29.02360835 27.33374751 29.71322068 30.77559642 30.71968191
 31.51491054 31.28503976 32.27286282 26.30243539 26.1471173  26.04150099
 26.85536779 27.97987078 26.88021869 28.52659046 29.55790258 29.39637177
 29.30939364 31.34095427 30.9806163  30.75074553 31.27261431 26.98583499
 26.79324056 26.65656064 26.13469185 28.53280318 27.74378728 27.29647117
 30.0859841  30.85014911 31.27261431 31.60810139 29.55168986 32.92519881
 32.0554175  34.56535785 25.91724652 26.9609841  27.44557654 25.6749503
 26.68762425 28.22837972 29.06709742 29.48956262 29.35909543 30.86257455
 30.80666004 30.80044732 33.16749503 33.00596421 25.29597416 25.04746521
 27.5139165  26.88643141 27.91153082 27.99229622 28.94284294 29.33424453
 30.11083499 31.04274354 29.86232604 30.75695825 33.06187873 33.46570577
 28.5390159  26.09120278 29.00497018 28.78131213 27.60089463 28.37127237
 29.49577535 29.49577535 28.92420477 30.24751491 31.80690855 32.17345924
 31.14214712 31.88146123 34.08076541 28.1165507  25.94831014 26.84294235
 28.37127237 28.32157058 29.8250497  29.14786282 29.11058648 29.55168986
 30.99304175 29.94930417 31.65780318 32.87549702 32.65183897 25.22142147
 26.57579523 27.30889662 27.66302187 29.1416501  29.39015905 28.30293241
 28.51416501 29.87475149 30.81908549 30.35934394 30.34691849 30.79423459
 31.55218688 26.67519881 27.67544732 27.8556163  28.63220676 28.27808151
 29.09816103 29.930666   29.04845924 29.84368787 29.63866799 31.20427435
 32.06163022 31.23533797 33.13643141 24.4137674  26.27758449 26.81187873
 26.20303181 28.38369781 28.91799205 27.19706759 29.52062624 31.93116302
 31.52733598 31.3223161  32.78851889 31.17321074 31.96222664 34.472167
 27.68166004 27.1722167  25.77435388 26.9361332  26.19681909 27.60089463
 29.56411531 28.20974155 28.5638668  29.63245527 32.11754473 31.63295229
 32.42196819 32.06163022 26.99204771 27.54498012 26.91128231 26.91749503
 28.89314115 28.5390159  29.55790258 30.94333996 28.48931412 29.80019881
 31.07380716 33.07430417 31.3223161  32.85685885 25.74329026 25.45750497
 26.81809145 27.73757455 27.75621272 28.694334   28.74403579 28.99875746
 27.75       31.87524851 30.47738569 32.01192843 31.87524851 33.45949304
 31.74478131 26.27137177]",68111.6015383024
2025-06-15 12:13:00+00:00,733,6534.67,9.0,29.388868496264436,29.29904945328032,34.64612326043738,"[27.47664016 25.93588469 28.30914513 28.23459245 27.97987078 28.72539761
 29.55790258 29.24105368 30.68240557 32.51515905 30.11704771 31.85039761
 31.17942346 25.40780318 27.66923459 25.7805666  27.88667992 26.31486083
 28.9304175  28.14140159 28.9304175  30.73832008 31.29746521 30.72589463
 31.95601392 31.27882704 32.10511928 23.75521869 26.73732604 27.6195328
 28.04199801 28.16003976 28.4333996  29.22241551 29.1416501  28.43961233
 30.26615308 31.15457256 30.71968191 32.1610338  33.41600398 26.68141153
 26.77460239 26.65034791 27.71893638 27.4083002  29.32803181 27.5387674
 30.22887674 30.32206759 30.17917495 31.38444334 30.69483101 34.64612326
 32.32877734 30.96819085 25.16550696 26.73732604 26.58822068 28.48310139
 26.34592445 29.12922465 27.8556163  30.13568588 29.83126243 31.50869781
 32.35984095 30.22266402 33.50919483 32.56486083 26.13469185 26.68762425
 26.65034791 26.84294235 29.25969185 29.47713718 29.06088469 31.14214712
 30.44010934 28.17246521 31.21048708 31.35337972 32.80715706 32.27286282
 25.28976143 27.70029821 25.79299205 27.20328032 27.67544732 29.2721173
 30.06734592 30.14189861 29.46471173 31.04274354 31.63295229 32.11754473
 33.03081511 33.14885686 32.66426441 27.12872763 27.44557654 28.34642147
 29.19756461 28.7750994  29.0360338  29.29696819 30.26615308 30.31585487
 30.73210736 32.29150099 31.77584493 31.67022863 30.34691849 27.07902584
 26.66277336 27.47042744 28.72539761 28.26565606 27.83076541 28.24080517
 28.34642147 28.25323062 30.25372763 31.22291252 32.66426441 31.88146123
 32.29771372 26.41426441 27.00447316 26.58200795 27.47042744 27.84940358
 27.17842942 29.30318091 28.74403579 29.80641153 30.7445328  30.25994036
 30.80044732 30.16053678 32.90034791 25.73086481 26.51366799 26.65656064
 26.4639662  28.10412525 26.91128231 27.59468191 29.50198807 31.90631213
 29.18513917 29.88717694 30.64512922 30.9806163  32.60213718 33.21719682
 26.09741551 28.04199801 25.53827038 28.21595427 27.63195825 29.6945825
 29.81262425 30.402833   29.74428429 29.99900596 31.53976143 33.47191849
 31.56461233 32.91898608 27.02311133 26.45154076 26.74353877 25.68116302
 28.13518887 27.71272366 29.40258449 29.30318091 29.46471173 29.19135189
 30.06734592 31.0862326  33.19234592 32.32877734 25.29597416 26.06635189
 27.08523857 27.96744533 28.98633201 27.79348907 28.31535785 29.01739563
 29.94930417 30.78180915 30.99925447 31.31610338 30.71968191 32.04299205
 33.45328032 25.33946322]",68212.9984411023
2025-06-15 12:14:00+00:00,734,6556.0599999999995,9.0,29.453078201458897,29.365494532803176,34.857355864811126,"[27.55740557 24.8362326  26.06013917 27.24676938 30.03628231 31.47142147
 29.96794235 30.66998012 29.80641153 32.29150099 34.48459245 31.94358847
 32.17345924 25.19035785 24.13419483 26.3832008  25.53827038 27.34617296
 27.48285288 31.38444334 28.60114314 29.16028827 30.17917495 32.08026839
 31.2415507  32.62698807 33.37251491 26.32728628 25.6749503  26.27137177
 26.89264414 26.43290258 27.99229622 29.38394632 29.09194831 29.16650099
 30.92470179 31.85039761 32.76988072 32.65183897 31.82554672 24.69333996
 28.45203777 26.58200795 27.96744533 28.57629225 28.46446322 28.74403579
 29.60139165 28.6694831  29.20377734 31.2166998  31.78205765 31.27261431
 31.78827038 32.44681909 25.69358847 27.47042744 27.03553678 27.11008946
 29.52683897 27.41451292 29.77534791 29.35909543 30.875      30.37798211
 32.98111332 31.19184891 32.12375746 31.91873757 27.91153082 27.42072565
 25.46993042 28.35263419 26.7249006  28.23459245 29.55168986 26.4888171
 30.90606362 31.52112326 32.70154076 29.74428429 31.3223161  32.48409543
 25.50720676 26.61928429 28.23459245 27.01689861 26.27137177 28.59493042
 28.70054672 29.43986083 30.58921471 30.40904573 30.45874751 30.81287276
 31.4527833  32.69532803 31.70129225 26.4639662  26.84294235 26.38941352
 28.21595427 29.2472664  28.75024851 29.44607356 31.27882704 28.40233598
 29.88717694 30.46496024 31.44035785 32.92519881 33.27932406 26.12847913
 25.85511928 27.89289264 28.60735586 29.05467197 29.49577535 31.47142147
 28.60735586 29.8499006  30.58300199 30.15432406 31.72614314 31.93737575
 32.73260437 25.89239563 26.28379722 26.88643141 28.43961233 28.30293241
 28.40233598 28.73782306 30.57057654 30.45874751 30.06734592 30.06734592
 31.5583996  32.15482107 30.83151093 25.07852883 25.8054175  28.07306163
 28.71297217 28.45203777 28.73161034 28.91799205 28.98633201 27.91153082
 30.71968191 29.89960239 31.94980119 32.23558648 34.85735586 33.77634195
 28.10412525 25.49478131 26.63170974 27.73136183 29.47713718 30.60785288
 28.87450298 28.61978131 30.2972167  31.64537773 31.85661034 31.53354871
 33.72664016 31.42171968 24.20253479 25.95452286 25.89860835 28.86207753
 27.68787276 28.01714712 28.65084493 29.25969185 30.5333002  30.50223658
 29.90581511 30.63270378 32.34120278 32.44060636 27.57604374 26.78081511
 28.87450298 26.94855865 29.07331014 28.29050696 28.99254473 29.45228628
 29.73185885 29.59517893 31.42793241 30.28479125 31.94358847 32.83822068
 33.57753479 26.73111332]",68427.81843080088
2025-06-15 12:15:00+00:00,735,6562.85,9.0,29.47419732094577,29.386586729622266,34.490805168986086,"[26.00422465 27.40208748 27.45178926 27.30889662 28.80616302 29.86232604
 29.89338966 29.0111829  31.75099404 30.17296223 31.7944831  31.9249503
 33.41600398 26.79945328 26.805666   26.81187873 28.02335984 26.92370775
 28.17246521 27.78106362 29.11058648 29.29075547 30.88742545 31.91252485
 30.84393638 33.48434394 32.5027336  26.68141153 26.94234592 26.60064612
 27.56361829 29.04224652 27.79970179 28.63220676 29.96794235 30.20402584
 30.61406561 30.67619284 34.15531809 33.29796223 33.08672962 25.33946322
 25.95452286 25.87375746 26.99204771 27.71893638 28.78752485 29.04845924
 29.05467197 29.63245527 31.77584493 31.51491054 32.69532803 32.93762425
 32.22937376 34.27335984 24.79895626 25.87375746 26.19681909 28.4333996
 28.5390159  28.41476143 28.11033797 29.05467197 30.71346918 31.94358847
 32.0554175  30.52708748 32.76988072 34.00621272 24.85487078 26.31486083
 26.98583499 27.12251491 28.20352883 28.75646123 28.59493042 28.46446322
 28.85586481 30.80044732 31.26640159 30.30342942 30.48981113 32.83200795
 26.41426441 25.48856859 27.57604374 27.44557654 28.15382704 27.86804175
 28.0916998  29.98658052 29.8250497  30.37176938 32.32877734 32.01192843
 30.05492048 32.25422465 34.49080517 27.80591451 26.89264414 26.60685885
 28.19110338 27.0666004  26.55715706 30.12326044 30.92470179 30.00521869
 30.4276839  31.76963221 30.38419483 31.21048708 32.14239563 25.86133201
 27.55119284 28.37748509 27.35238569 28.47067594 29.64488072 27.53255467
 28.42097416 28.49552684 32.78851889 32.73260437 31.94358847 33.88195825
 32.07405567 26.47639165 27.13494036 25.04125249 26.81187873 27.46421471
 28.9304175  30.02385686 28.9055666  30.18538767 30.96197813 32.31635189
 31.16078529 31.51491054 32.75124254 26.07256461 26.43290258 26.61928429
 27.93016899 26.52609344 28.29671968 28.72539761 30.28479125 29.62002982
 30.81908549 29.64488072 32.63941352 32.06163022 31.63295229 32.95626243
 27.0666004  25.46371769 27.43936382 28.01093439 27.8804672  29.56411531
 30.31585487 29.17271372 31.15457256 29.80641153 30.60164016 30.80666004
 30.62027833 32.50894632 25.74950298 26.03528827 27.94259443 28.70675944
 28.94284294 28.20352883 27.58225646 28.61978131 28.37127237 31.10487078
 32.29771372 31.24776342 32.72017893 33.09915507 26.04771372 26.15954274
 26.37077535 25.64388668 27.22813121 29.42122266 28.98011928 29.25969185
 30.10462227 31.33474155 31.71371769 33.44085487 33.13021869 32.68290258
 31.43414513 27.26540755]",68498.47455695616
2025-06-15 12:16:00+00:00,736,6560.26,9.0,29.46763028244437,29.37854125248509,34.459741550695824,"[26.85536779 27.45800199 28.6694831  27.93016899 30.29100398 29.99900596
 28.04199801 29.39637177 31.09244533 31.62673956 31.51491054 31.64537773
 34.45974155 26.39562624 26.10362823 27.277833   26.92370775 28.89314115
 28.08548708 29.74428429 27.52634195 30.22266402 30.31585487 32.9749006
 33.19234592 30.89985089 33.19855865 24.84244533 26.20303181 27.0417495
 27.45178926 30.26615308 29.20377734 28.78752485 28.43961233 29.92445328
 29.64488072 30.09219682 32.1610338  31.13593439 31.2166998  24.76789264
 26.50124254 26.71247515 26.86158052 28.81858847 28.58871769 28.37127237
 28.36505964 29.29075547 30.09219682 29.35909543 33.26068588 30.65755467
 32.80715706 31.62673956 26.2278827  28.98011928 26.81809145 28.84965209
 28.68190855 27.22813121 28.53280318 28.62599404 30.02385686 31.63916501
 31.47142147 30.68861829 32.65805169 34.26093439 26.3832008  24.9666998
 27.93638171 26.60685885 27.08523857 29.42743539 26.91128231 29.8499006
 30.36555666 31.06759443 32.02435388 31.50248509 32.21694831 31.3223161
 26.31486083 25.98558648 27.10387674 28.02957256 27.27162028 28.21595427
 29.81262425 30.60785288 29.29075547 31.07380716 32.21073559 30.83772366
 31.64537773 30.10462227 32.65183897 25.11580517 26.25894632 26.68141153
 27.91774354 27.75621272 30.65134195 29.40879722 28.29671968 31.15457256
 30.86257455 32.65183897 30.55193837 30.68240557 33.01838966 27.52012922
 26.61307157 26.44532803 25.4388668  28.76267396 28.94284294 29.59517893
 29.17271372 30.12326044 30.59542744 29.96172962 32.27907555 32.65183897
 31.4527833  23.78006958 25.68737575 27.79970179 27.65680915 28.50173956
 29.73185885 27.73136183 29.0111829  30.14189861 30.41525845 30.37176938
 33.15506958 31.04274354 32.17967197 27.37723658 27.14736581 26.63792247
 27.13494036 26.2278827  26.97340954 28.5638668  28.694334   28.12276342
 31.25397614 31.46520875 33.16749503 31.75099404 33.08672962 32.83822068
 26.09120278 26.47017893 28.35884692 28.62599404 28.96769384 28.13518887
 28.46446322 29.78156064 30.94333996 31.68265408 33.36630219 30.45253479
 32.91898608 33.96272366 26.65034791 25.6749503  26.99204771 27.19706759
 27.69408549 29.08573559 27.97987078 31.10487078 30.98682903 31.14835984
 32.09890656 31.34095427 31.91873757 34.17395626 28.06063618 27.97987078
 26.33971173 28.65084493 27.36481113 28.49552684 27.89289264 29.04845924
 29.76292247 29.89338966 29.73807157 33.11158052 31.80069583 31.98707753
 32.78851889 25.57554672]",68476.50387294588
2025-06-15 12:17:00+00:00,737,6580.67,9.0,29.52893186168875,29.441942097415502,34.71446322067594,"[26.06635189 26.97962227 26.23409543 26.95477137 28.37748509 30.19781312
 30.7693837  31.2166998  31.12972167 31.60188867 33.44085487 34.24850895
 33.52162028 27.09145129 26.25894632 26.49502982 27.93016899 28.61978131
 28.19110338 31.57082505 29.98658052 30.99304175 31.5583996  32.96247515
 32.52137177 32.52758449 32.52137177 26.17818091 25.40780318 26.32107356
 29.02982107 26.86779324 29.80019881 28.81237575 28.63220676 30.0859841
 29.28454274 31.77584493 31.0862326  31.51491054 32.36605368 25.74329026
 25.62524851 27.30889662 28.48931412 25.92967197 26.06635189 29.92445328
 30.52087475 28.55765408 29.51441352 30.88121272 32.4778827  31.50869781
 32.1610338  33.00596421 26.28379722 24.8362326  25.96694831 28.694334
 28.9304175  29.21620278 28.48310139 29.32803181 30.03006958 30.25994036
 32.03677932 31.57703777 32.48409543 32.06163022 26.10362823 27.16600398
 26.51988072 27.75       27.70029821 28.6694831  29.34045726 29.56411531
 29.52683897 31.94358847 31.33474155 32.35362823 33.57132207 31.43414513
 24.54423459 27.04796223 28.06063618 27.97365805 26.86158052 27.54498012
 28.89935388 31.34095427 29.64488072 29.86853877 30.82529821 29.97415507
 31.52112326 32.68911531 34.70203777 26.41426441 25.38916501 28.74403579
 27.75621272 29.31560636 29.04845924 29.81883698 30.57678926 31.55218688
 29.78777336 29.99900596 32.42818091 32.76366799 33.92544732 26.29622266
 26.01043738 27.29647117 27.32132207 28.86207753 26.99204771 28.68812127
 29.94309145 29.92445328 28.20352883 31.97465209 32.96247515 31.9249503
 32.10511928 26.06635189 24.14662028 28.54522863 28.1973161  26.58822068
 29.1416501  28.46446322 29.27833002 29.38394632 28.23459245 30.95576541
 32.47166998 31.45899602 33.4222167  27.63817097 25.58175944 27.53255467
 27.05417495 28.14761431 29.04845924 31.5583996  29.07331014 30.03006958
 31.54597416 31.09865805 30.84393638 32.90034791 32.52758449 32.01192843
 24.68712724 25.13444334 28.80616302 25.69358847 27.76863817 28.1973161
 29.64488072 29.70700795 29.63866799 30.62649105 31.41550696 32.65805169
 32.67047714 32.73260437 25.87375746 27.24055666 26.43911531 27.30889662
 28.22837972 29.17892644 30.83151093 30.67619284 30.05492048 31.01789264
 29.00497018 32.17345924 34.71446322 31.38444334 26.96719682 26.32728628
 27.09145129 25.96694831 27.71893638 28.37127237 30.68861829 29.7194334
 30.60164016 31.23533797 30.52087475 31.60188867 31.90631213 30.89363817
 30.75695825 26.02907555]",68681.59443646588
2025-06-15 12:18:00+00:00,738,6586.61,9.0,29.547526429445938,29.46039388667992,34.24850894632206,"[26.2278827  27.32753479 27.15357853 29.62624254 28.46446322 30.26615308
 28.03578529 29.6945825  30.81287276 31.29746521 31.94358847 30.25994036
 34.24850895 27.07281312 26.01043738 28.99875746 27.81833996 28.87450298
 28.61356859 28.61356859 30.2972167  31.28503976 32.26043738 31.27261431
 31.25397614 30.15432406 31.99329026 24.32678926 26.48260437 28.10412525
 26.04771372 28.03578529 27.75621272 30.50223658 28.66327038 30.73832008
 28.7750994  29.58275348 32.28528827 32.23558648 32.70154076 26.89264414
 24.2584493  27.88667992 28.88692843 27.01068588 28.18489066 28.96148111
 28.83101392 31.11729622 30.45253479 30.24130219 30.89363817 32.29150099
 32.54622266 32.72017893 24.89835984 27.46421471 27.54498012 29.06709742
 29.00497018 28.52659046 29.40258449 30.17917495 29.15407555 30.19781312
 30.98682903 32.11754473 31.16078529 33.06187873 26.4639662  26.96719682
 28.63841948 27.99850895 29.71322068 28.64463221 29.18513917 30.21645129
 30.70104374 28.86829026 31.30989066 32.67047714 31.44657058 33.97514911
 24.87350895 26.29622266 26.11605368 26.53851889 28.01093439 27.36481113
 25.71222664 29.9555169  29.98036779 29.28454274 29.73807157 31.29746521
 31.15457256 31.91252485 33.17370775 26.32728628 26.91128231 26.60064612
 28.06684891 28.10412525 27.99850895 29.3528827  30.11704771 30.69483101
 30.64512922 31.51491054 32.12375746 30.875      31.44035785 26.73732604
 26.34592445 28.68812127 28.98633201 28.27186879 29.22862823 31.83175944
 30.38419483 29.72564612 30.5333002  32.2417992  31.51491054 30.38419483
 34.         26.68762425 26.36456262 27.68787276 29.17892644 28.86207753
 29.1167992  27.36481113 28.52659046 28.3277833  28.01714712 31.46520875
 30.41525845 31.91873757 31.62673956 26.30243539 26.26515905 27.26540755
 26.44532803 29.22241551 28.42097416 29.29075547 29.6945825  29.11058648
 29.86232604 30.25994036 31.06138171 34.05591451 33.1861332  32.91277336
 26.78081511 26.4639662  28.9304175  28.22837972 27.83697813 29.19135189
 29.00497018 30.12947316 31.37201789 31.04895626 32.79473161 32.39090457
 32.24801193 33.51540755 25.63767396 27.12872763 28.02957256 27.15979125
 26.54473161 28.4582505  31.0862326  29.07331014 29.50198807 31.75720676
 30.34070577 32.59592445 32.53379722 31.30989066 25.64388668 28.52037773
 28.63841948 28.17867793 28.11033797 30.31585487 28.222167   29.29075547
 31.93737575 29.83747515 30.03006958 31.27261431 31.80069583 33.17370775
 32.41575547 26.76838966]",68743.80442235433
2025-06-15 12:19:00+00:00,739,6556.849999999999,9.0,29.460763306884157,29.36794855864811,34.63369781312127,"[26.76838966 25.76192843 28.40233598 29.32181909 28.6694831  29.43986083
 31.60810139 31.1110835  30.64512922 32.39090457 32.08648111 31.82554672
 30.46496024 26.79324056 25.85511928 24.50695825 27.277833   27.79348907
 29.46471173 29.02360835 32.0305666  29.16028827 29.75049702 30.78180915
 30.96819085 32.24801193 32.4778827  24.39512922 25.53205765 27.83697813
 27.16600398 26.35213718 29.71322068 28.7999503  28.89314115 29.99279324
 29.8499006  32.04299205 31.62673956 33.29796223 33.02460239 25.52584493
 27.54498012 27.13494036 27.09766402 27.65059642 28.68812127 29.81262425
 31.84418489 30.62027833 28.99875746 30.52087475 32.80094433 33.27932406
 33.61481113 32.59592445 26.62549702 27.15979125 28.61978131 28.27808151
 28.49552684 26.62549702 27.07902584 29.83747515 32.57728628 31.27261431
 31.17942346 32.10511928 32.30392644 32.85685885 24.76167992 26.68141153
 27.3026839  27.20949304 29.70079523 28.88071571 28.76888668 30.44010934
 30.03628231 29.38394632 31.0054672  33.32281312 32.29771372 31.89388668
 25.60661034 27.9612326  27.52634195 27.01689861 26.45775348 27.74378728
 27.3834493  28.3277833  29.28454274 30.57678926 31.25397614 30.35934394
 31.87524851 32.44681909 33.70800199 25.37052684 26.54473161 27.27162028
 27.81212724 28.4333996  28.5638668  28.68812127 31.76341948 30.34070577
 30.71968191 32.63941352 31.80069583 31.12350895 32.95626243 25.17793241
 25.70601392 25.50720676 26.45154076 27.76863817 27.68787276 28.03578529
 30.79423459 30.75074553 31.4527833  31.59567594 29.87475149 32.26043738
 33.48434394 24.82380716 26.86779324 26.31486083 28.03578529 28.14140159
 29.1167992  30.41525845 27.88667992 30.875      30.68240557 29.8250497
 33.45949304 32.06784294 30.17917495 25.38295229 25.57554672 25.87375746
 27.96744533 28.87450298 30.12326044 28.39612326 29.1167992  28.51416501
 30.59542744 30.48359841 31.22291252 31.10487078 30.14189861 34.15531809
 25.73707753 27.90531809 26.28379722 27.9612326  29.31560636 28.41476143
 29.42743539 29.02982107 30.63270378 31.39686879 32.28528827 31.0862326
 31.60810139 32.09269384 26.39562624 25.48235586 26.52609344 26.98583499
 28.16625249 30.12947316 29.80019881 29.59517893 29.97415507 30.25372763
 31.83175944 31.32852883 30.39040755 32.01814115 27.29647117 26.07877734
 26.62549702 27.01068588 26.33971173 27.65680915 29.2721173  29.53926441
 30.06734592 30.25372763 29.71322068 31.84418489 31.49005964 32.42818091
 34.63369781 27.37723658]",68453.52971951163
2025-06-15 12:20:00+00:00,740,6615.17,9.0,29.633922667660674,29.549111580516893,34.89463220675944,"[28.38369781 27.20949304 27.88667992 28.62599404 28.27808151 29.01739563
 28.58250497 29.47092445 31.347167   31.85039761 31.57082505 32.66426441
 32.52758449 26.86779324 25.55069583 26.16575547 28.4333996  29.74428429
 29.68215706 29.89960239 29.83747515 31.29746521 31.10487078 31.46520875
 33.48434394 31.60188867 32.0305666  26.32107356 26.83672962 28.22837972
 27.01068588 27.91153082 28.84965209 28.67569583 31.39686879 29.1167992
 29.67594433 31.49005964 32.11754473 32.87549702 33.12400596 24.40134195
 26.54473161 27.97987078 26.18439364 27.76863817 28.48310139 29.39015905
 29.50198807 29.13543738 31.06759443 30.37176938 32.00571571 30.95576541
 34.02485089 31.63916501 26.39562624 28.1973161  25.569334   26.69383698
 27.10387674 26.90506958 30.49602386 30.55193837 29.09816103 31.02410537
 31.35337972 33.16128231 32.49030815 31.96222664 24.77410537 26.58200795
 28.54522863 28.44582505 28.30914513 29.48956262 30.48359841 30.64512922
 32.14860835 30.80666004 31.0054672  32.49652087 31.47763419 32.90656064
 24.35785288 27.83076541 27.6195328  26.40183897 28.94905567 29.64488072
 27.77485089 28.96769384 31.5583996  31.22912525 32.50894632 31.9000994
 32.4778827  33.02460239 33.17992048 27.42693837 25.57554672 26.33971173
 27.26540755 28.01714712 27.91153082 29.31560636 28.88692843 29.72564612
 32.11133201 30.91848907 31.83797217 33.01838966 33.28553678 27.75
 27.86182903 27.48906561 26.99204771 27.04796223 26.37698807 29.62002982
 28.91799205 32.01192843 30.60164016 30.95576541 31.60810139 30.7693837
 32.85685885 25.96694831 27.16600398 27.46421471 26.78081511 26.91749503
 29.64488072 30.35934394 29.6138171  29.04224652 29.5082008  31.26640159
 31.93737575 34.89463221 32.52758449 24.40134195 26.09741551 26.68762425
 26.92370775 28.61978131 27.89289264 28.38369781 30.28479125 28.9055666
 30.59542744 30.32206759 32.91277336 30.99304175 33.5526839  33.6583002
 25.06610338 28.15382704 27.15357853 27.87425447 30.37176938 30.27857853
 29.70079523 28.28429423 32.06163022 31.23533797 31.49627237 31.96222664
 31.67022863 33.36630219 25.15929423 26.95477137 28.11033797 26.28379722
 28.91799205 27.15979125 27.94259443 29.51441352 30.52087475 32.19209742
 29.7194334  32.88170974 33.04945328 32.0554175  24.9666998  25.24627237
 27.20328032 28.37748509 28.95526839 27.43936382 28.92420477 30.73210736
 30.75695825 30.62027833 30.38419483 31.72614314 32.5027336  31.35337972
 33.35387674 28.1165507 ]",69032.85167692554
2025-06-15 12:21:00+00:00,741,6591.95,9.0,29.566448452932118,29.47698185884692,35.04995029821073,"[26.86158052 25.7805666  27.73757455 28.39612326 28.75024851 29.71322068
 28.02957256 28.63841948 30.81908549 31.39686879 32.28528827 32.66426441
 32.86928429 24.61257455 26.69383698 28.38369781 27.48906561 28.12897614
 29.30939364 30.57678926 30.402833   30.89985089 31.35959245 31.20427435
 31.34095427 32.35362823 33.40357853 26.83672962 26.86779324 26.84915507
 28.06684891 29.71322068 27.90531809 27.86182903 31.42171968 29.80641153
 30.27236581 30.94955268 32.1610338  32.55243539 30.42147117 24.69955268
 25.69980119 27.69408549 27.08523857 29.12301193 28.12897614 30.17296223
 28.94905567 29.40879722 29.45849901 31.52733598 30.95576541 30.77559642
 30.98682903 33.53404573 24.14662028 27.73136183 27.1722167  28.74403579
 27.87425447 28.86829026 28.86829026 30.86257455 30.85014911 29.81262425
 30.68240557 31.05516899 33.36630219 33.35387674 25.76192843 26.4639662
 26.13469185 28.91799205 27.14736581 28.58250497 28.18489066 31.01167992
 28.38991054 31.05516899 31.50248509 30.99925447 31.91873757 31.98086481
 27.03553678 29.13543738 26.99204771 27.67544732 29.36530815 29.49577535
 29.24105368 29.73807157 30.11083499 31.83797217 31.51491054 30.93712724
 31.50869781 33.37872763 34.         25.73707753 27.63195825 27.37102386
 28.63841948 26.66898608 30.14189861 28.5638668  28.59493042 30.34070577
 30.55193837 31.23533797 31.46520875 32.35362823 31.64537773 25.69980119
 26.81809145 27.63195825 29.14786282 27.58225646 27.29647117 28.72539761
 29.83747515 30.17917495 31.16078529 32.49652087 32.17967197 33.27311133
 33.03081511 25.81784294 25.8054175  27.63817097 28.46446322 28.5638668
 28.35884692 31.22912525 30.34691849 28.95526839 31.7944831  29.93687873
 30.6637674  31.19184891 32.31635189 26.40805169 25.48856859 27.58225646
 27.78106362 27.33996024 28.7750994  29.36530815 30.21645129 30.66998012
 29.94930417 31.74478131 31.63295229 33.27932406 33.47191849 32.83822068
 25.58797217 27.33374751 27.71893638 27.70651093 28.66327038 29.17271372
 29.6138171  29.23484095 30.79423459 30.79423459 32.61456262 31.88767396
 34.13667992 33.6583002  24.81138171 26.78702783 27.45178926 26.87400596
 26.88643141 29.57032803 28.9055666  27.4083002  30.09219682 30.00521869
 31.78205765 31.70750497 32.2417992  35.0499503  25.65631213 26.7000497
 24.2833002  27.12251491 27.93638171 27.63817097 28.81237575 29.41500994
 29.64488072 30.88121272 30.22887674 32.18588469 30.85014911 32.79473161
 30.68240557 25.05367793]",68807.10994412971
2025-06-15 12:22:00+00:00,742,6570.57,9.0,29.504398669565624,29.410567842942346,34.559145129224646,"[26.35213718 27.15357853 28.35263419 29.60139165 29.30318091 30.32828032
 30.48981113 29.86232604 31.31610338 32.22937376 31.63295229 31.41550696
 34.55914513 26.94234592 25.63146123 26.805666   26.50745527 27.3834493
 29.06709742 28.03578529 30.1916004  30.88121272 30.26615308 31.96222664
 32.56486083 32.41575547 33.31038767 25.68737575 26.58200795 26.91749503
 27.33996024 27.02932406 28.15382704 29.8250497  29.32803181 28.7999503
 29.74428429 28.61978131 31.93116302 32.29771372 33.98136183 26.61928429
 26.40805169 27.42693837 25.87997018 27.87425447 29.08573559 29.13543738
 29.53305169 28.96148111 32.54000994 30.81908549 31.347167   33.58374751
 31.71371769 33.02460239 25.9110338  26.88021869 26.78081511 27.83697813
 27.76242545 28.89935388 27.66923459 29.17892644 29.47713718 31.51491054
 32.40954274 31.21048708 32.67047714 32.47166998 26.48260437 26.62549702
 27.36481113 29.77534791 28.84343936 28.30293241 29.84368787 28.61356859
 30.875      30.37176938 31.17942346 30.89363817 32.01814115 33.01217694
 26.73732604 26.4888171  27.09145129 27.93638171 28.68190855 29.12301193
 29.12922465 29.07952286 29.0111829  30.52087475 29.59517893 32.30392644
 34.16774354 31.63916501 32.76988072 26.04150099 25.52584493 26.15954274
 29.59517893 28.39612326 28.63220676 29.51441352 29.0360338  30.31585487
 30.62649105 34.15531809 30.96197813 31.19184891 32.98732604 26.45154076
 26.15954274 26.64413519 28.7750994  29.42122266 26.95477137 28.80616302
 29.25969185 29.87475149 29.80019881 32.73260437 32.85685885 30.78802187
 32.36605368 26.48260437 25.63767396 26.86779324 27.43315109 27.6443837
 27.67544732 29.02982107 28.38369781 28.83722664 31.19806163 31.23533797
 29.81262425 30.48359841 31.75720676 27.76863817 26.82430417 27.33996024
 28.52659046 28.45203777 28.53280318 27.61332008 29.30939364 28.75646123
 30.07977137 31.51491054 30.91227634 32.46545726 32.14239563 32.90034791
 26.55094433 26.68762425 25.81784294 27.44557654 28.63841948 29.20999006
 28.41476143 30.48981113 29.65730616 29.4833499  30.14811133 31.09244533
 32.9749006  32.01192843 25.53827038 26.36456262 25.66252485 28.02335984
 26.97340954 28.55765408 28.86829026 30.99925447 29.94930417 31.16078529
 31.59567594 32.74502982 32.31635189 33.38494036 26.77460239 26.5695825
 25.86133201 28.4582505  27.47042744 27.12251491 28.65084493 30.66998012
 29.14786282 31.39065606 31.18563618 33.1861332  31.94980119 31.59567594
 30.63270378 27.13494036]",68599.51618889873
2025-06-15 12:23:00+00:00,743,6613.14,9.0,29.6310626242346,29.54280566600398,34.04348906560636,"[24.84244533 27.57604374 26.64413519 27.76242545 27.60089463 29.05467197
 29.4833499  30.52708748 32.31013917 32.0554175  32.06784294 32.24801193
 34.04348907 27.45800199 26.29000994 29.43986083 27.12251491 28.06684891
 28.08548708 29.43986083 30.43389662 29.19756461 30.14811133 32.26043738
 30.52087475 32.0305666  33.03702783 28.14761431 28.39612326 27.73757455
 26.78081511 28.14140159 28.05442346 28.04199801 28.74403579 30.04870775
 31.35337972 29.29696819 31.17942346 32.89413519 32.80715706 25.84890656
 27.78727634 26.89264414 28.12276342 27.82455268 30.58921471 28.32157058
 30.15432406 30.01764414 32.01192843 29.98036779 31.21048708 31.18563618
 33.19855865 33.2917495  26.45775348 25.60661034 25.83648111 27.68787276
 28.49552684 28.83101392 29.27833002 28.83101392 27.84940358 32.25422465
 31.60188867 32.5027336  31.59567594 33.49055666 26.49502982 27.63195825
 28.35884692 28.67569583 28.17246521 30.37798211 28.12276342 31.17942346
 29.9555169  31.44657058 31.41550696 32.0305666  32.20452286 31.86903579
 26.83672962 26.42047714 25.74950298 26.5695825  28.88071571 28.49552684
 29.39015905 30.85636183 31.30367793 29.96172962 31.03031809 30.81287276
 30.25994036 32.77609344 33.80119284 24.45725646 26.82430417 26.52609344
 27.86182903 27.81212724 28.79373757 29.65730616 30.23508946 32.11754473
 30.46496024 33.38494036 32.25422465 31.86903579 32.58971173 26.20924453
 25.89860835 27.24676938 28.19110338 28.40233598 29.56411531 28.43961233
 29.09194831 31.02410537 30.39662028 31.73235586 31.6888668  32.19831014
 32.72639165 25.22142147 26.23409543 26.66898608 26.70626243 28.85586481
 28.46446322 29.24105368 29.75670974 29.97415507 30.96197813 29.94930417
 31.98086481 31.78827038 32.78851889 27.31510934 27.52634195 26.09120278
 27.96744533 28.65084493 28.62599404 29.16650099 27.58225646 30.14811133
 31.819334   30.21023857 31.26640159 31.48384692 31.84418489 33.55889662
 25.09095427 27.41451292 27.79348907 27.68166004 28.08548708 29.75049702
 29.76292247 28.41476143 32.04299205 31.5832505  31.03653082 32.4778827
 33.04324056 32.7139662  26.40805169 26.69383698 25.15308151 28.12276342
 27.81833996 28.91177932 30.04249503 31.03653082 29.73185885 31.42171968
 32.91277336 34.03727634 31.11729622 32.48409543 25.22142147 24.68712724
 27.48906561 27.11630219 28.40233598 27.86182903 27.97987078 29.5889662
 30.64512922 29.44607356 32.41575547 32.41575547 32.3722664  32.34741551
 33.60859841 25.46371769]",69023.28311563926
2025-06-15 12:24:00+00:00,744,6629.889999999999,9.0,29.68152510085451,29.594837226640156,35.21769383697813,"[26.55715706 27.96744533 27.52634195 28.1973161  26.87400596 29.2721173
 26.9609841  29.19135189 31.37201789 31.93116302 31.74478131 32.62698807
 33.68315109 26.44532803 26.87400596 27.12251491 28.37127237 29.09194831
 27.56983101 28.05442346 29.67594433 32.62698807 32.80715706 33.06809145
 32.50894632 32.32256461 32.96868787 26.8305169  26.73111332 26.4639662
 29.40258449 28.10412525 29.05467197 28.72539761 28.33399602 29.92445328
 30.25994036 32.01814115 31.3223161  32.29771372 32.52758449 25.06610338
 25.4388668  25.83648111 27.35238569 27.50149105 28.96148111 29.39637177
 29.55790258 29.19135189 31.76341948 29.06088469 30.6637674  33.08672962
 30.99925447 34.32927435 26.24652087 28.68190855 26.55715706 29.20377734
 28.71918489 28.97390656 28.24701789 30.77559642 31.02410537 31.54597416
 32.4778827  31.11729622 31.69507952 32.75745527 27.42693837 26.27137177
 27.04796223 28.22837972 27.6443837  29.33424453 29.06088469 30.76317097
 28.99254473 30.26615308 31.0054672  31.67022863 34.62748509 32.48409543
 27.277833   26.31486083 28.20352883 28.20974155 29.88717694 28.48931412
 30.90606362 30.99304175 29.48956262 31.30989066 29.47092445 30.5333002
 33.98757455 35.21769384 34.49701789 24.55044732 27.50770378 26.55715706
 27.9612326  29.13543738 29.24105368 30.11704771 29.27833002 31.33474155
 31.36580517 29.83126243 30.77559642 31.73856859 31.99329026 26.53230616
 27.01689861 27.03553678 26.32728628 29.43986083 28.52037773 28.34020875
 29.98036779 29.77534791 31.71371769 30.16053678 30.5333002  32.44681909
 33.42842942 26.50745527 26.61307157 26.43911531 27.8556163  29.99279324
 28.35884692 29.79398608 28.89314115 29.85611332 29.37152087 30.70104374
 32.7139662  33.37251491 32.99975149 24.7306163  27.53255467 27.19085487
 25.48856859 27.94259443 29.12301193 29.76913519 29.15407555 29.22862823
 30.67619284 31.33474155 32.31635189 32.52758449 32.70775348 31.75099404
 27.24676938 27.38966203 26.83672962 29.0360338  28.694334   29.45228628
 30.35313121 29.34045726 30.20402584 30.83151093 32.61456262 32.77609344
 33.0805169  32.90034791 24.45104374 25.42644135 27.68787276 27.83697813
 27.03553678 27.48906561 30.1667495  31.68265408 30.15432406 29.73807157
 31.37823062 29.40258449 32.26043738 32.06784294 26.03528827 27.43315109
 26.71247515 28.58871769 29.57654076 28.76267396 29.90581511 28.04821074
 30.40904573 30.04870775 30.36555666 32.52137177 31.20427435 32.72639165
 33.68315109 26.58200795]",69192.11037741884
2025-06-15 12:25:00+00:00,745,6599.29,9.0,29.5922501080982,29.499782554671967,34.73931411530815,"[26.17196819 27.75       27.71272366 27.52012922 31.01789264 27.49527833
 30.27857853 29.78156064 30.72589463 32.46545726 31.7944831  32.14860835
 32.96868787 26.30864811 26.15333002 27.24055666 28.14140159 27.86182903
 27.81212724 30.2972167  29.24105368 29.37152087 29.80019881 31.85039761
 32.37847913 30.82529821 32.19831014 27.99850895 26.4639662  27.34617296
 26.71247515 27.37102386 28.05442346 29.01739563 30.09840954 30.24130219
 30.48359841 31.25397614 30.78802187 32.67668986 34.45352883 24.625
 26.4888171  27.29025845 26.7249006  29.15407555 27.52634195 30.77559642
 29.68215706 30.48981113 28.65084493 31.0054672  31.51491054 31.87524851
 32.85064612 31.84418489 27.29647117 26.12847913 26.63792247 25.27733598
 27.9860835  28.66327038 28.07927435 28.58250497 29.66351889 31.33474155
 30.99925447 31.21048708 33.26068588 33.38494036 26.32107356 24.17147117
 28.38991054 25.97316103 27.69408549 29.05467197 30.07977137 29.96172962
 30.80666004 32.0554175  31.90631213 32.18588469 32.5027336  33.96272366
 25.86754473 25.46993042 26.92370775 28.37127237 27.52012922 29.29696819
 30.00521869 30.73832008 30.88121272 30.7445328  31.1110835  32.46545726
 31.33474155 32.16724652 34.73931412 26.98583499 27.07902584 28.71297217
 27.93638171 29.3777336  29.12301193 29.45849901 30.30342942 30.4276839
 32.25422465 31.90631213 31.0054672  33.32281312 32.28528827 27.37723658
 27.03553678 26.57579523 28.1973161  28.46446322 27.83076541 29.39015905
 30.29100398 29.2472664  32.04920477 29.99900596 30.55193837 34.3665507
 33.98757455 25.55069583 26.38941352 27.59468191 26.26515905 27.45178926
 27.0417495  29.65109344 29.96794235 32.32256461 31.39686879 29.98036779
 32.18588469 30.75695825 32.11754473 25.3332505  27.3026839  26.37077535
 27.24055666 28.76888668 27.07902584 29.0360338  27.6443837  30.71346918
 30.6637674  30.84393638 31.87524851 33.08672962 31.6640159  32.98732604
 24.45725646 27.29647117 27.65059642 28.93663022 29.80019881 28.70054672
 28.99875746 29.2472664  30.32206759 31.63916501 31.347167   31.52112326
 33.75770378 31.62052684 25.79920477 26.53851889 26.28379722 27.35238569
 27.14115308 28.0916998  29.98658052 29.83747515 30.77559642 29.85611332
 31.47142147 32.22937376 33.36630219 31.22912525 24.48210736 27.61332008
 25.84269384 27.73136183 27.73136183 30.07977137 26.91749503 28.47688867
 30.07977137 31.36580517 30.83772366 31.09244533 33.19234592 32.85064612
 32.64562624 26.9609841 ]",68893.43196165333
2025-06-15 12:26:00+00:00,746,6602.87,9.0,29.60383622233854,29.510903330019882,34.51565606361829,"[26.00422465 27.80591451 26.51988072 28.55765408 29.05467197 27.99850895
 28.86829026 31.77584493 31.0862326  32.32877734 31.52112326 31.83797217
 34.18638171 25.8054175  27.48285288 27.11008946 29.2721173  28.66327038
 28.95526839 26.50124254 27.77485089 30.35934394 30.94333996 32.91898608
 31.59567594 32.89413519 33.8943837  27.54498012 27.02932406 25.94831014
 28.29671968 28.51416501 27.58846918 28.95526839 28.04199801 29.70700795
 30.33449304 30.85014911 31.83797217 30.73832008 32.70775348 27.09145129
 25.90482107 28.04821074 27.52012922 28.68812127 27.55740557 28.57629225
 28.92420477 30.0859841  31.0862326  30.32828032 33.19855865 30.57057654
 30.55815109 32.1610338  25.96694831 27.09145129 28.50795229 27.74378728
 27.34617296 28.71297217 30.32828032 30.402833   29.67594433 29.60760437
 29.88717694 31.96222664 31.347167   31.60810139 25.10959245 25.95452286
 26.02907555 28.91799205 28.84343936 28.20352883 30.73832008 28.89935388
 29.57654076 29.66973161 30.67619284 33.10536779 32.34741551 31.69507952
 25.83026839 25.9917992  28.3277833  27.94880716 27.90531809 28.70675944
 28.36505964 28.07927435 29.83747515 31.04895626 31.7944831  30.57678926
 31.31610338 32.99975149 32.64562624 25.35810139 26.45154076 26.60064612
 27.12251491 28.35884692 27.68787276 28.5638668  31.6640159  31.2166998
 32.29771372 30.91848907 31.88767396 31.40308151 33.57753479 24.97291252
 27.48285288 28.48310139 28.59493042 29.85611332 30.58921471 31.31610338
 30.402833   29.5889662  30.65134195 31.43414513 32.8444334  33.50919483
 33.57132207 27.10387674 26.09741551 25.85511928 27.55119284 28.42097416
 29.1416501  29.75049702 28.46446322 29.43364811 29.7194334  30.90606362
 31.91252485 31.57082505 32.03677932 26.47639165 26.71868787 28.03578529
 27.99229622 28.14140159 28.59493042 28.68190855 28.12276342 30.0611332
 29.73807157 31.57703777 31.22912525 32.1610338  33.06809145 33.77634195
 27.16600398 26.27758449 26.5944334  26.61928429 27.55119284 27.84940358
 27.5139165  30.2972167  30.99304175 31.77584493 31.86282306 33.19855865
 33.06809145 32.93141153 26.61307157 26.45154076 27.89289264 27.16600398
 27.86804175 28.45203777 28.1973161  29.94309145 30.70725646 30.94955268
 32.08026839 29.63866799 34.51565606 33.32281312 26.12847913 26.0166501
 28.67569583 27.84940358 28.51416501 27.9612326  28.33399602 30.47117296
 30.21645129 31.25397614 32.45924453 33.70178926 33.11158052 31.9000994
 33.03081511 24.87350895]",68932.19446545583
2025-06-15 12:27:00+00:00,747,6624.4400000000005,9.0,29.66850602601865,29.577907554671967,34.77037773359841,"[26.10362823 28.83722664 28.86207753 28.44582505 27.42072565 31.25397614
 30.22887674 30.6637674  30.93091451 31.70129225 33.44085487 32.9749006
 33.54647117 25.33946322 26.77460239 27.33374751 26.78081511 29.57032803
 28.62599404 29.06088469 30.67619284 31.40308151 29.07952286 32.73260437
 33.00596421 32.40333002 34.24850895 25.14686879 25.73707753 27.14736581
 26.38941352 28.71918489 28.12897614 28.85586481 29.16650099 29.09816103
 30.61406561 30.70725646 32.02435388 32.50894632 31.9249503  25.92345924
 25.12201789 27.1722167  28.25944334 27.37723658 27.71893638 28.24080517
 30.36555666 30.47738569 30.5084493  31.48384692 29.90581511 31.2415507
 33.70800199 31.71993042 26.67519881 26.30243539 27.32753479 28.09791252
 26.86158052 29.98036779 30.04249503 29.99900596 30.09840954 30.14811133
 31.71993042 32.10511928 32.32877734 32.46545726 25.53205765 27.66302187
 29.12922465 27.22191849 28.75024851 29.40258449 29.6138171  30.64512922
 30.7445328  31.75099404 30.68861829 31.45899602 32.17967197 33.27932406
 26.12847913 26.36456262 27.29025845 28.6694831  27.6195328  29.62002982
 29.1167992  30.47738569 30.80666004 29.86232604 31.49627237 32.40954274
 31.72614314 32.2666501  33.02460239 26.29622266 27.19706759 27.17842942
 27.75       28.40233598 30.23508946 28.73161034 30.38419483 30.76317097
 32.00571571 31.74478131 33.57132207 33.93787276 33.26689861 25.12823062
 27.03553678 26.91128231 25.76192843 27.00447316 28.60735586 28.27186879
 29.91824056 31.1110835  31.39065606 32.0305666  30.73832008 34.77037773
 31.7944831  25.55690855 26.76838966 27.13494036 29.32803181 28.91799205
 28.61978131 28.42718688 28.84965209 29.55790258 31.36580517 30.73210736
 30.72589463 32.00571571 32.67668986 25.74329026 25.60661034 27.12251491
 28.11033797 28.55144135 28.65084493 29.54547714 27.58846918 29.70079523
 30.45253479 31.71993042 30.24751491 31.63916501 32.16724652 33.49055666
 25.37052684 26.40183897 26.45154076 27.14736581 28.37127237 28.35884692
 28.9055666  29.45849901 31.07380716 31.01167992 33.09915507 33.10536779
 33.11158052 34.12425447 24.09691849 25.83026839 26.06635189 28.40233598
 28.4582505  28.70054672 28.37127237 28.89935388 31.20427435 30.82529821
 30.99925447 32.1610338  32.49030815 31.73856859 24.1776839  28.66327038
 26.32728628 28.57007952 29.66351889 29.30318091 29.04224652 27.66923459
 30.37798211 30.62027833 31.54597416 32.31013917 32.98111332 33.47813121
 32.44060636 25.30218688]",69148.55376064799
2025-06-15 12:28:00+00:00,748,6607.54,9.0,29.619643570375878,29.52541003976143,33.8198310139165,"[27.97987078 28.70054672 26.97962227 27.58846918 28.9304175  29.15407555
 31.18563618 30.13568588 31.13593439 32.09269384 30.98682903 32.22316103
 31.53976143 25.78677932 28.33399602 28.60735586 28.40854871 27.76242545
 29.32803181 29.81262425 30.88121272 29.930666   29.44607356 31.57703777
 32.40954274 31.2415507  32.35362823 25.69358847 27.52012922 26.91749503
 28.60735586 30.14811133 29.73185885 29.5082008  30.32206759 31.31610338
 31.70129225 30.55815109 32.12375746 33.27311133 30.12947316 26.22166998
 25.40780318 28.12897614 26.99826044 27.59468191 27.23434394 27.9860835
 29.94930417 30.01143141 30.12947316 31.61431412 31.28503976 29.88717694
 33.65208748 31.88767396 27.37102386 27.99229622 28.4333996  28.81858847
 28.11033797 28.76888668 29.45849901 27.99850895 30.37176938 30.59542744
 32.16724652 31.77584493 31.99950298 31.83797217 25.16550696 27.27162028
 27.6195328  27.95501988 29.930666   27.94259443 28.11033797 29.40879722
 29.8499006  30.4276839  31.02410537 32.37847913 31.39686879 33.22962227
 24.64985089 25.79299205 26.3583499  27.58225646 28.30914513 27.277833
 27.88667992 30.63270378 30.10462227 30.4276839  32.36605368 30.44632207
 30.00521869 33.07430417 33.16749503 25.42022863 27.14736581 27.24676938
 28.48310139 28.29050696 28.52037773 30.00521869 30.39662028 30.21023857
 31.0054672  31.7944831  33.2109841  32.12997018 33.81983101 25.60661034
 25.5444831  26.53851889 27.46421471 28.04199801 27.32753479 28.80616302
 30.46496024 29.81883698 30.0611332  30.29100398 31.93116302 32.41575547
 32.72639165 26.28379722 26.02907555 27.56361829 27.68166004 27.5387674
 29.76913519 29.54547714 28.93663022 29.53926441 29.65109344 32.21694831
 32.32256461 31.04274354 32.55864811 26.33971173 25.73086481 28.85586481
 28.14761431 28.04821074 27.28404573 28.67569583 28.43961233 28.42718688
 31.40308151 31.88146123 31.30989066 32.18588469 32.34120278 32.08026839
 25.38295229 26.30243539 27.84940358 27.8556163  29.26590457 28.91799205
 28.75024851 30.04249503 31.83175944 31.80690855 32.67668986 33.01838966
 32.20452286 31.77584493 26.62549702 26.19060636 27.43315109 29.40258449
 26.69383698 30.03628231 28.97390656 29.60139165 30.57057654 30.50223658
 31.9000994  30.5084493  32.02435388 33.50298211 27.24055666 27.12251491
 27.15357853 27.82455268 28.37748509 27.96744533 28.08548708 29.04845924
 29.60139165 32.3971173  31.63295229 31.41550696 32.99353877 31.90631213
 32.68290258 25.89239563]",68985.07952904954
2025-06-15 12:29:00+00:00,749,6668.17,9.0,29.799569909736444,29.713748757455267,35.09965208747515,"[26.37077535 25.83648111 29.30939364 28.40233598 28.34020875 29.3528827
 29.25347913 30.10462227 29.53926441 32.02435388 32.88792247 32.72017893
 31.6888668  26.78702783 28.14140159 28.78752485 27.22813121 27.60089463
 29.78156064 29.11058648 29.00497018 28.55765408 32.1361829  30.83772366
 32.52758449 32.02435388 32.54000994 25.47614314 27.66302187 27.43315109
 28.30914513 28.98011928 28.01093439 30.35934394 29.74428429 30.71346918
 31.31610338 30.56436382 32.76988072 32.98111332 32.93141153 26.21545726
 25.60039761 27.58846918 25.83026839 29.26590457 29.1167992  28.40233598
 29.54547714 30.58921471 30.60164016 31.96222664 32.29150099 30.34691849
 32.65805169 33.21719682 28.62599404 27.25298211 27.66302187 28.28429423
 28.55765408 28.70054672 27.9860835  29.0111829  31.55218688 30.89985089
 30.83151093 31.88146123 31.14214712 32.69532803 25.56312127 26.4639662
 28.1165507  27.52012922 28.61978131 28.92420477 29.14786282 29.07331014
 31.1110835  29.34666998 32.22316103 32.23558648 30.7445328  35.09965209
 25.73707753 26.95477137 27.93016899 27.36481113 27.5139165  28.72539761
 29.76292247 32.12997018 29.70079523 30.2972167  31.12972167 31.85661034
 32.25422465 32.76366799 33.52162028 25.66873757 27.68787276 26.54473161
 27.6443837  28.62599404 30.77559642 30.91848907 31.29125249 32.1361829
 32.99353877 31.05516899 31.42793241 31.18563618 32.78851889 26.88021869
 27.09766402 27.37102386 29.98036779 27.99229622 28.01093439 31.60188867
 30.56436382 28.70675944 31.03653082 28.40854871 32.50894632 30.81908549
 32.57107356 27.68166004 25.85511928 27.20949304 28.39612326 28.4333996
 28.15382704 30.60164016 28.4582505  31.57703777 31.19184891 30.35313121
 31.37201789 32.35984095 32.50894632 25.05989066 27.18464215 25.27733598
 29.25969185 29.60139165 29.30318091 28.73782306 29.91824056 29.34666998
 31.09244533 31.40929423 32.18588469 31.69507952 33.46570577 32.99975149
 24.50074553 24.93563618 27.59468191 27.86804175 27.63817097 29.84368787
 30.11083499 29.76292247 32.04299205 32.90656064 32.49030815 32.72017893
 35.08101392 32.59592445 27.5387674  27.66923459 26.01043738 29.1416501
 29.04224652 29.9555169  28.78131213 30.42147117 30.03628231 30.70725646
 31.29746521 32.17967197 32.64562624 32.73260437 25.60039761 27.79348907
 28.29050696 28.04821074 28.95526839 28.86829026 29.79398608 30.11704771
 29.44607356 29.85611332 31.52733598 30.55193837 29.45228628 32.32877734
 34.20501988 26.3832008 ]",69587.04109001425
2025-06-15 12:30:00+00:00,750,6642.77,9.0,29.725612311257326,29.634847166998007,34.45352882703777,"[26.71247515 27.78106362 27.81833996 28.47688867 30.07977137 28.4582505
 30.875      30.7693837  31.55218688 32.28528827 31.7944831  32.52137177
 32.06163022 26.74975149 26.84915507 26.90506958 28.45203777 27.65059642
 28.60735586 31.19184891 29.91202783 29.62002982 31.17942346 30.73210736
 30.86257455 34.45352883 33.79498012 26.71868787 26.44532803 26.79324056
 27.94880716 29.22241551 28.13518887 28.67569583 29.68836978 30.57678926
 30.64512922 31.05516899 31.44035785 30.83772366 33.34766402 25.8861829
 26.9609841  27.01068588 28.71297217 26.84915507 27.92395626 29.89338966
 30.11083499 31.94980119 29.44607356 32.09269384 32.12997018 31.44657058
 32.27286282 32.7388171  25.04746521 25.77435388 27.23434394 27.6195328
 28.41476143 27.80591451 28.81237575 28.01093439 31.76963221 30.05492048
 30.07355865 32.23558648 32.52758449 33.6583002  26.25894632 25.7805666
 26.805666   26.98583499 28.73782306 29.72564612 29.41500994 30.33449304
 30.76317097 30.32206759 32.27907555 31.76963221 32.31013917 31.2166998
 27.19706759 26.26515905 27.14115308 26.7249006  26.8305169  27.6443837
 29.75049702 28.9055666  30.21645129 30.85014911 30.71346918 32.1610338
 32.54622266 33.06187873 32.90656064 26.25894632 26.74975149 28.16625249
 27.9612326  27.14736581 29.73185885 30.20402584 29.64488072 32.31013917
 31.73856859 31.5832505  32.44681909 32.17967197 32.93141153 25.68737575
 25.38295229 29.76292247 28.27186879 27.5139165  28.83101392 30.35313121
 31.50869781 30.59542744 30.71968191 31.31610338 32.48409543 31.89388668
 33.72042744 26.4888171  25.52584493 27.9612326  27.3026839  27.24676938
 29.99279324 29.76913519 30.81908549 29.83126243 32.00571571 32.1361829
 32.92519881 32.9749006  32.85685885 24.79895626 26.91749503 27.45178926
 26.8305169  28.39612326 27.93016899 30.01764414 29.20377734 30.14189861
 29.67594433 31.94980119 30.79423459 32.93141153 32.8195825  32.09890656
 26.96719682 27.66923459 27.56983101 27.56983101 27.6443837  29.68836978
 29.54547714 28.70054672 29.3528827  31.26640159 31.77584493 32.57107356
 33.24204771 33.79498012 27.43315109 28.52037773 26.1471173  29.88096421
 26.24652087 28.68812127 29.27833002 28.13518887 30.38419483 31.93737575
 29.60760437 29.78156064 32.78851889 31.94358847 26.41426441 27.15979125
 26.40183897 26.84915507 27.79970179 30.47117296 29.05467197 28.24080517
 31.03031809 29.79398608 31.32852883 32.55864811 32.20452286 33.11779324
 32.23558648 27.52634195]",69339.60854854251
2025-06-15 12:31:00+00:00,751,6632.54,9.0,29.696416382163207,29.60306908548708,34.45352882703777,"[28.12276342 28.04199801 27.24676938 27.99850895 30.13568588 29.62624254
 29.56411531 30.14189861 29.8250497  31.5832505  32.61456262 32.77609344
 33.57753479 26.73111332 25.04125249 28.29671968 28.09791252 28.32157058
 28.24701789 29.49577535 30.05492048 31.94358847 30.78802187 31.51491054
 31.14835984 32.22316103 31.17942346 24.56908549 26.56336978 27.33374751
 27.48906561 27.08523857 28.52037773 30.0859841  29.35909543 29.62002982
 31.54597416 31.89388668 32.96247515 33.12400596 32.35984095 25.72465209
 26.24652087 26.94234592 27.69408549 27.78727634 27.39587475 28.76267396
 28.87450298 29.91824056 31.41550696 30.57678926 30.09219682 33.40979125
 32.04299205 32.22316103 27.58225646 27.81833996 26.90506958 27.42072565
 27.1722167  30.48981113 30.44010934 30.7693837  29.91824056 32.40333002
 32.34120278 31.07380716 32.60213718 34.22987078 25.94209742 25.55069583
 25.36431412 27.41451292 29.05467197 28.3277833  29.60760437 29.83747515
 30.28479125 30.22266402 32.34120278 33.0805169  31.71993042 33.17992048
 25.90482107 27.96744533 27.65059642 29.35909543 28.83722664 26.39562624
 30.07355865 28.5390159  29.99279324 31.51491054 31.62052684 32.52137177
 32.40333002 33.83225646 32.4778827  27.46421471 26.2527336  27.68787276
 26.56336978 27.08523857 29.50198807 30.75074553 29.25347913 30.34691849
 31.22912525 31.56461233 31.09244533 32.50894632 32.76988072 26.54473161
 26.45154076 28.70054672 28.07306163 30.35934394 26.89885686 28.26565606
 28.81237575 29.91824056 31.4527833  30.11083499 32.88792247 33.96893638
 32.23558648 26.15954274 27.0417495  27.13494036 29.12922465 28.16625249
 28.29671968 29.17271372 29.27833002 29.85611332 29.21620278 31.50869781
 33.09915507 33.45328032 31.29746521 26.21545726 26.07256461 29.26590457
 27.72514911 28.70675944 27.48906561 29.54547714 30.98682903 29.78777336
 29.89960239 31.26640159 32.04920477 31.10487078 31.46520875 33.43464215
 25.74329026 25.45129225 27.75621272 27.8556163  27.8804672  27.91153082
 31.17321074 28.96769384 29.77534791 31.17321074 31.96843936 29.42743539
 32.22937376 34.1056163  27.0666004  24.28951292 28.31535785 27.94880716
 28.15382704 29.73185885 29.31560636 28.41476143 31.68265408 31.02410537
 30.40904573 31.819334   31.67644135 34.45352883 25.18414513 26.67519881
 27.58846918 27.78727634 28.52659046 29.20999006 28.46446322 30.55193837
 29.90581511 32.29150099 29.73807157 32.54000994 31.95601392 30.90606362
 32.99975149 25.84890656]",69241.93064816523
2025-06-15 12:32:00+00:00,752,6694.53,9.0,29.880339148772702,29.795632455268386,34.90084493041749,"[27.47664016 28.04821074 27.68166004 29.75049702 29.77534791 28.86207753
 31.2166998  31.51491054 33.12400596 31.2415507  32.19209742 34.43489066
 32.87549702 27.24055666 27.15979125 26.61928429 28.76888668 28.84965209
 28.19110338 29.78156064 29.94309145 29.34045726 32.17345924 32.8444334
 32.79473161 31.57082505 31.83797217 26.7249006  25.05989066 26.87400596
 25.43265408 27.25298211 31.29125249 29.32181909 28.71918489 30.24751491
 29.51441352 30.63270378 30.13568588 32.75124254 33.37251491 27.14115308
 26.87400596 28.0916998  28.65705765 28.62599404 27.99850895 28.57007952
 30.61406561 29.53305169 33.28553678 31.42171968 32.06784294 33.50919483
 33.44085487 32.77609344 24.53802187 28.30293241 27.16600398 27.37723658
 27.6443837  27.65680915 29.16028827 30.20402584 29.33424453 31.9000994
 31.88146123 33.91923459 30.80044732 33.8943837  26.06013917 27.95501988
 27.78106362 28.19110338 29.73185885 29.32181909 29.76292247 30.33449304
 31.347167   30.24130219 32.23558648 31.59567594 31.73856859 32.23558648
 26.33349901 26.63170974 26.20924453 27.01068588 28.26565606 27.91153082
 29.1416501  31.78827038 31.65159046 28.38369781 31.3223161  33.13021869
 33.25447316 33.90680915 33.37872763 28.07306163 25.49478131 25.01640159
 28.52037773 28.00472167 28.07306163 28.83101392 30.19781312 32.31635189
 31.21048708 31.4527833  32.82579523 32.04299205 32.21694831 26.06635189
 26.7000497  28.694334   27.74378728 29.02982107 28.71918489 29.11058648
 30.57057654 28.99254473 31.35337972 32.19831014 32.86928429 31.27882704
 33.09915507 26.04771372 26.55715706 27.39587475 29.06709742 28.95526839
 28.13518887 32.9749006  29.6138171  31.75099404 29.62624254 31.54597416
 30.75695825 31.50248509 34.72688867 26.91128231 27.88667992 26.97340954
 27.40208748 29.23484095 29.11058648 27.17842942 31.17321074 28.67569583
 30.20402584 31.50869781 33.49676938 33.77012922 32.90034791 32.64562624
 27.55119284 27.59468191 29.40258449 27.83697813 27.83697813 29.20999006
 29.27833002 30.72589463 30.91848907 32.52137177 31.62673956 31.71993042
 32.49030815 33.32902584 26.01043738 25.94209742 27.97987078 27.38966203
 27.52012922 29.18513917 29.64488072 30.04870775 30.88742545 29.77534791
 31.39065606 32.09269384 34.36033797 32.03677932 26.37077535 27.95501988
 27.33374751 26.20303181 26.3832008  26.71247515 28.94284294 28.60114314
 30.25994036 29.91202783 31.94358847 32.65183897 31.52733598 34.90084493
 32.77609344 26.03528827]",69857.26265613396
2025-06-15 12:33:00+00:00,753,6654.92,9.0,29.764430169818787,29.672589463220675,34.105616302186874,"[28.222167   28.28429423 27.86804175 28.61356859 30.25372763 29.5889662
 30.43389662 31.6640159  31.29746521 33.00596421 29.66351889 30.28479125
 33.22962227 25.2027833  27.0417495  27.03553678 29.1167992  27.96744533
 29.65730616 28.87450298 28.47688867 30.16053678 30.73210736 30.27236581
 31.23533797 31.63916501 33.20477137 24.90457256 26.33971173 28.57629225
 27.25298211 27.97987078 28.05442346 28.08548708 28.78752485 30.75074553
 30.99304175 30.42147117 31.42793241 32.29150099 33.46570577 25.52584493
 26.805666   26.21545726 28.74403579 27.76242545 28.19110338 29.57032803
 28.98633201 30.01143141 28.91799205 31.12350895 32.09890656 31.87524851
 33.31038767 34.1056163  27.04796223 28.58250497 28.52659046 28.48931412
 27.68166004 27.71272366 29.58275348 28.70675944 31.1110835  30.12947316
 31.78205765 32.12375746 31.12350895 31.99329026 27.60089463 26.63792247
 29.91202783 27.75       29.21620278 27.43936382 30.11083499 29.7194334
 30.73832008 30.2972167  31.29125249 30.70104374 33.6334493  32.86307157
 27.1722167  28.01714712 26.99204771 27.28404573 27.63195825 29.16028827
 28.61978131 28.12897614 29.81883698 31.14835984 31.25397614 32.15482107
 31.88767396 33.055666   33.00596421 26.37077535 27.40208748 27.75621272
 29.1167992  28.57629225 28.70054672 29.7194334  29.22241551 31.05516899
 29.48956262 32.19831014 31.83175944 33.68936382 32.14239563 25.26491054
 26.73111332 26.04771372 28.35884692 29.12301193 28.63841948 29.09816103
 29.3528827  31.36580517 31.90631213 32.20452286 32.19209742 33.19855865
 32.31013917 25.91724652 26.92370775 28.694334   28.5390159  27.25919483
 28.96769384 29.55168986 31.82554672 29.51441352 29.81262425 32.24801193
 32.2417992  32.44060636 32.81336978 26.78081511 25.83648111 25.63146123
 26.84915507 27.54498012 28.27186879 29.19135189 28.93663022 29.49577535
 30.58300199 29.51441352 31.67644135 32.06784294 33.02460239 32.88792247
 26.03528827 27.83697813 27.50770378 27.78106362 27.14115308 27.24676938
 29.45849901 31.83175944 31.76341948 31.88146123 31.67644135 31.41550696
 32.64562624 32.87549702 27.277833   25.46371769 26.88021869 27.25298211
 28.40233598 29.42122266 30.18538767 28.71918489 31.58946322 32.21694831
 32.18588469 33.23583499 33.70800199 33.77634195 26.75596421 26.73732604
 27.79970179 27.90531809 27.80591451 30.35313121 27.3834493  29.77534791
 31.82554672 30.32206759 31.02410537 31.22291252 31.50869781 33.81361829
 33.80119284 27.52634195]",69469.47757614573
2025-06-15 12:34:00+00:00,754,6636.370000000001,9.0,29.710664451459092,29.614966451292243,34.913270377733596,"[26.91749503 28.7750994  28.55765408 28.72539761 28.7750994  28.63220676
 28.7999503  30.72589463 30.21023857 32.35362823 32.25422465 31.71371769
 33.7887674  24.64363817 26.56336978 26.47639165 28.03578529 27.42072565
 29.62002982 31.02410537 29.0360338  29.87475149 31.27882704 31.56461233
 32.20452286 31.47142147 32.76366799 26.79324056 27.3834493  27.79970179
 27.32753479 26.86158052 29.55168986 28.38991054 31.95601392 29.07952286
 32.36605368 32.12997018 31.36580517 30.4276839  32.6083499  24.19632207
 25.57554672 28.694334   27.97365805 27.09766402 29.06709742 29.6945825
 30.60785288 29.94309145 32.52758449 29.91202783 31.68265408 33.43464215
 32.37847913 32.34120278 24.88593439 25.83648111 27.9612326  28.222167
 29.43364811 29.51441352 30.03006958 28.12276342 31.58946322 30.85014911
 31.10487078 30.67619284 31.62673956 32.55243539 26.3583499  26.55094433
 27.55740557 27.05417495 28.65705765 30.78180915 26.92370775 29.33424453
 31.17942346 29.83747515 31.26018887 32.17345924 32.10511928 33.44085487
 26.04771372 25.38916501 27.6195328  26.95477137 25.84269384 28.4582505
 29.40879722 30.81908549 30.02385686 31.93116302 31.35959245 32.46545726
 32.1610338  34.91327038 34.08076541 26.50124254 27.0666004  28.46446322
 26.3583499  27.73757455 28.70054672 29.89338966 30.03006958 30.83772366
 30.81287276 31.19184891 33.92544732 31.91873757 31.5583996  26.34592445
 27.6443837  25.38916501 27.14115308 27.55740557 27.29025845 28.16003976
 29.20999006 30.402833   30.83772366 32.6332008  32.14860835 32.37847913
 31.6888668  25.71843936 25.84269384 27.16600398 28.45203777 26.89885686
 28.19110338 29.55790258 30.25372763 32.81336978 29.28454274 31.819334
 31.27882704 32.75745527 33.61481113 25.17793241 26.81809145 25.28976143
 28.5638668  28.70054672 28.70054672 29.53926441 30.22266402 30.66998012
 31.63916501 30.0611332  32.41575547 32.26043738 33.2917495  33.22340954
 25.4140159  26.63792247 28.04821074 27.77485089 27.52634195 30.01764414
 28.55144135 30.30964215 32.14239563 28.85586481 32.52758449 32.33499006
 33.00596421 32.72017893 24.58151093 26.64413519 29.17271372 27.81833996
 28.00472167 30.20402584 29.83126243 29.53926441 30.44632207 29.63866799
 30.59542744 31.29746521 34.05591451 32.6083499  26.68762425 26.79945328
 25.71843936 28.17246521 28.08548708 28.71918489 30.03628231 30.81287276
 29.24105368 30.45253479 31.04895626 31.94358847 32.57107356 34.2112326
 32.9749006  26.69383698]",69289.59898880153
2025-06-15 12:35:00+00:00,755,6646.52,9.0,29.74158794926432,29.64649602385685,34.31684890656064,"[28.07927435 27.55119284 27.17842942 29.04845924 29.30939364 29.49577535
 29.63245527 30.78180915 30.01764414 31.37823062 32.33499006 31.73856859
 33.36008946 25.65631213 25.92967197 28.05442346 26.84915507 27.42693837
 27.88667992 29.25347913 29.71322068 29.78156064 28.7999503  33.28553678
 29.25969185 31.67022863 33.43464215 25.10959245 24.57529821 28.74403579
 27.22813121 28.21595427 29.81883698 29.43364811 30.35934394 29.97415507
 29.53305169 32.38469185 31.76963221 31.26640159 33.07430417 25.46993042
 26.77460239 27.32132207 28.7750994  29.70700795 28.64463221 28.35263419
 29.91824056 29.50198807 31.0054672  30.11083499 31.24776342 32.52137177
 31.62673956 31.73856859 26.75596421 26.69383698 26.71868787 27.73136183
 28.03578529 28.32157058 30.56436382 29.43364811 29.55790258 31.50248509
 32.01192843 31.42793241 33.70178926 33.23583499 25.73086481 27.97365805
 26.51366799 27.24676938 29.3528827  29.71322068 29.63866799 29.42743539
 31.63295229 28.92420477 30.6637674  32.66426441 34.31684891 33.63966203
 26.97340954 26.20924453 28.4333996  29.06709742 28.17867793 28.76267396
 29.65730616 30.73832008 30.50223658 28.55144135 30.79423459 32.39090457
 32.73260437 32.3722664  33.28553678 25.52584493 28.74403579 27.96744533
 27.53255467 26.92370775 28.09791252 29.65730616 30.93712724 30.17917495
 33.39115308 30.38419483 32.33499006 31.60188867 32.49030815 25.74950298
 26.02286282 27.50149105 29.10437376 27.94880716 29.25969185 30.13568588
 30.02385686 29.98658052 30.38419483 31.59567594 30.94955268 33.26068588
 33.0805169  26.10984095 27.29025845 28.59493042 27.55119284 28.47688867
 29.06088469 29.78777336 30.57678926 30.77559642 32.29771372 30.35934394
 31.17321074 32.75745527 33.17370775 27.02311133 27.57604374 26.20924453
 27.07281312 28.20352883 28.78131213 28.31535785 29.77534791 29.02982107
 30.17296223 30.56436382 30.66998012 32.75124254 33.33523857 32.41575547
 25.81784294 26.60064612 28.92420477 29.29696819 28.00472167 30.2972167
 30.94955268 29.25347913 30.15432406 29.8499006  32.75124254 30.73832008
 32.7388171  32.03677932 25.40159046 27.75       27.39587475 29.29696819
 27.52634195 30.09219682 29.20377734 30.70104374 31.76341948 30.37798211
 33.07430417 33.04945328 32.91277336 32.40333002 25.6749503  26.4888171
 27.10387674 27.86804175 27.58225646 30.23508946 27.68787276 29.12301193
 29.99279324 30.29100398 30.89363817 30.17917495 30.03628231 33.5526839
 33.34766402 27.33374751]",69393.0566430587
2025-06-15 12:36:00+00:00,756,6661.4,9.0,29.78646412636973,29.692718687872766,34.42867793240556,"[27.41451292 24.71819085 27.20328032 27.63817097 28.93663022 30.01143141
 29.04845924 30.79423459 31.91873757 30.89985089 31.75720676 32.21073559
 33.52162028 26.86779324 25.16550696 27.14115308 29.17892644 28.84965209
 28.64463221 30.0611332  30.18538767 30.40904573 28.48310139 31.85039761
 31.65159046 31.94358847 31.98707753 26.56336978 26.54473161 26.92992048
 28.6694831  29.78156064 28.85586481 30.35934394 28.70675944 29.27833002
 29.75670974 30.44010934 30.29100398 31.42171968 33.12400596 26.32107356
 26.7249006  26.86158052 27.10387674 29.6138171  29.81883698 27.81212724
 31.14214712 30.33449304 32.55864811 30.98682903 33.07430417 33.34145129
 31.2166998  33.22340954 26.03528827 27.78727634 27.15357853 27.20949304
 28.9055666  29.4833499  29.89338966 28.65705765 31.08001988 32.68290258
 32.14239563 33.7639165  32.09890656 33.07430417 28.16625249 25.81163022
 27.15357853 27.32753479 27.32753479 29.85611332 29.83747515 30.27857853
 30.6389165  30.80044732 30.47117296 31.91252485 31.40308151 31.98707753
 27.0666004  26.81187873 25.90482107 30.06734592 27.82455268 30.33449304
 30.17296223 27.70029821 31.75720676 31.78827038 31.17321074 30.11083499
 32.32256461 33.4222167  33.94408549 26.3583499  26.28379722 27.96744533
 28.60114314 27.35859841 28.68190855 30.72589463 30.0859841  31.37201789
 31.77584493 30.20402584 31.50869781 30.6637674  33.20477137 26.68141153
 25.32082505 29.02360835 28.83722664 27.78106362 29.19135189 27.8804672
 29.67594433 31.23533797 32.47166998 31.98086481 32.88170974 31.09244533
 32.9500497  27.94880716 27.4083002  27.80591451 27.82455268 27.17842942
 28.09791252 29.47713718 30.13568588 29.25347913 31.0054672  31.6888668
 32.37847913 34.12425447 32.41575547 25.71222664 27.50149105 29.19135189
 25.79299205 28.06684891 29.17892644 28.73161034 29.15407555 29.2721173
 29.26590457 31.71371769 31.75099404 32.21694831 34.12425447 32.63941352
 26.47017893 26.50124254 27.40208748 26.11605368 28.19110338 29.53926441
 30.99304175 29.52062624 29.75670974 30.51466203 32.67047714 32.62698807
 33.68936382 31.86903579 25.60661034 27.5387674  27.02932406 27.75
 28.00472167 28.9055666  29.44607356 29.23484095 28.96769384 31.32852883
 34.42867793 30.56436382 32.9749006  33.13021869 25.097167   27.94259443
 26.91128231 28.04199801 28.61356859 29.3528827  28.33399602 29.19135189
 30.57057654 30.00521869 30.93712724 32.1610338  31.63295229 32.8195825
 34.19880716 26.42047714]",69543.19438118258
2025-06-15 12:37:00+00:00,757,6619.049999999999,9.0,29.662446294429728,29.56116426441352,35.4910536779324,"[27.39587475 26.54473161 27.8804672  27.67544732 29.6138171  29.21620278
 28.6694831  29.8499006  31.63295229 32.32256461 32.52137177 31.77584493
 34.44110338 25.92967197 26.61307157 27.72514911 26.92992048 28.55765408
 28.75646123 30.54572565 29.51441352 31.26640159 31.74478131 31.34095427
 31.32852883 31.30367793 32.57728628 26.34592445 26.05392644 28.67569583
 28.89314115 28.65084493 27.90531809 30.95576541 30.52708748 28.43961233
 30.88742545 30.30342942 32.57107356 30.65134195 32.07405567 24.86729622
 26.78081511 27.66302187 27.18464215 28.86207753 28.89935388 30.12326044
 28.9055666  28.68190855 30.02385686 32.58971173 31.53354871 33.23583499
 32.83822068 32.44060636 26.20303181 25.23384692 29.04224652 28.71297217
 28.50173956 28.99254473 29.16028827 31.01789264 30.68861829 31.81312127
 31.77584493 31.17942346 33.54647117 35.49105368 26.33971173 27.04796223
 28.86829026 29.12301193 28.55765408 28.25944334 29.39015905 29.16650099
 31.19184891 29.63866799 32.16724652 31.9000994  32.93141153 31.75099404
 23.22092445 27.06038767 28.35884692 25.92345924 28.38369781 29.98036779
 31.08001988 30.37176938 29.63866799 30.68240557 31.50248509 31.62052684
 32.11754473 32.11754473 32.56486083 24.41998012 27.55119284 27.41451292
 25.97937376 27.81212724 28.74403579 29.86232604 31.70129225 30.80666004
 31.01789264 31.47763419 30.91227634 32.50894632 34.13667992 25.32703777
 26.22166998 27.86182903 27.78106362 27.3834493  27.87425447 30.07977137
 29.48956262 30.73210736 29.86232604 31.83175944 31.50248509 32.39090457
 32.35362823 25.69980119 28.47067594 27.27162028 26.51988072 27.79970179
 29.57654076 28.39612326 30.35313121 29.47092445 29.01739563 31.53354871
 31.57082505 31.12972167 34.2360835  24.92942346 25.72465209 29.06709742
 27.22813121 26.92992048 28.80616302 28.47067594 30.21023857 28.87450298
 30.00521869 30.76317097 31.06759443 32.80094433 33.16128231 33.31038767
 26.8305169  26.29622266 26.24652087 28.65705765 28.24701789 29.1416501
 28.16003976 30.0859841  31.16078529 30.25994036 29.73807157 31.4527833
 32.34120278 32.64562624 26.05392644 26.77460239 27.32753479 27.52012922
 28.25323062 30.86257455 28.61356859 30.26615308 31.78827038 30.20402584
 31.59567594 33.54025845 33.19855865 32.0554175  25.31461233 27.15357853
 26.58200795 26.9609841  27.96744533 27.47664016 29.0111829  27.72514911
 28.84343936 30.04870775 32.41575547 32.46545726 30.32206759 32.22316103
 32.89413519 24.52559642]",69128.28032264409
2025-06-15 12:38:00+00:00,758,6676.94,9.0,29.83423529254465,29.740991550695824,34.75173956262425,"[28.17246521 26.32728628 28.54522863 29.2721173  30.05492048 30.45253479
 29.75049702 32.1361829  31.3223161  30.85636183 31.819334   32.89413519
 32.39090457 27.11630219 26.57579523 25.93588469 27.30889662 27.16600398
 27.68787276 30.92470179 30.09840954 29.32803181 31.29746521 31.85661034
 31.57703777 32.57107356 34.20501988 24.35785288 25.90482107 28.32157058
 27.05417495 26.51366799 29.99900596 29.43364811 29.86232604 31.347167
 30.47738569 29.99279324 30.60164016 31.26018887 33.39736581 26.81187873
 27.97987078 27.01689861 27.9612326  29.3777336  28.222167   30.14189861
 29.8250497  30.20402584 32.75745527 31.53976143 31.60810139 32.74502982
 30.88121272 33.7639165  27.3834493  27.53255467 27.16600398 29.65109344
 29.41500994 28.17246521 28.30293241 30.14811133 31.93116302 32.37847913
 31.70750497 33.7887674  32.48409543 34.75173956 27.10387674 26.24652087
 26.4888171  27.92395626 28.35263419 30.39662028 28.68812127 29.30318091
 29.5889662  33.59617296 32.67668986 31.44657058 32.22316103 31.6888668
 24.42619284 25.64388668 27.47664016 26.73111332 30.21645129 27.1722167
 28.5390159  30.21645129 31.78827038 30.25994036 31.1110835  32.72639165
 31.45899602 31.85661034 34.07455268 26.94855865 26.13469185 27.20949304
 27.44557654 29.39637177 29.60139165 27.79970179 30.64512922 31.50248509
 31.347167   31.26018887 29.96794235 32.88170974 31.09865805 27.33374751
 25.97937376 28.70054672 28.03578529 28.50173956 28.30914513 29.09816103
 30.55815109 28.14140159 30.83772366 30.83151093 31.32852883 33.37251491
 34.60263419 26.23409543 29.1167992  28.04821074 28.83722664 29.26590457
 27.65059642 27.47042744 29.81262425 31.10487078 32.67668986 32.75745527
 31.62673956 33.96272366 33.83846918 24.78653082 26.5695825  26.60064612
 28.20974155 28.45203777 27.81212724 28.9304175  30.54572565 30.80666004
 30.78180915 30.33449304 31.93116302 33.90680915 31.93116302 33.69557654
 27.14736581 26.76217694 25.37052684 27.5387674  30.18538767 29.86232604
 27.97987078 29.7194334  30.93091451 29.68836978 32.86307157 33.43464215
 32.52137177 33.22962227 27.01689861 26.97340954 25.65631213 28.30914513
 27.97987078 28.43961233 30.46496024 28.88692843 30.22887674 29.96172962
 31.14835984 32.89413519 31.20427435 34.22365805 26.74975149 25.66252485
 26.7249006  27.83076541 27.77485089 30.45253479 27.56361829 29.930666
 32.37847913 29.87475149 30.81287276 30.55815109 31.54597416 31.39686879
 33.527833   26.98583499]",69703.0175947374
2025-06-15 12:39:00+00:00,759,6668.37,9.0,29.809892111515644,29.71437002982107,34.3727634194831,"[24.99776342 27.94880716 28.85586481 29.30939364 29.1416501  29.35909543
 30.7693837  31.27261431 31.43414513 31.44657058 32.90656064 32.93762425
 33.93166004 26.32728628 25.86754473 27.67544732 29.40258449 28.81858847
 29.85611332 28.81858847 30.03006958 31.40929423 30.68240557 32.39090457
 33.15506958 32.54000994 32.68911531 26.4639662  27.61332008 25.18414513
 28.10412525 28.20974155 26.92370775 30.25994036 30.18538767 29.75670974
 29.45228628 31.6888668  33.60238569 30.33449304 32.65805169 26.15954274
 26.29000994 26.41426441 27.66923459 28.12897614 28.47688867 29.56411531
 31.37823062 31.4527833  28.99254473 30.70725646 33.4222167  32.83200795
 32.11133201 33.82604374 25.8861829  28.02957256 27.86804175 27.76863817
 29.22862823 29.43986083 28.83101392 29.64488072 30.99304175 31.54597416
 31.35959245 31.9000994  33.055666   32.56486083 27.11630219 26.21545726
 26.70626243 28.09791252 26.84915507 30.89985089 29.00497018 29.43364811
 30.83772366 30.25994036 32.06784294 32.64562624 32.83822068 31.71371769
 25.40780318 26.24652087 27.16600398 27.20328032 29.66973161 27.82455268
 29.77534791 30.20402584 30.48359841 30.14189861 31.17942346 31.63916501
 33.94408549 33.62102386 32.2666501  25.93588469 26.55094433 28.25944334
 27.40208748 29.1167992  28.59493042 29.48956262 30.17917495 30.5333002
 31.80069583 31.2415507  33.55889662 32.68290258 32.58971173 26.65034791
 28.09791252 28.68190855 26.97962227 28.88071571 28.5390159  31.01789264
 30.01143141 31.42171968 30.05492048 31.78205765 31.43414513 32.76988072
 33.52162028 26.17196819 27.78727634 25.97937376 26.78702783 28.1973161
 28.83101392 29.86232604 28.95526839 29.98036779 31.65780318 30.93091451
 31.65159046 33.83846918 32.68290258 25.097167   26.8305169  27.44557654
 26.8305169  27.50149105 28.49552684 29.51441352 28.61978131 30.1916004
 30.30964215 31.86282306 30.89363817 33.81361829 33.09294235 34.37276342
 24.41998012 26.4639662  26.34592445 27.9612326  27.33374751 28.92420477
 28.88071571 30.28479125 30.7445328  30.81287276 31.9000994  33.49676938
 32.2666501  32.4778827  26.17196819 27.65059642 25.55690855 27.12251491
 27.56983101 29.33424453 30.51466203 30.62027833 32.09890656 31.9249503
 31.98707753 31.96843936 33.20477137 31.36580517 26.29000994 25.78677932
 26.40805169 25.7805666  28.38991054 26.92370775 28.15382704 29.6945825
 30.57678926 31.0054672  31.68265408 31.53354871 31.6640159  32.89413519
 32.62698807 26.68141153]",69621.57504828676
2025-06-15 12:40:00+00:00,760,6659.379999999999,9.0,29.784303661737596,29.686443836978132,35.57181908548708,"[26.71247515 28.06684891 26.79945328 27.00447316 29.83747515 27.80591451
 31.58946322 28.83101392 32.73260437 31.77584493 32.04299205 32.58971173
 31.93737575 26.53851889 27.52012922 27.277833   27.70029821 27.5387674
 28.72539761 29.52683897 30.57678926 29.43364811 31.40929423 31.91873757
 32.45303181 30.93091451 34.11804175 26.24652087 27.60710736 26.30243539
 28.12276342 28.5390159  28.91799205 29.91202783 31.42793241 30.77559642
 32.12997018 31.72614314 32.02435388 32.80715706 33.84468191 26.09120278
 26.94855865 28.11033797 29.40879722 27.01689861 25.02882704 29.05467197
 30.93091451 29.48956262 29.62002982 30.03628231 30.7693837  32.27286282
 33.36630219 32.67668986 26.11605368 27.99850895 28.02957256 26.87400596
 27.91153082 28.7999503  29.60139165 30.07355865 31.6888668  32.50894632
 31.32852883 33.93166004 33.45328032 34.72067594 25.6500994  25.6500994
 26.24652087 26.90506958 28.9304175  27.9860835  30.34070577 29.3528827
 30.05492048 31.58946322 29.25347913 30.86878728 33.68315109 33.06187873
 24.69333996 27.13494036 25.93588469 27.23434394 27.14115308 29.62002982
 29.57032803 28.29050696 29.94930417 30.53951292 31.46520875 33.69557654
 31.93737575 32.44681909 32.93141153 27.15979125 25.5444831  27.24676938
 28.63841948 29.16028827 29.63866799 30.10462227 30.70104374 31.41550696
 29.63245527 31.9249503  32.16724652 31.75099404 35.10586481 25.64388668
 26.68141153 26.3832008  27.14736581 29.26590457 29.83126243 30.35934394
 29.72564612 30.44010934 32.21073559 32.18588469 31.26640159 32.35362823
 33.01838966 27.14736581 26.57579523 26.03528827 26.92370775 26.73111332
 29.90581511 29.05467197 31.47142147 31.6888668  31.04895626 31.04895626
 31.71993042 30.98682903 33.37872763 25.35810139 25.77435388 26.74975149
 27.02932406 28.58250497 29.25347913 29.7194334  30.21645129 32.18588469
 29.56411531 29.83747515 33.13643141 31.16078529 34.90705765 34.28578529
 27.59468191 27.29025845 25.42022863 28.58250497 29.99900596 27.50149105
 30.09840954 29.97415507 29.25969185 30.89985089 30.88742545 32.34120278
 32.22937376 31.47763419 25.25869781 26.29622266 26.50745527 26.21545726
 27.15979125 29.22862823 28.79373757 30.83772366 31.06759443 31.2166998
 32.16724652 31.96222664 31.04274354 35.57181909 26.48260437 27.6195328
 27.12251491 26.71247515 26.26515905 27.70651093 29.76292247 29.63245527
 31.67022863 32.01192843 31.46520875 30.93712724 32.29150099 32.75124254
 33.17992048 26.81809145]",69535.9663307093
2025-06-15 12:41:00+00:00,761,6677.08,9.0,29.837472721012603,29.741426441351887,35.360586481113316,"[26.78081511 26.66898608 26.74975149 27.65059642 28.47067594 31.36580517
 29.9555169  31.93737575 30.53951292 32.07405567 32.44060636 32.80094433
 32.17967197 25.45750497 27.17842942 27.38966203 27.70029821 27.76242545
 29.30318091 31.15457256 28.28429423 30.31585487 31.35959245 31.78205765
 32.17967197 30.56436382 33.73906561 23.45700795 26.33971173 24.74925447
 27.68787276 27.05417495 28.37127237 29.83747515 30.52708748 30.61406561
 32.03677932 31.44035785 32.54622266 33.51540755 32.23558648 26.92992048
 26.78702783 26.73732604 28.50173956 27.73757455 29.01739563 27.9860835
 28.50795229 28.40854871 30.41525845 30.90606362 31.78205765 32.28528827
 33.46570577 35.36058648 25.90482107 25.96073559 30.54572565 29.09194831
 28.42097416 28.71297217 29.15407555 28.87450298 30.37798211 31.6888668
 33.69557654 31.819334   32.27286282 34.50944334 25.58175944 27.60710736
 28.19110338 27.21570577 28.57629225 28.48310139 29.83747515 31.49627237
 30.20402584 31.23533797 29.68215706 31.45899602 31.31610338 32.66426441
 25.097167   27.76242545 27.49527833 27.74378728 28.86829026 29.55790258
 29.02982107 29.74428429 30.32206759 30.33449304 29.43364811 30.6637674
 31.57082505 32.86928429 34.20501988 27.93638171 26.63170974 27.73757455
 27.83076541 29.00497018 30.47738569 28.81858847 29.85611332 30.20402584
 32.29150099 31.08001988 32.08026839 32.91277336 32.14860835 26.2278827
 26.33349901 27.12251491 28.97390656 28.68812127 28.5638668  31.64537773
 29.89960239 28.58871769 31.12972167 31.90631213 33.72042744 31.42171968
 33.17992048 25.60661034 27.73136183 26.92992048 27.01689861 28.51416501
 30.37176938 29.53926441 29.35909543 31.34095427 32.58349901 33.14885686
 32.27286282 33.45328032 33.62723658 25.94831014 25.26491054 26.69383698
 26.44532803 28.6694831  27.24676938 30.30964215 28.94284294 31.72614314
 31.24776342 32.11133201 33.33523857 32.12375746 34.54671968 33.80119284
 27.14736581 27.80591451 26.77460239 26.29000994 27.11008946 28.76888668
 29.96794235 30.15432406 30.55193837 30.40904573 30.88742545 32.54622266
 33.72042744 32.35984095 26.64413519 26.90506958 28.01093439 27.99229622
 27.70029821 28.76267396 29.47092445 29.73185885 30.25372763 30.2972167
 30.4276839  30.66998012 33.45949304 32.94383698 25.20899602 28.06063618
 28.82480119 27.61332008 28.06684891 28.16625249 28.29050696 30.13568588
 28.7750994  32.24801193 31.63295229 31.16078529 33.34766402 34.1056163
 33.46570577 26.79324056]",69713.84873541977
2025-06-15 12:42:00+00:00,762,6662.35,9.0,29.794933565763074,29.695669731610337,33.97514910536779,"[27.32753479 29.33424453 27.56361829 28.88692843 28.10412525 29.04224652
 28.34642147 32.78230616 31.64537773 33.07430417 33.82604374 33.97514911
 33.15506958 26.73732604 25.03503976 26.68141153 29.07331014 28.7999503
 27.42693837 30.04249503 28.45203777 30.09840954 30.21645129 30.30964215
 32.11754473 33.57753479 32.7139662  25.7805666  26.61307157 28.29671968
 29.39015905 28.29671968 27.73757455 29.57654076 30.73832008 29.45849901
 29.70700795 31.96843936 31.41550696 32.85685885 33.28553678 26.27137177
 26.02907555 27.48906561 27.6195328  28.37127237 28.76888668 29.36530815
 30.12947316 28.70675944 30.75695825 31.29746521 30.89985089 30.77559642
 33.63966203 33.49676938 26.64413519 27.03553678 27.72514911 28.24701789
 31.0054672  27.54498012 29.34045726 30.21023857 30.5084493  31.88767396
 32.40333002 32.26043738 31.80690855 32.06163022 25.86133201 26.84294235
 25.19657058 28.55144135 26.29000994 29.88096421 29.02982107 28.98011928
 31.08001988 30.66998012 31.01789264 31.06759443 31.9000994  33.43464215
 26.62549702 26.16575547 27.97987078 26.37698807 29.43986083 28.0916998
 29.99279324 31.63916501 29.60139165 30.9806163  29.62624254 32.16724652
 33.87574553 31.68265408 33.91923459 24.97291252 28.21595427 25.69358847
 27.40208748 26.00422465 29.11058648 28.82480119 31.48384692 29.47713718
 30.28479125 32.00571571 32.22316103 32.3971173  33.24826044 27.31510934
 26.90506958 28.35884692 28.63220676 28.9055666  29.55790258 29.45228628
 28.86829026 30.48981113 30.67619284 32.11754473 31.58946322 30.49602386
 32.87549702 26.26515905 27.17842942 29.06709742 28.694334   28.00472167
 27.95501988 29.99279324 30.69483101 30.83151093 30.65134195 30.6637674
 33.51540755 31.19806163 33.73285288 26.7249006  26.52609344 28.35884692
 27.68787276 28.58250497 29.12922465 30.31585487 29.68215706 28.16625249
 30.22266402 31.14214712 32.42196819 33.40357853 32.60213718 32.73260437
 26.30243539 26.62549702 29.50198807 28.58250497 28.42097416 28.03578529
 28.83722664 30.83772366 32.08648111 31.48384692 31.05516899 30.75695825
 31.6888668  33.61481113 25.64388668 26.78081511 25.53827038 28.28429423
 29.06709742 28.92420477 29.83747515 30.38419483 30.35934394 30.98682903
 32.98732604 31.30367793 32.14239563 32.45924453 26.38941352 27.11630219
 27.28404573 28.73161034 25.94831014 27.84319085 27.23434394 30.49602386
 29.46471173 31.65780318 30.39040755 31.74478131 32.03677932 32.95626243
 32.92519881 26.92370775]",69571.52973761695
2025-06-15 12:43:00+00:00,763,6671.88,9.0,29.823980847771598,29.725273359840948,34.857355864811126,"[25.91724652 27.81833996 27.73757455 30.22266402 29.22241551 30.54572565
 30.77559642 30.05492048 31.69507952 32.45924453 30.52087475 33.75149105
 33.1861332  26.09120278 26.76838966 25.68737575 27.02311133 29.65109344
 29.59517893 29.55790258 32.2666501  30.44010934 31.80069583 31.13593439
 30.40904573 33.49055666 33.01217694 25.25869781 25.40780318 28.47688867
 28.52037773 26.86779324 28.5638668  29.98036779 30.70725646 30.49602386
 31.40308151 31.65159046 30.71346918 33.46570577 33.35387674 25.92967197
 26.31486083 27.25298211 28.22837972 27.0666004  28.47688867 28.5638668
 30.71346918 29.97415507 29.36530815 32.09890656 31.91873757 32.00571571
 34.27335984 33.33523857 26.35213718 26.89264414 28.24701789 29.84368787
 29.84368787 28.88692843 28.42097416 31.01789264 29.86232604 32.04920477
 33.13021869 31.32852883 32.8195825  32.21694831 26.15333002 27.43936382
 28.23459245 27.79348907 27.72514911 27.60710736 30.69483101 31.04895626
 30.19781312 30.82529821 31.04895626 31.12350895 30.90606362 32.93141153
 26.09741551 28.18489066 25.79299205 27.88667992 27.3834493  27.16600398
 29.55168986 30.38419483 30.72589463 30.27236581 32.4778827  31.84418489
 32.63941352 33.7887674  31.26640159 28.1973161  26.55715706 28.48931412
 27.27162028 27.11008946 29.15407555 30.57678926 31.16078529 30.7445328
 30.64512922 31.40308151 31.82554672 31.47142147 33.40357853 26.65034791
 26.87400596 27.60710736 27.8804672  27.66302187 29.50198807 28.63220676
 29.22241551 31.31610338 31.03653082 33.22962227 32.34741551 31.50248509
 32.89413519 26.88021869 26.82430417 27.46421471 27.60089463 28.22837972
 27.63195825 29.63866799 28.76267396 29.86853877 32.18588469 31.78205765
 32.37847913 31.347167   31.81312127 25.53205765 26.04150099 26.62549702
 27.89910537 28.57629225 28.75024851 27.84319085 30.0859841  29.31560636
 33.11779324 31.44035785 31.84418489 32.31013917 33.01217694 32.49652087
 27.23434394 27.65680915 27.97987078 27.75621272 27.73757455 28.40854871
 28.63841948 30.78180915 30.80666004 31.42171968 30.85636183 31.90631213
 31.85661034 34.85735586 25.25869781 25.46371769 28.09791252 28.13518887
 27.66923459 28.65705765 27.88667992 29.20999006 30.7693837  31.08001988
 30.15432406 31.61431412 32.61456262 34.78280318 27.42693837 24.50074553
 26.9609841  27.41451292 28.6694831  29.52683897 30.58300199 30.80666004
 28.74403579 31.40929423 31.56461233 31.03031809 32.59592445 33.08672962
 32.50894632 25.94209742]",69668.71032430467
2025-06-15 12:44:00+00:00,764,6645.18,9.0,29.746105913763802,29.642333499005964,34.24229622266401,"[27.19085487 26.9361332  28.23459245 28.98633201 28.25944334 28.48310139
 31.25397614 29.94309145 29.22241551 32.38469185 31.38444334 32.92519881
 33.11779324 28.01093439 27.01068588 27.46421471 28.35884692 28.89314115
 29.44607356 29.75049702 27.94880716 31.60188867 30.42147117 32.2666501
 31.17942346 32.00571571 31.71371769 25.18414513 27.14115308 28.1165507
 27.02311133 27.19085487 27.60089463 27.69408549 27.47664016 31.85661034
 30.6389165  31.74478131 30.27857853 32.52137177 32.86928429 26.07877734
 26.78081511 27.71893638 28.4582505  29.31560636 29.76913519 28.32157058
 28.95526839 31.13593439 31.07380716 32.46545726 32.21073559 32.78851889
 33.22340954 31.61431412 27.39587475 26.32107356 29.01739563 29.20999006
 29.63866799 30.33449304 30.0859841  29.67594433 29.47713718 30.38419483
 32.06163022 31.6640159  31.76341948 31.71993042 24.71819085 26.5944334
 26.85536779 28.63220676 27.5139165  29.75670974 29.73185885 30.41525845
 30.97440358 30.58921471 31.17942346 32.35984095 34.24229622 33.7639165
 26.7000497  25.72465209 26.79324056 28.14140159 28.47688867 28.1973161
 28.93663022 28.38369781 32.56486083 28.40233598 30.03628231 31.43414513
 31.06759443 32.23558648 32.99353877 26.50124254 27.38966203 27.40208748
 26.09120278 30.71346918 28.34642147 29.67594433 28.59493042 31.83175944
 30.91227634 32.37847913 31.26640159 33.40357853 32.80715706 26.97962227
 27.37102386 27.72514911 27.78106362 27.86804175 29.09816103 30.18538767
 29.45849901 28.58871769 30.57057654 32.68290258 33.11158052 32.14860835
 32.35984095 25.81163022 26.02907555 27.5139165  26.77460239 27.99850895
 29.32803181 29.3528827  28.86829026 31.50869781 31.15457256 31.68265408
 30.77559642 31.58946322 33.2917495  25.45129225 25.50720676 25.61282306
 26.41426441 27.87425447 28.82480119 29.55168986 28.85586481 30.50223658
 30.17917495 32.75745527 30.99925447 32.37847913 32.90034791 32.02435388
 27.41451292 27.02932406 27.68787276 28.46446322 28.52037773 27.81833996
 29.57654076 31.16699801 30.97440358 31.34095427 30.94955268 31.61431412
 32.04299205 32.68911531 28.16003976 27.58225646 26.15333002 27.68166004
 27.96744533 29.45228628 29.0360338  29.83126243 31.2415507  28.98633201
 32.0305666  32.38469185 31.819334   33.35387674 26.04771372 26.82430417
 25.8861829  29.64488072 27.8556163  29.15407555 31.63916501 29.70700795
 32.17967197 30.15432406 29.98658052 32.25422465 32.22316103 32.26043738
 32.2666501  24.84865805]",69408.17194508818
2025-06-15 12:45:00+00:00,765,6657.01,9.0,29.781928776084623,29.679081759443335,34.62127236580517,"[28.3277833  26.55715706 27.47664016 29.11058648 30.91227634 29.81883698
 29.00497018 30.88742545 31.59567594 31.347167   31.44035785 32.12997018
 34.52808151 25.61903579 25.9110338  28.25944334 27.89910537 28.79373757
 27.83076541 28.24080517 30.402833   30.14811133 30.11083499 33.45949304
 31.39686879 33.88817097 33.45949304 27.38966203 26.20303181 26.55715706
 27.53255467 27.59468191 30.5333002  29.3777336  29.74428429 30.45253479
 32.22316103 31.32852883 32.78230616 31.65780318 33.47191849 26.27137177
 26.91749503 27.60089463 27.76863817 27.13494036 27.05417495 28.35263419
 29.25969185 30.17296223 31.2166998  30.89985089 32.08026839 31.29746521
 31.65780318 34.62127237 25.07852883 28.27186879 28.60735586 27.77485089
 27.60089463 26.86779324 29.35909543 29.73807157 30.43389662 31.40308151
 31.26640159 30.34691849 30.92470179 33.26689861 26.77460239 26.77460239
 26.89264414 27.78727634 27.81833996 28.34020875 29.93687873 28.76888668
 30.63270378 31.29125249 32.15482107 30.62027833 33.6583002  32.31013917
 26.56336978 27.88667992 27.16600398 27.68166004 27.88667992 29.99279324
 28.59493042 27.49527833 30.58300199 31.11729622 30.44010934 31.89388668
 34.46595427 32.9749006  33.96272366 27.02932406 27.54498012 29.3777336
 27.45800199 28.0916998  29.65730616 30.44010934 29.30939364 30.7445328
 30.77559642 32.2417992  32.2417992  32.49030815 31.74478131 26.90506958
 26.24652087 29.23484095 28.24080517 29.24105368 28.06063618 29.86232604
 30.32828032 30.13568588 30.93712724 31.60810139 33.67072565 33.01217694
 33.75149105 26.00422465 25.71222664 26.36456262 27.77485089 28.21595427
 29.01739563 29.08573559 29.55168986 30.07977137 30.25994036 31.81312127
 30.91848907 32.68911531 30.68240557 26.65656064 26.42668986 29.14786282
 26.76217694 27.20949304 29.25969185 28.89935388 28.63841948 28.96148111
 29.41500994 30.78180915 29.93687873 32.39090457 33.79498012 32.83200795
 25.99801193 27.68787276 27.66302187 27.81833996 28.9055666  29.73807157
 28.22837972 28.49552684 30.43389662 31.62673956 31.78827038 31.70129225
 33.32902584 32.74502982 26.76838966 25.69358847 28.67569583 28.23459245
 29.14786282 30.20402584 28.37748509 30.77559642 31.17942346 29.88096421
 31.26018887 30.81908549 31.15457256 32.29771372 27.99229622 27.95501988
 27.79970179 28.66327038 28.80616302 30.18538767 26.99204771 28.86829026
 31.26018887 29.63866799 32.57728628 30.12326044 30.90606362 31.96843936
 33.50298211 27.16600398]",69528.02091326873
2025-06-15 12:46:00+00:00,766,6643.98,9.0,29.744382754845763,29.638605864811126,34.540506958250496,"[27.37102386 27.60710736 27.81212724 28.98011928 30.6389165  28.99875746
 28.02335984 30.24751491 30.00521869 31.22912525 32.15482107 32.9749006
 32.90656064 25.48856859 27.3834493  26.85536779 27.55119284 28.68190855
 29.20377734 29.41500994 29.06088469 30.96819085 31.60188867 30.90606362
 30.34070577 32.7139662  33.90059642 26.61928429 25.98558648 26.5944334
 27.44557654 28.1973161  29.1167992  28.47688867 29.98036779 29.60760437
 29.86232604 31.38444334 31.09865805 34.35412525 31.65159046 25.05989066
 26.39562624 27.03553678 26.91749503 27.63195825 27.1722167  29.38394632
 31.26018887 29.31560636 31.50248509 31.49005964 29.80641153 31.95601392
 33.19855865 33.4222167  26.30243539 27.63817097 28.64463221 27.47042744
 28.222167   29.34666998 30.0859841  28.89935388 31.78205765 31.12972167
 32.38469185 31.819334   31.5832505  33.46570577 26.81187873 26.25894632
 27.91153082 28.73161034 28.76267396 30.43389662 30.09219682 29.42122266
 30.02385686 31.44035785 31.819334   31.78205765 32.20452286 31.17942346
 25.60039761 26.81187873 27.3026839  26.37077535 28.31535785 28.07306163
 29.4833499  29.99900596 32.3971173  31.73235586 31.86282306 31.85661034
 32.87549702 33.20477137 33.71421471 27.33374751 26.89264414 28.04199801
 28.42097416 27.33374751 29.25347913 28.95526839 29.3777336  30.83151093
 29.32181909 30.22887674 33.74527833 33.73906561 34.54050696 24.41998012
 28.10412525 27.73136183 27.19085487 28.81237575 27.70029821 30.09219682
 30.86257455 30.25372763 30.80044732 30.86257455 31.22912525 33.50919483
 32.51515905 26.33349901 26.01043738 26.81809145 27.25919483 27.8804672
 29.06709742 28.57629225 30.82529821 29.38394632 30.37176938 32.31635189
 31.33474155 30.76317097 32.30392644 24.54423459 27.61332008 26.38941352
 26.3583499  28.20352883 28.28429423 31.03653082 28.75646123 30.40904573
 29.78156064 31.0054672  32.9500497  30.75074553 32.96247515 33.34766402
 27.35859841 27.60710736 27.86182903 27.01689861 29.75670974 28.7999503
 28.35884692 30.14811133 30.402833   31.02410537 30.55815109 33.62102386
 32.33499006 33.97514911 26.63170974 26.71247515 25.58175944 27.14736581
 28.44582505 28.47688867 28.36505964 28.89314115 30.11704771 29.86232604
 31.2166998  33.16128231 32.90656064 32.15482107 26.74353877 26.94855865
 26.7000497  27.5139165  28.30293241 28.9055666  27.60089463 30.64512922
 30.30342942 31.24776342 31.97465209 31.35959245 32.78851889 33.6583002
 33.28553678 27.31510934]",69402.40694461198
2025-06-15 12:47:00+00:00,767,6708.360000000001,9.0,29.93527107583854,29.838593439363812,35.857604373757454,"[26.28379722 27.05417495 28.37127237 29.91202783 28.94905567 30.64512922
 29.08573559 29.2472664  32.52137177 30.7445328  33.52162028 32.83200795
 32.74502982 26.76838966 27.96744533 26.86779324 28.30914513 29.75670974
 28.46446322 29.20377734 29.99900596 28.78752485 30.71346918 32.12997018
 32.75124254 31.73856859 31.56461233 27.45178926 26.7249006  28.24080517
 27.39587475 28.93663022 29.56411531 30.17296223 29.11058648 31.36580517
 31.71993042 31.77584493 32.17967197 33.33523857 34.38518887 25.79920477
 27.24676938 27.90531809 28.94284294 27.76863817 27.60710736 27.55740557
 30.53951292 31.45899602 31.19806163 30.96819085 33.7887674  32.98111332
 31.17321074 33.6334493  26.28379722 27.89289264 27.45178926 29.34666998
 28.72539761 29.68215706 29.94309145 29.79398608 32.80094433 30.7693837
 31.84418489 31.22291252 31.50869781 35.85760437 27.13494036 26.39562624
 27.29025845 29.08573559 29.12922465 28.76888668 30.00521869 28.47067594
 31.35337972 31.50869781 32.34120278 31.86282306 32.14239563 33.21719682
 26.63170974 27.23434394 27.18464215 27.20328032 28.33399602 28.42718688
 29.34045726 29.94930417 28.94284294 30.7445328  31.48384692 31.73235586
 32.19831014 33.60859841 33.94408549 26.54473161 26.43911531 28.4582505
 27.72514911 28.694334   27.58225646 30.22266402 30.10462227 31.22912525
 31.69507952 31.37823062 32.98111332 34.89463221 33.96272366 27.99850895
 26.73732604 28.58250497 27.61332008 27.0666004  28.18489066 30.22887674
 29.60760437 29.87475149 31.0862326  30.25994036 33.38494036 34.30442346
 32.87549702 25.29597416 28.70054672 25.95452286 28.30293241 26.51988072
 27.61332008 30.83772366 28.60114314 30.57057654 30.43389662 31.51491054
 31.7944831  32.59592445 32.80715706 28.14761431 25.87997018 25.9917992
 27.41451292 27.73136183 28.24701789 29.10437376 29.89960239 29.22862823
 29.85611332 31.02410537 29.76913519 33.29796223 31.78205765 34.77037773
 27.09145129 27.65059642 27.89910537 27.29025845 29.55790258 30.01764414
 29.78777336 30.7445328  31.39065606 30.65134195 31.21048708 33.54025845
 32.21073559 32.50894632 26.71247515 25.82405567 27.19085487 29.00497018
 28.71918489 29.76913519 29.66351889 30.71346918 28.97390656 30.30964215
 30.58921471 30.54572565 31.11729622 32.21073559 27.37102386 27.6443837
 26.17196819 27.18464215 27.79348907 29.68836978 29.7194334  28.88071571
 31.2415507  31.39065606 30.96197813 33.12400596 31.45899602 31.53354871
 33.17992048 27.42072565]",70041.04291132542
2025-06-15 12:48:00+00:00,768,6682.389999999999,9.0,29.859526624510348,29.75792122266401,34.89463220675944,"[27.42693837 27.37102386 28.06684891 28.83722664 29.06088469 30.23508946
 30.83772366 31.83175944 31.65780318 31.63295229 33.04945328 32.70154076
 32.90656064 28.21595427 25.77435388 26.49502982 27.34617296 27.39587475
 28.03578529 30.21645129 31.50248509 30.32206759 29.81262425 31.9000994
 31.17942346 32.36605368 33.055666   26.61928429 26.66898608 27.48906561
 27.38966203 29.28454274 28.694334   28.70054672 29.48956262 30.50223658
 29.98036779 29.73185885 32.12375746 32.40954274 32.6083499  26.87400596
 25.94209742 26.7249006  28.62599404 29.36530815 29.51441352 28.81858847
 30.43389662 30.5084493  30.80044732 30.60164016 32.8195825  31.73235586
 33.66451292 32.98732604 26.20924453 27.22191849 28.0916998  27.9860835
 29.45228628 30.24130219 30.97440358 29.64488072 29.92445328 30.04249503
 32.30392644 32.3971173  32.77609344 34.66476143 27.06038767 27.8804672
 28.91799205 29.3528827  27.84319085 28.63220676 29.11058648 31.67022863
 29.90581511 30.73832008 30.38419483 30.91848907 31.14214712 32.30392644
 26.07877734 27.5387674  28.06063618 26.51366799 26.91128231 28.93663022
 28.89935388 29.16028827 29.39015905 30.55193837 31.18563618 32.70154076
 30.7693837  33.65208748 34.89463221 27.05417495 27.75621272 27.52634195
 28.65084493 27.35859841 30.43389662 30.73832008 30.91848907 29.96172962
 30.19781312 32.62698807 32.32877734 31.63295229 34.42246521 26.58822068
 26.2527336  25.4140159  28.99254473 26.32107356 28.60735586 29.97415507
 30.73832008 29.60760437 30.34070577 32.48409543 31.06759443 32.34741551
 32.80094433 26.71868787 27.15357853 27.68166004 29.78156064 28.34642147
 27.48285288 30.04870775 30.79423459 30.5084493  29.40879722 30.93712724
 32.0554175  31.98707753 33.63966203 26.62549702 26.92370775 26.74353877
 27.99229622 28.73782306 29.59517893 29.32181909 30.37176938 32.17345924
 30.22266402 29.1416501  32.52137177 31.16699801 32.68290258 32.50894632
 26.07256461 27.15357853 27.77485089 26.79324056 28.38991054 29.1416501
 29.91202783 30.22887674 30.01143141 30.60164016 30.69483101 32.03677932
 32.60213718 33.8943837  25.25869781 28.73161034 28.45203777 28.14761431
 27.88667992 28.49552684 29.71322068 31.16078529 30.1916004  29.34666998
 30.54572565 32.67047714 31.60188867 32.08648111 25.84269384 26.24030815
 27.5387674  27.35859841 26.78081511 28.68190855 28.16625249 30.68240557
 29.96794235 31.31610338 31.21048708 32.70154076 33.17992048 33.50919483
 32.00571571 27.01068588]",69787.63227496183
2025-06-15 12:49:00+00:00,769,6705.17,9.0,29.92763956773441,29.82868414512922,34.689612326043736,"[26.78081511 27.93016899 27.58225646 28.9304175  29.06088469 29.26590457
 30.73832008 29.74428429 29.56411531 31.29746521 32.2666501  32.58971173
 33.57132207 26.97962227 26.60064612 28.54522863 27.75       28.46446322
 28.88692843 30.44010934 29.88717694 30.42147117 30.54572565 32.46545726
 32.21694831 32.75124254 33.0805169  26.34592445 26.19060636 28.83722664
 27.25919483 28.3277833  29.0111829  30.98682903 28.86829026 30.25372763
 29.81883698 30.81908549 32.81336978 32.1361829  32.0305666  25.45129225
 27.47664016 26.94234592 27.60089463 28.38991054 27.65680915 31.25397614
 29.09816103 31.93116302 30.07977137 31.47763419 30.70725646 32.81336978
 32.38469185 33.57132207 26.84294235 28.11033797 27.67544732 27.68166004
 29.27833002 30.68240557 30.39040755 30.69483101 30.85636183 30.6637674
 32.39090457 31.42171968 31.90631213 33.17370775 28.94284294 27.42693837
 27.86182903 27.56361829 26.86779324 27.73136183 29.00497018 28.17867793
 30.875      31.63916501 32.83822068 33.35387674 33.38494036 32.99975149
 28.39612326 26.7249006  26.70626243 28.19110338 27.56983101 30.36555666
 30.24751491 31.04274354 30.59542744 32.33499006 32.3971173  33.28553678
 33.96893638 32.86307157 32.29150099 27.76242545 25.58175944 28.5638668
 28.16003976 31.52112326 28.50795229 28.88071571 27.73757455 29.81883698
 32.18588469 32.61456262 33.34766402 33.06809145 32.92519881 27.62574553
 26.89885686 26.7249006  28.03578529 27.63195825 29.26590457 28.88692843
 29.65730616 29.76292247 31.74478131 31.58946322 31.52112326 34.09319085
 33.42842942 25.569334   26.50124254 27.25298211 27.17842942 29.07952286
 29.81262425 30.04249503 29.36530815 29.78777336 28.84965209 29.94930417
 31.85039761 31.27261431 32.75124254 24.91699801 25.87375746 25.38916501
 28.75646123 29.32803181 29.46471173 27.84940358 29.81883698 29.54547714
 30.51466203 31.88146123 31.5832505  31.83797217 31.16699801 32.83822068
 28.4333996  26.68762425 27.28404573 28.13518887 27.11630219 28.17867793
 29.70079523 29.8499006  30.9806163  32.22316103 32.40954274 33.47813121
 34.68961233 33.78255467 25.89860835 25.51963221 27.05417495 28.22837972
 27.12251491 29.21620278 29.83126243 30.66998012 30.21023857 31.14214712
 30.36555666 32.04920477 32.9749006  32.18588469 27.5139165  25.73707753
 29.13543738 27.30889662 28.29671968 27.48285288 28.15382704 30.35313121
 31.04274354 32.08648111 31.42793241 31.52112326 33.11779324 32.96868787
 34.29821074 25.9917992 ]",70015.51093781223
2025-06-15 12:50:00+00:00,770,6692.6,9.0,29.89142711027128,29.789637176938367,34.72067594433399,"[27.75       26.64413519 28.68190855 27.65059642 28.14761431 28.78752485
 30.03628231 29.66351889 31.29746521 32.58349901 33.24826044 32.45303181
 33.24826044 28.53280318 26.10362823 26.2527336  29.04845924 27.95501988
 29.42743539 30.7445328  28.73782306 31.33474155 30.875      31.86282306
 34.56535785 33.46570577 34.62748509 26.70626243 26.53851889 26.4639662
 27.36481113 27.25298211 29.49577535 28.83101392 31.40929423 30.39662028
 28.30293241 29.51441352 33.26689861 32.32877734 34.07455268 26.5944334
 27.29647117 27.79348907 27.56361829 28.20974155 30.36555666 30.23508946
 30.45253479 30.12947316 32.99353877 30.75695825 30.16053678 32.01192843
 32.59592445 33.10536779 26.805666   26.66277336 27.15357853 27.89910537
 27.73136183 30.11704771 29.40879722 31.81312127 29.8250497  30.48359841
 31.40929423 32.06163022 33.51540755 33.84468191 24.625      27.01689861
 26.82430417 27.82455268 28.84343936 28.41476143 29.43364811 29.90581511
 31.86282306 29.6138171  33.95651093 32.27286282 31.36580517 33.31038767
 26.68762425 27.32753479 28.1165507  26.90506958 28.52037773 28.62599404
 28.7999503  28.222167   30.73210736 29.92445328 32.44681909 31.51491054
 32.08648111 32.86928429 34.39140159 27.96744533 27.60089463 28.60114314
 27.94259443 28.78752485 29.12922465 30.1916004  30.41525845 31.62673956
 31.93737575 33.36008946 33.11779324 33.13021869 33.00596421 25.37673956
 26.25894632 27.45800199 26.79324056 29.38394632 29.20999006 29.38394632
 28.64463221 30.86257455 31.06138171 31.47763419 31.80690855 31.65780318
 31.12972167 25.28354871 26.71868787 27.66302187 25.74329026 27.04796223
 28.25944334 29.48956262 29.34666998 30.29100398 29.88717694 31.94980119
 33.62102386 30.30964215 34.47837972 24.87972167 25.69358847 26.53851889
 26.61307157 27.60089463 29.73807157 30.11704771 30.84393638 30.80666004
 29.43364811 29.8250497  32.29150099 32.54000994 33.32902584 32.61456262
 25.96073559 28.53280318 28.37127237 29.52683897 29.96172962 27.83076541
 29.96172962 30.26615308 30.25372763 34.14910537 30.82529821 33.52162028
 33.28553678 32.24801193 25.58175944 26.23409543 26.37698807 27.19085487
 29.42122266 29.86232604 28.94284294 30.78180915 31.46520875 29.68215706
 32.35984095 33.23583499 32.55864811 33.85710736 25.98558648 26.24652087
 25.63146123 26.52609344 28.71918489 27.83076541 28.27186879 28.43961233
 27.57604374 29.78777336 33.16128231 33.83846918 31.6888668  34.72067594
 33.83846918 26.03528827]",69894.3585401236
2025-06-15 12:51:00+00:00,771,6703.49,9.0,29.924440117532626,29.82346545725646,34.434890656063615,"[26.17818091 26.68141153 28.49552684 29.07952286 28.67569583 29.8250497
 30.10462227 31.10487078 31.44035785 33.17992048 32.6332008  33.78255467
 33.93787276 26.23409543 25.92967197 26.70626243 29.99900596 29.73807157
 28.6694831  29.44607356 29.57032803 30.64512922 31.24776342 30.91848907
 33.60859841 32.0305666  32.22937376 25.3083996  24.91078529 26.04771372
 27.14115308 28.83101392 28.4582505  29.23484095 26.61307157 29.20999006
 34.32306163 31.09244533 34.13667992 32.6332008  33.03702783 26.52609344
 27.71893638 28.13518887 27.53255467 26.89885686 29.67594433 27.50149105
 31.21048708 30.60785288 31.33474155 30.4276839  31.21048708 33.8943837
 32.29771372 33.60859841 28.17246521 28.27808151 28.00472167 28.35884692
 28.30293241 29.88717694 29.73185885 30.99304175 30.48359841 31.90631213
 34.03106362 31.45899602 31.34095427 33.44706759 26.14090457 28.62599404
 27.46421471 28.19110338 29.0111829  29.63245527 30.24130219 30.07355865
 31.93116302 32.42818091 31.10487078 31.5583996  32.32877734 31.13593439
 27.01068588 25.29597416 25.93588469 27.19706759 27.15357853 28.12276342
 30.48359841 29.62002982 30.5084493  29.1167992  31.7944831  32.21073559
 30.53951292 33.31038767 33.49676938 25.95452286 28.58871769 28.76888668
 27.50149105 28.1165507  30.27857853 31.9249503  30.73210736 31.40308151
 29.81883698 31.65780318 31.2415507  33.43464215 33.37251491 24.97912525
 27.42072565 27.3834493  27.23434394 29.68836978 29.64488072 28.84965209
 30.09219682 29.02360835 30.60164016 32.12375746 32.17967197 31.71371769
 33.09915507 28.71918489 25.87997018 26.89885686 26.61928429 27.37102386
 28.84343936 29.59517893 29.24105368 29.04224652 32.39090457 31.7944831
 30.57678926 33.3166004  34.35412525 28.78131213 28.74403579 27.33374751
 28.38991054 28.76267396 29.07952286 27.83697813 29.66351889 31.3223161
 29.22862823 32.65183897 32.47166998 30.91227634 33.03702783 33.04324056
 26.10362823 27.44557654 29.73807157 27.5387674  27.70651093 29.58275348
 29.48956262 30.07355865 30.0859841  29.54547714 31.42171968 31.68265408
 31.88767396 34.43489066 25.09095427 25.83648111 27.5139165  27.5387674
 28.87450298 28.694334   29.68836978 30.07355865 30.35934394 30.9806163
 32.27286282 32.34120278 33.27311133 32.41575547 26.69383698 26.68762425
 26.81809145 26.69383698 26.33971173 27.83697813 29.65730616 28.71918489
 29.930666   31.59567594 31.70129225 32.88170974 33.55889662 32.29771372
 34.06833996 27.07902584]",70004.80685721715
2025-06-15 12:52:00+00:00,772,6710.18,9.0,29.94505270305667,29.84424701789264,35.130715705765404,"[27.6443837  26.9609841  29.0360338  30.01143141 28.83101392 28.27186879
 30.10462227 30.68240557 32.72017893 31.09244533 31.95601392 33.42842942
 33.63966203 28.22837972 27.0417495  28.32157058 27.6195328  30.34070577
 29.34045726 31.37201789 29.45228628 31.32852883 32.65805169 31.7944831
 32.67668986 31.63916501 32.50894632 26.14090457 25.61903579 28.39612326
 27.59468191 28.87450298 28.71297217 28.22837972 30.82529821 30.39040755
 30.85014911 31.63916501 32.2417992  33.35387674 32.47166998 26.50745527
 25.21520875 27.55740557 27.1722167  27.36481113 29.65730616 30.12326044
 29.06088469 28.52659046 31.38444334 30.99925447 30.76317097 33.62723658
 33.58996024 32.62698807 27.15979125 26.34592445 27.93016899 27.58225646
 28.81858847 29.72564612 29.72564612 29.83126243 28.93663022 30.65134195
 31.25397614 30.60785288 32.36605368 31.05516899 26.90506958 27.57604374
 27.8556163  28.68812127 27.22813121 29.6945825  28.71297217 30.70725646
 30.25372763 30.4276839  30.63270378 30.62649105 32.22937376 33.04945328
 26.21545726 27.60710736 27.48285288 27.09145129 28.41476143 29.18513917
 29.42122266 29.22241551 30.30964215 29.36530815 32.54622266 33.29796223
 33.01838966 31.57082505 32.5027336  26.51988072 27.5387674  29.42122266
 28.76267396 28.83101392 29.06088469 30.26615308 29.32803181 30.70104374
 31.60810139 32.08648111 32.65183897 32.3971173  33.6583002  26.88643141
 28.36505964 24.63742545 29.65730616 29.73807157 28.94284294 29.91824056
 30.80044732 30.49602386 30.80044732 32.54000994 32.4778827  33.21719682
 33.83225646 26.5695825  27.34617296 27.22191849 27.3834493  26.73111332
 28.02335984 30.27236581 28.59493042 32.49652087 30.49602386 31.86903579
 32.67047714 32.55864811 33.58374751 25.65631213 26.50124254 27.50149105
 27.3026839  26.76217694 29.67594433 29.30939364 30.86878728 30.83151093
 30.99304175 30.85014911 31.12350895 33.01217694 32.55243539 32.62077535
 28.14761431 27.34617296 27.93016899 27.97365805 27.54498012 28.3277833
 28.73782306 28.98633201 30.46496024 31.4527833  32.31013917 33.65208748
 31.90631213 33.68315109 25.32703777 27.02932406 27.72514911 28.9304175
 28.75024851 29.05467197 30.26615308 28.79373757 30.53951292 31.69507952
 32.68911531 31.83797217 31.91873757 32.11133201 26.29622266 27.19085487
 26.33349901 27.91774354 29.94930417 25.86133201 28.62599404 30.66998012
 30.78802187 30.6389165  31.29125249 32.90034791 32.40333002 33.06187873
 35.13071571 26.09120278]",70073.7683233464
2025-06-15 12:53:00+00:00,773,6695.51,9.0,29.90262493974113,29.79867668986083,35.2984592445328,"[27.3834493  28.09791252 26.34592445 28.88071571 29.01739563 28.95526839
 30.52087475 29.5889662  31.09244533 34.08697813 30.41525845 31.48384692
 32.83822068 26.76838966 24.77410537 27.97987078 26.5944334  29.86853877
 29.39015905 30.04870775 30.91848907 30.49602386 30.58300199 30.88742545
 31.56461233 30.9806163  33.32902584 26.32728628 26.2278827  27.72514911
 27.52634195 28.29050696 29.86232604 28.9304175  28.46446322 32.03677932
 30.36555666 32.09269384 31.5583996  34.24850895 33.96272366 25.37673956
 26.60685885 29.6945825  27.37723658 29.37152087 28.7999503  28.88692843
 30.17917495 29.71322068 29.99279324 31.4527833  32.29771372 33.055666
 33.23583499 32.26043738 24.96048708 26.83672962 27.06038767 29.96794235
 27.84319085 29.23484095 29.35909543 29.55790258 31.41550696 31.22912525
 32.45303181 31.52112326 33.11779324 31.99950298 25.72465209 28.27186879
 27.71272366 28.91799205 28.78131213 28.76267396 29.99279324 30.14811133
 29.83747515 30.89985089 31.55218688 30.77559642 32.17345924 33.34766402
 26.85536779 26.94234592 26.19060636 26.58200795 30.52708748 29.33424453
 29.07331014 30.17296223 29.70079523 31.71371769 32.1610338  32.24801193
 33.20477137 30.30964215 34.78280318 26.07877734 27.28404573 27.24676938
 30.02385686 28.82480119 28.93663022 29.6138171  29.25969185 31.07380716
 30.82529821 32.45303181 31.47763419 33.62723658 31.47142147 27.84319085
 27.42072565 26.97340954 28.18489066 27.25919483 30.01764414 30.36555666
 29.99900596 28.96769384 30.60164016 30.38419483 32.65805169 33.11158052
 31.89388668 25.8861829  27.39587475 25.47614314 27.61332008 28.82480119
 27.84940358 28.23459245 29.2472664  30.41525845 31.37823062 32.7388171
 32.44681909 32.99975149 35.04373757 26.49502982 26.87400596 25.42644135
 29.65730616 28.35263419 28.67569583 31.14835984 29.96172962 29.91824056
 29.79398608 31.6888668  32.89413519 33.26689861 33.47813121 35.29845924
 26.5695825  26.41426441 26.20924453 28.01714712 28.694334   30.09219682
 31.18563618 30.402833   29.63245527 31.39065606 32.47166998 31.81312127
 33.06187873 32.86307157 25.68116302 26.48260437 27.70029821 28.13518887
 29.42122266 28.21595427 29.50198807 28.71918489 30.52708748 30.63270378
 32.00571571 32.64562624 31.83797217 33.1861332  26.66898608 28.61356859
 29.05467197 27.0666004  27.33374751 28.35263419 26.98583499 29.99279324
 30.80044732 30.1916004  31.38444334 30.53951292 31.99329026 31.83797217
 34.51565606 26.47017893]",69931.82199839792
2025-06-15 12:54:00+00:00,774,6689.950000000001,9.0,29.887075113819662,29.78140531809145,34.72688866799204,"[27.3834493  26.04150099 28.20352883 29.22862823 28.80616302 30.30342942
 30.07355865 31.85661034 30.99925447 31.06759443 32.29771372 34.14910537
 33.33523857 26.45775348 26.60685885 26.88021869 25.4140159  30.57057654
 29.87475149 30.30342942 28.40233598 31.347167   31.47763419 32.58971173
 32.22316103 33.81983101 32.27907555 26.17818091 26.87400596 26.49502982
 26.9609841  27.97987078 30.30342942 29.02360835 29.97415507 32.3971173
 29.17271372 31.47763419 32.38469185 30.73832008 31.33474155 25.28976143
 25.57554672 27.03553678 28.76267396 27.6443837  29.42122266 28.98011928
 30.1916004  30.99304175 30.73210736 30.54572565 31.86282306 32.11754473
 33.14264414 32.49030815 26.96719682 26.95477137 28.73782306 28.00472167
 29.11058648 27.76242545 29.32803181 30.6389165  30.71346918 30.46496024
 31.59567594 31.85661034 32.69532803 34.39761431 26.65656064 27.277833
 26.87400596 27.31510934 28.40854871 29.63866799 29.83126243 29.92445328
 30.78802187 30.90606362 32.61456262 33.84468191 33.3166004  32.30392644
 26.73732604 28.08548708 27.76242545 27.33374751 28.58871769 27.93016899
 27.89910537 30.75074553 28.62599404 31.03031809 31.25397614 32.10511928
 33.34766402 32.56486083 34.72688867 26.85536779 25.97937376 28.70054672
 27.81212724 28.34020875 30.37798211 28.93663022 30.81908549 30.35934394
 30.45874751 28.98011928 31.53976143 32.44681909 34.26714712 26.16575547
 27.91153082 27.91774354 28.74403579 27.20949304 28.6694831  30.47117296
 28.78752485 31.40929423 31.819334   30.47117296 31.20427435 32.01192843
 34.2360835  26.00422465 25.55069583 26.63792247 27.35859841 28.06063618
 29.35909543 28.02335984 31.14214712 30.48981113 29.88717694 31.77584493
 31.9249503  31.70750497 32.8195825  25.57554672 27.13494036 27.26540755
 28.20974155 27.79348907 29.57654076 29.64488072 29.55790258 30.25372763
 31.49005964 31.5583996  30.65755467 32.0305666  34.16153082 34.41003976
 26.35213718 26.99204771 28.04199801 26.86158052 27.68166004 30.00521869
 29.46471173 30.62027833 30.69483101 30.85014911 31.19806163 31.85039761
 32.65805169 33.54025845 26.84915507 26.32107356 27.70029821 26.77460239
 28.88071571 29.16028827 28.30293241 30.35313121 32.49030815 30.12947316
 32.76988072 32.20452286 31.6640159  34.2112326  27.30889662 27.31510934
 27.87425447 27.13494036 29.05467197 28.60114314 28.58871769 29.91202783
 29.87475149 29.59517893 30.77559642 30.78180915 31.63916501 33.22962227
 34.51565606 26.74975149]",69879.79850079506
2025-06-15 12:55:00+00:00,775,6724.57,9.0,29.990092137884062,29.888947564612327,35.09965208747515,"[28.10412525 26.78702783 27.08523857 28.08548708 28.50173956 29.09816103
 31.01789264 30.0859841  30.62649105 33.49676938 32.17967197 35.09965209
 32.09890656 26.42047714 28.78131213 28.86829026 28.61978131 30.40904573
 28.19110338 30.60785288 31.10487078 30.62027833 30.70725646 32.98111332
 31.03653082 32.37847913 33.40979125 26.43290258 27.39587475 27.6443837
 29.47713718 27.9860835  28.70054672 28.84343936 29.86853877 29.76292247
 29.88096421 33.26068588 32.37847913 32.17345924 33.97514911 25.93588469
 27.53255467 27.92395626 27.37723658 27.86182903 27.65059642 29.64488072
 28.99875746 30.84393638 31.50248509 31.03653082 31.29746521 32.36605368
 33.7887674  35.01267396 27.07281312 25.9110338  28.20352883 26.66277336
 28.92420477 30.37176938 29.79398608 29.74428429 28.9055666  31.0862326
 32.5027336  31.22912525 31.36580517 31.95601392 26.63792247 26.7249006
 27.12872763 26.78702783 29.0111829  30.24130219 29.88096421 28.93663022
 29.12301193 30.72589463 30.17296223 32.94383698 31.57082505 32.57728628
 26.29000994 26.38941352 25.36431412 28.05442346 28.23459245 28.10412525
 28.5390159  31.20427435 30.22887674 31.60188867 32.12997018 31.09244533
 32.59592445 33.73285288 33.97514911 25.92345924 26.73732604 28.72539761
 28.55144135 28.694334   28.92420477 31.13593439 31.19806163 30.93712724
 29.97415507 32.87549702 32.0554175  32.54000994 34.00621272 27.16600398
 28.14761431 28.01093439 27.82455268 28.50795229 30.39040755 29.6138171
 30.82529821 31.45899602 30.19781312 30.70104374 33.36008946 32.94383698
 32.73260437 25.87997018 26.87400596 28.5390159  26.65034791 28.04821074
 28.60735586 29.80641153 29.83747515 31.80069583 31.41550696 31.32852883
 32.27907555 32.55243539 32.20452286 27.75621272 26.37698807 27.35238569
 28.42718688 27.29025845 28.45203777 29.33424453 29.65109344 30.57057654
 31.40929423 30.86878728 31.35337972 32.69532803 33.39736581 33.57132207
 26.1471173  28.78131213 29.42122266 28.43961233 27.59468191 28.25323062
 29.22241551 30.63270378 29.87475149 30.85014911 32.48409543 32.29150099
 33.04945328 33.82604374 27.32753479 26.96719682 28.09791252 27.72514911
 28.70675944 28.45203777 28.99875746 29.62002982 30.68240557 30.76317097
 32.01192843 30.85014911 32.93762425 32.62077535 25.58797217 27.33374751
 26.02907555 28.694334   29.68215706 29.31560636 29.12922465 29.58275348
 31.07380716 31.04274354 30.71968191 31.95601392 31.70129225 34.05591451
 32.47166998 27.60710736]",70224.45225650493
2025-06-15 12:56:00+00:00,776,6729.06,9.0,30.004188110526712,29.902895129224653,34.882206759443335,"[27.07902584 27.16600398 28.1973161  28.65084493 30.18538767 28.70054672
 29.52683897 31.12350895 30.86878728 31.85661034 34.15531809 33.5526839
 34.80144135 26.68141153 27.02932406 25.31461233 28.5638668  28.01093439
 29.90581511 30.875      30.24130219 29.29075547 31.05516899 31.96222664
 32.64562624 32.91277336 33.527833   27.277833   27.24055666 26.89264414
 27.86182903 30.60785288 29.49577535 28.42718688 28.60114314 30.30964215
 31.30989066 30.69483101 31.95601392 30.0611332  33.24826044 25.77435388
 26.7000497  26.49502982 28.87450298 26.805666   28.51416501 28.47688867
 30.20402584 31.6640159  30.93091451 31.04895626 31.84418489 30.6637674
 33.83846918 32.57107356 25.9917992  26.88021869 26.86779324 28.71297217
 27.82455268 29.81262425 31.13593439 30.35934394 30.67619284 33.10536779
 31.15457256 32.48409543 32.12375746 33.91923459 25.68116302 25.92967197
 28.0916998  29.47713718 28.35884692 31.01789264 27.97987078 31.14835984
 31.53354871 30.5333002  30.48981113 33.43464215 32.63941352 32.76366799
 26.76838966 26.66898608 26.79324056 26.63170974 27.08523857 28.63841948
 29.76292247 29.73185885 30.70725646 31.16699801 29.54547714 33.16749503
 32.1610338  31.77584493 34.72688867 25.569334   28.03578529 26.43911531
 27.86182903 30.09219682 30.24751491 28.29671968 29.94309145 28.79373757
 32.45924453 31.86282306 30.17917495 32.19209742 32.7388171  24.98533797
 27.53255467 27.75       28.04821074 28.06684891 29.57032803 31.84418489
 30.25372763 31.91873757 31.71371769 32.80094433 31.34095427 33.39736581
 33.2917495  27.55119284 26.36456262 26.19060636 26.36456262 29.15407555
 28.96148111 29.18513917 30.34691849 33.16128231 30.89363817 31.85661034
 33.00596421 30.07355865 33.01217694 25.55069583 26.5944334  27.08523857
 28.1973161  29.59517893 30.47117296 29.42122266 28.94905567 30.80044732
 31.06759443 30.31585487 32.99353877 30.45874751 33.0805169  32.14860835
 28.19110338 27.26540755 29.39637177 27.84319085 29.40258449 29.97415507
 29.76292247 28.33399602 31.65780318 30.46496024 32.0305666  33.85710736
 33.25447316 32.67668986 28.27186879 27.23434394 28.50173956 28.1973161
 30.22266402 29.8250497  29.67594433 28.42097416 29.6138171  30.44632207
 31.58946322 30.45253479 31.16699801 32.92519881 26.20303181 26.30864811
 26.61307157 28.44582505 27.65059642 29.28454274 31.47142147 29.53305169
 31.04274354 33.07430417 31.98086481 30.70104374 34.63369781 34.22365805
 34.88220676 26.06635189]",70271.61174257817
2025-06-15 12:57:00+00:00,777,6729.570000000001,9.0,30.006532809382627,29.904479373757457,35.44135188866799,"[28.5390159  27.29025845 30.0859841  29.8499006  28.24701789 29.0360338
 29.16650099 31.80069583 31.09244533 33.06809145 32.08648111 34.04348907
 33.44085487 26.78081511 26.86158052 27.95501988 28.43961233 30.47738569
 29.30939364 27.71893638 29.74428429 31.83797217 31.93737575 29.49577535
 31.90631213 32.00571571 33.03081511 26.09120278 25.73707753 28.08548708
 29.68836978 28.98011928 28.47067594 29.76913519 30.0611332  31.26640159
 31.27882704 29.81883698 32.58349901 31.58946322 32.94383698 25.24627237
 26.89885686 27.66302187 26.50745527 28.06684891 28.75024851 30.57057654
 29.67594433 29.76292247 30.85636183 32.67047714 31.94980119 33.69557654
 32.12997018 34.85735586 26.77460239 26.27137177 27.37102386 29.45849901
 28.06063618 27.81833996 29.85611332 29.96172962 31.95601392 30.6637674
 31.65780318 31.64537773 33.23583499 34.53429423 26.50124254 28.81237575
 27.70651093 27.48285288 28.20352883 30.18538767 29.88096421 29.09816103
 30.12326044 32.06784294 33.58996024 33.20477137 32.59592445 34.32306163
 26.02907555 27.28404573 27.19085487 25.30218688 28.5638668  28.59493042
 28.94905567 29.09194831 29.87475149 30.96819085 32.18588469 29.54547714
 31.17942346 34.91327038 35.44135189 25.08474155 26.20303181 27.72514911
 29.84368787 29.18513917 28.62599404 32.10511928 31.10487078 30.55193837
 32.46545726 30.5333002  32.33499006 32.87549702 33.08672962 25.38295229
 27.91774354 27.40208748 28.79373757 29.53926441 28.41476143 29.45228628
 30.93712724 30.4276839  29.08573559 30.43389662 30.99925447 32.49652087
 32.98111332 27.00447316 26.08499006 27.54498012 27.07902584 27.78106362
 30.0611332  29.89338966 29.96794235 29.34666998 31.40308151 31.94358847
 34.22365805 32.75124254 34.59020875 27.19706759 27.52012922 26.40805169
 27.60089463 29.38394632 29.50198807 29.38394632 29.76292247 30.85636183
 31.60810139 30.24751491 32.53379722 32.81336978 33.64587475 32.20452286
 24.82380716 26.37077535 27.35238569 26.43911531 27.63817097 29.88717694
 29.06709742 31.09865805 31.6888668  31.0862326  31.29125249 30.52087475
 34.09319085 34.03106362 26.92370775 27.60089463 26.76838966 27.42693837
 27.56361829 28.72539761 28.98633201 32.22316103 31.48384692 29.76292247
 31.55218688 31.90631213 33.72664016 30.17917495 26.65656064 24.98533797
 27.55119284 29.09816103 29.12922465 28.66327038 29.8250497  30.5084493
 30.47738569 29.99279324 29.23484095 32.52137177 32.75745527 34.04348907
 33.55889662 26.27137177]",70279.45616707052
2025-06-15 12:58:00+00:00,778,6713.99,9.0,29.961389078803744,29.85608225646123,35.01888667992047,"[28.16625249 25.10337972 27.65680915 27.07281312 29.34045726 29.09816103
 30.53951292 31.14835984 32.9749006  29.87475149 31.2415507  32.73260437
 33.44706759 28.52037773 27.30889662 25.37673956 27.55740557 29.6945825
 29.34045726 27.89289264 31.03653082 30.42147117 30.44632207 31.70129225
 33.49676938 33.33523857 33.83225646 27.79970179 26.14090457 27.24676938
 27.65680915 27.19706759 29.63866799 29.09194831 31.10487078 32.32877734
 32.3722664  31.27261431 33.72664016 32.11133201 33.7887674  26.05392644
 25.7805666  27.277833   26.86779324 28.07306163 29.60760437 30.27857853
 29.30318091 30.71968191 32.14860835 31.65159046 31.19184891 32.8444334
 33.58374751 33.67693837 25.82405567 27.66302187 28.30293241 28.34642147
 28.17867793 28.71918489 29.29696819 29.73807157 29.36530815 30.83151093
 30.99304175 32.27286282 32.88170974 33.14264414 27.37723658 26.56336978
 26.64413519 27.62574553 28.62599404 28.17246521 29.4833499  29.91824056
 31.70129225 30.92470179 32.00571571 33.17992048 32.58349901 33.34766402
 25.2027833  27.17842942 27.02932406 28.36505964 29.77534791 28.5390159
 28.20974155 30.25994036 29.91824056 31.68265408 30.56436382 31.44657058
 33.055666   32.7388171  32.2417992  25.4388668  26.52609344 26.76838966
 28.66327038 28.0916998  28.94905567 29.70079523 30.22266402 30.94955268
 30.0859841  31.89388668 31.76341948 31.76341948 32.01814115 26.04150099
 27.74378728 28.04199801 28.9055666  27.78106362 29.39015905 29.25969185
 30.19781312 32.35362823 31.80069583 31.36580517 30.55815109 32.88170974
 34.18016899 27.94880716 26.9609841  26.82430417 27.57604374 28.35263419
 28.68812127 28.40854871 32.36605368 29.64488072 33.32281312 33.0805169
 32.69532803 33.02460239 35.01888668 25.95452286 26.07877734 27.47042744
 28.18489066 28.97390656 29.12301193 29.02982107 30.04870775 29.19135189
 30.42147117 31.13593439 31.19806163 31.63916501 32.31635189 32.69532803
 26.76217694 25.37052684 26.84915507 26.85536779 28.71297217 29.34045726
 29.17892644 30.52087475 31.84418489 33.47191849 33.70178926 32.99353877
 33.27932406 33.0805169  25.26491054 26.06013917 27.82455268 26.0166501
 29.36530815 29.72564612 29.70079523 30.62649105 31.98086481 32.66426441
 34.05591451 30.72589463 32.17345924 31.28503976 25.57554672 27.07902584
 26.53851889 26.95477137 28.48931412 29.42122266 30.62649105 30.54572565
 31.16699801 30.57678926 30.66998012 30.53951292 32.07405567 32.7388171
 32.34741551 26.91749503]",70128.4233020458
2025-06-15 12:59:00+00:00,779,6721.4,9.0,29.984083692185244,29.879100397614312,35.30467196819085,"[27.45178926 27.61332008 28.65084493 28.21595427 30.70104374 27.48285288
 29.36530815 31.18563618 31.6888668  32.35984095 31.93116302 34.41003976
 31.70750497 26.50124254 27.73136183 27.69408549 26.66277336 27.30889662
 29.02982107 30.20402584 30.39662028 30.84393638 30.92470179 32.19209742
 32.17967197 31.72614314 32.90034791 26.5695825  26.19681909 27.84319085
 28.0916998  27.22191849 29.56411531 30.24130219 29.55790258 30.52708748
 31.0054672  34.04970179 31.46520875 31.97465209 32.45924453 27.02311133
 27.45178926 28.42097416 28.5638668  27.14115308 28.14761431 30.29100398
 29.71322068 28.30914513 30.53951292 32.12375746 33.08672962 32.65805169
 32.10511928 33.49676938 26.7000497  26.11605368 28.57007952 27.89289264
 28.91177932 29.78156064 29.63245527 29.63245527 29.96172962 32.56486083
 29.65730616 32.65183897 34.72688867 34.64612326 24.87350895 26.73111332
 27.55119284 26.74975149 29.04224652 30.14811133 30.78180915 30.32206759
 30.36555666 30.98682903 30.41525845 31.94980119 31.0862326  34.04970179
 26.40805169 26.63170974 28.1973161  27.97987078 28.20974155 28.86207753
 28.84343936 31.65159046 29.39637177 29.64488072 31.09244533 33.93787276
 33.29796223 31.91873757 33.56510934 25.34567594 28.37127237 29.6138171
 27.80591451 30.62649105 28.57007952 30.13568588 30.80666004 30.88121272
 32.17967197 30.34691849 32.10511928 33.60238569 32.1610338  25.7805666
 24.46968191 28.18489066 29.30318091 28.98011928 30.45874751 28.30914513
 30.75695825 29.20377734 30.10462227 29.78156064 32.32877734 34.22987078
 34.06212724 26.49502982 28.43961233 27.56983101 27.81833996 28.76267396
 28.33399602 29.71322068 28.52659046 30.43389662 29.79398608 30.88742545
 32.96868787 31.87524851 33.64587475 25.65631213 26.89885686 27.94259443
 27.47664016 28.40854871 29.14786282 28.19110338 29.74428429 29.1416501
 31.49627237 32.48409543 31.38444334 31.94358847 32.20452286 35.30467197
 25.78677932 27.86804175 28.80616302 26.96719682 27.14115308 28.222167
 29.79398608 30.37798211 30.89985089 30.97440358 31.40308151 32.78851889
 32.43439364 33.7887674  26.31486083 27.71893638 28.45203777 28.18489066
 28.70054672 28.58250497 30.00521869 30.17296223 30.80666004 32.08026839
 32.39090457 32.02435388 33.37251491 32.99353877 25.70601392 26.61928429
 26.57579523 26.9361332  28.40233598 28.65084493 30.79423459 31.09244533
 31.02410537 29.04224652 31.88767396 32.51515905 32.00571571 33.88195825
 33.26068588 26.14090457]",70204.35040057494
2025-06-15 13:00:00+00:00,780,6694.200000000001,9.0,29.904636514490733,29.79460735586481,34.44110337972167,"[27.24676938 28.86207753 28.31535785 28.00472167 28.7999503  29.32181909
 31.29746521 31.6888668  31.76341948 32.19209742 33.01838966 32.32256461
 33.04324056 25.95452286 27.83076541 26.66277336 27.75621272 27.30889662
 29.89338966 29.68836978 29.60139165 30.57678926 31.60188867 31.58946322
 31.9000994  32.91898608 32.22937376 26.32728628 27.14736581 27.83076541
 29.35909543 27.01068588 27.89289264 29.3777336  30.91848907 31.03653082
 29.45228628 31.03653082 32.10511928 31.57082505 33.91923459 25.96694831
 26.33971173 25.66873757 27.97987078 28.80616302 26.77460239 30.01143141
 30.14811133 29.67594433 30.80666004 31.31610338 30.78802187 33.06809145
 33.12400596 33.5526839  25.93588469 26.68762425 26.71868787 27.47042744
 27.73136183 29.23484095 30.18538767 30.14811133 30.10462227 30.52087475
 30.64512922 33.34766402 31.44657058 33.04324056 28.24701789 27.39587475
 27.22813121 27.38966203 27.00447316 30.15432406 29.32181909 30.44010934
 28.46446322 32.77609344 31.77584493 33.26068588 32.56486083 32.9500497
 25.98558648 26.71247515 26.8305169  28.76267396 28.47067594 29.32181909
 29.29075547 29.80019881 29.80641153 31.98707753 30.1916004  32.45924453
 32.09269384 32.94383698 34.43489066 26.69383698 28.02335984 27.71893638
 28.72539761 28.0916998  28.08548708 30.13568588 29.29075547 31.48384692
 30.62027833 31.62052684 31.80069583 32.9500497  34.44110338 26.31486083
 28.16003976 27.9860835  27.22813121 28.222167   29.81883698 31.65780318
 29.20377734 30.55193837 31.40929423 32.40333002 32.04299205 33.16128231
 32.1361829  27.15357853 26.74353877 27.96744533 27.73136183 28.40233598
 28.99875746 30.48981113 29.00497018 31.06138171 31.18563618 30.47738569
 32.3971173  32.35362823 32.87549702 25.9917992  26.73732604 27.42693837
 27.31510934 28.35263419 28.31535785 28.47688867 31.09865805 29.75670974
 31.18563618 30.91227634 31.54597416 31.16078529 33.62102386 33.95029821
 27.09145129 28.14140159 26.27758449 29.46471173 27.11630219 30.37798211
 29.40258449 30.34070577 30.51466203 31.83797217 32.4778827  32.32256461
 31.81312127 32.37847913 26.4888171  26.17196819 28.23459245 28.23459245
 27.24055666 30.0859841  28.12276342 30.5084493  31.15457256 29.81262425
 30.45253479 32.0305666  33.63966203 33.7887674  25.85511928 24.52559642
 26.65656064 27.8804672  28.96769384 28.19110338 29.65730616 29.30318091
 31.10487078 29.34666998 31.21048708 31.6888668  31.65780318 32.85064612
 34.28578529 25.86133201]",69938.5519228802
2025-06-15 13:01:00+00:00,781,6718.6900000000005,9.0,29.9777226046382,29.870682157057654,35.261182902584494,"[25.92967197 29.22241551 29.55790258 29.86853877 30.59542744 30.47738569
 29.70079523 32.65805169 32.37847913 31.18563618 33.80119284 33.33523857
 31.76341948 26.55715706 27.74378728 25.65631213 27.54498012 27.70029821
 28.24080517 30.62649105 31.30367793 30.402833   30.16053678 31.09865805
 32.09269384 32.38469185 33.44706759 24.14040755 27.13494036 27.36481113
 28.48310139 27.55740557 29.60139165 29.0111829  30.65755467 29.45228628
 31.49627237 32.58349901 30.01764414 31.98086481 31.31610338 26.26515905
 25.60661034 28.32157058 28.73782306 27.58846918 29.16028827 27.81833996
 29.7194334  30.13568588 31.5583996  29.52062624 30.60164016 32.11133201
 32.57728628 32.3722664  24.35785288 26.74353877 28.34642147 28.01093439
 27.76242545 28.33399602 29.53305169 30.57678926 30.7693837  30.14811133
 31.54597416 31.58946322 31.90631213 33.98757455 25.87997018 26.90506958
 28.73161034 28.74403579 27.90531809 29.99279324 28.93663022 30.70725646
 29.31560636 31.65780318 35.2611829  32.22316103 32.2666501  31.46520875
 27.8556163  26.41426441 27.18464215 28.5638668  28.38991054 29.34045726
 30.2972167  30.15432406 30.85014911 31.70750497 31.39065606 33.54025845
 33.13643141 32.11754473 32.73260437 28.94905567 28.18489066 25.76814115
 28.78752485 28.89935388 29.30318091 31.16699801 30.37176938 29.84368787
 31.37201789 31.34095427 33.11779324 32.23558648 32.14860835 27.82455268
 27.35859841 26.37077535 27.4083002  29.19756461 29.12301193 28.9304175
 29.52062624 28.07927435 32.09890656 33.99378728 31.70129225 31.17942346
 30.81908549 26.74975149 27.56983101 28.25323062 28.64463221 28.86207753
 27.96744533 29.3528827  30.15432406 31.12972167 32.58349901 31.57703777
 31.88146123 31.90631213 33.19855865 27.97365805 27.84319085 28.07927435
 27.61332008 26.10984095 27.77485089 29.43364811 27.75       30.95576541
 32.30392644 31.30367793 32.90656064 31.93737575 31.5583996  34.13667992
 27.43315109 28.1165507  27.16600398 27.55119284 29.33424453 27.95501988
 27.97365805 29.98036779 31.49005964 30.20402584 33.24204771 32.76366799
 32.2417992  33.72042744 26.47017893 27.56361829 28.1973161  29.86232604
 29.68836978 28.16003976 30.52708748 29.39015905 30.69483101 28.55144135
 30.7445328  31.84418489 33.53404573 33.49676938 25.9110338  27.11008946
 26.50745527 28.05442346 28.62599404 28.28429423 29.07952286 31.65159046
 30.34691849 32.70775348 32.27286282 33.34766402 31.19806163 33.73285288
 33.53404573 25.66252485]",70183.06874607755
2025-06-15 13:02:00+00:00,782,6682.700000000001,9.0,29.872323371066923,29.758884194831012,34.51565606361829,"[26.79324056 26.7000497  28.76888668 29.42122266 29.63245527 29.64488072
 28.44582505 29.78156064 30.48981113 30.82529821 30.48981113 32.58971173
 34.51565606 26.86779324 27.35238569 26.70626243 28.29050696 28.3277833
 28.07306163 28.15382704 29.72564612 29.9555169  29.71322068 31.12972167
 32.04299205 33.54025845 32.54622266 26.16575547 27.25298211 26.86779324
 27.78727634 29.94930417 28.51416501 29.81262425 31.24776342 28.76267396
 32.87549702 30.81287276 31.09865805 31.347167   32.7139662  26.09120278
 27.92395626 27.6195328  25.55069583 28.55144135 28.67569583 28.78131213
 30.39040755 28.3277833  29.28454274 32.17967197 33.11158052 33.60238569
 32.1610338  33.40357853 26.21545726 27.22191849 28.87450298 29.54547714
 28.09791252 29.0111829  29.32803181 29.16028827 29.39015905 28.75646123
 32.2417992  33.01838966 32.17345924 33.96272366 26.70626243 26.44532803
 27.58225646 26.71868787 28.57629225 28.02335984 28.99875746 29.33424453
 30.09840954 31.24776342 32.80715706 31.4527833  33.51540755 31.96222664
 24.56287276 26.76217694 28.01714712 28.25323062 29.88096421 29.06088469
 27.6443837  29.04224652 31.80069583 31.13593439 32.34741551 30.25994036
 32.7388171  33.13021869 32.36605368 26.55715706 27.29025845 27.94259443
 28.14761431 29.07952286 29.63245527 30.68240557 30.7693837  30.48981113
 31.11729622 30.40904573 33.64587475 32.32877734 33.19855865 25.47614314
 27.66302187 27.277833   30.25994036 28.1973161  29.68215706 30.23508946
 30.71346918 32.1610338  30.70104374 32.5027336  33.17992048 33.06809145
 32.92519881 25.18414513 26.20924453 27.4083002  28.72539761 28.6694831
 28.42718688 30.65755467 30.45253479 29.56411531 31.27261431 31.50869781
 32.90656064 31.55218688 33.56510934 26.62549702 27.24676938 26.66898608
 28.00472167 28.23459245 27.43936382 28.4582505  30.64512922 29.83747515
 29.43986083 31.6640159  31.15457256 31.51491054 33.13021869 33.79498012
 27.78727634 28.40854871 27.83076541 27.77485089 28.98011928 29.47713718
 31.26018887 30.02385686 30.56436382 31.55218688 31.14835984 32.17967197
 32.83200795 32.65183897 26.68762425 25.08474155 26.4639662  26.4639662
 28.35884692 29.30318091 27.75       29.75049702 32.03677932 30.34691849
 30.90606362 31.3223161  32.23558648 33.32902584 26.77460239 27.90531809
 26.81187873 28.91177932 27.50149105 29.87475149 30.13568588 27.95501988
 28.86207753 32.02435388 30.73210736 31.42793241 33.04945328 32.21694831
 33.68936382 27.24055666]",69830.44507024149
2025-06-15 13:03:00+00:00,783,6703.93,9.0,29.93577664629047,29.82483225646123,35.70228628230616,"[28.0916998  27.9860835  28.86207753 29.08573559 29.42743539 30.80666004
 29.90581511 32.30392644 31.48384692 32.32877734 30.09840954 32.70154076
 34.01863817 26.55715706 26.84915507 26.43290258 26.42047714 27.9860835
 28.02335984 30.13568588 30.52708748 31.13593439 31.5583996  32.28528827
 31.75099404 31.51491054 32.19831014 26.73111332 27.50770378 27.33996024
 27.81212724 27.11630219 27.43936382 28.694334   29.2472664  29.92445328
 30.78180915 32.67047714 32.70154076 31.62673956 31.07380716 25.68116302
 26.68762425 28.85586481 28.10412525 26.73732604 30.03628231 28.39612326
 30.60785288 30.10462227 30.09840954 31.96843936 32.46545726 33.95651093
 30.81287276 32.55243539 26.64413519 28.1973161  27.84940358 26.52609344
 29.11058648 29.76292247 29.09194831 30.36555666 28.91799205 31.2415507
 32.26043738 32.78230616 33.58374751 33.72042744 25.71843936 26.4888171
 28.01093439 28.49552684 29.11058648 30.7445328  29.8250497  30.01143141
 27.79970179 32.04299205 31.88767396 33.25447316 31.07380716 31.82554672
 26.99204771 27.22813121 29.62002982 29.63866799 27.277833   28.95526839
 29.88096421 29.30939364 30.03006958 29.76913519 29.62002982 31.20427435
 33.37251491 32.88170974 35.70228628 27.37102386 26.65034791 26.97962227
 27.35238569 28.37748509 27.96744533 30.42147117 30.85636183 31.99950298
 31.04895626 34.64612326 31.62052684 32.60213718 34.18638171 25.569334
 28.03578529 26.23409543 28.42097416 28.26565606 29.04845924 29.19756461
 28.6694831  30.61406561 30.24130219 30.45253479 32.31013917 31.83175944
 31.75720676 25.49478131 26.69383698 28.63841948 30.37798211 29.29075547
 30.4276839  28.30293241 30.59542744 31.86282306 30.25994036 31.86282306
 31.07380716 32.09890656 32.04920477 26.4639662  25.91724652 26.76217694
 27.67544732 27.35859841 28.42718688 28.16003976 28.98633201 29.57032803
 30.0859841  32.11754473 32.27907555 33.20477137 33.11158052 33.32281312
 26.98583499 26.37077535 24.1776839  26.91128231 29.78777336 29.62624254
 30.73832008 31.42171968 30.20402584 30.81287276 31.26018887 32.00571571
 32.93141153 32.06163022 26.22166998 27.10387674 27.4083002  27.00447316
 27.55119284 29.91202783 30.99304175 31.43414513 31.71371769 30.66998012
 31.37823062 33.49676938 31.12972167 33.09915507 25.7805666  27.82455268
 29.09816103 26.86779324 28.84343936 27.65680915 30.48981113 29.96794235
 30.29100398 33.09915507 30.33449304 32.91277336 30.47738569 32.92519881
 34.75173956 27.99850895]",70042.73434782939
2025-06-15 13:04:00+00:00,784,6755.419999999999,9.0,30.088522275863156,29.984778827037772,35.310884691848905,"[27.59468191 28.65705765 28.72539761 29.9555169  30.63270378 31.40929423
 28.17246521 30.32828032 31.13593439 31.75720676 33.22962227 33.7887674
 32.94383698 26.69383698 27.27162028 27.83697813 28.51416501 29.20377734
 29.2472664  29.3777336  28.86829026 29.47713718 31.46520875 32.1361829
 33.84468191 33.85710736 33.57132207 27.36481113 27.75621272 28.23459245
 26.62549702 27.94880716 29.19135189 28.59493042 31.34095427 30.80044732
 30.78802187 31.85039761 30.10462227 34.13667992 34.09319085 26.17196819
 28.19110338 26.62549702 26.60064612 27.0417495  27.73136183 29.96794235
 28.89314115 28.76888668 29.7194334  30.57057654 33.23583499 31.78827038
 33.34766402 33.72042744 26.32728628 26.29622266 28.37748509 28.86829026
 27.97987078 31.62673956 29.42122266 29.02982107 31.2415507  33.34145129
 32.34741551 33.50919483 32.19831014 33.39115308 24.91699801 26.04150099
 28.76888668 27.6195328  29.56411531 28.7750994  30.90606362 31.67644135
 31.76341948 32.09269384 30.94333996 30.81908549 32.40333002 32.46545726
 24.53802187 26.79324056 24.81138171 26.64413519 28.76888668 28.5638668
 28.79373757 29.40258449 31.05516899 32.26043738 31.96843936 33.09915507
 32.99353877 34.39761431 34.01863817 26.89885686 28.04821074 29.54547714
 26.66277336 29.75049702 29.3528827  30.68240557 31.17942346 29.63245527
 31.0862326  31.39686879 33.16749503 33.69557654 35.01888668 26.3832008
 28.19110338 28.45203777 29.14786282 27.83076541 29.57654076 30.10462227
 31.60810139 30.57678926 31.30989066 32.57107356 31.62673956 33.66451292
 33.81361829 25.70601392 26.82430417 27.33374751 27.73757455 29.67594433
 28.694334   29.16028827 29.43364811 30.75074553 32.36605368 32.12375746
 32.74502982 33.91302187 35.31088469 27.92395626 26.5944334  26.06635189
 26.53851889 27.37723658 28.12276342 31.05516899 28.93663022 28.84343936
 30.78802187 30.89363817 32.08648111 32.27286282 34.3416998  33.21719682
 26.98583499 25.57554672 27.52634195 29.70079523 28.21595427 31.22912525
 30.99304175 30.55193837 30.23508946 30.17917495 31.75720676 31.96843936
 34.22365805 31.71371769 25.98558648 25.46993042 29.60760437 26.5695825
 27.83076541 28.39612326 28.71918489 29.2721173  31.43414513 31.99329026
 32.85064612 31.88146123 30.68240557 33.47191849 24.60636183 27.29647117
 28.1973161  27.25919483 26.76838966 30.27857853 29.11058648 30.04249503
 30.18538767 30.70725646 31.819334   31.30989066 32.86307157 32.36605368
 33.26068588 26.33349901]",70553.76012612777
2025-06-15 13:05:00+00:00,785,6712.96,9.0,29.964011101978784,29.852882703777336,35.758200795228625,"[27.68787276 28.06684891 27.3026839  28.57629225 28.4333996  31.25397614
 30.88121272 31.40308151 32.11754473 29.53305169 33.24826044 33.94408549
 32.32877734 26.2278827  25.84890656 26.68762425 28.03578529 28.20352883
 30.09840954 30.12326044 28.40233598 29.47713718 30.11704771 31.29746521
 32.21694831 34.32927435 31.9000994  24.95427435 27.12872763 27.33996024
 29.64488072 27.35859841 29.81883698 29.2721173  30.41525845 30.62649105
 30.83151093 30.58300199 32.15482107 32.22316103 33.41600398 25.97937376
 26.76838966 26.25894632 27.76863817 26.88643141 29.5889662  28.95526839
 29.2721173  31.30367793 30.28479125 31.48384692 33.19234592 32.02435388
 33.21719682 33.46570577 28.34642147 25.38916501 26.47017893 27.14736581
 28.222167   27.66302187 30.03628231 30.78802187 28.98011928 30.75695825
 33.12400596 32.45303181 33.49055666 33.39115308 25.69980119 26.20924453
 27.24055666 29.05467197 29.65109344 29.27833002 29.94930417 30.34070577
 30.26615308 29.98658052 31.65780318 32.68290258 32.57107356 32.86928429
 25.58175944 27.82455268 28.17867793 29.06088469 29.3528827  30.03628231
 27.20328032 29.41500994 30.5333002  32.22316103 31.78205765 33.77634195
 32.52758449 32.99353877 32.86928429 25.96073559 27.61332008 29.17892644
 29.18513917 29.45849901 30.91848907 29.8499006  29.33424453 31.47763419
 31.9000994  31.53354871 31.72614314 31.63916501 33.82604374 25.76192843
 27.31510934 26.73111332 27.50770378 29.57654076 27.5139165  30.34070577
 30.86878728 30.39662028 31.0054672  32.12997018 32.0554175  32.72639165
 33.62102386 25.17793241 27.84319085 25.97937376 27.24676938 29.14786282
 28.99254473 31.29125249 30.34691849 30.73210736 30.54572565 31.57703777
 33.10536779 33.6583002  33.33523857 26.92370775 25.17171968 27.68787276
 25.46371769 29.07952286 29.08573559 29.88717694 31.48384692 28.96769384
 29.57654076 30.84393638 31.29746521 32.60213718 33.81983101 34.05591451
 26.74353877 27.03553678 26.89885686 27.3834493  28.9055666  28.83722664
 29.01739563 30.39662028 30.45874751 31.72614314 31.71993042 32.0554175
 31.52733598 33.61481113 24.81138171 26.81187873 25.96694831 27.22813121
 29.39015905 29.8499006  29.12922465 30.07977137 31.25397614 31.23533797
 33.68315109 32.42818091 32.90034791 30.49602386 24.68712724 26.55094433
 27.02311133 28.76267396 30.14189861 27.15357853 29.2721173  30.13568588
 30.46496024 32.31013917 32.22937376 31.83175944 33.11158052 31.31610338
 35.7582008  25.12823062]",70137.19554278022
2025-06-15 13:06:00+00:00,786,6736.52,9.0,30.034321576293962,29.926068588469185,34.99403578528827,"[28.40854871 27.55119284 27.02932406 28.42097416 28.62599404 30.73832008
 29.97415507 30.65134195 32.61456262 32.87549702 31.85039761 33.12400596
 34.49701789 25.71843936 28.15382704 26.9361332  28.46446322 28.3277833
 28.06684891 28.37127237 31.61431412 31.45899602 30.47117296 32.22937376
 32.29150099 33.16749503 32.3722664  27.22191849 27.52634195 28.82480119
 28.37748509 26.41426441 27.93016899 29.76913519 29.52683897 31.44657058
 30.59542744 33.055666   32.03677932 33.37251491 34.8138668  25.50099404
 26.08499006 25.78677932 27.84940358 28.00472167 26.51366799 29.50198807
 31.83175944 30.57057654 30.6389165  32.24801193 31.99329026 30.75695825
 31.73235586 33.26689861 26.79324056 26.52609344 27.79348907 28.34020875
 29.04224652 27.65059642 30.65755467 30.27236581 30.875      30.86257455
 31.9249503  31.04895626 33.42842942 32.52137177 27.03553678 25.89239563
 28.48931412 27.19085487 26.23409543 28.68190855 29.20999006 30.75695825
 31.76963221 32.8195825  32.94383698 33.01217694 32.23558648 32.73260437
 28.13518887 26.77460239 26.82430417 29.36530815 30.11083499 27.39587475
 28.94905567 28.43961233 31.40308151 32.04920477 31.49005964 32.08026839
 32.75124254 32.6332008  33.5526839  25.42022863 26.45775348 26.82430417
 26.9361332  26.85536779 30.68861829 29.15407555 29.66351889 32.23558648
 32.2666501  31.42793241 32.8195825  31.17942346 34.25472167 26.54473161
 27.63817097 27.86182903 26.79324056 29.21620278 28.67569583 29.39015905
 30.46496024 32.31013917 30.60164016 30.72589463 32.30392644 33.56510934
 34.21744533 25.89860835 27.26540755 27.45178926 27.48906561 28.05442346
 29.04845924 30.02385686 30.85014911 31.09244533 30.875      30.35313121
 32.0554175  33.67693837 31.80069583 26.51366799 26.11605368 27.29647117
 27.32132207 28.84343936 29.42122266 29.36530815 28.34642147 30.44632207
 31.96843936 32.09269384 30.07355865 32.98732604 32.93762425 33.49676938
 26.19060636 27.89289264 27.13494036 27.60089463 28.12897614 29.41500994
 28.88692843 30.17917495 32.06163022 32.42196819 32.27907555 32.47166998
 32.50894632 32.4778827  26.89885686 26.15954274 27.50770378 29.99900596
 28.95526839 29.80641153 30.64512922 30.92470179 30.66998012 32.5027336
 31.39686879 31.3223161  33.2917495  34.16153082 26.99204771 26.76217694
 26.7249006  28.88692843 28.96769384 28.03578529 31.1110835  29.57032803
 29.99900596 30.49602386 30.7693837  32.31635189 32.6332008  34.99403579
 31.2166998  26.29622266]",70372.42626564908
2025-06-15 13:07:00+00:00,787,6743.65,9.0,30.056140127721648,29.948216948310137,35.31709741550696,"[26.31486083 28.36505964 29.20999006 26.91749503 30.38419483 30.34691849
 31.51491054 31.1110835  31.18563618 32.57728628 32.86307157 31.347167
 33.94408549 27.49527833 27.50770378 27.44557654 28.63220676 27.49527833
 29.44607356 30.45253479 29.29075547 29.80019881 31.37201789 31.83175944
 32.88792247 31.4527833  34.50323062 27.83076541 25.32082505 27.18464215
 28.38991054 27.71893638 27.35859841 30.88742545 31.10487078 31.94980119
 30.0859841  30.31585487 32.06784294 32.62698807 32.39090457 27.42693837
 26.4639662  27.3834493  27.65680915 27.38966203 26.88643141 30.81287276
 29.50198807 30.34070577 30.24130219 31.01167992 32.08648111 32.25422465
 33.27932406 32.68290258 27.96744533 26.25894632 28.51416501 26.805666
 30.61406561 29.59517893 29.2472664  31.78205765 31.43414513 30.80044732
 33.36630219 33.90059642 32.11754473 34.03106362 27.45800199 25.79299205
 28.52037773 27.66923459 29.05467197 29.89960239 28.78131213 28.96769384
 30.6637674  30.17296223 30.7445328  29.34045726 31.73856859 33.16128231
 25.81784294 28.30914513 25.69980119 27.60710736 28.50173956 28.60114314
 29.75670974 30.50223658 31.85661034 29.12301193 31.15457256 30.96197813
 31.71371769 33.58996024 33.14264414 27.9612326  28.37748509 28.22837972
 26.99826044 30.35934394 28.64463221 30.26615308 29.52683897 29.08573559
 31.819334   31.03653082 32.54000994 34.31684891 32.88792247 26.20924453
 28.30293241 27.67544732 28.81237575 27.97987078 29.00497018 30.83772366
 29.56411531 31.37201789 31.2415507  31.4527833  31.80690855 31.6888668
 34.80765408 27.65059642 26.51366799 27.89910537 29.62624254 28.57629225
 30.12326044 29.06088469 30.09219682 31.36580517 30.60785288 30.76317097
 31.99329026 35.03752485 35.31709742 26.97962227 26.79945328 27.73136183
 28.12276342 29.30939364 28.30293241 30.21645129 31.11729622 31.06138171
 30.24751491 28.81858847 31.1110835  32.32877734 33.04324056 33.94408549
 26.09120278 26.92992048 29.93687873 27.57604374 28.24080517 30.7693837
 29.32181909 32.22937376 31.16078529 30.24751491 32.52137177 32.90656064
 32.31013917 34.36033797 23.94781312 27.6195328  27.68787276 27.14115308
 29.21620278 28.32157058 29.94930417 30.00521869 30.86878728 31.73856859
 30.45874751 31.74478131 32.56486083 33.19855865 25.74950298 26.36456262
 28.93663022 27.09145129 28.63220676 28.34020875 29.68215706 29.30939364
 29.92445328 30.81287276 30.67619284 31.35959245 31.19184891 33.20477137
 34.66476143 26.98583499]",70445.42241130554
2025-06-15 13:08:00+00:00,788,6695.25,9.0,29.91408093131812,29.79786903578529,34.89463220675944,"[26.10984095 27.25919483 27.94880716 28.70675944 28.48931412 29.89338966
 29.91824056 31.5832505  31.47763419 30.57678926 31.98086481 33.11158052
 33.38494036 25.04125249 27.14115308 29.04224652 28.96769384 28.91799205
 28.89314115 30.02385686 29.36530815 29.6138171  32.28528827 31.10487078
 31.19806163 32.00571571 32.0554175  25.74329026 27.71893638 28.83722664
 29.73807157 29.16028827 27.68166004 28.49552684 30.48981113 31.15457256
 31.11729622 31.61431412 31.48384692 34.04970179 31.9249503  25.48856859
 26.58200795 26.04150099 27.89289264 28.93663022 29.02360835 29.1167992
 29.39015905 31.21048708 31.2415507  30.6637674  29.98036779 31.93116302
 33.72042744 34.89463221 27.37102386 25.9917992  26.40183897 27.14736581
 27.43936382 29.07952286 29.89338966 31.93737575 30.80044732 30.78802187
 30.01764414 30.39662028 32.09890656 32.58349901 28.04199801 26.27758449
 29.0111829  27.47664016 29.20999006 27.91774354 28.7999503  30.78180915
 31.6640159  30.31585487 32.2417992  32.86307157 33.70178926 33.00596421
 25.11580517 26.30864811 27.87425447 26.89264414 27.97365805 29.34045726
 29.44607356 31.17321074 31.63916501 32.69532803 30.76317097 32.98111332
 32.24801193 33.2917495  31.98086481 26.14090457 26.5944334  27.65680915
 28.08548708 27.4083002  29.01739563 29.27833002 30.41525845 31.33474155
 32.01814115 31.99950298 31.08001988 33.45949304 34.5777833  26.04150099
 26.00422465 28.17246521 27.57604374 28.68812127 29.38394632 27.66302187
 29.57032803 29.07331014 29.90581511 31.90631213 32.02435388 32.33499006
 32.17967197 25.32082505 27.88667992 27.39587475 27.94880716 27.35238569
 29.89960239 29.81883698 30.35934394 29.86853877 30.88742545 31.67644135
 30.68861829 31.47142147 31.98086481 27.46421471 26.65656064 29.31560636
 28.94905567 28.08548708 28.97390656 29.89338966 29.12922465 31.12350895
 31.70129225 32.32256461 31.73856859 33.73285288 32.56486083 33.81361829
 24.31436382 27.32132207 27.88667992 26.34592445 26.89885686 28.88071571
 29.68836978 29.73185885 31.37823062 31.09865805 32.30392644 31.08001988
 29.99900596 34.44110338 24.77410537 25.53205765 26.19681909 27.62574553
 29.57032803 29.30939364 30.11704771 32.14860835 31.61431412 31.30367793
 31.34095427 32.90034791 33.85710736 31.88146123 26.53851889 26.36456262
 25.8861829  27.29025845 29.37152087 28.21595427 28.86829026 31.42171968
 30.9806163  32.42818091 33.02460239 32.44060636 32.98111332 33.70800199
 31.80690855 26.69383698]",69970.1491638179
2025-06-15 13:09:00+00:00,789,6709.92,9.0,29.958137759674884,29.843439363817097,36.95104373757455,"[27.49527833 28.6694831  28.39612326 29.34045726 28.58250497 31.03653082
 32.06784294 31.23533797 31.53354871 32.56486083 32.28528827 32.32877734
 33.80740557 27.48285288 27.4083002  26.22166998 27.60089463 28.70675944
 30.65755467 30.22266402 29.42743539 29.62002982 30.37798211 33.0805169
 34.53429423 32.75745527 34.13667992 25.83026839 26.09741551 26.99826044
 26.61928429 27.32132207 28.20352883 29.3528827  29.20377734 30.83151093
 31.39686879 32.10511928 31.35337972 32.93762425 33.7887674  24.84865805
 25.85511928 26.9609841  29.39015905 27.07281312 28.88071571 28.70675944
 29.62624254 29.89338966 29.51441352 32.24801193 31.83797217 32.00571571
 32.18588469 33.50298211 25.38916501 27.15979125 27.70029821 26.63792247
 28.87450298 29.40258449 28.12276342 30.42147117 30.32828032 29.8499006
 31.27261431 32.54622266 36.95104374 33.46570577 26.77460239 28.74403579
 26.75596421 28.70675944 26.54473161 27.97365805 29.67594433 30.61406561
 30.73832008 31.4527833  32.27286282 30.4276839  34.08076541 34.14910537
 26.09741551 26.25894632 27.5139165  28.74403579 28.21595427 30.04249503
 27.61332008 28.12276342 30.04249503 30.81908549 31.48384692 32.40954274
 31.25397614 33.20477137 32.68911531 27.45800199 25.44507952 28.68190855
 26.5695825  30.12326044 29.34045726 30.4276839  31.47763419 32.70154076
 31.08001988 32.31013917 30.94955268 31.50248509 32.6083499  25.96694831
 26.97340954 28.20352883 28.27808151 26.96719682 28.99875746 30.88742545
 30.01143141 30.57678926 31.7944831  30.6389165  35.27360835 32.91277336
 32.96868787 25.42644135 25.25869781 25.86133201 28.80616302 27.83076541
 27.70651093 29.1167992  31.51491054 29.8499006  31.68265408 32.49030815
 32.9749006  31.88146123 33.70178926 25.79299205 27.78727634 28.88692843
 26.65656064 28.1973161  28.41476143 30.89985089 28.82480119 30.5084493
 30.402833   30.00521869 30.94333996 32.01192843 33.39736581 33.97514911
 26.62549702 27.70029821 27.07902584 27.63195825 28.68190855 29.38394632
 29.6138171  31.51491054 31.33474155 31.95601392 33.27932406 33.14885686
 31.12350895 31.01789264 24.19632207 26.42047714 27.73757455 26.56336978
 27.86182903 28.47067594 31.16078529 29.89338966 30.88121272 31.63916501
 30.96197813 30.91848907 34.58399602 31.56461233 27.15357853 26.68141153
 28.36505964 28.13518887 29.57032803 27.45178926 29.84368787 29.98658052
 30.52708748 29.57032803 31.81312127 32.32256461 32.34741551 31.53976143
 34.63369781 26.17196819]",70117.54568876828
2025-06-15 13:10:00+00:00,790,6736.09,9.0,30.0361252726804,29.924732852882702,34.789015904572565,"[27.73757455 27.57604374 28.02957256 28.27808151 27.55119284 30.14811133
 32.80094433 31.37823062 31.03653082 32.0554175  31.14214712 32.29150099
 33.27932406 26.63792247 26.9609841  27.95501988 26.87400596 29.47713718
 28.58871769 29.23484095 31.3223161  31.29125249 29.25347913 31.01789264
 31.63295229 33.45328032 32.87549702 26.42668986 26.58822068 26.75596421
 29.04845924 29.52062624 29.62002982 29.33424453 30.57678926 29.89338966
 29.73185885 30.45874751 32.7139662  33.22962227 32.81336978 24.72440358
 26.61307157 27.81212724 26.37077535 27.28404573 28.38991054 30.76317097
 29.98658052 29.62002982 31.02410537 31.49627237 32.24801193 32.7388171
 31.83175944 33.55889662 25.94831014 27.12251491 27.43315109 28.91177932
 27.53255467 28.04199801 30.22266402 29.17892644 31.42793241 30.32828032
 32.1361829  32.52137177 32.32256461 34.13667992 27.01689861 28.91177932
 27.15979125 27.39587475 29.46471173 27.5387674  29.26590457 30.25372763
 32.35984095 30.23508946 30.09840954 33.50919483 33.06809145 33.0805169
 26.74353877 26.73111332 25.8861829  29.70079523 28.88071571 29.27833002
 29.31560636 30.11704771 33.47191849 31.40308151 29.91202783 31.98707753
 32.44060636 32.83822068 34.7890159  25.99801193 26.91749503 27.55740557
 27.52012922 28.40854871 29.9555169  29.8250497  30.05492048 31.98707753
 31.59567594 32.21073559 32.72017893 31.88767396 33.82604374 25.79299205
 25.94831014 28.40233598 28.14761431 27.99850895 29.3777336  31.22291252
 31.47142147 29.63866799 32.67047714 29.72564612 32.9500497  33.14885686
 34.19880716 26.58200795 25.70601392 26.43290258 29.09816103 29.60139165
 30.03006958 29.67594433 29.93687873 29.2472664  32.36605368 33.20477137
 31.64537773 33.01838966 33.11158052 26.23409543 27.50770378 26.84294235
 26.94234592 27.56983101 30.78802187 29.90581511 30.17296223 28.83101392
 31.99950298 31.57703777 32.45303181 32.32877734 32.55864811 32.91277336
 28.12897614 25.53827038 27.91774354 27.43315109 30.24130219 29.97415507
 29.74428429 29.04224652 31.57703777 30.60785288 31.69507952 31.6888668
 33.23583499 34.43489066 26.45154076 26.85536779 27.63817097 26.70626243
 28.37748509 28.38369781 31.43414513 29.46471173 29.11058648 31.83797217
 30.58921471 33.62723658 31.69507952 32.70154076 24.43240557 28.61356859
 29.1167992  30.07355865 28.63841948 29.79398608 28.60114314 29.47092445
 30.37798211 30.86878728 30.99925447 32.29150099 32.96247515 31.67644135
 33.71421471 26.5695825 ]",70378.46071227954
2025-06-15 13:11:00+00:00,791,6750.76,9.0,30.080169449925936,29.970303180914513,35.89488071570577,"[24.87350895 28.57629225 28.51416501 29.10437376 30.39662028 29.45849901
 29.86853877 30.62027833 31.30367793 32.06163022 34.37897614 32.38469185
 35.89488072 26.1471173  27.77485089 27.23434394 28.83101392 28.71918489
 30.27857853 28.06063618 29.99900596 29.94309145 30.99925447 30.65755467
 34.18638171 34.45974155 32.93762425 27.3834493  28.88071571 27.77485089
 28.83101392 29.77534791 28.92420477 28.35884692 30.5084493  27.65680915
 30.01143141 32.12375746 32.96247515 33.62723658 33.32281312 26.58200795
 27.53255467 25.74329026 27.63195825 29.2721173  29.42743539 30.45874751
 28.78131213 31.16699801 29.98036779 31.15457256 32.27907555 31.62052684
 33.3166004  33.93787276 26.01043738 27.95501988 27.97987078 28.58250497
 29.62002982 30.30964215 29.63866799 29.66351889 30.13568588 30.64512922
 30.35934394 33.20477137 32.60213718 33.06187873 26.78081511 26.99204771
 28.60114314 28.5638668  27.76863817 27.79970179 30.0859841  29.35909543
 30.97440358 30.52708748 32.2417992  33.43464215 32.11133201 33.84468191
 26.63170974 27.80591451 27.97365805 29.45228628 28.57629225 28.02335984
 30.14189861 31.0054672  31.78827038 30.55815109 31.13593439 31.98086481
 31.91873757 32.19831014 32.60213718 25.37673956 25.63146123 27.79970179
 28.86207753 29.6138171  29.47092445 29.97415507 28.65705765 30.99925447
 30.1916004  30.44632207 32.52758449 32.12997018 33.26689861 27.71893638
 26.43290258 27.81833996 28.0916998  29.06709742 29.76292247 29.89338966
 30.01764414 31.17942346 31.49005964 31.12350895 32.82579523 32.62698807
 33.16128231 26.71247515 26.74975149 26.9361332  27.33996024 29.04845924
 29.22241551 29.68215706 30.67619284 30.18538767 30.52708748 31.17942346
 34.50323062 33.88195825 35.09965209 27.66923459 27.277833   27.24676938
 28.44582505 28.86829026 29.70079523 29.32803181 30.50223658 31.65159046
 31.04274354 32.68290258 30.91848907 32.03677932 33.86332008 30.70104374
 25.79920477 25.68116302 27.6195328  29.72564612 28.47067594 29.51441352
 29.58275348 30.38419483 28.98011928 30.16053678 30.84393638 30.5084493
 33.44706759 32.93762425 26.07256461 27.13494036 27.28404573 27.30889662
 28.70675944 28.93663022 29.49577535 29.45849901 30.63270378 31.75720676
 32.11133201 31.68265408 32.75745527 32.69532803 25.81163022 26.30243539
 27.92395626 29.32803181 28.95526839 29.5889662  30.875      30.62649105
 31.74478131 30.60164016 31.30367793 32.11133201 31.84418489 32.44060636
 31.7944831  25.94209742]",70525.81491167222
2025-06-15 13:12:00+00:00,792,6738.85,9.0,30.04576853752491,29.933306411530815,34.79522862823062,"[27.42072565 28.02957256 27.9860835  29.1167992  31.2166998  29.53926441
 30.45874751 31.80690855 30.58300199 31.80690855 31.56461233 33.20477137
 31.22291252 27.26540755 26.50745527 27.45178926 28.84343936 28.27808151
 31.80069583 29.75670974 28.94905567 30.50223658 31.6640159  32.14239563
 32.45303181 33.03081511 34.12425447 28.17867793 28.39612326 27.23434394
 27.55119284 28.02957256 28.62599404 28.79373757 30.45874751 30.22266402
 30.14811133 31.77584493 33.37251491 32.57107356 32.42196819 26.11605368
 25.83026839 25.23384692 28.11033797 28.6694831  29.62624254 28.9304175
 29.57654076 30.12326044 30.402833   31.88767396 31.64537773 32.62077535
 32.04299205 33.5526839  27.277833   25.70601392 28.57007952 28.52659046
 27.30889662 29.64488072 29.63245527 29.84368787 30.4276839  31.3223161
 32.90034791 32.25422465 33.6583002  33.13643141 25.53827038 26.29622266
 27.32132207 28.222167   28.23459245 28.75646123 30.32828032 29.80019881
 31.33474155 29.94309145 31.64537773 30.98682903 32.63941352 33.25447316
 25.60039761 26.55094433 27.9860835  27.02932406 28.63220676 29.04224652
 29.05467197 31.03653082 29.70079523 31.46520875 30.90606362 30.64512922
 32.6332008  34.79522863 33.03081511 27.84319085 27.39587475 26.67519881
 28.42097416 29.20999006 29.46471173 28.14140159 30.71346918 30.91848907
 31.82554672 31.81312127 30.57057654 32.9749006  33.85710736 26.81809145
 27.09766402 27.19085487 27.56361829 29.76913519 28.87450298 30.94955268
 30.57678926 31.26640159 31.17942346 30.55815109 33.47813121 33.68315109
 32.89413519 26.71868787 27.08523857 28.53280318 26.04150099 29.08573559
 27.8804672  30.91227634 31.24776342 29.9555169  31.26640159 31.14214712
 32.22316103 33.85710736 33.12400596 24.27087475 29.3528827  26.71247515
 30.75695825 28.68190855 29.20999006 28.14761431 29.6945825  30.90606362
 31.35959245 32.09890656 31.6888668  31.88767396 33.11779324 31.26640159
 27.17842942 28.93663022 28.4333996  27.79348907 29.0360338  29.43986083
 30.39040755 29.75049702 32.35362823 31.76963221 31.37823062 30.53951292
 33.09915507 33.32281312 26.08499006 25.68116302 26.10984095 28.94284294
 28.21595427 29.32803181 30.41525845 29.94309145 31.06759443 31.37201789
 31.52112326 31.60810139 33.06187873 33.95029821 25.4140159  26.84294235
 27.18464215 27.93638171 27.92395626 28.23459245 31.35959245 29.58275348
 30.98682903 29.19756461 31.21048708 32.53379722 32.57107356 32.70154076
 34.74552684 26.06635189]",70410.72321914334
2025-06-15 13:13:00+00:00,793,6745.589999999999,9.0,30.0663982295247,29.954243290258447,35.07480119284294,"[28.30293241 26.94234592 28.61978131 27.03553678 30.36555666 30.16053678
 30.14189861 29.63866799 30.56436382 32.51515905 32.14239563 32.22937376
 34.54671968 26.92992048 27.73757455 28.24080517 27.47664016 28.26565606
 29.7194334  27.81212724 29.20999006 32.14239563 31.37201789 31.61431412
 33.07430417 31.09244533 33.96893638 24.95427435 26.01043738 27.70029821
 27.68787276 29.25969185 28.5638668  29.05467197 29.20377734 31.42793241
 31.96843936 30.63270378 34.04970179 34.65233598 32.30392644 28.02957256
 24.81759443 27.0417495  28.222167   29.99900596 29.04224652 30.35313121
 31.11729622 30.79423459 31.67644135 32.14239563 31.98086481 30.45253479
 32.35362823 35.03752485 28.12276342 27.5387674  29.6945825  28.83722664
 30.30342942 29.58275348 30.0859841  29.14786282 30.07977137 31.43414513
 30.86257455 29.76913519 32.31635189 33.74527833 25.32703777 28.38369781
 27.96744533 28.92420477 30.30964215 29.83747515 28.01093439 30.23508946
 30.81287276 32.01814115 32.29771372 33.50919483 33.6583002  34.22987078
 24.51317097 27.63195825 26.5695825  28.33399602 28.09791252 29.1416501
 29.07952286 29.34666998 29.0111829  31.12350895 30.56436382 31.76341948
 33.07430417 32.14239563 34.14910537 26.2278827  25.91724652 29.53305169
 27.84940358 27.89910537 29.47092445 29.42122266 30.01764414 30.55815109
 29.73185885 33.46570577 31.38444334 30.9806163  33.40979125 27.36481113
 28.07306163 27.48906561 29.56411531 27.97365805 29.37152087 29.37152087
 30.89985089 31.6888668  30.10462227 32.47166998 33.66451292 32.21073559
 33.04945328 25.75571571 27.14115308 27.45178926 29.0111829  29.65109344
 26.94855865 27.63817097 29.79398608 31.04274354 31.04274354 32.68911531
 31.40308151 33.77634195 32.54622266 27.14115308 28.17246521 27.0666004
 27.94880716 28.7750994  27.24676938 29.29075547 29.54547714 31.1110835
 30.12326044 31.56461233 31.15457256 33.04324056 33.19234592 34.17395626
 26.49502982 27.58846918 27.31510934 28.26565606 26.84294235 30.21023857
 29.47713718 31.26640159 30.22266402 30.51466203 31.7944831  31.80069583
 33.39115308 33.85089463 27.34617296 26.39562624 27.48906561 25.8054175
 28.86829026 28.63220676 30.81287276 29.73185885 29.60139165 30.62027833
 31.87524851 32.35984095 32.29771372 34.27957256 28.30293241 27.5387674
 25.97316103 27.02311133 28.52659046 28.89314115 29.48956262 30.37798211
 32.45924453 30.5333002  30.59542744 30.66998012 32.9500497  35.07480119
 31.96843936 26.73732604]",70479.74191669785
2025-06-15 13:14:00+00:00,794,6714.09,9.0,29.974173633612683,29.856392892644134,34.99403578528827,"[26.71868787 28.94284294 28.07927435 29.9555169  29.08573559 29.49577535
 29.05467197 31.18563618 32.27907555 33.62102386 32.12375746 32.93141153
 34.29199801 25.31461233 26.15954274 26.10984095 28.06063618 30.12947316
 28.63841948 28.55765408 29.07952286 31.0054672  29.60139165 31.63916501
 32.82579523 33.06809145 33.32281312 27.71272366 28.4333996  27.21570577
 27.28404573 28.24080517 27.73757455 30.89363817 29.94930417 29.04845924
 30.80666004 31.7944831  31.57703777 33.2917495  34.67097416 25.76192843
 27.26540755 25.28976143 27.42693837 26.83672962 28.55144135 29.09816103
 29.6945825  31.12350895 30.39040755 31.5832505  33.09915507 31.64537773
 32.80715706 32.83822068 26.47017893 29.09194831 27.5387674  28.91799205
 27.88667992 29.76913519 29.86232604 29.79398608 30.56436382 32.23558648
 31.0054672  32.45303181 31.6640159  33.32902584 28.14761431 28.66327038
 28.08548708 26.15333002 29.67594433 28.96769384 28.5638668  30.04249503
 31.09865805 31.64537773 31.85039761 31.84418489 32.34741551 33.7639165
 26.37698807 25.11580517 27.60710736 27.04796223 28.17867793 26.76217694
 28.87450298 30.07355865 29.94930417 30.85014911 31.75099404 31.57082505
 32.10511928 30.38419483 33.11779324 26.28379722 27.35859841 29.51441352
 27.93638171 28.37127237 28.14761431 30.96197813 30.81287276 30.86257455
 30.98682903 30.62027833 33.83225646 32.86307157 33.31038767 26.55094433
 25.57554672 27.92395626 27.37723658 28.73782306 29.53926441 30.05492048
 30.24751491 30.52087475 31.12350895 30.34070577 32.04920477 34.27957256
 33.09294235 26.27137177 25.19035785 28.83722664 29.11058648 29.00497018
 29.26590457 30.85014911 30.57678926 30.10462227 31.19806163 31.93116302
 32.37847913 31.75099404 33.15506958 26.37077535 26.10984095 27.92395626
 28.36505964 30.67619284 27.81212724 28.68812127 30.25994036 30.46496024
 31.50869781 30.76317097 31.68265408 30.63270378 33.24826044 34.99403579
 27.35859841 26.5695825  27.61332008 27.46421471 30.70725646 27.97365805
 29.87475149 29.05467197 30.6637674  29.84368787 33.69557654 32.10511928
 33.97514911 31.6640159  25.55690855 27.55119284 26.88021869 27.8804672
 28.00472167 28.53280318 28.71297217 28.99254473 30.90606362 31.01789264
 31.63916501 31.78827038 31.43414513 34.18016899 27.8556163  26.5695825
 27.28404573 27.32132207 27.01068588 28.75024851 29.98036779 30.20402584
 31.29746521 31.81312127 32.33499006 32.3722664  32.91898608 33.04324056
 32.12375746 25.81163022]",70171.1953086146
2025-06-15 13:15:00+00:00,795,6780.48,9.0,30.17082031982426,30.062624254473164,35.61530815109344,"[26.47639165 28.34020875 27.8556163  29.11058648 29.63866799 30.07355865
 30.99925447 28.20352883 33.37872763 31.01789264 33.92544732 33.58374751
 33.04945328 26.86158052 27.02311133 27.91153082 28.44582505 29.79398608
 28.61356859 30.57057654 30.64512922 30.68240557 30.66998012 32.98111332
 33.49055666 33.69557654 33.40357853 25.5444831  28.53280318 26.86779324
 30.402833   27.48906561 28.19110338 29.34045726 30.94955268 30.41525845
 32.41575547 32.02435388 33.32281312 32.83822068 32.03677932 26.47639165
 25.09095427 27.26540755 26.88643141 28.29671968 29.70079523 32.29771372
 31.04895626 29.83126243 29.57654076 31.49005964 32.49030815 33.13021869
 32.91898608 33.43464215 28.00472167 27.34617296 26.94855865 27.96744533
 28.64463221 29.13543738 30.61406561 29.0111829  30.42147117 31.14214712
 32.44060636 33.38494036 33.58996024 33.64587475 26.22166998 26.91128231
 27.80591451 27.60089463 28.95526839 27.22813121 29.68836978 29.88717694
 30.93712724 30.6389165  30.17917495 33.39115308 32.27286282 33.01217694
 27.29025845 25.74950298 27.1722167  28.62599404 28.44582505 28.99875746
 29.12922465 30.6637674  30.44010934 31.78205765 31.59567594 30.12326044
 33.16128231 33.92544732 32.59592445 25.69358847 27.68166004 26.71868787
 28.79373757 29.96172962 29.54547714 30.32206759 31.27882704 32.78230616
 31.87524851 31.81312127 32.20452286 32.29150099 33.72042744 26.16575547
 27.0666004  28.01714712 27.99850895 28.84965209 29.67594433 30.62027833
 29.9555169  31.32852883 32.92519881 30.51466203 32.28528827 33.37251491
 35.61530815 26.7000497  25.87375746 28.25323062 28.55144135 28.55765408
 29.94930417 30.32206759 31.65780318 30.56436382 30.402833   32.61456262
 32.18588469 33.73906561 33.42842942 25.64388668 27.73136183 28.46446322
 28.30293241 27.86182903 30.03006958 29.67594433 29.6138171  29.56411531
 30.75695825 31.70129225 33.34766402 34.09940358 32.31635189 34.32927435
 28.17246521 25.83648111 28.16625249 28.1973161  29.32181909 30.28479125
 29.15407555 27.86804175 30.73210736 30.89363817 31.96843936 32.56486083
 32.18588469 33.50298211 27.97987078 25.87375746 27.32132207 27.91153082
 28.76267396 29.30318091 31.53976143 31.31610338 30.22887674 30.30342942
 31.32852883 31.28503976 33.25447316 32.62077535 25.9110338  25.65631213
 26.42668986 27.32753479 26.03528827 29.14786282 28.67569583 30.30342942
 30.39662028 31.45899602 30.69483101 31.27261431 33.14885686 33.37872763
 34.60884692 27.41451292]",70829.09646200403
2025-06-15 13:16:00+00:00,796,6768.53,9.0,30.136275836447673,30.0255032306163,35.04373757455268,"[28.78752485 28.01093439 29.43364811 29.60139165 30.73832008 29.43364811
 29.70700795 33.01838966 32.80715706 29.30318091 30.76317097 33.82604374
 35.04373757 26.805666   27.56361829 26.88643141 28.96148111 29.72564612
 29.94930417 30.56436382 28.94905567 32.24801193 30.73832008 30.62649105
 32.5027336  32.34741551 32.39090457 25.66252485 27.03553678 27.65680915
 27.54498012 29.58275348 30.28479125 27.14115308 31.80690855 31.93116302
 30.89985089 31.12350895 32.27907555 33.44085487 32.09890656 27.45178926
 27.12251491 27.80591451 28.55765408 28.63841948 28.70054672 29.96794235
 29.81262425 30.60785288 30.45253479 31.53354871 31.819334   32.39090457
 34.35412525 32.96868787 25.46371769 27.6443837  27.68166004 29.36530815
 27.05417495 30.56436382 30.61406561 31.73235586 31.74478131 30.57678926
 32.00571571 31.94980119 32.11754473 32.54000994 26.32728628 26.54473161
 28.25323062 26.71247515 29.3528827  29.42743539 29.8499006  30.48359841
 30.875      31.75720676 30.62027833 30.57057654 32.30392644 32.80094433
 25.30218688 27.24676938 26.33349901 27.36481113 29.17271372 30.04870775
 28.3277833  29.37152087 32.20452286 30.33449304 32.36605368 31.91873757
 32.93141153 33.92544732 34.62748509 27.90531809 27.63195825 27.29647117
 28.96148111 27.89910537 28.55765408 31.17942346 29.02982107 30.02385686
 30.75074553 30.89985089 32.42196819 34.14289264 32.91277336 26.79324056
 26.40183897 26.04150099 28.86829026 28.20974155 30.34070577 27.74378728
 30.52087475 29.30318091 31.54597416 31.76341948 30.2972167  32.91277336
 34.16153082 26.16575547 29.06088469 26.94855865 27.78106362 29.02982107
 28.34020875 29.4833499  30.73210736 31.06759443 30.32206759 32.91898608
 29.4833499  32.28528827 33.49676938 27.45800199 26.34592445 28.85586481
 29.29696819 27.72514911 27.30889662 30.86257455 31.47142147 32.29150099
 31.19184891 28.78131213 32.15482107 32.52758449 31.15457256 33.17992048
 28.58871769 27.41451292 26.62549702 27.82455268 28.3277833  29.09194831
 30.59542744 28.6694831  31.96222664 30.86878728 31.52733598 32.95626243
 34.31684891 33.14264414 25.40780318 26.30864811 26.48260437 28.694334
 28.76267396 29.07952286 30.44010934 30.99925447 31.27261431 32.52758449
 31.62052684 33.72664016 32.31635189 31.76963221 27.60089463 29.90581511
 28.94284294 28.65084493 29.07331014 28.82480119 28.07306163 29.94309145
 29.32181909 30.56436382 32.3722664  31.91252485 32.28528827 31.57703777
 34.93812127 27.73757455]",70713.52443841934
2025-06-15 13:17:00+00:00,797,6736.9,9.0,30.043648395411974,29.927249005964214,35.683648111332005,"[28.36505964 25.75571571 29.86853877 28.1973161  29.20999006 30.88121272
 29.5082008  29.27833002 32.0554175  31.93737575 32.72639165 31.9249503
 32.70154076 25.62524851 27.36481113 30.0859841  28.25944334 28.21595427
 30.52708748 30.45874751 30.22887674 32.20452286 31.39065606 31.819334
 30.99304175 32.67047714 33.82604374 27.53255467 27.27162028 27.24676938
 27.67544732 28.5390159  28.89935388 28.04821074 30.55815109 30.39662028
 31.65780318 31.31610338 33.32281312 33.28553678 31.44657058 26.92370775
 27.66923459 27.42072565 28.85586481 29.75049702 28.14761431 28.78752485
 29.80019881 29.99900596 30.46496024 30.86878728 32.36605368 32.62077535
 31.94980119 33.17992048 25.13444334 28.3277833  26.30243539 28.55765408
 28.31535785 28.85586481 31.73235586 30.7445328  29.78156064 30.4276839
 32.01814115 32.34120278 34.91327038 35.03752485 25.38916501 27.16600398
 26.43911531 27.88667992 28.47688867 30.35934394 27.71893638 30.27857853
 30.40904573 31.94358847 31.93737575 32.08026839 32.48409543 33.35387674
 26.21545726 27.54498012 28.27808151 28.40233598 26.42668986 28.75024851
 28.25944334 32.70775348 28.29050696 31.46520875 31.5832505  30.88121272
 32.93762425 34.06212724 35.24254473 27.3026839  26.86158052 26.68141153
 28.15382704 29.76913519 29.43986083 31.81312127 30.29100398 31.67022863
 30.24751491 33.32902584 31.53976143 31.53976143 34.1056163  26.67519881
 26.40183897 27.8556163  28.30293241 27.37723658 27.71893638 29.96794235
 31.89388668 30.82529821 30.48981113 30.64512922 34.14910537 32.27907555
 35.68364811 25.78677932 28.25944334 26.7000497  27.61332008 30.75695825
 29.39637177 28.55765408 29.47713718 29.42122266 31.71371769 31.7944831
 31.57703777 33.43464215 33.54647117 26.95477137 27.87425447 26.29000994
 27.43315109 28.5638668  27.35238569 28.78131213 28.19110338 30.43389662
 30.49602386 31.86903579 32.12375746 34.31063618 31.32852883 32.48409543
 26.24030815 29.32803181 27.68787276 28.98011928 27.55740557 29.89960239
 30.10462227 29.78156064 30.90606362 29.39015905 31.99950298 32.18588469
 31.9249503  34.73931412 27.32753479 26.90506958 27.1722167  27.35238569
 29.99279324 29.6945825  28.52037773 29.04224652 28.68190855 31.01789264
 30.86878728 32.24801193 30.99925447 33.13643141 28.27186879 28.16625249
 27.14115308 27.58846918 27.21570577 28.4333996  29.37152087 28.60114314
 30.75074553 31.46520875 31.05516899 32.66426441 31.39686879 33.02460239
 31.819334   27.72514911]",70403.63007169029
2025-06-15 13:18:00+00:00,798,6763.32,9.0,30.122322612843924,30.00931908548708,35.96943339960238,"[26.25894632 26.76838966 27.07902584 28.4333996  30.32206759 30.61406561
 30.41525845 31.01789264 32.82579523 30.79423459 33.14885686 33.11779324
 33.50919483 25.91724652 26.40183897 29.56411531 27.96744533 30.01764414
 27.58846918 28.89935388 31.29125249 30.30964215 31.37823062 30.58300199
 31.06138171 34.35412525 35.9694334  26.5695825  26.37077535 26.9361332
 28.06063618 27.11008946 30.55815109 30.37798211 30.37176938 31.7944831
 30.24130219 33.055666   31.78827038 34.30442346 34.03106362 24.9666998
 27.17842942 26.28379722 26.60685885 26.9609841  28.91177932 29.24105368
 29.34045726 30.59542744 31.02410537 30.2972167  33.53404573 33.27932406
 32.7139662  33.3166004  26.25894632 26.30864811 25.76814115 29.28454274
 27.84940358 29.07952286 30.78802187 31.08001988 31.68265408 31.347167
 31.41550696 33.055666   32.08026839 33.32902584 26.73111332 27.52634195
 27.33374751 29.35909543 27.47042744 29.45849901 29.96794235 28.9055666
 30.82529821 31.57703777 31.2166998  32.08026839 32.94383698 32.64562624
 26.8305169  27.90531809 27.87425447 26.9361332  25.6500994  29.80019881
 29.52062624 31.03653082 31.91873757 32.06163022 31.2166998  31.98086481
 33.73285288 33.6583002  35.14935388 26.49502982 27.55740557 27.75
 30.04249503 27.94259443 29.41500994 29.59517893 31.82554672 30.03628231
 31.37201789 31.57703777 33.11779324 31.94980119 33.28553678 25.46371769
 27.99229622 28.88692843 27.56983101 28.55144135 30.04870775 30.89363817
 29.70700795 31.02410537 31.35959245 30.78802187 32.19209742 34.53429423
 34.54050696 25.44507952 26.37077535 28.75646123 26.7249006  29.02982107
 27.99229622 31.34095427 29.83747515 30.78180915 31.03653082 29.39015905
 31.93116302 33.72042744 33.38494036 26.40805169 26.58200795 27.42693837
 27.65680915 29.1167992  28.35884692 30.03006958 31.04274354 30.21023857
 30.91848907 31.45899602 31.819334   32.52137177 33.39736581 34.2360835
 25.70601392 27.47664016 27.84940358 27.12251491 27.45800199 27.9860835
 30.59542744 29.70700795 30.22887674 32.8195825  31.61431412 31.80069583
 32.86928429 32.77609344 28.28429423 27.11008946 29.83126243 27.53255467
 28.52037773 28.25944334 30.67619284 30.23508946 30.91848907 31.40308151
 32.42818091 32.07405567 33.57753479 32.54000994 27.8804672  27.13494036
 27.6443837  27.3026839  29.14786282 29.02360835 28.78752485 29.89960239
 31.02410537 28.7750994  31.73235586 32.07405567 31.6888668  33.17992048
 33.22340954 27.43315109]",70666.84253353064
2025-06-15 13:19:00+00:00,799,6767.789999999999,9.0,30.13621497626507,30.023204522862827,35.58424453280318,"[27.23434394 27.97365805 28.86207753 29.09194831 27.91153082 28.9304175
 30.75074553 31.27261431 28.89935388 31.7944831  32.53379722 33.92544732
 34.34791252 26.76217694 25.73086481 27.60089463 26.86158052 26.62549702
 31.39686879 30.30342942 29.74428429 30.34691849 30.70725646 32.03677932
 31.71993042 33.97514911 31.43414513 27.18464215 25.39537773 28.45203777
 28.04199801 30.78180915 28.64463221 29.83126243 31.01789264 32.27286282
 31.91252485 32.47166998 31.84418489 33.94408549 33.2109841  26.96719682
 27.52012922 28.16625249 28.73161034 28.55765408 27.45800199 30.91227634
 28.16625249 30.79423459 30.72589463 32.40954274 32.26043738 34.43489066
 32.0554175  32.56486083 28.57007952 27.23434394 29.65730616 27.0417495
 27.42072565 29.88717694 29.25347913 30.50223658 30.54572565 32.58349901
 31.93116302 33.5526839  32.7139662  32.64562624 26.91128231 27.94880716
 27.81212724 27.77485089 28.20352883 28.47067594 28.57007952 28.08548708
 32.45924453 31.12350895 30.56436382 32.54000994 33.35387674 31.60810139
 24.32678926 25.45750497 28.5390159  27.72514911 27.32753479 28.85586481
 27.92395626 29.930666   30.83772366 32.1361829  31.19806163 30.67619284
 33.73906561 33.80740557 33.95029821 25.0723161  29.53305169 26.40805169
 28.78131213 28.60114314 29.75670974 31.02410537 32.04299205 31.16078529
 31.80069583 30.33449304 32.29150099 30.67619284 33.91923459 27.44557654
 28.20352883 27.22813121 27.97365805 28.80616302 28.82480119 30.52087475
 29.50198807 31.02410537 33.6583002  30.62649105 32.50894632 33.8695328
 35.58424453 27.37102386 27.15979125 26.81187873 28.89935388 29.12922465
 29.43986083 30.57678926 31.03031809 31.24776342 31.56461233 29.81262425
 31.28503976 33.90680915 33.6334493  26.84915507 28.12897614 27.78106362
 27.67544732 29.14786282 29.34045726 30.83151093 29.3777336  30.68240557
 29.53926441 30.35934394 31.7944831  33.6334493  31.90631213 33.20477137
 27.15357853 24.95427435 28.39612326 26.61307157 29.76292247 27.68166004
 29.35909543 29.76913519 31.57703777 31.10487078 31.50869781 31.30367793
 32.29150099 34.2112326  26.17196819 27.95501988 27.63195825 27.50149105
 29.78156064 30.09840954 28.08548708 30.62027833 31.57703777 30.97440358
 31.82554672 34.06833996 32.04920477 34.3416998  26.5944334  26.47017893
 27.33374751 26.9609841  28.93663022 28.08548708 29.91202783 30.69483101
 29.15407555 31.51491054 31.47142147 32.31635189 33.06187873 34.09940358
 33.6583002  25.8054175 ]",70713.32082459242
2025-06-15 13:20:00+00:00,800,6705.67,9.0,29.953590879880295,29.830237326043733,34.32927435387674,"[25.90482107 26.58200795 26.62549702 29.49577535 29.60139165 30.57057654
 30.32828032 30.44010934 30.68861829 33.41600398 31.98086481 32.76366799
 32.2417992  26.78081511 28.03578529 27.32132207 30.96197813 28.28429423
 28.06063618 30.38419483 30.52087475 31.82554672 31.16078529 31.68265408
 32.24801193 33.91923459 33.52162028 26.97340954 26.7249006  26.5695825
 28.02335984 28.09791252 28.01714712 28.81858847 28.58871769 32.62077535
 31.53354871 31.37201789 32.01814115 33.67693837 33.7887674  26.38941352
 26.58200795 27.08523857 28.19110338 30.45253479 30.6389165  28.78752485
 30.5084493  30.75074553 30.56436382 31.96222664 31.57082505 32.1361829
 33.98136183 34.20501988 25.36431412 26.61307157 27.5139165  27.43936382
 28.19110338 29.2721173  29.99900596 30.03006958 30.7445328  30.77559642
 33.70800199 31.99329026 31.74478131 32.11754473 26.17196819 27.10387674
 27.9860835  27.43315109 29.86853877 28.20974155 28.46446322 29.20999006
 30.0611332  31.42793241 32.96247515 30.88742545 31.58946322 33.03081511
 25.25869781 27.71893638 26.04150099 27.45178926 27.02932406 27.6443837
 30.48981113 31.23533797 30.77559642 32.68290258 31.03031809 33.7639165
 31.9249503  32.5027336  32.9749006  27.14736581 28.34020875 27.04796223
 29.14786282 28.9304175  29.36530815 30.06734592 29.53305169 30.14811133
 30.20402584 31.16699801 32.90656064 31.35337972 33.70800199 26.71868787
 27.52634195 26.36456262 28.18489066 26.27137177 28.39612326 30.52708748
 28.7750994  31.16078529 32.2666501  30.7693837  30.97440358 32.43439364
 33.62102386 26.0166501  26.08499006 25.40780318 26.4888171  26.56336978
 29.12922465 30.58921471 29.02360835 30.89363817 30.2972167  30.69483101
 31.30367793 33.23583499 34.32927435 25.58797217 28.61356859 26.83672962
 25.85511928 28.11033797 30.94333996 29.6138171  31.32852883 30.47117296
 30.32206759 30.55815109 32.12997018 34.31063618 34.13667992 34.29199801
 26.86779324 27.12872763 27.26540755 27.71272366 27.55119284 30.7693837
 30.65134195 31.26640159 31.17321074 29.930666   32.93762425 30.40904573
 33.70800199 32.18588469 27.38966203 25.05367793 28.54522863 27.86182903
 28.50795229 28.61356859 28.65705765 29.5082008  30.58300199 31.44035785
 29.91824056 31.15457256 32.94383698 31.93737575 25.43265408 26.75596421
 28.61356859 28.40233598 26.17818091 29.68836978 30.60785288 28.12897614
 32.06784294 31.62673956 32.46545726 30.9806163  30.94333996 31.48384692
 33.80119284 26.55715706]",70102.33364772752
2025-06-15 13:21:00+00:00,801,6742.7300000000005,9.0,30.06364483084047,29.945359095427435,35.459990059642145,"[27.12872763 29.30318091 27.57604374 29.49577535 28.38369781 31.73235586
 28.98633201 30.80666004 29.73185885 32.12375746 32.08026839 33.24826044
 33.11779324 26.24652087 26.97340954 28.14140159 29.0111829  27.8804672
 29.89960239 30.24130219 30.66998012 32.31013917 31.12972167 32.98111332
 30.64512922 32.35984095 34.45974155 27.60710736 26.20924453 26.91128231
 27.52012922 28.15382704 28.63841948 29.18513917 28.63220676 30.37798211
 31.07380716 32.12997018 31.16699801 30.93091451 34.77659046 26.53851889
 28.24701789 27.22191849 28.222167   28.79373757 28.45203777 30.14811133
 30.00521869 30.83151093 31.12972167 30.82529821 32.92519881 32.90656064
 34.41625249 34.61505964 26.29622266 26.47017893 27.73757455 28.55765408
 29.88717694 27.47664016 28.9055666  29.90581511 30.50223658 31.05516899
 31.08001988 31.15457256 32.80715706 31.76963221 25.97937376 27.77485089
 28.99254473 28.83722664 28.75646123 29.43364811 29.2472664  30.83772366
 31.12350895 31.52733598 33.33523857 33.15506958 32.26043738 33.62102386
 27.10387674 26.89885686 27.8804672  27.65059642 28.16625249 28.12276342
 27.74378728 29.98658052 30.72589463 31.47142147 29.07952286 30.22266402
 33.37872763 32.57107356 34.44110338 27.35859841 26.58200795 27.37102386
 29.45849901 28.38369781 27.97365805 28.09791252 29.50198807 30.15432406
 31.97465209 32.42196819 32.27286282 33.68936382 32.66426441 26.78081511
 27.63195825 27.19085487 28.12897614 28.34642147 28.50795229 27.92395626
 30.39040755 33.34766402 31.46520875 30.37176938 31.5832505  32.43439364
 33.58996024 28.63841948 25.28354871 27.55119284 27.33996024 26.81809145
 29.25347913 29.30939364 30.01764414 29.29696819 30.28479125 31.31610338
 31.69507952 30.49602386 33.03702783 26.54473161 26.61928429 28.57007952
 27.20949304 26.09741551 29.96794235 31.3223161  28.71297217 30.70104374
 30.58921471 31.50248509 31.98707753 34.89463221 34.96297217 32.91277336
 25.79920477 27.56983101 27.8556163  27.93638171 29.17892644 31.33474155
 29.93687873 31.2415507  30.12326044 32.56486083 31.4527833  31.61431412
 32.75745527 35.45999006 25.8861829  26.81187873 28.14140159 28.03578529
 28.18489066 30.17917495 29.09816103 30.44010934 31.07380716 29.87475149
 32.12375746 31.67644135 33.01838966 31.08001988 26.91749503 25.91724652
 27.74378728 28.222167   29.56411531 30.57678926 30.01143141 29.1416501
 30.34070577 30.47117296 30.71968191 34.14289264 32.83822068 33.34145129
 34.43489066 26.51988072]",70470.53014605987
2025-06-15 13:22:00+00:00,802,6728.469999999999,9.0,30.022244733536958,29.901062375745525,34.87599403578528,"[27.33996024 27.27162028 28.79373757 28.57007952 29.58275348 29.79398608
 29.86853877 29.66973161 32.2666501  30.49602386 33.78255467 33.06809145
 33.2109841  26.79945328 28.26565606 27.50770378 29.02982107 28.05442346
 28.65705765 29.5082008  29.01739563 30.02385686 29.21620278 32.27286282
 31.98086481 32.64562624 34.87599404 27.17842942 25.12201789 27.59468191
 29.32181909 29.62002982 29.94930417 28.39612326 29.78156064 29.14786282
 31.26640159 30.1916004  31.51491054 32.23558648 33.27311133 26.98583499
 25.81163022 27.19085487 26.65034791 28.4333996  30.86257455 29.62624254
 30.9806163  31.76341948 30.27236581 32.20452286 33.72664016 31.47142147
 34.26714712 33.8695328  26.08499006 26.54473161 27.94880716 28.30914513
 29.25347913 27.86804175 30.60785288 31.91252485 30.94955268 30.88742545
 32.60213718 32.40333002 33.62102386 32.86307157 26.79324056 26.30864811
 28.52037773 28.96148111 28.05442346 27.26540755 32.57107356 31.32852883
 31.08001988 30.99304175 32.32877734 32.12375746 31.88767396 31.69507952
 25.27733598 26.66277336 26.90506958 27.76863817 29.35909543 29.20999006
 29.68836978 29.09194831 29.71322068 30.84393638 30.83151093 32.79473161
 33.37872763 32.91898608 33.37872763 26.86779324 27.04796223 27.94880716
 28.62599404 29.02360835 29.75049702 29.34666998 31.74478131 30.95576541
 31.04895626 32.31635189 32.80094433 32.63941352 33.7639165  24.77410537
 27.15357853 28.05442346 27.48906561 28.07306163 29.25969185 28.79373757
 31.50869781 31.76963221 29.74428429 30.89985089 32.50894632 30.93712724
 33.97514911 26.73111332 28.17246521 27.32132207 27.92395626 28.08548708
 29.5082008  28.57629225 29.930666   30.21023857 30.4276839  31.37201789
 31.78827038 31.56461233 33.52162028 26.63170974 24.96048708 26.92370775
 28.01714712 29.68215706 29.05467197 28.10412525 29.930666   30.15432406
 29.20377734 31.19184891 31.94358847 31.83175944 32.45924453 33.70178926
 25.99801193 26.63792247 26.7000497  27.43936382 28.04821074 29.45849901
 29.80019881 30.67619284 30.5333002  30.07977137 33.22962227 32.98732604
 31.78827038 33.63966203 27.28404573 26.3583499  29.17892644 26.43290258
 28.4333996  28.31535785 30.50223658 31.51491054 32.12375746 29.54547714
 31.5832505  32.40333002 30.90606362 33.20477137 26.61928429 27.5387674
 26.00422465 26.89885686 28.15382704 28.29050696 31.55218688 30.60164016
 31.17321074 31.35337972 32.01192843 31.29746521 32.32877734 33.2917495
 33.11158052 27.56361829]",70332.02198052125
2025-06-15 13:23:00+00:00,803,6771.610000000001,9.0,30.150228050138626,30.035070825049697,35.056163021868784,"[25.94831014 27.19085487 29.31560636 26.96719682 28.09791252 29.05467197
 31.12350895 30.32828032 30.93712724 30.60785288 31.28503976 34.69582505
 33.6583002  25.83026839 28.57629225 27.36481113 29.76913519 27.04796223
 31.33474155 30.19781312 29.02360835 30.75074553 31.63295229 31.39686879
 31.21048708 33.34766402 33.90059642 26.74975149 27.32753479 28.16003976
 27.0666004  28.94284294 30.25372763 30.54572565 29.76292247 30.59542744
 31.0862326  31.76963221 32.6083499  31.62673956 33.31038767 25.60661034
 28.32157058 27.40208748 27.5139165  28.58871769 28.50173956 29.06709742
 29.46471173 30.43389662 31.82554672 31.86282306 32.29771372 33.44706759
 33.35387674 34.45974155 26.25894632 26.84915507 27.5387674  28.85586481
 28.32157058 29.59517893 29.86232604 30.54572565 31.88767396 31.59567594
 32.6332008  31.77584493 31.04895626 32.45924453 27.11008946 27.14736581
 27.20949304 27.21570577 26.47639165 29.75049702 29.62002982 30.35934394
 30.72589463 29.63245527 32.52137177 32.75745527 32.86928429 33.88817097
 27.07902584 28.68812127 28.97390656 28.9055666  28.16003976 27.73136183
 30.22887674 29.10437376 31.04274354 31.3223161  31.81312127 31.96843936
 32.88792247 33.46570577 33.62102386 26.92370775 27.38966203 27.07281312
 28.27186879 29.39015905 29.0360338  30.15432406 29.01739563 31.69507952
 33.62723658 31.55218688 32.56486083 34.56535785 32.74502982 28.57629225
 26.39562624 27.20328032 29.26590457 29.20999006 29.1416501  30.71346918
 31.65780318 30.84393638 32.01192843 33.70178926 32.70154076 33.68315109
 32.58971173 26.30864811 28.76888668 26.56336978 29.29696819 28.4333996
 29.09816103 28.32157058 29.89960239 28.89935388 30.73210736 31.64537773
 31.78827038 31.02410537 34.62127237 24.97291252 27.99229622 27.32753479
 27.84319085 27.52634195 28.88692843 30.99304175 29.66351889 30.06734592
 31.48384692 31.94358847 31.46520875 31.72614314 33.54647117 31.38444334
 28.07306163 27.71893638 27.47042744 28.25944334 28.7750994  28.35884692
 28.36505964 31.40308151 33.04945328 32.52758449 31.97465209 32.42196819
 33.47813121 32.29150099 26.3583499  27.30889662 28.59493042 28.35884692
 27.93016899 30.04870775 29.15407555 29.52062624 30.1916004  31.1110835
 32.67668986 31.73856859 35.05616302 32.92519881 26.62549702 25.8861829
 27.45178926 27.80591451 28.70054672 29.04224652 28.27808151 29.49577535
 30.09840954 30.39662028 30.09840954 33.22340954 31.76341948 34.11182903
 34.45352883 26.4639662 ]",70760.20296454379
2025-06-15 13:24:00+00:00,804,6712.03,9.0,29.9750736445285,29.849993787276343,35.633946322067594,"[27.45800199 27.65680915 27.72514911 29.60139165 29.81262425 28.38991054
 29.2721173  31.62673956 32.01814115 32.09890656 33.20477137 32.2417992
 34.01863817 26.69383698 26.47639165 29.35909543 27.91153082 26.89264414
 29.78777336 29.21620278 30.52087475 30.30964215 31.36580517 30.7445328
 31.53976143 33.80740557 32.73260437 25.57554672 27.13494036 28.06684891
 27.69408549 28.80616302 28.73782306 30.30964215 30.96819085 28.98011928
 29.66351889 32.77609344 32.34120278 32.68911531 33.16749503 26.30864811
 27.5387674  26.78702783 28.91177932 28.33399602 29.00497018 28.49552684
 31.18563618 31.42793241 31.16699801 31.29125249 30.84393638 32.36605368
 32.45303181 33.49676938 25.78677932 26.11605368 26.86158052 27.48285288
 29.1167992  29.1416501  29.66973161 29.68215706 30.66998012 33.00596421
 32.01192843 32.99353877 32.99975149 34.65854871 26.33971173 27.77485089
 28.75024851 27.25298211 29.47092445 28.89314115 27.52634195 30.03006958
 31.69507952 30.26615308 31.81312127 32.21073559 31.88146123 32.40954274
 28.34020875 26.97962227 27.49527833 28.58871769 28.40854871 27.29025845
 29.66351889 30.34691849 31.30989066 29.81262425 31.1110835  32.18588469
 32.50894632 31.78827038 34.03106362 27.55740557 26.61307157 27.68166004
 28.0916998  27.45800199 29.53305169 30.75695825 31.57703777 30.17296223
 31.54597416 32.58971173 31.65159046 33.17370775 35.63394632 26.54473161
 25.70601392 28.94284294 28.89314115 30.11704771 28.61978131 28.23459245
 30.84393638 29.63866799 29.68836978 32.9749006  32.07405567 32.92519881
 31.819334   26.79945328 25.89860835 28.222167   26.92370775 28.55765408
 29.1167992  29.07952286 29.70079523 30.10462227 31.01167992 33.11158052
 31.5832505  32.73260437 33.85710736 26.2527336  28.4333996  28.18489066
 28.02335984 28.81237575 29.62002982 27.81833996 28.00472167 29.53926441
 31.23533797 30.9806163  31.65159046 30.78802187 31.75720676 33.13021869
 26.17818091 26.36456262 26.13469185 27.20949304 29.45228628 30.47738569
 28.47688867 29.19756461 30.91227634 30.78180915 29.9555169  32.18588469
 32.90034791 33.36630219 27.73757455 26.76838966 28.34642147 26.60064612
 29.53926441 27.28404573 29.32181909 30.29100398 30.91227634 29.88717694
 30.94955268 31.02410537 32.75124254 33.66451292 24.64985089 27.71272366
 28.37127237 26.57579523 27.59468191 29.15407555 27.76863817 29.87475149
 31.03031809 30.65755467 31.69507952 31.32852883 31.85039761 33.15506958
 35.21769384 27.32132207]",70174.20638513454
2025-06-15 13:25:00+00:00,805,6787.74,9.0,30.199159423954086,30.085176441351887,34.72067594433399,"[27.9612326  28.47067594 29.60139165 28.71918489 29.47092445 29.80019881
 31.18563618 30.86257455 31.27882704 32.7388171  32.14860835 34.72067594
 33.55889662 27.14736581 26.81809145 27.80591451 30.27857853 28.97390656
 27.277833   30.01143141 28.83101392 30.91227634 31.41550696 31.52112326
 32.72017893 31.71371769 34.04348907 28.46446322 28.63220676 28.58250497
 28.12276342 28.9055666  30.29100398 29.81883698 31.14835984 30.12947316
 31.19184891 32.08648111 32.82579523 32.79473161 32.64562624 25.77435388
 25.45129225 29.2472664  27.53255467 29.02982107 29.06709742 29.930666
 31.04274354 30.22887674 32.35984095 32.06163022 31.91252485 32.86307157
 32.51515905 34.02485089 26.90506958 26.14090457 28.04199801 27.58846918
 27.01689861 28.75646123 31.14835984 31.98707753 32.0305666  31.84418489
 33.85089463 30.60164016 31.14835984 33.81361829 25.23384692 27.30889662
 28.20974155 28.83722664 29.07331014 29.45228628 28.86829026 29.42743539
 30.57678926 30.76317097 31.74478131 32.73260437 32.90656064 34.44110338
 26.76838966 26.38941352 27.30889662 27.39587475 29.09194831 29.45228628
 29.00497018 28.43961233 30.17917495 31.60188867 31.22291252 33.35387674
 32.0305666  31.819334   33.93787276 26.11605368 28.13518887 26.92370775
 27.25919483 28.7999503  28.30914513 30.65755467 30.40904573 31.42171968
 30.01143141 30.95576541 32.39090457 34.52186879 34.18016899 25.63767396
 27.58225646 27.37102386 28.48310139 29.09816103 27.65059642 31.33474155
 29.59517893 31.22291252 31.17942346 32.33499006 32.01192843 33.73285288
 34.2112326  27.75621272 26.29622266 27.02932406 26.29000994 29.83747515
 29.23484095 29.31560636 30.89985089 31.08001988 31.39686879 31.5583996
 32.5027336  33.39115308 32.21694831 27.99229622 27.39587475 27.62574553
 28.5390159  30.48359841 26.9361332  28.95526839 30.45253479 31.61431412
 30.47117296 31.35337972 31.97465209 33.16128231 32.31635189 33.35387674
 25.79299205 26.73732604 28.68812127 29.27833002 28.10412525 29.6945825
 31.05516899 29.64488072 31.77584493 29.96172962 32.34741551 31.81312127
 32.37847913 32.67668986 27.15357853 26.40805169 29.25347913 27.84940358
 28.71918489 29.0360338  28.5390159  29.47092445 30.51466203 31.91873757
 31.99329026 31.76341948 31.71371769 32.90656064 27.32132207 26.54473161
 27.62574553 30.75695825 29.60139165 28.20352883 31.06138171 31.60188867
 31.07380716 30.48981113 30.72589463 31.19806163 31.52112326 32.01814115
 33.70800199 26.30864811]",70923.9077687808
2025-06-15 13:26:00+00:00,806,6748.84,9.0,30.085019545787063,29.96433896620278,35.609095427435385,"[26.67519881 29.40879722 29.65730616 29.20999006 29.49577535 30.34070577
 29.99900596 31.96843936 30.65755467 31.84418489 33.28553678 32.49652087
 34.22365805 26.53851889 26.76838966 26.47639165 26.06635189 27.09145129
 29.5082008  30.58921471 28.96769384 29.59517893 31.35337972 32.37847913
 31.43414513 32.80715706 33.63966203 25.38916501 27.18464215 26.33971173
 27.30889662 29.23484095 30.04870775 30.88121272 30.78180915 29.20999006
 32.02435388 31.22912525 32.45303181 33.25447316 32.60213718 24.77410537
 27.33374751 25.92345924 28.04199801 28.23459245 27.83076541 29.42122266
 29.3777336  30.05492048 31.72614314 33.55889662 32.22316103 32.6332008
 32.43439364 32.95626243 27.73757455 28.27808151 26.76838966 28.24701789
 27.76863817 31.62052684 29.30318091 30.49602386 28.98011928 31.11729622
 30.52087475 32.34120278 32.44060636 33.81983101 26.7249006  27.20328032
 27.65680915 27.25298211 28.38369781 29.15407555 30.12326044 30.73210736
 30.21645129 30.51466203 32.23558648 32.96247515 31.61431412 35.60909543
 27.1722167  29.09816103 27.93016899 29.29696819 27.81833996 29.77534791
 29.1167992  31.12972167 30.78180915 31.12350895 31.90631213 31.25397614
 34.35412525 34.98782306 33.43464215 26.15333002 27.55740557 29.84368787
 29.39015905 28.23459245 29.67594433 29.05467197 30.97440358 30.81287276
 31.29125249 33.0805169  31.347167   32.75124254 33.72042744 26.85536779
 25.79920477 26.49502982 28.86829026 28.25944334 28.48931412 29.6138171
 31.39065606 31.03653082 32.08026839 31.52112326 33.11779324 32.54000994
 32.19209742 26.35213718 26.26515905 27.54498012 29.80019881 27.03553678
 30.85014911 29.76292247 30.17917495 31.69507952 30.62027833 28.76267396
 31.73235586 31.09244533 33.59617296 25.57554672 28.14761431 27.39587475
 29.15407555 28.14761431 29.17271372 29.16650099 29.64488072 30.875
 31.06138171 31.11729622 32.19831014 32.32256461 33.60859841 33.40979125
 27.42072565 26.73732604 26.20924453 28.60114314 27.9860835  28.95526839
 30.56436382 30.32206759 30.63270378 31.51491054 30.402833   31.47763419
 32.3722664  32.92519881 25.07852883 27.78727634 27.72514911 27.17842942
 28.5638668  29.45228628 29.02360835 29.28454274 29.55790258 31.6640159
 31.73856859 33.16749503 34.59642147 32.80094433 26.09120278 25.93588469
 26.87400596 28.40854871 27.59468191 28.5390159  29.66973161 30.50223658
 30.21023857 29.93687873 32.6083499  31.60810139 34.472167   31.01789264
 32.80715706 28.47067594]",70542.0413923852
2025-06-15 13:27:00+00:00,807,6754.37,9.0,30.10198799356727,29.98151714711729,36.0315606361829,"[26.74353877 27.13494036 29.09816103 27.91774354 28.5638668  30.65755467
 30.0611332  32.06784294 31.53354871 32.26043738 33.13021869 33.12400596
 32.90034791 28.72539761 25.35810139 27.53255467 27.26540755 27.94259443
 29.37152087 29.43986083 30.03006958 30.73832008 30.91227634 32.26043738
 31.03031809 32.96247515 34.04970179 25.37052684 26.62549702 27.37102386
 29.53926441 25.40780318 28.07306163 29.39015905 31.37201789 32.0554175
 31.13593439 32.7139662  32.34120278 31.9000994  32.2666501  26.17818091
 27.65059642 26.04150099 27.78106362 30.5333002  29.86853877 29.98658052
 28.37127237 31.06759443 31.65159046 30.21023857 30.57057654 32.11133201
 32.34120278 32.38469185 26.98583499 27.93638171 27.75621272 27.65680915
 29.54547714 29.31560636 30.25994036 30.94955268 30.98682903 31.33474155
 31.51491054 31.99329026 33.29796223 33.67072565 28.03578529 25.37052684
 29.37152087 26.81187873 28.85586481 29.50198807 29.01739563 30.22887674
 29.37152087 31.19184891 32.17967197 32.85064612 32.12997018 33.36008946
 25.94831014 27.23434394 26.32728628 27.90531809 26.86779324 26.89885686
 30.03628231 29.0360338  31.04274354 31.22291252 31.50869781 30.62027833
 33.57753479 33.83225646 32.74502982 25.70601392 27.8556163  27.93638171
 27.49527833 28.35884692 29.39015905 30.64512922 31.70750497 31.07380716
 32.7388171  32.19831014 32.65183897 32.27907555 36.03156064 26.13469185
 28.63841948 27.52634195 28.76267396 29.63866799 29.99279324 29.2721173
 30.02385686 29.1416501  30.26615308 30.14189861 32.69532803 33.40979125
 32.0554175  27.47664016 26.74975149 26.88643141 27.38966203 28.99875746
 29.39637177 30.49602386 30.17917495 32.10511928 32.42196819 31.82554672
 32.09269384 32.39090457 33.055666   26.30243539 28.68190855 27.08523857
 28.99254473 27.74378728 30.48981113 28.98011928 28.78131213 30.6389165
 31.47763419 29.79398608 32.31013917 33.39736581 33.20477137 32.35362823
 27.13494036 27.55740557 28.47067594 28.07306163 29.94309145 30.09219682
 31.27882704 29.62002982 31.14835984 30.60164016 33.67072565 32.55243539
 31.96843936 31.83797217 26.58822068 27.36481113 28.13518887 26.99826044
 28.09791252 28.5390159  29.60139165 30.72589463 30.99925447 31.10487078
 33.14885686 31.39065606 32.03677932 33.17992048 24.94806163 28.36505964
 26.30243539 29.2721173  26.56336978 29.48956262 29.25969185 29.62624254
 31.55218688 30.94955268 32.01814115 34.15531809 32.81336978 32.7388171
 33.46570577 26.04771372]",70598.81103127866
2025-06-15 13:28:00+00:00,808,6760.64,9.0,30.12113365404069,30.00099403578529,34.981610337972164,"[27.56361829 27.32753479 28.84343936 31.03031809 30.44632207 31.70129225
 28.6694831  31.30989066 31.20427435 32.93141153 31.6640159  33.81983101
 32.36605368 27.25919483 29.43986083 27.83076541 26.97962227 29.71322068
 29.2472664  28.98011928 31.31610338 29.65109344 32.7388171  30.37798211
 31.77584493 32.12375746 32.78230616 25.23384692 27.01689861 28.36505964
 27.06038767 27.73757455 28.71918489 28.13518887 30.17296223 31.60810139
 29.73807157 31.31610338 32.79473161 31.88767396 32.31013917 26.5944334
 28.75646123 26.99826044 28.74403579 28.85586481 29.7194334  29.53305169
 29.53926441 30.80044732 30.50223658 32.02435388 31.64537773 33.84468191
 34.27957256 34.56535785 25.63767396 26.16575547 28.57007952 28.1165507
 28.65705765 28.94905567 29.02982107 30.03006958 30.40904573 30.21023857
 32.43439364 33.10536779 34.33548708 33.03081511 26.32107356 25.90482107
 27.66923459 28.55144135 28.85586481 28.10412525 30.03006958 31.12350895
 32.09890656 31.14214712 32.08648111 31.80690855 33.46570577 32.76366799
 26.8305169  24.66227634 27.45178926 27.78727634 28.67569583 28.84343936
 28.61356859 30.26615308 31.74478131 30.45874751 30.37798211 32.04299205
 32.72017893 34.82629225 32.89413519 25.83648111 26.97340954 29.29696819
 28.06063618 26.69383698 28.89314115 28.71918489 29.89338966 30.65134195
 31.29746521 32.91277336 32.32256461 33.51540755 33.42842942 26.85536779
 27.66923459 26.81809145 28.42718688 28.10412525 27.9860835  28.14140159
 28.50795229 29.96794235 31.65780318 31.75720676 32.49652087 33.97514911
 33.36008946 27.52634195 27.6195328  26.99204771 26.20303181 28.17867793
 27.4083002  30.19781312 30.57678926 31.51491054 31.01789264 31.78827038
 31.91873757 34.09319085 32.68290258 26.63792247 27.54498012 28.44582505
 28.07927435 27.58225646 28.57629225 29.96794235 30.04249503 32.16724652
 31.38444334 31.06759443 31.78827038 32.9500497  32.72017893 34.50944334
 26.50745527 25.84890656 28.81858847 27.35238569 28.86829026 29.2472664
 30.84393638 30.01143141 32.22316103 30.31585487 32.29150099 33.37872763
 33.34145129 32.70154076 26.17196819 27.45178926 27.77485089 27.31510934
 27.48285288 29.06709742 30.16053678 31.60188867 31.06138171 31.17942346
 29.44607356 31.85039761 34.22365805 34.98161034 25.98558648 28.52037773
 27.52012922 25.87375746 28.9304175  30.1667495  28.84965209 30.34691849
 31.98086481 29.30318091 33.13021869 30.70725646 33.96893638 33.11158052
 33.12400596 27.36481113]",70662.86475295853
2025-06-15 13:29:00+00:00,809,6730.99,9.0,30.034271251553356,29.908890407554672,34.434890656063615,"[27.50149105 26.50745527 29.15407555 29.54547714 29.73185885 29.66351889
 29.07331014 30.41525845 33.03081511 32.65805169 33.28553678 33.8943837
 34.43489066 27.01068588 27.72514911 28.04199801 27.60710736 28.47067594
 30.27236581 30.54572565 31.98086481 29.44607356 31.53976143 32.19209742
 33.45949304 31.3223161  32.9500497  25.73707753 27.34617296 27.81212724
 28.38369781 28.01714712 29.36530815 29.0111829  29.00497018 29.71322068
 31.57082505 32.44681909 29.72564612 32.21694831 32.66426441 25.89239563
 27.86182903 27.21570577 27.71893638 28.24701789 29.5889662  30.2972167
 29.1167992  30.6389165  29.57032803 30.37176938 31.87524851 31.51491054
 33.67072565 34.06212724 27.07281312 28.25944334 27.97987078 30.46496024
 28.75024851 29.27833002 29.56411531 31.6888668  30.44010934 32.48409543
 32.11754473 31.77584493 32.93762425 32.82579523 26.76838966 26.91128231
 27.36481113 27.43936382 29.22862823 30.40904573 29.12301193 31.14835984
 31.19806163 30.73832008 32.85685885 32.57728628 31.93737575 32.33499006
 25.17793241 24.84244533 26.50124254 28.60114314 29.0360338  27.87425447
 29.40258449 29.75670974 30.57678926 28.60735586 30.6637674  31.22291252
 33.90059642 32.90034791 33.49676938 27.07902584 26.56336978 28.55144135
 28.35263419 29.73807157 29.16028827 29.71322068 29.70079523 32.27907555
 30.37798211 31.39686879 32.64562624 33.16128231 32.31013917 25.52584493
 27.14115308 27.02932406 26.51988072 27.22813121 29.0360338  28.70054672
 29.94309145 30.61406561 30.79423459 32.80715706 31.54597416 33.57132207
 34.         26.13469185 29.08573559 27.27162028 29.49577535 29.37152087
 29.41500994 30.82529821 30.35934394 29.89960239 31.2166998  32.16724652
 32.23558648 32.76366799 33.54025845 25.66252485 27.31510934 27.81833996
 28.78131213 28.50795229 29.48956262 29.41500994 30.04249503 30.92470179
 29.68215706 32.65183897 31.63295229 32.44060636 31.39686879 32.85685885
 26.79945328 27.47042744 27.8804672  27.20949304 27.89910537 28.19110338
 29.25347913 29.09194831 28.71918489 30.402833   31.29125249 31.96843936
 33.63966203 33.37872763 25.9110338  26.18439364 28.12897614 28.09791252
 28.02957256 29.99900596 29.32803181 30.65755467 32.83200795 32.42818091
 30.70104374 31.52112326 32.34741551 32.29771372 24.66848907 28.05442346
 26.87400596 26.15333002 28.23459245 29.96794235 28.72539761 27.99229622
 30.64512922 30.03006958 32.10511928 32.38469185 31.76963221 34.17395626
 32.75745527 27.33996024]",70372.2578991969
2025-06-15 13:30:00+00:00,810,6737.75,9.0,30.054849767534677,29.929889413518886,36.54100397614314,"[27.99850895 26.45154076 28.76888668 28.13518887 27.71893638 29.63245527
 29.86853877 30.16053678 31.69507952 31.60188867 31.44657058 33.96893638
 35.66500994 23.79249503 27.45800199 26.96719682 28.06684891 30.09219682
 28.1165507  29.93687873 31.98707753 30.58921471 30.86257455 32.12997018
 33.3166004  33.35387674 32.37847913 26.40805169 29.02982107 27.37723658
 27.56361829 28.51416501 27.87425447 30.78180915 28.0916998  29.43986083
 30.94955268 31.55218688 31.98707753 32.75124254 33.91302187 28.46446322
 25.09095427 27.49527833 27.26540755 28.13518887 30.75695825 29.07952286
 29.32803181 29.81262425 30.80044732 31.96222664 30.55815109 33.30417495
 32.53379722 33.03081511 26.52609344 27.43936382 29.53305169 28.11033797
 28.78752485 29.22241551 29.44607356 30.16053678 30.94333996 30.62027833
 31.08001988 31.50248509 33.40979125 33.62102386 28.47067594 28.62599404
 26.90506958 27.43315109 27.81833996 28.89314115 29.45228628 29.91202783
 31.91252485 30.68240557 31.39686879 30.0859841  31.77584493 35.57181909
 26.86779324 27.11008946 27.45800199 28.47688867 27.11008946 30.93091451
 28.75024851 30.01143141 30.71346918 30.37176938 31.56461233 30.81908549
 31.76963221 33.14264414 33.37251491 27.81833996 26.88643141 28.29671968
 28.08548708 27.54498012 29.34666998 30.12947316 29.86232604 31.67022863
 31.73235586 30.82529821 35.05616302 32.9500497  33.06187873 26.37698807
 26.67519881 26.47639165 27.46421471 27.48285288 27.91774354 30.02385686
 28.98011928 31.28503976 32.03677932 31.06759443 32.01192843 33.09915507
 33.70800199 24.84865805 26.30243539 30.1916004  27.25298211 30.5333002
 28.65705765 28.22837972 29.87475149 31.50869781 30.32828032 29.57032803
 33.1861332  31.70750497 32.04920477 25.62524851 26.76217694 26.53230616
 26.32107356 28.61356859 29.06709742 30.22887674 30.72589463 31.60188867
 31.83175944 31.57703777 31.85039761 32.32256461 36.54100398 34.36033797
 27.86804175 24.79274354 27.93638171 28.694334   26.43290258 28.52037773
 29.66351889 30.9806163  31.5832505  29.96794235 31.9249503  31.9249503
 31.88767396 32.85685885 25.76192843 26.73732604 27.97365805 27.71893638
 29.23484095 29.67594433 29.36530815 28.93663022 31.49627237 32.74502982
 32.04299205 32.41575547 33.28553678 33.95029821 27.92395626 27.60089463
 26.74975149 27.37102386 28.65084493 27.55740557 29.25969185 30.00521869
 30.5084493  31.75720676 32.15482107 32.29150099 33.66451292 32.56486083
 34.72067594 26.92992048]",70441.10538226401
2025-06-15 13:31:00+00:00,811,6755.06,9.0,30.106555198946946,29.983660536779322,34.64612326043738,"[27.31510934 28.72539761 27.02311133 29.34045726 30.25372763 30.86878728
 31.14835984 30.58300199 31.93116302 32.54000994 33.01838966 33.19855865
 32.52758449 25.50720676 29.1167992  27.8556163  27.53255467 29.26590457
 29.4833499  30.10462227 30.75695825 31.4527833  30.93091451 31.37823062
 31.01789264 31.14835984 33.68315109 26.38941352 27.3026839  25.6500994
 27.46421471 30.05492048 29.43364811 31.28503976 30.0859841  30.64512922
 31.37823062 32.0305666  31.40929423 30.68240557 33.77012922 26.74975149
 27.93016899 26.92992048 27.66302187 27.95501988 28.55765408 29.04845924
 28.91177932 30.73832008 30.45874751 31.73856859 32.25422465 31.71371769
 34.21744533 34.64612326 26.66277336 27.45800199 28.46446322 27.86182903
 30.31585487 29.51441352 30.41525845 30.71346918 30.96819085 31.0862326
 32.31635189 29.53305169 32.54622266 32.31013917 26.57579523 27.0666004
 27.50770378 29.71322068 29.30939364 28.68812127 30.41525845 29.57032803
 32.17967197 31.26640159 32.77609344 32.47166998 31.55218688 34.37897614
 26.45775348 27.22813121 27.42693837 27.79970179 26.67519881 30.97440358
 27.9612326  29.92445328 29.23484095 30.24130219 31.38444334 31.07380716
 32.38469185 33.02460239 33.27932406 26.95477137 27.35859841 27.50149105
 29.83747515 27.99229622 29.22862823 29.40258449 30.57678926 30.24751491
 31.35337972 33.10536779 34.35412525 33.09915507 32.12997018 26.84915507
 26.42047714 26.34592445 27.33374751 27.09145129 30.04870775 29.94930417
 29.25969185 29.72564612 31.71993042 31.85661034 32.65183897 33.15506958
 33.6583002  27.58846918 26.40805169 27.16600398 28.57629225 28.70054672
 29.86232604 29.0111829  31.15457256 31.2166998  31.70750497 31.42171968
 32.78851889 32.87549702 33.03081511 25.08474155 25.23384692 28.4333996
 26.12847913 28.17867793 26.56336978 29.27833002 29.66351889 30.30342942
 32.11133201 31.41550696 32.74502982 31.89388668 34.39140159 34.61505964
 27.56361829 27.29647117 28.60735586 27.81833996 30.09219682 27.79970179
 29.94309145 28.86829026 30.88121272 32.21073559 30.89363817 33.02460239
 32.0554175  34.63991054 27.21570577 26.66277336 27.67544732 29.47092445
 29.55790258 29.06709742 28.66327038 28.26565606 31.7944831  30.88121272
 32.02435388 31.76963221 32.45303181 32.78851889 26.81809145 25.98558648
 27.68166004 27.27162028 29.70079523 27.05417495 29.8499006  30.76317097
 31.04895626 31.17321074 31.87524851 30.42147117 31.47142147 34.35412525
 34.31684891 26.69383698]",70614.0910735969
2025-06-15 13:32:00+00:00,812,6773.51,9.0,30.16161821236115,30.04097291252485,35.118290258449306,"[26.49502982 26.7249006  27.32753479 29.09816103 29.47092445 30.66998012
 29.44607356 31.08001988 32.01192843 32.78851889 32.14860835 32.94383698
 32.75124254 25.85511928 28.91177932 27.68787276 26.77460239 28.16625249
 28.18489066 30.52087475 29.6138171  31.17942346 32.22937376 32.50894632
 33.26689861 30.88742545 32.49030815 26.33349901 27.71893638 25.28976143
 29.930666   28.44582505 29.6945825  29.24105368 31.72614314 29.72564612
 31.19806163 32.20452286 32.62698807 32.91277336 32.44681909 24.40755467
 27.22191849 28.14761431 26.73111332 27.5139165  29.13543738 31.01789264
 31.12972167 28.92420477 30.89363817 31.05516899 31.62052684 31.52733598
 33.83225646 34.50944334 26.13469185 27.61332008 29.36530815 28.52037773
 29.66973161 27.09145129 30.32206759 30.12947316 30.02385686 31.22291252
 33.2109841  31.819334   31.14835984 33.49055666 26.5944334  27.29647117
 27.22813121 27.77485089 27.28404573 27.89910537 29.0360338  30.59542744
 29.70700795 31.21048708 31.55218688 31.22912525 32.3722664  34.08076541
 27.79348907 26.47639165 26.2527336  27.76242545 27.54498012 29.52683897
 29.23484095 30.86257455 31.63295229 30.62027833 32.60213718 32.93762425
 33.62723658 33.39736581 34.11182903 26.4639662  27.81833996 26.06013917
 28.80616302 30.47117296 28.96148111 30.73210736 31.60810139 31.47142147
 30.4276839  33.06809145 31.73856859 31.99950298 33.49676938 27.4083002
 27.66302187 28.73782306 27.43936382 27.95501988 28.52659046 30.4276839
 27.63817097 31.819334   31.23533797 32.4778827  30.0859841  32.18588469
 33.60859841 25.92345924 26.33349901 27.72514911 28.10412525 29.77534791
 29.30318091 31.56461233 29.96794235 31.55218688 30.47117296 32.80715706
 31.16078529 31.5583996  34.01863817 29.10437376 26.52609344 28.18489066
 27.1722167  29.84368787 28.27186879 30.63270378 30.1667495  31.28503976
 31.5832505  30.99304175 32.31635189 32.01814115 32.65805169 34.2112326
 27.00447316 28.5390159  28.7999503  28.73782306 27.52634195 30.1916004
 30.63270378 29.43986083 30.44010934 30.6389165  33.40357853 33.24826044
 32.8195825  32.79473161 26.55715706 27.65680915 28.20352883 29.81883698
 30.35313121 28.98011928 30.29100398 31.72614314 29.54547714 31.819334
 30.67619284 32.96868787 32.11133201 33.62102386 25.36431412 26.43290258
 26.9361332  27.94259443 28.33399602 28.53280318 30.04870775 28.9304175
 29.84368787 31.18563618 32.96868787 31.59567594 34.83250497 33.88195825
 35.11829026 25.73086481]",70798.30989127545
2025-06-15 13:33:00+00:00,813,6803.470000000001,9.0,30.250641119603312,30.134039512922463,34.757952286282304,"[25.56312127 29.29696819 28.27808151 27.29647117 27.25919483 28.40233598
 31.16699801 31.50869781 31.22912525 32.21073559 32.98111332 31.86282306
 34.25472167 23.92296223 28.57007952 27.30889662 28.22837972 30.67619284
 30.26615308 29.53926441 29.78777336 31.56461233 31.58946322 31.74478131
 32.19831014 31.62052684 33.66451292 26.1222664  27.8804672  28.70675944
 26.07256461 27.37723658 28.98011928 29.88096421 29.5889662  31.60810139
 30.4276839  30.93091451 33.13643141 31.04895626 33.39736581 25.81163022
 26.08499006 27.79970179 28.60114314 29.59517893 30.78802187 28.58871769
 29.45849901 31.04895626 31.22291252 30.9806163  33.09915507 33.01838966
 34.75795229 32.29771372 25.97316103 28.71918489 28.57007952 28.28429423
 27.8804672  30.16053678 29.53926441 30.24130219 30.13568588 31.31610338
 31.73856859 32.8195825  32.99353877 33.88195825 26.51988072 26.08499006
 29.66351889 29.30939364 29.93687873 29.38394632 29.88096421 29.94309145
 30.4276839  30.83151093 32.7139662  31.53976143 32.60213718 32.49030815
 27.16600398 25.97937376 27.47042744 28.51416501 27.88667992 28.98633201
 30.18538767 30.75695825 30.6389165  30.24130219 31.5583996  32.77609344
 33.92544732 32.08026839 34.42246521 28.16003976 27.68166004 28.42718688
 29.62002982 29.02360835 30.55815109 29.98036779 30.90606362 33.35387674
 30.19781312 31.75099404 33.1861332  32.30392644 32.07405567 27.37723658
 26.12847913 27.75       28.25944334 28.9304175  28.86829026 30.38419483
 30.41525845 33.24204771 31.91873757 30.59542744 31.96222664 32.8195825
 34.2360835  26.37698807 29.0111829  27.14115308 27.29025845 29.12922465
 30.6389165  28.12897614 32.46545726 31.7944831  31.57703777 32.08648111
 30.71346918 34.08697813 32.06784294 26.51988072 27.20328032 27.12251491
 28.50173956 29.53305169 29.60760437 29.54547714 30.96819085 30.36555666
 31.28503976 32.52758449 34.40382704 33.33523857 34.59642147 31.72614314
 26.67519881 28.75024851 27.54498012 28.47067594 29.4833499  29.50198807
 29.1416501  29.46471173 29.930666   31.60188867 32.26043738 32.45924453
 33.72664016 33.70800199 25.70601392 25.75571571 27.43936382 27.6195328
 28.74403579 29.83126243 31.1110835  28.28429423 31.17321074 32.58971173
 31.97465209 30.22887674 33.16128231 33.44085487 26.19060636 28.07306163
 26.74353877 28.16625249 28.50173956 32.16724652 28.33399602 29.10437376
 32.40954274 30.11704771 31.27882704 31.37823062 34.18638171 31.65780318
 34.42246521 27.9612326 ]",71096.14492974484
2025-06-15 13:34:00+00:00,814,6790.41,9.0,30.212703494056875,30.093470427435385,35.52211729622266,"[26.2527336  29.28454274 28.07927435 28.85586481 27.68787276 30.57678926
 30.98682903 29.34666998 33.12400596 33.04324056 31.76341948 32.40333002
 32.86928429 25.64388668 29.10437376 26.27137177 27.86804175 28.04199801
 28.49552684 28.24701789 30.17917495 29.98036779 31.70129225 32.22316103
 34.06212724 34.67718688 34.91327038 27.60710736 27.43315109 27.89910537
 26.97340954 27.94880716 28.92420477 29.55790258 31.37823062 30.09840954
 31.44657058 31.78827038 31.73235586 32.9500497  31.49627237 26.89264414
 25.9917992  28.06063618 26.66898608 28.66327038 28.86207753 29.84368787
 28.6694831  30.24130219 31.29746521 31.21048708 32.8444334  31.819334
 32.19209742 32.91898608 26.09120278 27.29025845 29.10437376 29.0360338
 29.62002982 29.67594433 31.01789264 30.31585487 32.29150099 30.93712724
 33.36008946 32.08026839 30.81908549 35.5221173  25.90482107 27.81212724
 28.60114314 27.95501988 30.03628231 28.99875746 29.42122266 30.31585487
 31.22291252 31.89388668 32.96868787 31.94358847 33.39115308 33.21719682
 29.85611332 26.55094433 27.83697813 28.25323062 28.53280318 29.76913519
 29.86232604 31.39065606 32.29150099 31.347167   31.09865805 32.31013917
 33.6583002  33.24204771 34.44110338 26.81187873 27.32753479 27.18464215
 27.88667992 30.17296223 28.7999503  28.38369781 30.4276839  31.94358847
 31.68265408 31.21048708 31.95601392 32.15482107 33.34145129 25.097167
 27.14736581 26.06013917 28.10412525 28.53280318 28.63220676 29.86853877
 30.24751491 32.35984095 30.59542744 32.43439364 31.5832505  32.3722664
 32.1610338  25.55690855 28.65084493 27.93016899 27.8804672  28.99254473
 27.66923459 30.01143141 29.00497018 31.75720676 30.22887674 30.09840954
 32.49652087 33.03081511 32.53379722 27.0417495  25.83648111 27.89289264
 28.89935388 28.70675944 28.97390656 29.94930417 31.60188867 31.6640159
 30.39662028 30.45253479 33.72042744 31.57703777 34.08076541 33.77012922
 27.07902584 28.11033797 27.20328032 28.27186879 28.55144135 29.00497018
 28.97390656 29.09194831 32.08648111 31.75099404 31.85039761 33.06809145
 34.98161034 33.29796223 25.51341948 27.97365805 28.12276342 27.87425447
 29.06088469 29.39637177 30.94333996 30.70725646 30.7445328  30.56436382
 32.03677932 33.10536779 32.85685885 32.52758449 26.69383698 26.12847913
 27.02932406 28.39612326 27.69408549 28.87450298 30.66998012 31.48384692
 30.80666004 30.71968191 31.72614314 33.3166004  32.33499006 33.55889662
 32.95626243 26.29000994]",70969.22080971667
2025-06-15 13:35:00+00:00,815,6819.86,9.0,30.30020809511624,30.184952783300197,35.211481113320076,"[28.11033797 27.86804175 27.66302187 29.56411531 30.62649105 29.48956262
 30.41525845 30.52087475 30.58300199 30.60785288 31.89388668 32.9500497
 34.04348907 26.89885686 27.60710736 27.90531809 28.06684891 30.1667495
 29.49577535 30.14189861 30.6637674  32.79473161 31.37823062 31.42171968
 30.52087475 32.8195825  32.50894632 27.61332008 27.14736581 29.26590457
 29.7194334  29.25969185 29.06088469 31.02410537 29.53305169 31.69507952
 31.17321074 32.73260437 32.02435388 32.86307157 33.29796223 25.6500994
 28.43961233 27.24055666 27.55119284 29.57032803 27.32132207 29.68215706
 28.60114314 30.85636183 31.22291252 32.65805169 31.76963221 32.9749006
 34.2360835  35.21148111 27.27162028 26.53851889 28.9304175  28.30914513
 28.694334   30.1667495  30.11083499 30.38419483 32.40954274 31.21048708
 32.62698807 32.37847913 31.5583996  32.76988072 26.5695825  28.12276342
 27.71272366 26.9609841  27.65059642 28.31535785 30.95576541 31.39065606
 30.80666004 30.91227634 31.67644135 32.7388171  34.63991054 34.11804175
 25.15929423 27.63817097 27.24676938 27.91774354 28.01093439 28.15382704
 29.81883698 28.07927435 31.68265408 30.75074553 31.96843936 32.72639165
 31.35337972 30.55193837 33.08672962 27.15979125 26.43290258 28.59493042
 29.22241551 28.44582505 28.9055666  29.94309145 30.73832008 29.74428429
 32.79473161 31.49005964 31.96222664 32.5027336  33.73285288 28.222167
 27.05417495 28.79373757 29.22862823 29.66351889 30.52087475 29.07331014
 29.85611332 29.17271372 31.15457256 32.53379722 33.98757455 34.7082505
 34.37897614 26.4888171  29.16650099 27.03553678 27.91153082 29.37152087
 29.5889662  29.1416501  30.14189861 30.37176938 31.11729622 31.91873757
 33.66451292 31.98086481 33.34766402 26.2278827  27.52012922 27.84319085
 28.17246521 27.71893638 28.89314115 30.17296223 29.77534791 30.56436382
 31.83175944 32.04920477 32.64562624 32.70775348 33.43464215 34.49701789
 27.5387674  29.25969185 28.42718688 29.74428429 29.43364811 28.05442346
 29.47092445 30.65134195 30.1916004  31.37823062 31.42793241 35.05616302
 31.54597416 34.14910537 26.34592445 28.22837972 28.40854871 28.76888668
 28.09791252 30.0611332  29.35909543 29.04845924 30.47117296 32.78230616
 30.85636183 32.49652087 32.88792247 35.03131213 26.10984095 25.48235586
 27.95501988 26.79945328 29.46471173 29.80019881 29.71322068 30.27236581
 30.01764414 29.52062624 31.5832505  30.73210736 32.26043738 34.1056163
 34.1304672  28.35263419]",71261.97620302088
2025-06-15 13:36:00+00:00,816,6766.23,9.0,30.142533328425515,30.01835859840954,35.4910536779324,"[27.58846918 27.15979125 27.92395626 27.79348907 30.18538767 29.15407555
 30.32206759 31.29746521 31.61431412 32.11754473 31.73235586 32.37847913
 32.93762425 28.62599404 25.79920477 26.47017893 28.19110338 27.84940358
 29.27833002 28.57007952 31.09865805 30.59542744 28.88071571 32.30392644
 33.69557654 32.93141153 35.06858847 28.37748509 26.94234592 26.78702783
 28.78752485 28.16003976 28.5390159  30.58300199 28.04821074 31.53354871
 31.40929423 31.58946322 31.61431412 33.09915507 35.49105368 25.19657058
 27.24676938 27.47042744 26.84915507 28.06684891 27.65059642 29.2721173
 29.8499006  30.67619284 32.06784294 31.04895626 33.93787276 31.80069583
 33.57132207 32.31635189 26.39562624 26.73111332 28.02957256 28.98633201
 29.2721173  28.40854871 30.25994036 31.54597416 29.56411531 31.11729622
 31.73856859 32.63941352 32.47166998 34.17395626 26.9609841  28.16003976
 28.14140159 28.26565606 30.45253479 28.82480119 29.09816103 28.60735586
 31.83797217 29.55168986 32.42196819 30.36555666 32.31013917 33.48434394
 25.21520875 27.55119284 27.27162028 27.83076541 28.07927435 28.17867793
 30.66998012 29.930666   31.69507952 31.47763419 31.99329026 32.65805169
 33.33523857 32.85685885 31.76341948 25.48235586 28.86207753 26.55094433
 28.27186879 27.6195328  30.96197813 30.88742545 29.32181909 30.79423459
 31.93116302 31.67644135 31.2415507  32.77609344 34.80144135 27.41451292
 27.41451292 27.0417495  29.99279324 28.96148111 28.86829026 29.39015905
 29.89960239 31.37201789 32.42196819 30.88121272 33.02460239 34.57157058
 33.91923459 26.84915507 25.34567594 26.32107356 27.01068588 26.58200795
 28.98633201 29.70079523 30.49602386 29.79398608 30.85014911 31.74478131
 32.75124254 31.98086481 33.54025845 26.70626243 27.58225646 27.32753479
 27.36481113 28.53280318 30.20402584 29.57654076 29.55790258 30.21645129
 30.03006958 31.82554672 32.6083499  32.86307157 32.41575547 33.45328032
 26.81187873 29.51441352 29.92445328 30.2972167  30.04870775 28.21595427
 28.81858847 30.83772366 30.91848907 30.72589463 31.06759443 33.26068588
 31.67022863 32.75745527 26.78702783 27.40208748 27.93638171 28.20974155
 28.60114314 30.41525845 31.22912525 28.87450298 29.0360338  31.17942346
 31.50869781 31.88146123 31.76341948 34.87599404 26.87400596 25.77435388
 27.39587475 27.29025845 29.07331014 29.25969185 29.55790258 31.37823062
 30.05492048 30.62649105 33.01838966 33.16128231 33.36008946 31.82554672
 35.05616302 26.95477137]",70734.45950358041
2025-06-15 13:37:00+00:00,817,6780.719999999999,9.0,30.18587699587877,30.063369781312126,34.32306163021869,"[27.45178926 28.89314115 28.694334   28.60735586 29.72564612 30.06734592
 29.8250497  32.55243539 32.48409543 33.47191849 33.85089463 34.32306163
 32.8444334  26.82430417 26.2278827  27.3026839  28.32157058 27.89910537
 27.34617296 29.930666   29.04224652 32.09890656 30.70104374 32.47166998
 32.23558648 33.19234592 32.75124254 26.02286282 26.84915507 27.67544732
 27.72514911 29.14786282 29.80019881 30.26615308 29.94309145 31.30367793
 31.49627237 30.80044732 32.17345924 32.78230616 32.57107356 27.07902584
 27.43315109 26.29000994 28.11033797 27.27162028 27.94880716 28.75024851
 29.15407555 31.56461233 31.73856859 31.70129225 32.88792247 32.32256461
 34.32306163 33.66451292 26.26515905 27.62574553 26.95477137 27.99850895
 27.32753479 30.1667495  30.41525845 29.91824056 30.85636183 30.57678926
 31.90631213 31.30989066 33.47191849 33.14264414 25.23384692 26.8305169
 29.5889662  27.13494036 26.76838966 30.17296223 29.96172962 31.77584493
 27.8804672  31.81312127 31.37823062 32.91277336 33.0805169  32.89413519
 27.08523857 27.73136183 29.49577535 28.71918489 27.5139165  29.10437376
 28.87450298 30.30342942 31.9249503  30.52087475 31.30989066 33.36008946
 32.46545726 33.81361829 33.39115308 28.59493042 26.71247515 29.04845924
 28.55765408 28.5390159  29.1416501  29.60760437 31.16699801 29.10437376
 30.28479125 32.56486083 32.54622266 32.07405567 33.49676938 26.66277336
 27.35859841 29.78777336 29.08573559 28.65084493 30.17296223 31.05516899
 30.86878728 30.35313121 32.12997018 33.2917495  31.5583996  31.78205765
 31.96843936 25.43265408 26.17818091 27.15979125 29.49577535 27.99850895
 28.66327038 30.53951292 31.59567594 30.57678926 31.91252485 30.89363817
 32.52137177 31.06138171 34.00621272 26.66898608 26.38941352 28.03578529
 28.44582505 28.6694831  29.32803181 28.7999503  29.0111829  31.88767396
 31.28503976 31.52112326 33.055666   34.26714712 32.90034791 33.60859841
 28.01093439 26.49502982 28.83101392 27.25919483 28.76888668 29.64488072
 29.02982107 28.9055666  30.94955268 32.72639165 32.06163022 32.70775348
 32.2666501  33.27311133 27.09145129 26.91128231 27.76863817 28.68190855
 26.97962227 28.63841948 29.88717694 28.68190855 31.9000994  32.44060636
 32.94383698 32.34120278 32.04299205 32.65183897 26.15954274 24.9666998
 27.37102386 27.52012922 28.60114314 27.73136183 30.65755467 29.91824056
 29.94930417 32.06784294 31.99329026 32.8444334  34.28578529 33.43464215
 32.00571571 26.29000994]",70879.47007741201
2025-06-15 13:38:00+00:00,818,6776.02,9.0,30.172583457648074,30.048769880715703,34.89463220675944,"[27.15357853 27.69408549 28.85586481 28.01093439 28.59493042 29.19756461
 28.76267396 31.63295229 30.30964215 31.73235586 31.56461233 32.38469185
 33.34145129 27.75621272 27.0417495  27.37102386 28.05442346 29.30318091
 29.0360338  30.83151093 30.95576541 30.45253479 31.95601392 31.1110835
 33.62102386 32.76988072 32.00571571 26.21545726 26.79324056 26.92370775
 29.39637177 27.93016899 28.99875746 29.47713718 28.17867793 31.83175944
 32.08026839 30.70725646 32.94383698 33.96893638 34.89463221 25.38916501
 26.76217694 27.35859841 26.21545726 27.67544732 28.48931412 29.85611332
 28.76267396 30.14811133 31.12972167 31.42793241 31.95601392 31.53976143
 32.63941352 34.54671968 25.96073559 27.89910537 24.4137674  29.62002982
 29.94309145 30.17917495 30.76317097 30.84393638 29.29075547 29.51441352
 29.98658052 33.63966203 32.19209742 32.58971173 27.07902584 26.0166501
 28.61356859 29.57654076 28.38369781 29.20377734 30.45253479 29.94930417
 29.68215706 30.89363817 30.58921471 33.63966203 34.01863817 32.25422465
 27.48285288 26.82430417 27.12251491 26.66277336 29.09194831 30.1916004
 30.24130219 29.5082008  31.5583996  31.2415507  31.26640159 32.17967197
 32.52137177 31.5583996  33.86332008 27.37102386 27.55740557 27.57604374
 30.09219682 27.50149105 30.11704771 28.81237575 29.66973161 31.22912525
 30.68861829 31.44657058 33.33523857 32.26043738 33.28553678 26.68762425
 27.50770378 27.34617296 29.25347913 28.07306163 27.79348907 31.64537773
 31.5583996  31.96222664 33.57753479 31.63916501 32.22316103 33.11779324
 33.37872763 25.37673956 27.56361829 26.76217694 29.18513917 28.02957256
 29.45849901 29.7194334  30.22887674 31.26018887 32.0554175  32.42196819
 31.42793241 32.21073559 34.55914513 27.48285288 27.9860835  27.10387674
 30.5084493  28.02335984 30.17917495 29.46471173 28.71918489 30.04249503
 29.51441352 31.49627237 32.62698807 32.72017893 34.50323062 32.62698807
 25.83026839 28.48931412 27.32132207 30.20402584 27.84940358 31.33474155
 30.12947316 31.6888668  31.37201789 30.29100398 32.44681909 32.32256461
 33.22340954 33.49055666 27.18464215 27.68787276 28.68190855 29.01739563
 27.81212724 29.21620278 29.50198807 29.89960239 32.5027336  31.53354871
 31.89388668 31.89388668 32.4778827  33.71421471 25.92967197 25.77435388
 28.29050696 27.65059642 28.87450298 27.03553678 30.6637674  29.16650099
 30.34691849 32.80715706 33.4222167  32.45924453 32.51515905 31.11729622
 33.61481113 26.86779324]",70834.99521590739
2025-06-15 13:39:00+00:00,819,6754.42,9.0,30.109410592919243,29.98167246520875,34.85114314115308,"[28.4333996  28.57629225 29.60760437 28.34020875 30.34070577 29.6945825
 29.2472664  30.93091451 30.33449304 31.82554672 33.25447316 34.70203777
 32.91898608 29.04845924 28.07927435 26.805666   27.93638171 30.82529821
 29.07331014 30.12326044 30.53951292 30.96819085 31.65780318 29.75670974
 32.35984095 31.91252485 34.47837972 26.03528827 25.37673956 27.43936382
 27.67544732 29.01739563 27.59468191 30.57678926 29.70700795 29.98658052
 31.30367793 31.91252485 32.04920477 31.34095427 34.07455268 26.21545726
 27.13494036 26.81187873 27.43315109 29.45228628 29.34045726 30.27857853
 29.2721173  29.79398608 30.25372763 31.03653082 29.93687873 32.65183897
 33.62102386 34.2360835  27.25298211 27.16600398 25.82405567 28.91799205
 28.01093439 30.15432406 30.62649105 29.66973161 30.92470179 32.55864811
 31.21048708 32.69532803 33.38494036 33.2109841  27.36481113 28.45203777
 28.32157058 26.99826044 29.29696819 28.86829026 29.70079523 30.11704771
 31.49627237 30.29100398 31.97465209 33.68936382 33.37872763 32.29771372
 24.50695825 27.58225646 28.78752485 26.15333002 28.4582505  29.56411531
 29.0360338  31.12972167 30.26615308 32.08026839 30.1916004  31.85039761
 32.91898608 31.49627237 31.49005964 27.6195328  26.97962227 27.76242545
 29.29075547 28.86829026 30.28479125 28.40233598 30.41525845 30.14189861
 31.96222664 32.26043738 32.85064612 34.85114314 33.23583499 24.152833
 25.84890656 27.38966203 29.52062624 28.86829026 29.64488072 29.64488072
 29.76913519 30.99304175 31.4527833  31.50248509 33.3166004  32.53379722
 34.67718688 26.55094433 26.01043738 27.84319085 27.75621272 29.19135189
 29.57654076 28.37748509 29.66973161 30.6637674  30.23508946 31.22912525
 32.37847913 32.96868787 32.17967197 26.11605368 26.56336978 26.76838966
 27.82455268 27.48285288 29.23484095 28.57629225 31.27882704 30.22887674
 30.44010934 29.32803181 32.42196819 32.21694831 33.92544732 31.91873757
 27.1722167  27.11630219 27.12251491 28.65084493 28.12897614 31.12972167
 31.98707753 31.25397614 30.86257455 30.76317097 32.25422465 32.14860835
 33.01217694 33.02460239 27.61332008 27.60710736 26.63792247 26.66277336
 28.7750994  29.19135189 30.42147117 30.28479125 30.73210736 32.26043738
 32.28528827 32.21694831 30.96819085 33.04945328 25.14686879 27.73136183
 26.79945328 28.50173956 29.15407555 28.49552684 28.73161034 30.31585487
 30.58921471 31.13593439 32.83822068 32.22316103 31.91873757 34.19259443
 32.56486083 26.76838966]",70623.6440796706
2025-06-15 13:40:00+00:00,820,6808.950000000001,9.0,30.270893989752967,30.151062375745525,34.57157057654075,"[27.10387674 27.48285288 30.22266402 29.30939364 28.26565606 29.65109344
 30.95576541 30.7693837  31.46520875 32.70775348 32.1361829  33.03702783
 33.73285288 24.76789264 28.80616302 26.68762425 28.27808151 28.33399602
 29.6138171  28.67569583 31.6888668  30.65134195 30.5333002  32.1610338
 33.03702783 32.7388171  32.33499006 25.83026839 27.20328032 28.22837972
 30.28479125 29.34045726 29.98036779 29.85611332 29.22862823 32.26043738
 31.83797217 31.0862326  32.78851889 33.3166004  32.04920477 27.07902584
 27.37723658 28.34642147 26.61928429 28.3277833  29.02982107 30.09840954
 29.77534791 29.32803181 30.11083499 33.53404573 32.22316103 32.83200795
 32.43439364 32.76366799 26.91749503 27.13494036 27.68787276 28.34020875
 30.45874751 27.69408549 29.68215706 31.17942346 30.65134195 32.00571571
 32.92519881 32.78230616 34.57157058 33.92544732 28.18489066 25.74329026
 29.0360338  28.36505964 29.26590457 28.12897614 30.81287276 29.6945825
 30.34070577 31.56461233 31.01167992 32.45303181 32.44681909 33.19855865
 28.04821074 28.13518887 29.38394632 27.36481113 28.07306163 29.36530815
 29.28454274 31.94358847 30.46496024 31.20427435 31.54597416 32.46545726
 34.34791252 34.42246521 34.24850895 26.55094433 28.83101392 29.930666
 27.90531809 29.34045726 29.26590457 29.04845924 31.18563618 32.09890656
 32.42196819 30.875      33.85710736 32.50894632 34.27335984 26.94234592
 27.08523857 27.39587475 29.32181909 29.24105368 29.88717694 27.63817097
 29.1416501  31.83797217 31.63916501 33.1861332  33.50919483 34.2360835
 34.29199801 25.01640159 28.78752485 27.14115308 27.39587475 27.5387674
 28.33399602 28.59493042 29.06088469 29.930666   30.36555666 32.7139662
 33.36008946 32.50894632 32.11754473 25.84890656 25.89239563 28.76267396
 29.1167992  27.58846918 28.58871769 28.47688867 29.56411531 30.93712724
 30.94955268 31.78827038 32.7388171  32.6083499  33.1861332  33.93166004
 26.10984095 27.28404573 27.19706759 29.89338966 30.09219682 27.75621272
 30.10462227 29.23484095 30.63270378 30.7693837  32.52137177 34.21744533
 33.08672962 32.90656064 24.8610835  26.68762425 26.35213718 29.59517893
 28.60114314 29.8250497  29.85611332 30.65134195 31.29125249 29.72564612
 31.09244533 34.54671968 34.01863817 32.8195825  26.99204771 27.23434394
 28.86829026 28.63220676 27.77485089 30.27236581 29.43986083 29.96794235
 31.27882704 30.1667495  31.76341948 31.1110835  32.14860835 32.78230616
 33.15506958 25.7805666 ]",71163.90293211752
2025-06-15 13:41:00+00:00,821,6794.139999999999,9.0,30.227745304925907,30.105057157057654,36.23036779324055,"[27.76242545 28.07306163 27.83076541 29.18513917 28.88692843 31.32852883
 31.50248509 31.75099404 32.66426441 33.60859841 31.42171968 32.73260437
 33.98757455 27.0666004  27.58225646 28.17867793 28.87450298 29.4833499
 28.67569583 30.44010934 29.88096421 30.18538767 30.47117296 31.32852883
 30.65755467 32.86307157 33.00596421 25.56312127 26.39562624 29.5082008
 29.40258449 28.9055666  29.6138171  29.8499006  29.86232604 31.22912525
 33.66451292 31.27261431 32.44060636 33.70800199 31.1110835  26.4888171
 28.07306163 28.52659046 28.63220676 28.4582505  28.05442346 29.39015905
 29.99900596 31.01789264 30.37798211 30.32828032 32.20452286 31.93116302
 34.54671968 33.96272366 25.91724652 26.27758449 28.81858847 26.97962227
 28.42718688 27.37723658 30.44632207 30.5084493  30.72589463 30.61406561
 32.17345924 33.27311133 34.09319085 34.00621272 26.55094433 27.02932406
 28.09791252 28.47067594 29.18513917 28.222167   28.7999503  29.53926441
 31.90631213 30.71968191 30.63270378 32.16724652 33.75149105 33.66451292
 24.71819085 27.14736581 28.03578529 29.81262425 28.51416501 30.27857853
 30.65134195 29.80019881 31.12972167 31.0054672  31.88146123 30.4276839
 32.52137177 32.18588469 32.62698807 28.06063618 26.32728628 28.19110338
 29.14786282 28.60735586 31.81312127 28.09791252 30.86257455 30.83151093
 32.30392644 31.23533797 32.99353877 32.19831014 34.26714712 25.86754473
 27.90531809 27.5387674  28.20974155 27.93016899 29.65109344 30.17296223
 30.46496024 32.01192843 30.55193837 30.6389165  33.7639165  31.34095427
 33.24826044 25.4140159  26.88021869 29.85611332 28.42718688 26.52609344
 28.24701789 28.08548708 28.48931412 30.25372763 31.29125249 31.65159046
 32.52137177 33.49676938 33.54647117 25.01018887 26.12847913 27.41451292
 26.47639165 28.97390656 27.24676938 30.22887674 31.10487078 30.49602386
 31.33474155 31.86282306 32.78851889 32.6332008  32.32877734 33.1861332
 27.01068588 29.02982107 26.62549702 28.84965209 31.14835984 29.65730616
 30.03006958 30.40904573 31.2415507  30.83151093 32.44060636 31.76341948
 34.1056163  35.39786282 26.55715706 27.36481113 27.65059642 28.65705765
 28.9304175  31.17321074 30.32206759 32.11133201 29.53305169 31.6888668
 30.40904573 32.78851889 32.11754473 35.18663022 27.78106362 27.3834493
 25.8861829  25.8054175  28.30914513 27.34617296 31.32852883 29.3777336
 31.43414513 30.90606362 32.18588469 32.70775348 31.93737575 33.44085487
 36.23036779 26.7249006 ]",71019.54469216013
2025-06-15 13:42:00+00:00,822,6758.629999999999,9.0,30.12350329524306,29.994750248508943,35.33573558648111,"[27.02311133 28.01714712 26.9361332  28.7999503  29.34666998 30.4276839
 31.69507952 31.16078529 32.34120278 32.56486083 32.34741551 33.39736581
 33.92544732 25.6500994  26.73111332 26.99826044 28.07306163 28.51416501
 29.29696819 30.34691849 30.85636183 30.39662028 31.5832505  31.67022863
 33.03702783 34.17395626 32.22937376 26.08499006 27.28404573 27.41451292
 28.29671968 29.41500994 28.07927435 28.91177932 29.37152087 30.27236581
 32.70154076 32.77609344 32.45924453 32.68290258 33.50298211 26.50124254
 28.96148111 28.57629225 28.42718688 29.85611332 29.17271372 31.01789264
 30.58921471 31.38444334 30.03006958 30.68861829 31.44657058 32.89413519
 30.09840954 33.75149105 25.89239563 26.61307157 27.54498012 28.76888668
 29.00497018 29.27833002 31.30367793 30.17917495 33.28553678 31.96843936
 31.29125249 32.38469185 32.92519881 35.33573559 25.57554672 27.34617296
 27.70029821 26.7000497  29.75670974 29.31560636 29.02360835 29.89960239
 30.22266402 32.40954274 31.9249503  32.34120278 32.36605368 31.18563618
 27.1722167  26.53230616 28.31535785 30.22266402 29.33424453 28.57629225
 28.22837972 31.35337972 30.56436382 30.15432406 32.33499006 30.15432406
 33.35387674 33.22340954 34.56535785 26.89885686 26.68141153 27.29647117
 27.68787276 27.84319085 28.88692843 29.94930417 30.01764414 32.26043738
 31.27261431 32.52137177 32.91898608 33.16128231 33.54025845 25.13444334
 28.43961233 26.61307157 27.65680915 27.89289264 27.54498012 29.12301193
 31.11729622 30.5333002  30.46496024 31.10487078 31.5832505  31.80690855
 32.91898608 26.89264414 26.4888171  27.52634195 28.37748509 27.4083002
 28.43961233 28.78131213 28.78752485 31.26640159 31.18563618 33.09294235
 31.81312127 34.6833996  33.78255467 23.65581511 28.39612326 25.89239563
 28.65705765 29.19756461 28.73782306 30.75695825 30.34691849 29.60139165
 30.22266402 32.48409543 32.49652087 32.04920477 32.70775348 34.32927435
 24.5193837  26.47639165 27.37102386 28.13518887 28.47067594 29.22241551
 28.73161034 31.51491054 29.86853877 31.02410537 31.55218688 32.35362823
 32.82579523 33.24204771 26.60685885 25.71843936 27.06038767 28.17246521
 27.20328032 29.28454274 28.98633201 29.52683897 31.99950298 30.44010934
 32.78230616 33.04945328 33.96272366 32.90656064 27.37723658 25.84890656
 28.95526839 27.63817097 27.44557654 28.44582505 30.64512922 32.04299205
 30.47738569 31.59567594 31.52733598 32.38469185 31.30989066 34.00621272
 32.06163022 27.43315109]",70670.79262456519
2025-06-15 13:43:00+00:00,823,6780.299999999999,9.0,30.18799523652403,30.06206510934393,34.77037773359841,"[26.66277336 28.41476143 28.62599404 29.3777336  29.80641153 30.40904573
 28.47688867 30.35934394 31.75720676 31.77584493 34.22987078 32.32256461
 33.41600398 25.99801193 27.60710736 26.56336978 29.60760437 28.34020875
 29.72564612 29.11058648 30.30342942 31.63295229 31.94980119 32.55243539
 32.55243539 33.32902584 34.77037773 26.56336978 27.81212724 28.14761431
 29.25969185 28.1165507  28.80616302 30.91848907 30.1916004  32.83200795
 31.69507952 31.29746521 31.84418489 32.3722664  33.93166004 24.60014911
 27.0417495  28.16003976 28.88071571 28.31535785 29.72564612 27.35859841
 29.40258449 29.89338966 31.39686879 31.52733598 32.33499006 33.80119284
 32.9749006  33.73285288 25.9110338  26.71868787 27.22813121 27.23434394
 28.24701789 29.60139165 28.83101392 30.98682903 30.32206759 32.0554175
 31.40308151 33.00596421 32.32877734 34.39761431 27.66923459 26.20924453
 27.43936382 28.14761431 28.44582505 30.09840954 30.89985089 29.55790258
 31.47142147 30.79423459 32.28528827 32.49030815 33.24826044 33.19855865
 26.1222664  26.49502982 28.37748509 27.9860835  28.27186879 29.92445328
 29.60139165 29.93687873 29.99900596 32.22316103 31.37823062 33.21719682
 32.23558648 33.50298211 34.76416501 25.18414513 27.75621272 30.66998012
 28.58250497 29.6138171  31.02410537 30.36555666 31.23533797 31.53354871
 31.40308151 32.86928429 32.08648111 32.68911531 33.15506958 27.32753479
 27.52634195 27.26540755 29.21620278 29.25347913 30.24751491 28.86829026
 30.96819085 30.75074553 32.09269384 30.30342942 32.07405567 31.08001988
 34.19880716 25.94209742 26.40183897 28.7750994  26.58822068 29.07952286
 27.55740557 27.58225646 30.0859841  30.88742545 29.88717694 31.16078529
 33.32281312 33.67072565 33.19234592 26.30243539 27.15979125 27.6443837
 28.94284294 27.78106362 28.96148111 29.40879722 30.49602386 30.22266402
 30.81908549 31.62052684 31.99329026 32.52137177 32.12375746 34.2360835
 26.00422465 28.40233598 26.68141153 27.35238569 28.70054672 29.90581511
 28.55144135 29.80019881 29.8499006  32.55243539 32.30392644 32.80094433
 34.26714712 32.70775348 26.37698807 28.84343936 27.37723658 27.54498012
 29.81883698 29.63245527 29.39637177 30.1916004  30.85636183 32.21073559
 31.94358847 30.98682903 31.42793241 34.08076541 25.74329026 26.45775348
 26.05392644 27.6195328  29.09194831 28.98633201 29.53926441 29.52062624
 29.79398608 30.22266402 31.06759443 31.94358847 32.91277336 32.78851889
 32.64562624 26.87400596]",70886.5568633148
2025-06-15 13:44:00+00:00,824,6755.4400000000005,9.0,30.115168372410377,29.98484095427435,34.813866799204774,"[27.48906561 27.09145129 29.00497018 29.21620278 30.30964215 29.51441352
 32.11754473 31.44657058 32.03677932 33.34145129 34.26093439 33.5526839
 32.22316103 27.80591451 26.33971173 25.94831014 28.24701789 28.50795229
 29.5889662  28.57007952 30.55815109 30.11704771 31.41550696 32.02435388
 32.10511928 32.9500497  33.22962227 26.79324056 25.31461233 27.9860835
 27.48285288 28.61978131 28.44582505 30.47738569 30.88121272 30.86257455
 30.68240557 31.64537773 32.2417992  33.25447316 33.17992048 27.09145129
 27.14115308 27.00447316 29.09816103 27.02932406 29.4833499  31.30989066
 29.86232604 30.55815109 29.06088469 31.24776342 30.47117296 30.64512922
 31.10487078 33.8695328  27.45178926 27.31510934 26.91749503 29.8250497
 27.82455268 29.8250497  28.34642147 30.48359841 30.80666004 31.61431412
 30.86878728 34.09940358 32.56486083 33.07430417 27.88667992 27.21570577
 28.07927435 27.55740557 29.46471173 29.66973161 29.93687873 31.54597416
 31.10487078 30.69483101 30.5084493  33.22340954 31.53976143 32.26043738
 26.71247515 26.76838966 27.08523857 28.27186879 28.1973161  30.28479125
 29.07331014 29.09816103 29.75049702 30.18538767 29.2472664  31.7944831
 32.75124254 33.91302187 33.08672962 27.29647117 26.89264414 27.47664016
 26.81187873 29.06709742 30.06734592 29.90581511 31.02410537 31.19184891
 29.48956262 30.94955268 32.57728628 33.80119284 33.91302187 27.09766402
 27.9860835  27.06038767 27.61332008 30.24130219 29.57032803 29.33424453
 29.81883698 30.34070577 30.5333002  31.01167992 32.88792247 31.96222664
 33.42842942 26.20303181 26.50124254 28.26565606 28.30914513 28.07927435
 29.41500994 29.41500994 29.99900596 31.50869781 32.31635189 32.90034791
 31.47142147 32.62698807 33.26689861 26.83672962 29.04845924 27.88667992
 27.74378728 28.97390656 28.79373757 28.75024851 30.55193837 30.04249503
 31.819334   31.35959245 32.18588469 33.27932406 33.54025845 34.8138668
 27.11008946 27.86804175 26.71868787 28.18489066 27.43936382 29.67594433
 29.04845924 30.49602386 31.52112326 30.83772366 32.87549702 31.60188867
 34.45352883 33.055666   26.2278827  26.62549702 26.4639662  26.09741551
 28.89314115 28.42097416 29.51441352 31.03653082 31.38444334 30.19781312
 31.30367793 31.42793241 32.89413519 33.45949304 26.90506958 26.67519881
 27.5139165  27.32753479 27.49527833 29.48956262 30.94955268 30.21645129
 30.62649105 31.41550696 32.22937376 31.38444334 31.95601392 31.819334
 33.37872763 27.71272366]",70642.90730673616
2025-06-15 13:45:00+00:00,825,6812.59,9.0,30.284349854723683,30.162369532803176,35.4786282306163,"[28.46446322 27.8556163  28.1165507  28.50173956 29.8250497  28.94284294
 29.28454274 30.52708748 31.47142147 31.78205765 32.59592445 32.44060636
 34.78280318 26.61928429 26.13469185 26.42047714 27.41451292 29.74428429
 29.81883698 29.78777336 30.93091451 32.01814115 31.55218688 34.22987078
 31.11729622 32.21694831 32.45924453 28.17246521 26.2527336  26.73732604
 28.01714712 29.04224652 29.17892644 29.84368787 28.52037773 31.26640159
 31.04895626 32.76366799 33.63966203 33.58374751 33.44706759 25.097167
 26.67519881 25.58797217 27.36481113 28.09791252 28.3277833  31.08001988
 30.92470179 29.77534791 31.9249503  33.13021869 32.72017893 33.56510934
 35.47862823 33.81361829 26.57579523 28.68190855 26.3832008  28.49552684
 27.65059642 29.22241551 29.77534791 32.08026839 29.40258449 33.03702783
 31.32852883 32.22937376 31.54597416 32.83200795 27.3834493  27.15979125
 28.20974155 28.17246521 27.50149105 28.58250497 29.1416501  31.35337972
 30.26615308 32.80715706 31.88767396 30.83772366 31.51491054 33.0805169
 25.39537773 26.34592445 26.43290258 27.81212724 28.03578529 31.16078529
 30.45253479 31.01789264 30.80044732 30.48359841 32.09890656 31.58946322
 33.52162028 33.45949304 33.15506958 27.33374751 26.77460239 27.91153082
 29.8250497  27.89289264 28.67569583 28.79373757 30.27236581 31.12972167
 31.47763419 31.51491054 33.32281312 32.02435388 35.01267396 26.66898608
 27.29025845 27.17842942 29.60139165 30.20402584 31.60810139 31.51491054
 29.27833002 31.32852883 29.85611332 31.13593439 33.90680915 32.21073559
 32.83822068 26.17196819 27.55119284 29.47713718 28.41476143 29.12301193
 29.19135189 29.76913519 31.58946322 30.7445328  31.37823062 32.87549702
 33.06187873 32.51515905 33.2109841  27.83076541 26.1222664  27.75
 27.58225646 29.5082008  29.06088469 28.63841948 29.84368787 29.4833499
 32.61456262 31.63295229 32.38469185 32.12997018 34.61505964 32.38469185
 25.74950298 27.47042744 29.45849901 27.94880716 27.86182903 29.62002982
 30.09840954 31.05516899 30.44632207 32.64562624 31.22912525 32.99975149
 33.98757455 34.49080517 26.86779324 27.02311133 28.34642147 28.25944334
 28.96148111 28.64463221 29.20377734 30.02385686 31.30989066 33.01838966
 32.35984095 33.72664016 34.04970179 33.5526839  27.26540755 26.7249006
 27.41451292 27.18464215 28.60114314 27.83076541 29.30939364 31.34095427
 31.47142147 31.49627237 30.85636183 30.78180915 32.58971173 33.74527833
 35.24254473 27.93638171]",71208.92087396357
2025-06-15 13:46:00+00:00,826,6789.84,9.0,30.217736181835527,30.091699801192846,34.47837972166998,"[29.47092445 26.5695825  28.46446322 29.89960239 28.34020875 30.81908549
 31.50869781 31.96843936 31.86903579 31.07380716 30.81287276 33.86332008
 31.99950298 28.4333996  27.12251491 28.73161034 28.42097416 28.98011928
 28.98011928 31.33474155 31.75099404 30.65755467 29.88096421 32.86307157
 32.93141153 33.03081511 34.07455268 25.8861829  26.4888171  27.07281312
 30.00521869 28.70675944 30.81287276 28.75024851 29.37152087 30.51466203
 31.21048708 32.60213718 32.68290258 30.93091451 34.38518887 28.01093439
 27.67544732 27.21570577 29.64488072 28.47067594 29.22241551 28.4333996
 31.31610338 32.24801193 32.60213718 31.55218688 31.89388668 31.96222664
 32.77609344 33.90059642 26.78702783 26.63792247 29.12301193 27.89289264
 29.80641153 29.57654076 29.88096421 32.17345924 29.26590457 32.22937376
 30.81287276 32.1610338  32.16724652 34.30442346 27.84940358 27.38966203
 27.34617296 28.63220676 27.87425447 28.98011928 30.24130219 30.17917495
 31.04274354 29.58275348 30.33449304 32.72017893 32.12375746 32.61456262
 26.75596421 26.75596421 27.4083002  27.99229622 27.93016899 27.74378728
 29.78156064 29.81883698 29.87475149 32.09269384 32.25422465 30.81287276
 31.39686879 31.35959245 33.45328032 26.65656064 28.48310139 26.71247515
 29.24105368 29.25347913 29.94309145 30.29100398 29.6945825  31.85661034
 30.71346918 34.02485089 33.08672962 33.43464215 31.88146123 26.34592445
 26.06013917 27.97987078 27.59468191 28.91177932 29.85611332 29.22862823
 30.98682903 29.84368787 30.78180915 30.68240557 33.37251491 32.7388171
 32.18588469 26.33971173 28.1165507  27.40208748 27.61332008 28.94905567
 30.11083499 29.52062624 28.06063618 31.17942346 29.86853877 32.29150099
 31.84418489 33.22962227 34.12425447 25.74950298 27.02932406 28.78131213
 28.49552684 28.14140159 29.25969185 28.38369781 30.13568588 30.44010934
 31.63916501 32.76988072 32.0554175  31.24776342 33.68315109 33.17370775
 25.95452286 25.92345924 28.3277833  27.3026839  27.81212724 30.97440358
 28.83722664 31.42793241 30.5084493  31.98086481 32.76988072 32.66426441
 32.22937376 33.85710736 26.9361332  26.8305169  28.30914513 26.62549702
 28.88692843 29.10437376 30.48981113 29.44607356 31.73235586 32.50894632
 32.04920477 31.77584493 33.12400596 33.59617296 26.7000497  27.0417495
 26.74353877 27.33996024 29.5082008  30.5333002  29.17271372 29.68836978
 31.40308151 31.45899602 31.74478131 32.78230616 34.47837972 33.39736581
 33.04945328 24.47589463]",70986.05816994893
2025-06-15 13:47:00+00:00,827,6778.4,9.0,30.184492043101052,30.056163021868787,35.087226640159045,"[27.02932406 28.50795229 27.74378728 29.8250497  30.57678926 29.65109344
 32.12375746 31.22291252 31.60810139 33.77012922 32.20452286 32.88792247
 33.70178926 25.73707753 27.04796223 27.23434394 27.72514911 29.7194334
 31.38444334 30.46496024 30.29100398 30.57678926 31.69507952 31.02410537
 32.19209742 32.88792247 34.06212724 25.91724652 25.72465209 26.51366799
 26.67519881 27.66923459 27.6443837  29.14786282 29.55790258 30.15432406
 31.47142147 30.34691849 32.92519881 32.18588469 34.05591451 24.77410537
 29.1167992  28.12897614 28.52037773 29.41500994 29.94930417 28.17867793
 30.73210736 32.42818091 31.64537773 32.26043738 31.93116302 33.93787276
 33.45949304 32.66426441 26.16575547 25.99801193 27.83697813 28.95526839
 27.55119284 30.09840954 30.56436382 29.8499006  30.38419483 31.7944831
 32.1610338  31.47763419 32.00571571 33.55889662 24.96048708 28.25323062
 28.25323062 29.2721173  29.93687873 30.55193837 28.50173956 30.55815109
 30.22266402 31.347167   31.34095427 32.50894632 31.70750497 33.62102386
 26.17818091 27.86804175 27.24055666 28.58250497 29.02360835 29.2472664
 29.58275348 30.39662028 30.58921471 30.2972167  30.00521869 34.73310139
 32.19831014 33.48434394 33.47813121 27.11008946 28.65084493 26.2527336
 27.9860835  27.91153082 27.9612326  30.86878728 30.59542744 31.40929423
 31.12972167 32.18588469 31.85661034 34.66476143 33.49055666 25.5444831
 28.04821074 26.45775348 27.24055666 28.40233598 28.32157058 30.10462227
 29.85611332 29.78156064 31.29125249 32.18588469 33.70178926 35.08722664
 34.65233598 27.14736581 27.47042744 27.67544732 26.29000994 28.25323062
 28.96769384 30.58921471 30.88121272 30.91227634 30.97440358 32.35362823
 31.93737575 32.96868787 32.89413519 28.36505964 26.19681909 25.43265408
 27.9860835  28.12276342 28.58250497 27.55119284 30.86257455 31.40308151
 32.82579523 31.27882704 29.80641153 33.36008946 32.59592445 34.32927435
 25.74950298 27.52634195 25.17793241 27.65059642 29.25969185 30.22266402
 31.30989066 28.31535785 30.65134195 31.33474155 31.51491054 32.22316103
 33.19855865 32.86928429 27.19706759 27.35859841 27.73136183 27.11008946
 29.15407555 28.6694831  28.6694831  30.30342942 31.76341948 32.29771372
 31.91252485 33.73906561 34.52808151 33.4222167  26.68141153 26.58822068
 28.0916998  27.02932406 27.52012922 28.89935388 29.48956262 29.93687873
 30.25372763 31.64537773 33.14264414 32.62077535 32.95626243 32.67047714
 32.41575547 27.29647117]",70874.83657939888
2025-06-15 13:48:00+00:00,828,6754.960000000001,9.0,30.11582859917728,29.98334990059642,35.15556660039761,"[25.97316103 27.34617296 27.70651093 27.10387674 29.89960239 28.76267396
 30.94955268 30.37798211 30.70725646 30.75695825 33.22962227 32.74502982
 33.32902584 27.44557654 27.89910537 26.1222664  28.61356859 29.81262425
 30.55815109 29.64488072 29.19756461 31.19806163 31.57082505 34.41625249
 31.41550696 32.55243539 33.88195825 25.50099404 28.10412525 28.12897614
 28.43961233 27.3026839  29.49577535 30.03006958 31.09244533 29.94309145
 29.88717694 31.74478131 31.37823062 33.96272366 32.1361829  26.50745527
 27.91153082 27.44557654 27.97987078 28.22837972 28.19110338 29.89338966
 28.91799205 28.85586481 29.74428429 30.2972167  29.99900596 31.53976143
 32.27286282 32.92519881 26.94855865 25.16550696 27.12872763 27.27162028
 27.63195825 29.65730616 29.39637177 30.68861829 31.71371769 29.88717694
 32.02435388 32.93762425 31.25397614 32.9500497  27.22813121 29.10437376
 27.01689861 28.81858847 28.86829026 30.91848907 29.78777336 29.02360835
 30.47738569 31.82554672 30.92470179 32.37847913 35.1555666  31.98086481
 27.21570577 28.29671968 27.91153082 28.30293241 29.96794235 29.5889662
 29.71322068 31.43414513 30.07977137 30.47738569 30.48981113 31.46520875
 33.22962227 33.81983101 32.10511928 27.59468191 26.09120278 30.32206759
 28.21595427 29.15407555 28.55144135 29.88096421 29.53926441 30.60785288
 33.59617296 31.85039761 33.16128231 34.22365805 34.76416501 26.48260437
 27.45800199 26.15954274 29.29696819 27.68166004 30.24751491 32.19209742
 30.07977137 30.83151093 30.875      33.06809145 31.09865805 32.60213718
 33.04324056 28.0916998  26.17196819 27.25298211 29.34045726 27.3026839
 29.71322068 28.88071571 30.04249503 30.24130219 32.06784294 31.61431412
 32.17967197 32.99975149 34.75795229 25.82405567 26.4888171  26.85536779
 27.20328032 29.5889662  27.30889662 29.07952286 30.70104374 31.42171968
 31.40929423 32.52758449 32.77609344 32.11133201 32.40333002 34.8138668
 26.06013917 27.57604374 27.94259443 27.92395626 29.60760437 28.71297217
 28.23459245 30.44632207 33.00596421 31.77584493 31.52112326 33.8943837
 33.44085487 32.37847913 25.92345924 28.63220676 25.96073559 29.22862823
 29.93687873 27.73757455 28.38369781 30.96819085 31.96843936 28.86829026
 31.63295229 32.11754473 31.83797217 33.44706759 27.05417495 28.19110338
 26.99826044 28.52659046 27.8556163  26.52609344 30.14811133 29.02982107
 30.92470179 31.55218688 30.6637674  32.25422465 31.64537773 32.65183897
 34.11182903 26.19681909]",70645.1161614075
2025-06-15 13:49:00+00:00,829,6774.76,9.0,30.174761496436805,30.044855864811133,36.217942345924456,"[27.50770378 28.73782306 27.83697813 29.37152087 27.97365805 30.98682903
 32.63941352 31.26640159 31.17321074 33.1861332  32.11754473 34.65854871
 34.01242545 24.17147117 25.66873757 27.99229622 29.68836978 29.23484095
 30.02385686 31.17942346 29.93687873 31.37201789 31.24776342 32.62077535
 32.68290258 34.01863817 33.62723658 26.82430417 25.55690855 27.81833996
 26.98583499 29.1167992  29.28454274 30.7445328  29.54547714 31.27882704
 30.18538767 31.38444334 31.14835984 33.527833   33.527833   25.40159046
 27.55740557 26.42668986 27.93016899 27.29025845 31.03653082 29.42122266
 30.77559642 29.20377734 31.87524851 30.66998012 32.8444334  31.53976143
 34.01242545 36.21794235 23.92296223 28.83101392 27.52634195 28.55144135
 29.76292247 28.70675944 30.95576541 29.48956262 30.5333002  32.31013917
 32.60213718 30.99304175 33.71421471 31.99329026 26.64413519 28.78131213
 29.09816103 28.59493042 26.42047714 29.46471173 30.86257455 29.39015905
 30.73210736 31.81312127 31.67644135 32.35984095 32.37847913 34.73310139
 26.97962227 25.85511928 27.75621272 26.26515905 28.52037773 29.88717694
 29.64488072 30.0611332  27.99850895 30.92470179 32.43439364 33.99378728
 34.16153082 33.36630219 33.90059642 25.81163022 26.13469185 26.47017893
 30.03628231 29.10437376 29.20999006 30.75695825 29.78777336 30.91848907
 32.49030815 33.49055666 33.16128231 32.96868787 33.47813121 26.805666
 25.2027833  27.33996024 27.9860835  29.07331014 28.71918489 31.23533797
 29.25969185 29.83747515 33.27932406 31.44035785 31.94358847 31.30367793
 32.25422465 26.45775348 25.51341948 27.19706759 28.35263419 27.6195328
 28.38369781 28.50173956 31.40929423 30.61406561 30.90606362 32.37847913
 31.01789264 34.92569583 32.77609344 27.28404573 26.48260437 28.67569583
 28.63841948 26.75596421 28.55765408 29.93687873 30.68240557 29.84368787
 31.08001988 32.44681909 32.94383698 33.04945328 32.22316103 33.71421471
 26.5944334  27.1722167  28.37748509 26.73732604 29.09194831 27.43315109
 31.04274354 30.6637674  30.17917495 29.35909543 30.402833   33.58996024
 34.59020875 34.53429423 25.4140159  27.58225646 27.44557654 27.70651093
 28.01093439 30.83772366 28.96148111 29.65730616 31.78827038 31.03653082
 30.95576541 32.25422465 33.11158052 33.26068588 26.01043738 26.3832008
 28.04821074 26.66277336 28.74403579 29.09194831 31.19184891 29.2721173
 29.55790258 31.35337972 31.06759443 32.54000994 32.6332008  32.66426441
 32.99975149 26.43290258]",70842.28206247897
2025-06-15 13:50:00+00:00,830,6800.8099999999995,9.0,30.252131617464975,30.125776590457253,34.907057654075544,"[27.52634195 29.02360835 29.17892644 30.71346918 29.30939364 30.58921471
 31.01167992 29.2472664  31.71993042 32.87549702 33.09294235 34.22987078
 34.90705765 28.51416501 27.62574553 27.66923459 28.42097416 29.19135189
 28.89935388 30.62649105 30.40904573 31.347167   30.46496024 31.20427435
 32.30392644 32.7388171  32.60213718 25.76192843 27.48285288 28.81858847
 28.72539761 28.25944334 31.819334   30.55193837 30.69483101 31.22291252
 31.32852883 33.15506958 31.70129225 32.61456262 32.19831014 25.89860835
 26.83672962 27.9860835  27.07902584 28.05442346 30.83151093 30.33449304
 31.6888668  31.33474155 31.03653082 29.77534791 32.30392644 32.69532803
 32.91277336 33.58374751 28.96769384 27.97987078 27.54498012 29.16650099
 27.50770378 29.68215706 28.89314115 30.85636183 30.18538767 30.64512922
 32.24801193 33.61481113 32.51515905 34.83871769 26.49502982 27.36481113
 27.54498012 29.8250497  27.62574553 30.45874751 27.86804175 29.78156064
 30.43389662 31.39065606 30.402833   32.77609344 33.82604374 33.65208748
 26.33349901 26.87400596 26.07877734 28.99875746 28.86207753 29.23484095
 29.09816103 28.61356859 30.11083499 30.68240557 31.86903579 31.55218688
 32.93141153 33.2917495  33.99378728 26.15333002 27.63817097 26.65034791
 28.28429423 28.47067594 29.31560636 31.57703777 30.12947316 31.5583996
 31.06138171 31.93116302 32.92519881 32.68290258 32.87549702 25.9110338
 26.1471173  27.19706759 28.75646123 28.79373757 29.31560636 29.3528827
 31.65780318 30.63270378 30.68861829 33.29796223 32.14239563 31.95601392
 34.72688867 27.07281312 26.61307157 27.38966203 27.22813121 29.39015905
 29.43986083 29.20377734 30.84393638 29.65730616 31.44035785 31.12972167
 31.52112326 31.35337972 31.45899602 25.16550696 27.79970179 28.0916998
 29.60139165 27.96744533 27.08523857 30.41525845 30.24130219 32.10511928
 32.29771372 31.93116302 32.03677932 32.85685885 31.29125249 33.8943837
 25.04125249 28.31535785 27.97987078 28.52659046 28.04821074 31.16078529
 31.17321074 28.64463221 30.63270378 30.82529821 31.15457256 33.88195825
 34.11182903 31.35959245 27.01068588 27.14736581 28.25323062 27.99850895
 28.64463221 29.76292247 30.23508946 29.28454274 30.6389165  31.76963221
 31.29125249 32.35362823 33.49055666 34.49080517 27.47042744 29.13543738
 27.81212724 28.55765408 25.89239563 29.04224652 28.9304175  28.60735586
 30.83772366 31.08001988 32.92519881 32.43439364 32.48409543 33.10536779
 32.50894632 28.00472167]",71101.13153939083
2025-06-15 13:51:00+00:00,831,6818.76,9.0,30.3055914751953,30.18153578528827,35.590457256461235,"[26.86158052 26.63170974 28.07927435 27.94259443 27.78727634 31.14214712
 32.15482107 30.45874751 31.91252485 31.69507952 32.91277336 33.61481113
 32.93141153 25.8861829  27.60089463 26.61307157 28.81237575 27.73136183
 30.44010934 30.01143141 30.03628231 30.45253479 31.34095427 33.00596421
 33.14264414 32.98732604 33.51540755 27.40208748 26.38941352 27.47042744
 28.04199801 27.25919483 29.32803181 30.1916004  31.11729622 30.44010934
 31.93737575 31.47763419 32.61456262 33.32281312 32.49652087 26.86158052
 26.12847913 27.17842942 26.43911531 28.86829026 30.27236581 28.59493042
 28.74403579 29.8499006  31.86282306 31.07380716 32.53379722 31.99950298
 32.75124254 33.6334493  25.02882704 28.39612326 29.08573559 28.16625249
 29.76292247 27.83076541 30.49602386 29.68836978 31.86903579 33.13643141
 33.32902584 33.73285288 34.52808151 34.04348907 24.82380716 28.37748509
 28.37748509 28.61978131 28.19110338 29.44607356 30.40904573 29.39637177
 32.40333002 30.10462227 32.34120278 32.09890656 32.27286282 33.03081511
 25.6500994  28.7750994  26.81187873 30.2972167  28.16625249 29.34666998
 31.06759443 31.09244533 29.40879722 31.59567594 32.16724652 32.45303181
 31.23533797 33.56510934 33.44085487 27.25298211 27.55740557 27.42072565
 27.70029821 28.76888668 30.30964215 32.0305666  30.39662028 30.33449304
 31.36580517 32.76988072 32.08026839 32.96868787 33.78255467 28.5638668
 27.93016899 28.03578529 29.10437376 29.39015905 30.44632207 30.1667495
 29.94309145 29.99900596 32.2666501  32.03677932 33.42842942 32.6083499
 34.14910537 27.62574553 28.24701789 26.98583499 26.29000994 28.02957256
 30.83772366 30.14811133 29.83747515 29.80019881 31.22291252 30.12326044
 32.76988072 32.9749006  33.10536779 25.14686879 28.57007952 26.62549702
 28.81858847 28.03578529 29.81883698 30.26615308 29.20377734 30.60785288
 30.93091451 32.35984095 32.69532803 32.69532803 32.61456262 34.27957256
 26.74353877 27.65059642 29.32803181 28.73782306 29.73807157 28.27808151
 31.0862326  31.73856859 29.54547714 32.0305666  31.76963221 32.1361829
 32.2417992  35.59045726 25.21520875 27.68787276 26.44532803 30.65134195
 30.04249503 29.24105368 29.12922465 31.76963221 31.9000994  31.30367793
 32.28528827 30.92470179 33.09915507 34.35412525 27.15979125 24.7554672
 28.5390159  28.24701789 28.12276342 28.68190855 29.47713718 29.51441352
 31.42793241 31.45899602 32.36605368 32.14239563 32.68290258 33.27311133
 32.31635189 25.96073559]",71279.98683941338
2025-06-15 13:52:00+00:00,832,6816.459999999999,9.0,30.299285878913572,30.174391153081512,35.67743538767395,"[28.08548708 28.33399602 26.82430417 27.86804175 32.04299205 29.19135189
 31.14214712 31.50869781 32.36605368 32.35362823 30.57057654 34.01242545
 33.85089463 27.66302187 26.7249006  27.62574553 28.62599404 28.54522863
 28.17867793 30.44632207 32.21073559 30.76317097 31.0054672  32.3971173
 32.9500497  34.19259443 32.85064612 27.03553678 26.58822068 27.77485089
 27.52012922 29.81883698 29.2472664  28.84343936 30.63270378 32.14239563
 29.99900596 32.87549702 30.44632207 33.97514911 33.27932406 28.06684891
 28.16625249 27.24055666 26.94855865 28.50173956 29.79398608 30.6389165
 28.5390159  30.91227634 32.96868787 32.27286282 32.55243539 32.93762425
 33.45328032 35.67743539 28.93663022 27.77485089 29.53926441 28.86829026
 30.22887674 29.49577535 28.89935388 28.1973161  30.82529821 32.09269384
 33.56510934 33.57753479 33.93166004 34.84493042 26.03528827 27.42693837
 27.94259443 27.55119284 28.79373757 28.73161034 28.70054672 29.47713718
 30.23508946 32.02435388 30.7445328  31.73235586 31.16699801 33.67072565
 27.277833   25.76192843 26.63170974 27.29025845 27.06038767 27.8804672
 31.63295229 29.80019881 30.34691849 30.56436382 30.70725646 31.24776342
 33.02460239 35.11829026 33.15506958 27.79970179 25.98558648 28.06684891
 27.89910537 29.45228628 28.60114314 29.84368787 29.94930417 30.45874751
 31.83175944 31.81312127 32.07405567 34.39140159 35.31088469 26.05392644
 26.86779324 28.61978131 28.09791252 28.20974155 28.61978131 29.46471173
 28.06063618 31.26018887 30.20402584 31.69507952 32.62698807 31.1110835
 31.36580517 26.3583499  23.93538767 28.13518887 28.99254473 27.97987078
 27.13494036 29.32803181 29.74428429 32.02435388 31.60810139 31.94358847
 33.7639165  32.74502982 33.19234592 26.66898608 25.97316103 26.53230616
 27.25298211 28.70675944 30.69483101 30.25994036 30.32206759 32.72639165
 31.37823062 31.3223161  31.68265408 32.10511928 33.26068588 33.7639165
 27.68787276 28.29671968 28.1973161  29.79398608 28.70054672 31.15457256
 29.37152087 30.75695825 31.27261431 33.0805169  33.08672962 35.01888668
 33.93166004 32.42818091 27.06038767 28.54522863 26.16575547 27.58846918
 28.72539761 29.85611332 28.67569583 30.19781312 30.2972167  32.24801193
 30.85014911 32.73260437 33.99378728 33.16749503 26.97340954 27.15979125
 26.85536779 27.84940358 30.03006958 30.22887674 31.05516899 29.62624254
 29.75670974 32.72639165 33.16749503 32.25422465 32.09890656 33.32902584
 33.54647117 26.37698807]",71258.89083649326
2025-06-15 13:53:00+00:00,833,6796.71,9.0,30.241477741912142,30.11304050695825,35.590457256461235,"[27.28404573 27.79970179 31.07380716 29.40879722 29.3528827  30.58921471
 30.80044732 29.75049702 31.06759443 32.80715706 31.48384692 32.98732604
 33.14885686 26.53851889 28.38991054 27.99850895 28.16003976 29.29696819
 29.70700795 28.33399602 31.56461233 29.96794235 32.22316103 33.49676938
 33.68936382 32.55864811 33.7887674  24.77410537 27.15979125 27.32753479
 28.88692843 29.14786282 28.1165507  30.19781312 28.09791252 30.75074553
 32.98732604 31.68265408 31.35337972 32.04920477 33.22962227 24.56287276
 27.55740557 26.68762425 27.23434394 28.70675944 27.99229622 29.02982107
 30.48359841 30.37176938 30.98682903 32.47166998 31.44657058 33.41600398
 32.81336978 33.01217694 26.40183897 26.05392644 27.55119284 28.15382704
 29.24105368 27.11630219 30.25994036 28.88071571 29.52683897 31.96843936
 33.01217694 33.70800199 32.68911531 32.03677932 27.32753479 27.80591451
 28.13518887 29.38394632 29.34666998 29.20999006 30.67619284 30.56436382
 30.80666004 32.64562624 32.52758449 31.44035785 33.84468191 31.35959245
 25.94831014 25.66252485 28.89935388 29.38394632 27.30889662 29.22241551
 29.87475149 30.92470179 30.52087475 31.37823062 31.44035785 31.98707753
 30.65755467 32.3722664  34.03106362 25.04125249 27.11008946 27.56983101
 29.35909543 29.79398608 28.91799205 29.52062624 30.44010934 30.33449304
 32.5027336  31.77584493 31.65780318 33.8695328  33.14885686 26.89885686
 27.00447316 27.84940358 27.45178926 30.32828032 29.47092445 29.96794235
 30.70104374 30.88742545 32.07405567 32.49030815 33.07430417 32.19209742
 33.00596421 26.3832008  27.86182903 26.55715706 28.84343936 27.55119284
 29.62624254 30.04249503 31.2415507  30.04870775 29.60139165 32.04920477
 34.27335984 33.3166004  32.90034791 25.11580517 26.70626243 26.89885686
 29.18513917 28.68812127 30.03628231 30.7445328  30.86878728 30.93091451
 29.96172962 31.64537773 31.67644135 32.27907555 33.54647117 33.16749503
 27.29647117 27.72514911 28.40854871 28.71297217 30.27857853 29.63245527
 30.1667495  29.89338966 30.91227634 31.80690855 31.53976143 33.5526839
 34.45352883 35.59045726 27.31510934 28.24701789 26.85536779 27.41451292
 30.34691849 26.81187873 29.05467197 29.88717694 32.74502982 31.96843936
 30.34070577 31.42171968 31.75720676 34.04348907 27.50149105 29.50198807
 28.03578529 28.02335984 29.70079523 28.97390656 28.26565606 30.39040755
 30.402833   30.91227634 31.14214712 31.86282306 34.8138668  31.81312127
 33.26689861 26.54473161]",71065.48793334127
2025-06-15 13:54:00+00:00,834,6814.030000000001,9.0,30.293057959720702,30.16684269383698,35.17420477137176,"[26.81187873 27.94259443 28.34020875 28.57629225 28.6694831  30.55815109
 30.37176938 30.78180915 31.80069583 31.86282306 32.09890656 33.42842942
 34.83871769 26.86158052 26.16575547 27.54498012 28.58250497 29.77534791
 28.39612326 29.22862823 29.93687873 31.44035785 30.53951292 31.17321074
 32.5027336  33.69557654 33.57753479 26.40805169 27.60710736 26.61928429
 26.33349901 28.45203777 27.86182903 30.14189861 30.44632207 30.82529821
 30.17296223 32.2417992  32.0305666  33.52162028 33.58996024 27.4083002
 27.73757455 27.88667992 29.25969185 30.21645129 28.11033797 30.42147117
 31.21048708 30.89363817 30.27857853 32.90656064 31.05516899 32.85685885
 32.15482107 33.44706759 26.13469185 26.13469185 28.98011928 26.84915507
 29.99279324 28.44582505 29.59517893 28.96769384 31.12350895 31.0054672
 32.44060636 33.04324056 34.67718688 34.84493042 26.19060636 26.45775348
 27.34617296 27.12872763 28.61356859 29.08573559 29.48956262 30.41525845
 30.40904573 31.73856859 30.93712724 32.88170974 32.08026839 33.09915507
 27.71272366 26.71868787 26.32728628 27.80591451 29.0111829  29.45228628
 29.32181909 28.87450298 31.2166998  32.17967197 33.25447316 31.96843936
 32.5027336  32.85685885 33.98757455 27.18464215 25.27112326 27.08523857
 27.80591451 30.23508946 29.63866799 29.5082008  30.30964215 31.27261431
 32.54622266 32.31635189 33.21719682 32.78230616 34.77037773 27.29647117
 26.9361332  28.00472167 27.79970179 29.56411531 29.99279324 29.3777336
 31.91873757 31.03653082 31.30989066 33.52162028 31.50248509 33.71421471
 32.76366799 27.13494036 28.57007952 27.48906561 28.25323062 28.13518887
 30.29100398 28.28429423 32.18588469 31.22291252 33.01217694 32.36605368
 32.55243539 34.63369781 34.37276342 28.12276342 28.45203777 28.38991054
 28.13518887 29.93687873 29.0111829  30.32828032 28.50795229 30.64512922
 31.84418489 30.47117296 34.28578529 31.98707753 32.29771372 34.93190855
 27.39587475 29.73807157 25.86754473 28.32157058 29.05467197 31.62673956
 27.82455268 31.38444334 31.68265408 31.63916501 30.65134195 31.40308151
 34.4473161  35.0250994  27.32753479 26.58822068 27.60089463 27.5139165
 29.57032803 30.15432406 28.80616302 30.65134195 31.53354871 30.60164016
 31.24776342 30.73210736 31.73856859 31.96843936 26.805666   24.70576541
 29.02982107 28.50173956 29.1416501  26.65034791 30.45874751 30.58300199
 29.51441352 31.77584493 31.39065606 32.49030815 32.1361829  32.53379722
 35.17420477 26.94855865]",71238.05471004159
2025-06-15 13:55:00+00:00,835,6770.639999999999,9.0,30.165473466766493,30.032057654075544,35.37922465208747,"[27.31510934 26.33349901 29.26590457 30.23508946 28.37748509 28.68190855
 30.99925447 30.16053678 32.17967197 31.67022863 32.49652087 32.65183897
 34.16774354 26.69383698 26.68762425 26.79324056 28.48931412 29.88717694
 29.94930417 28.97390656 29.74428429 32.76988072 33.32902584 30.71968191
 32.54000994 33.03081511 34.31063618 26.71247515 24.72440358 28.33399602
 27.8556163  28.27186879 28.98633201 29.43986083 30.47738569 31.08001988
 30.70725646 32.2666501  32.44681909 33.63966203 34.472167   26.00422465
 27.3026839  25.48856859 28.39612326 29.32181909 28.95526839 29.44607356
 28.88071571 31.24776342 31.09865805 31.42793241 31.51491054 32.04299205
 33.92544732 34.48459245 28.55765408 27.09145129 27.61332008 28.37748509
 27.61332008 28.04821074 29.80019881 29.99279324 29.44607356 31.57703777
 32.81336978 30.5333002  31.16699801 33.88195825 27.26540755 27.88667992
 27.95501988 26.70626243 29.9555169  28.70054672 30.60164016 29.87475149
 31.98707753 31.11729622 30.72589463 32.68290258 35.13692843 34.73310139
 27.68166004 26.98583499 27.15357853 30.37176938 28.694334   30.62027833
 28.93663022 29.3528827  33.46570577 30.33449304 29.06088469 30.57678926
 33.4222167  32.16724652 33.59617296 26.52609344 28.5638668  27.56361829
 28.17246521 28.71918489 29.01739563 29.04845924 30.09219682 31.73235586
 31.01789264 32.69532803 33.01838966 31.91252485 33.39115308 27.48285288
 27.47664016 27.48285288 27.66302187 29.09194831 28.14140159 29.14786282
 29.60139165 30.07355865 29.99279324 32.64562624 32.00571571 34.69582505
 35.37922465 26.7000497  27.84940358 28.85586481 28.73161034 28.11033797
 29.02982107 30.30342942 30.00521869 30.6637674  30.402833   31.93116302
 34.31684891 32.9500497  34.29821074 27.04796223 27.49527833 25.45750497
 26.42047714 27.39587475 29.16028827 28.4582505  29.89960239 30.82529821
 28.61978131 31.20427435 31.98707753 32.80715706 31.71371769 35.29224652
 24.91699801 26.63792247 27.36481113 29.53926441 28.65084493 29.14786282
 31.04274354 28.45203777 29.930666   32.81336978 32.52137177 30.57057654
 30.2972167  34.14910537 27.66302187 28.75024851 28.76267396 27.74378728
 29.43986083 31.14214712 31.57082505 30.21023857 32.40333002 31.75720676
 31.17321074 32.27907555 32.53379722 32.17967197 25.11580517 27.15357853
 28.53280318 29.04224652 27.45178926 28.49552684 28.22837972 28.98633201
 29.8499006  31.67022863 31.52112326 32.38469185 32.20452286 31.67022863
 32.37847913 26.12847913]",70811.20803041398
2025-06-15 13:56:00+00:00,836,6807.360000000001,9.0,30.274290233392374,30.14612326043737,35.708499005964214,"[27.23434394 29.32803181 28.49552684 30.10462227 29.43364811 29.85611332
 30.73832008 30.94333996 31.19184891 30.30342942 33.40979125 32.61456262
 35.70849901 28.02957256 28.62599404 26.84915507 28.42097416 29.80019881
 28.98633201 30.28479125 30.79423459 30.60164016 30.60164016 32.0554175
 32.12997018 32.76366799 33.26689861 27.60089463 27.02932406 27.20328032
 28.88071571 28.68190855 29.85611332 29.81262425 30.04870775 31.6640159
 31.3223161  32.06163022 32.85064612 31.44657058 32.39090457 27.24676938
 27.6443837  27.14736581 29.09194831 28.7750994  29.17892644 29.39015905
 31.15457256 31.85039761 29.31560636 30.48981113 32.41575547 34.35412525
 32.65805169 33.03702783 26.43290258 28.21595427 27.01689861 28.20974155
 27.33996024 30.31585487 30.52708748 29.89960239 30.01764414 33.04945328
 29.06709742 32.44681909 32.68911531 30.93712724 26.45775348 27.15357853
 28.06684891 28.94284294 28.48310139 29.38394632 29.92445328 29.50198807
 31.60810139 31.09244533 30.42147117 31.87524851 33.77012922 33.20477137
 27.31510934 27.56983101 27.84940358 27.65680915 29.62002982 29.57654076
 29.39637177 28.81858847 31.16078529 32.45303181 31.06138171 32.29150099
 32.51515905 32.83822068 34.53429423 26.81809145 27.24055666 27.83076541
 29.0360338  27.49527833 30.25372763 27.52012922 30.58300199 30.68861829
 32.57728628 31.96222664 30.76317097 33.92544732 34.15531809 27.50149105
 27.71272366 27.33374751 27.80591451 28.31535785 28.70675944 29.72564612
 29.47713718 30.49602386 32.55243539 33.29796223 31.42793241 32.77609344
 34.06212724 28.14761431 27.56361829 26.65034791 28.23459245 28.98011928
 31.02410537 29.55168986 32.49652087 30.35313121 30.1667495  30.26615308
 32.04299205 33.06809145 33.83225646 25.30218688 27.31510934 27.83697813
 28.98011928 28.33399602 31.46520875 31.06759443 30.71968191 32.40954274
 29.96172962 31.47142147 32.2666501  32.25422465 31.73235586 33.12400596
 26.50124254 29.02982107 27.04796223 28.54522863 27.92395626 30.22887674
 29.31560636 30.34691849 28.84343936 31.44035785 32.59592445 32.54000994
 32.89413519 33.68315109 26.57579523 27.1722167  26.52609344 28.40854871
 28.20352883 28.43961233 30.17296223 30.83772366 30.35934394 30.09219682
 32.31635189 32.39090457 32.01192843 34.90084493 25.09095427 28.61978131
 28.38369781 29.3528827  30.55193837 29.3777336  31.16699801 30.0611332
 29.76292247 29.68215706 32.46545726 31.70129225 33.50919483 34.14910537
 32.60213718 26.86158052]",71175.26540483753
2025-06-15 13:57:00+00:00,837,6777.280000000001,9.0,30.18597041545938,30.052683896620273,35.267395626242546,"[29.04224652 28.02335984 28.81237575 29.3528827  26.86158052 30.21023857
 31.83797217 33.23583499 31.44657058 32.58349901 33.09294235 34.35412525
 32.9749006  27.13494036 26.29622266 27.16600398 28.14140159 28.12897614
 29.80641153 28.87450298 32.06163022 31.73235586 30.48981113 31.32852883
 33.04945328 33.83846918 31.74478131 26.43290258 25.79299205 26.64413519
 29.58275348 28.53280318 29.62002982 31.30367793 31.6640159  30.07977137
 31.52733598 33.27311133 31.37823062 32.37847913 34.58399602 24.42619284
 27.32132207 27.14115308 26.9361332  27.43936382 27.79970179 30.78802187
 30.1916004  30.62027833 31.09865805 30.37798211 32.11133201 32.74502982
 33.91302187 33.57753479 27.68787276 27.01068588 29.45228628 28.00472167
 28.85586481 28.99875746 30.25994036 31.41550696 30.402833   30.96819085
 32.01192843 34.02485089 32.55243539 33.67072565 26.71868787 29.44607356
 27.89289264 27.59468191 28.45203777 27.29647117 28.04821074 31.2415507
 31.18563618 31.30989066 33.40357853 32.93762425 31.94358847 33.7639165
 26.91128231 28.68190855 27.17842942 28.02957256 28.01714712 28.81858847
 28.85586481 32.21694831 31.61431412 30.41525845 31.97465209 32.54000994
 31.59567594 32.22316103 31.53354871 26.81187873 25.64388668 27.8556163
 27.35238569 28.94905567 30.79423459 30.07977137 30.9806163  30.61406561
 31.03653082 32.58349901 33.16749503 33.15506958 32.67668986 27.30889662
 26.99204771 26.23409543 28.84965209 29.2472664  29.05467197 29.0111829
 30.17917495 30.80666004 32.09269384 28.94284294 30.80044732 33.23583499
 32.39090457 27.0417495  27.63195825 26.22166998 27.53255467 28.76267396
 28.4582505  31.35959245 30.14811133 29.71322068 30.39662028 31.7944831
 31.09865805 33.8695328  33.59617296 25.86754473 28.23459245 27.12251491
 27.68787276 27.07902584 28.71918489 28.95526839 29.39637177 32.42818091
 30.99304175 29.99900596 32.98732604 33.527833   35.26739563 32.80715706
 26.49502982 28.49552684 27.37102386 29.25969185 29.38394632 29.09816103
 29.04845924 30.0611332  30.4276839  32.2417992  30.66998012 32.08648111
 31.71371769 32.55864811 27.07902584 25.59418489 29.26590457 27.42693837
 29.7194334  28.07306163 29.39637177 28.91177932 31.82554672 31.95601392
 32.55864811 31.21048708 33.54025845 32.86928429 27.19085487 26.82430417
 26.81187873 27.94259443 26.53230616 28.76888668 29.73185885 29.88096421
 31.06759443 32.04920477 31.75720676 32.85685885 32.23558648 34.79522863
 34.75795229 25.38916501]",70879.78262196091
2025-06-15 13:58:00+00:00,838,6789.95,9.0,30.223800845897564,30.092041500994032,35.31709741550696,"[28.02957256 27.67544732 29.30318091 27.93638171 31.07380716 28.71297217
 29.3528827  30.4276839  29.79398608 31.83175944 32.26043738 32.06163022
 32.40333002 26.44532803 28.5638668  28.40233598 28.11033797 29.88096421
 29.57032803 29.02360835 30.97440358 29.86853877 32.47166998 32.36605368
 33.11779324 31.44657058 33.49055666 27.37723658 27.99229622 25.76814115
 28.04821074 29.98658052 29.31560636 30.24751491 29.42122266 29.24105368
 31.73235586 31.35959245 31.70129225 33.11158052 32.40954274 24.79895626
 25.86754473 27.4083002  28.21595427 28.6694831  28.1973161  30.24130219
 28.62599404 32.36605368 31.73856859 31.36580517 31.11729622 32.91277336
 34.32306163 33.88817097 27.72514911 27.77485089 27.87425447 27.69408549
 30.33449304 29.78156064 31.38444334 30.00521869 32.11754473 31.30989066
 31.85661034 31.94358847 32.89413519 32.35362823 26.50124254 25.35810139
 28.04821074 29.32803181 28.1165507  28.80616302 27.94259443 31.0862326
 28.38991054 31.47763419 32.35362823 33.60859841 32.54000994 34.42246521
 25.50099404 27.99850895 27.86182903 28.47688867 28.65705765 28.06684891
 29.72564612 29.85611332 29.96172962 30.91848907 31.73235586 32.2666501
 34.         33.16749503 34.47837972 26.15333002 25.81784294 27.88667992
 28.48931412 30.23508946 29.91202783 29.73807157 31.35337972 29.75670974
 32.39090457 29.88096421 33.17992048 33.29796223 33.527833   25.04125249
 27.05417495 27.77485089 28.42718688 28.51416501 29.21620278 28.97390656
 30.12326044 32.73260437 30.57057654 29.81262425 32.18588469 33.527833
 35.31709742 28.13518887 27.07902584 27.36481113 26.94234592 28.66327038
 27.73757455 30.34070577 30.35934394 30.60164016 31.40929423 31.85039761
 31.46520875 33.29796223 33.01838966 25.42022863 27.60089463 27.30889662
 28.80616302 27.48906561 28.79373757 29.31560636 29.90581511 30.22887674
 29.05467197 31.67644135 31.62673956 32.76988072 34.93812127 33.38494036
 28.67569583 27.8804672  26.9361332  28.49552684 30.71346918 30.39662028
 30.65755467 30.84393638 30.59542744 31.14214712 31.82554672 33.01838966
 34.27957256 34.73931412 26.36456262 26.68762425 28.01093439 29.19756461
 29.12922465 29.87475149 30.01143141 31.34095427 30.83151093 30.7693837
 32.73260437 34.35412525 33.85710736 32.8444334  25.06610338 27.59468191
 27.11008946 27.43936382 29.68215706 30.16053678 28.44582505 30.52708748
 30.81908549 29.89960239 32.72017893 31.71993042 32.52758449 33.67072565
 32.48409543 27.11630219]",71006.34811003489
2025-06-15 13:59:00+00:00,839,6796.27,9.0,30.242885268801608,30.111673707753475,35.416500994035786,"[27.67544732 28.32157058 27.76242545 27.63195825 29.7194334  30.50223658
 30.75695825 31.69507952 31.89388668 31.74478131 33.34766402 34.57157058
 33.84468191 27.15979125 29.14786282 28.10412525 29.15407555 29.00497018
 29.83126243 31.03653082 28.76267396 30.68861829 31.40308151 31.29746521
 33.84468191 32.17967197 33.01838966 26.76838966 29.35909543 29.16650099
 28.01714712 29.5082008  28.50173956 29.31560636 30.81287276 29.83747515
 31.20427435 32.75745527 33.54025845 32.44681909 32.18588469 25.3083996
 25.81784294 28.03578529 27.70029821 28.1165507  29.06088469 30.57057654
 30.73832008 30.60785288 32.33499006 29.75049702 32.22316103 31.72614314
 33.6334493  33.63966203 25.94209742 25.42644135 28.94284294 26.30864811
 28.86207753 29.07952286 30.43389662 30.25994036 32.67668986 30.89985089
 33.84468191 32.69532803 33.68315109 34.14910537 25.99801193 26.55715706
 27.39587475 28.84965209 28.55765408 27.77485089 29.54547714 29.29075547
 31.13593439 32.46545726 32.35362823 32.92519881 32.88170974 32.4778827
 25.81784294 26.53230616 25.94209742 27.11008946 28.72539761 28.39612326
 28.81237575 28.7750994  30.60785288 29.70079523 30.15432406 30.30342942
 34.32306163 32.67668986 32.45924453 26.65034791 28.71918489 27.84940358
 27.99850895 30.35934394 29.45849901 28.84343936 29.33424453 31.04895626
 32.56486083 31.44035785 32.72639165 33.22340954 34.472167   27.55740557
 28.9304175  28.82480119 27.71893638 28.29671968 27.3834493  32.83200795
 29.87475149 32.27286282 31.04895626 29.96794235 32.55243539 33.66451292
 33.07430417 26.27758449 26.45775348 28.55765408 29.32803181 29.45228628
 29.09816103 29.12922465 29.68836978 30.94955268 31.68265408 31.85661034
 32.3971173  32.10511928 34.03727634 27.43315109 26.38941352 26.29622266
 29.09816103 28.5390159  28.75646123 27.75621272 28.52659046 30.88121272
 29.92445328 33.38494036 31.73235586 31.74478131 32.51515905 34.93812127
 24.76789264 26.66898608 27.83076541 29.63866799 27.86182903 30.02385686
 30.25372763 32.08026839 31.14835984 31.90631213 32.27907555 32.2417992
 33.68315109 35.41650099 26.42668986 28.14761431 28.01093439 27.35238569
 28.38991054 29.46471173 30.22266402 29.5082008  31.2415507  31.7944831
 31.69507952 32.06784294 32.58349901 31.67644135 23.99130219 26.50124254
 25.569334   29.42743539 30.78802187 29.45228628 31.02410537 29.88096421
 30.83772366 31.88146123 33.45328032 30.89985089 33.01217694 32.8444334
 34.50944334 27.71893638]",71070.19695530267
2025-06-15 14:00:00+00:00,840,6805.0599999999995,9.0,30.269251881677484,30.138978628230618,34.757952286282304,"[28.35884692 29.40258449 27.23434394 28.93663022 28.94905567 30.81287276
 29.89338966 31.48384692 30.70725646 31.30367793 31.60188867 33.27932406
 34.75795229 28.58871769 26.69383698 29.33424453 28.30914513 27.40208748
 27.75       28.70675944 31.14214712 28.07306163 31.36580517 31.04274354
 32.04920477 32.11754473 34.16774354 26.94234592 27.55740557 27.19085487
 29.07331014 31.13593439 29.88096421 30.82529821 30.97440358 31.10487078
 31.89388668 31.76341948 31.75099404 34.49080517 33.21719682 26.0166501
 28.32157058 28.89314115 29.25347913 27.55740557 30.31585487 28.50795229
 30.83772366 31.69507952 32.52758449 31.77584493 30.92470179 32.98111332
 32.20452286 33.45328032 26.54473161 27.01068588 26.51988072 28.49552684
 29.25347913 30.09219682 28.34642147 29.41500994 29.75670974 31.30367793
 30.77559642 30.60164016 33.80740557 34.37276342 25.50099404 28.25323062
 27.25919483 27.93638171 28.7750994  28.30293241 30.26615308 29.8250497
 29.80641153 32.88792247 31.41550696 33.17992048 33.19234592 33.06187873
 25.79299205 26.52609344 26.23409543 27.14736581 29.19135189 29.70700795
 30.03006958 31.27882704 31.06759443 32.17967197 31.94980119 31.39686879
 33.36008946 33.23583499 33.54647117 27.35238569 27.53255467 28.84343936
 28.17867793 29.22862823 29.63245527 29.67594433 31.76963221 31.65159046
 32.31013917 32.70154076 32.5027336  32.62698807 33.85089463 26.61928429
 27.56361829 28.17867793 28.95526839 27.75621272 30.71968191 28.86829026
 30.09840954 31.65780318 30.62027833 31.09244533 33.07430417 31.83797217
 34.67097416 26.87400596 26.32107356 27.97987078 27.83697813 29.13543738
 28.5638668  29.6138171  31.81312127 31.09865805 32.11754473 31.69507952
 31.30989066 32.31013917 33.7639165  27.68787276 27.27162028 28.96769384
 28.7750994  28.01714712 26.77460239 31.04274354 29.32803181 30.81287276
 30.81908549 29.34045726 30.96197813 33.34145129 33.01838966 32.72639165
 25.569334   25.98558648 28.54522863 28.19110338 27.62574553 30.71346918
 29.39637177 29.87475149 30.70725646 31.86282306 30.12947316 31.21048708
 33.19855865 32.88170974 26.99204771 28.75024851 27.55740557 27.62574553
 28.14761431 30.71346918 30.41525845 30.23508946 30.875      31.85039761
 32.74502982 32.31635189 33.40979125 33.29796223 25.24005964 25.95452286
 27.78727634 28.18489066 30.55193837 28.96148111 30.96819085 29.65109344
 31.40308151 31.04274354 32.66426441 31.95601392 33.56510934 33.06809145
 34.2112326  27.73757455]",71158.4090953402
2025-06-15 14:01:00+00:00,841,6781.73,9.0,30.200824073514198,30.066507206759443,34.86356858846918,"[26.27758449 27.74378728 29.32803181 29.83747515 29.43986083 30.402833
 28.96148111 33.66451292 31.40308151 31.13593439 32.98111332 33.10536779
 33.62723658 25.4140159  26.7000497  28.5390159  29.30318091 29.11058648
 29.91824056 29.30318091 29.93687873 29.06088469 31.31610338 31.38444334
 33.27311133 33.40979125 31.88146123 28.13518887 26.74975149 28.60735586
 27.73136183 27.8804672  29.09816103 28.20974155 30.27857853 30.23508946
 31.40929423 29.08573559 32.31013917 34.24229622 33.99378728 24.86729622
 26.92370775 27.3026839  28.29671968 28.09791252 29.5889662  29.81262425
 29.40258449 29.86232604 31.60810139 31.2166998  32.5027336  32.57728628
 34.3416998  34.22987078 27.52012922 27.32132207 26.5695825  28.67569583
 28.39612326 31.26018887 29.1416501  30.6389165  32.09890656 30.88121272
 31.4527833  32.26043738 33.15506958 34.11182903 25.31461233 27.35859841
 28.61978131 29.16650099 29.53305169 29.79398608 29.35909543 29.26590457
 30.17296223 31.62052684 30.9806163  32.22316103 33.96272366 33.7887674
 25.15308151 27.93016899 28.04199801 28.29050696 29.14786282 29.90581511
 28.60735586 30.02385686 31.37201789 33.16749503 30.01143141 32.22316103
 32.19209742 34.38518887 34.86356859 26.91128231 28.67569583 30.04870775
 27.94259443 28.34020875 29.5082008  30.94333996 30.402833   30.35934394
 31.08001988 31.06759443 33.08672962 33.17992048 32.78851889 27.09145129
 28.0916998  28.86207753 27.46421471 28.40854871 27.79348907 31.01789264
 30.32206759 31.43414513 31.39065606 32.45924453 32.22316103 32.68911531
 33.83846918 26.19681909 26.1222664  27.76242545 28.60114314 28.81858847
 28.86829026 30.70725646 30.0611332  30.01764414 31.69507952 30.24130219
 31.37201789 32.19831014 31.88146123 25.20899602 25.66873757 26.09120278
 27.3026839  28.29050696 30.60785288 27.93016899 29.40879722 29.78777336
 30.875      31.6640159  31.63295229 32.86928429 33.39736581 32.09890656
 27.46421471 27.58846918 29.84368787 27.73757455 28.34642147 30.52087475
 28.96769384 30.45874751 30.45253479 32.58971173 32.75745527 33.71421471
 33.73906561 32.60213718 25.90482107 26.76217694 28.3277833  27.15357853
 30.10462227 28.76267396 29.17271372 31.06138171 31.25397614 31.42793241
 31.88146123 32.29771372 33.39115308 32.06163022 25.15308151 28.40233598
 26.68762425 28.37748509 27.88667992 29.74428429 29.39015905 31.3223161
 29.50198807 32.86928429 29.81883698 32.11754473 33.21719682 34.08697813
 34.28578529 24.27708748]",70929.4770203491
2025-06-15 14:02:00+00:00,842,6776.41,9.0,30.185537658879365,30.049981361829023,36.5969184890656,"[28.5390159  27.97987078 25.71222664 30.30964215 28.20974155 30.54572565
 31.26640159 30.70725646 32.27286282 33.33523857 32.40333002 32.12375746
 33.44706759 27.65680915 27.15979125 26.91749503 27.60710736 28.24701789
 29.04845924 28.41476143 30.6389165  32.32877734 31.0054672  31.75099404
 32.19209742 36.59691849 35.3667992  26.43290258 27.43315109 27.45178926
 27.07902584 27.71272366 28.73782306 28.70054672 32.23558648 29.63866799
 31.06138171 31.72614314 31.35959245 33.88817097 32.68290258 27.25298211
 26.08499006 27.32753479 28.25323062 27.95501988 29.35909543 28.15382704
 29.46471173 30.28479125 31.41550696 32.75745527 33.4222167  32.90034791
 32.34741551 32.14239563 26.99204771 27.94259443 28.89935388 28.48310139
 29.54547714 28.94905567 29.70079523 30.6389165  30.52708748 29.76292247
 32.66426441 33.01838966 32.31635189 34.03727634 25.98558648 26.52609344
 28.46446322 28.57629225 29.84368787 28.59493042 28.33399602 29.78777336
 30.17296223 30.80666004 32.79473161 32.86928429 32.1361829  33.15506958
 26.66277336 26.87400596 27.19706759 27.35238569 29.96172962 28.73782306
 30.24130219 31.47763419 31.17942346 31.49627237 31.10487078 32.64562624
 33.21719682 34.52186879 32.8444334  24.66848907 27.08523857 30.06734592
 27.94880716 29.58275348 30.49602386 32.12375746 28.78752485 30.07355865
 31.27261431 32.68290258 32.45924453 32.46545726 33.83846918 25.87997018
 25.68116302 28.00472167 27.91774354 29.65730616 28.63841948 31.12972167
 32.42196819 31.49005964 31.6640159  29.88717694 32.3722664  32.29150099
 32.46545726 26.67519881 27.3834493  27.66302187 27.79348907 28.35884692
 28.12897614 30.34691849 30.85636183 29.71322068 30.71968191 29.28454274
 32.19831014 33.40357853 33.41600398 26.05392644 26.44532803 27.99229622
 28.19110338 29.45849901 29.73185885 30.25372763 31.67644135 31.12972167
 30.85014911 31.40929423 31.53976143 32.09269384 34.37897614 33.16749503
 27.09145129 25.83026839 27.05417495 28.71918489 29.11058648 28.15382704
 30.06734592 29.37152087 32.14239563 32.0305666  32.15482107 32.38469185
 32.9500497  33.85089463 27.66302187 25.13444334 27.6443837  26.86779324
 27.09145129 28.62599404 30.96197813 31.27261431 31.12972167 31.39686879
 33.99378728 31.62052684 32.44681909 33.86332008 26.58822068 25.45129225
 28.19110338 27.57604374 29.54547714 28.84343936 28.59493042 30.875
 27.86182903 30.32828032 30.04249503 32.64562624 33.09915507 32.85685885
 33.40357853 26.0166501 ]",70878.3347915468
2025-06-15 14:03:00+00:00,843,6771.95,9.0,30.172782229808025,30.03612698807157,34.85114314115308,"[28.54522863 27.47664016 28.45203777 30.01764414 29.75670974 29.68215706
 29.63866799 30.14811133 30.68240557 31.98707753 33.1861332  32.91898608
 33.73285288 26.48260437 26.91749503 27.45800199 28.37748509 29.07331014
 30.75695825 29.42122266 28.97390656 29.34045726 32.10511928 31.40308151
 32.54000994 34.85114314 33.56510934 27.01689861 26.91128231 26.60685885
 28.17246521 28.55144135 28.81858847 29.16028827 31.62052684 30.99925447
 30.06734592 31.2166998  31.04895626 33.92544732 32.66426441 26.86158052
 26.64413519 28.1165507  27.15357853 30.37176938 28.40854871 29.12922465
 31.12350895 30.22887674 29.26590457 33.12400596 32.77609344 32.86928429
 33.97514911 33.68315109 27.61332008 27.79970179 27.86804175 29.80019881
 29.07331014 29.0360338  30.26615308 30.75074553 30.41525845 30.2972167
 32.01814115 32.66426441 31.89388668 32.51515905 26.36456262 26.37077535
 28.18489066 27.32132207 28.07927435 29.15407555 28.73782306 29.80019881
 31.09865805 31.52733598 33.16749503 32.47166998 32.91277336 31.68265408
 26.99204771 25.30218688 27.78106362 27.07281312 27.54498012 29.25347913
 29.83747515 29.62624254 31.21048708 31.27261431 31.28503976 32.53379722
 34.26714712 33.56510934 33.24204771 26.63170974 29.18513917 27.94880716
 29.91202783 29.56411531 30.5084493  30.00521869 29.4833499  30.79423459
 32.24801193 31.5583996  32.12375746 33.12400596 33.21719682 28.04821074
 27.66302187 28.68812127 27.76242545 28.0916998  28.07306163 29.89338966
 31.40929423 31.97465209 31.05516899 32.17345924 31.81312127 33.17992048
 33.2109841  25.44507952 25.75571571 27.78727634 25.81163022 26.74353877
 29.92445328 30.1916004  28.7750994  30.86257455 30.28479125 30.52087475
 33.45328032 32.31635189 31.0862326  26.47639165 26.53230616 26.87400596
 27.76863817 29.93687873 28.65084493 31.19806163 28.75024851 31.5832505
 32.70775348 31.52112326 34.50323062 33.34766402 32.35984095 34.16153082
 26.40805169 26.68141153 26.84915507 28.97390656 27.62574553 28.29671968
 29.2721173  30.51466203 31.74478131 34.09940358 31.42793241 33.11779324
 31.819334   33.27311133 26.02286282 26.08499006 27.27162028 29.29696819
 28.88692843 29.02360835 29.94309145 28.85586481 29.94930417 32.75124254
 32.81336978 33.20477137 33.62102386 33.0805169  27.49527833 26.74975149
 23.99130219 28.97390656 27.60710736 27.95501988 30.40904573 29.90581511
 30.64512922 30.60164016 32.17967197 32.14239563 31.50248509 32.79473161
 34.11804175 26.89885686]",70835.66022804573
2025-06-15 14:04:00+00:00,844,6789.73,9.0,30.225651093675566,30.09135810139165,35.77683896620278,"[29.32181909 30.05492048 30.11083499 30.6389165  31.10487078 29.58275348
 29.04224652 30.79423459 30.86257455 32.35362823 30.76317097 32.80094433
 33.16128231 27.65059642 27.02311133 27.21570577 28.27186879 30.67619284
 29.09816103 27.86804175 30.94955268 30.41525845 31.13593439 31.99329026
 31.49627237 32.70154076 33.75770378 25.01640159 27.75       28.41476143
 28.83101392 28.15382704 29.78777336 30.13568588 30.54572565 31.16699801
 29.92445328 31.68265408 33.88817097 31.67022863 32.28528827 26.62549702
 28.55765408 28.42718688 29.77534791 28.96148111 27.9860835  29.930666
 29.12922465 31.35337972 30.35313121 31.347167   30.04870775 32.34120278
 33.75149105 34.34791252 28.30293241 26.50124254 28.60735586 28.25944334
 28.78752485 30.59542744 29.56411531 30.9806163  30.77559642 32.43439364
 32.72639165 31.35337972 33.21719682 35.41028827 25.97316103 26.87400596
 27.83697813 29.29696819 29.30939364 31.3223161  28.68190855 28.85586481
 29.80641153 31.29746521 30.1916004  31.53354871 32.20452286 32.9749006
 25.73707753 27.8556163  28.24080517 27.83076541 27.11630219 27.94259443
 29.53926441 30.44010934 31.64537773 30.99925447 32.21694831 32.08026839
 32.59592445 33.055666   34.8138668  25.86754473 27.43315109 27.81833996
 28.15382704 28.39612326 29.90581511 30.93712724 30.44632207 31.39686879
 32.10511928 30.86257455 32.21694831 33.13021869 34.26093439 26.24030815
 28.03578529 27.95501988 25.72465209 29.19756461 28.96148111 29.39637177
 28.62599404 31.39065606 33.11779324 32.31013917 32.57107356 32.25422465
 33.83846918 27.15357853 28.27186879 27.81212724 27.0417495  28.79373757
 29.63866799 30.34070577 30.50223658 30.11704771 30.88742545 32.37847913
 31.64537773 33.01217694 32.94383698 26.39562624 27.17842942 26.96719682
 28.84965209 29.36530815 27.0666004  29.16650099 30.03006958 30.6389165
 31.70750497 31.88767396 33.36630219 30.79423459 30.72589463 33.95651093
 27.50770378 25.9110338  29.77534791 27.88667992 28.22837972 28.24701789
 31.45899602 29.70079523 30.98682903 32.25422465 32.45924453 31.76963221
 35.77683897 33.81983101 27.02932406 27.1722167  27.8804672  27.35238569
 29.72564612 28.38991054 27.84940358 29.81883698 29.79398608 29.77534791
 33.24204771 32.19831014 32.0305666  33.40357853 26.73732604 26.71868787
 25.87375746 28.3277833  28.70054672 29.11058648 31.14835984 29.0360338
 28.9055666  31.82554672 31.86903579 32.73260437 31.03031809 33.68315109
 34.24850895 26.87400596]",71012.53829900098
2025-06-15 14:05:00+00:00,845,6777.76,9.0,30.190719478963267,30.054174950298208,36.37326043737575,"[29.65109344 27.8804672  28.76888668 29.12922465 29.24105368 29.4833499
 31.67644135 31.76963221 31.22291252 31.03031809 33.38494036 33.6583002
 33.26689861 25.3083996  27.0666004  26.78081511 27.09145129 29.59517893
 28.5638668  29.73185885 30.85636183 30.93712724 31.62052684 30.99304175
 32.55864811 33.39736581 31.96222664 25.44507952 26.64413519 27.22813121
 27.52012922 28.52659046 29.54547714 29.98658052 31.75720676 32.62077535
 31.27882704 32.65805169 32.6083499  33.31038767 33.70178926 25.97937376
 27.87425447 25.68737575 28.50173956 28.74403579 29.63866799 29.72564612
 30.35313121 31.01789264 30.49602386 29.53926441 33.90059642 32.65183897
 34.7890159  36.37326044 26.90506958 26.06013917 27.79348907 28.31535785
 28.7750994  28.6694831  28.35263419 29.8250497  31.68265408 30.0859841
 34.14910537 31.90631213 32.51515905 33.75149105 26.97962227 24.81759443
 26.84294235 28.42718688 27.75621272 30.1667495  30.15432406 29.65730616
 31.44035785 31.78205765 32.43439364 32.90656064 33.81361829 32.82579523
 25.91724652 28.44582505 26.75596421 28.49552684 27.61332008 27.4083002
 28.85586481 28.86207753 29.5889662  30.91227634 31.2415507  32.48409543
 34.40382704 32.68911531 34.54050696 26.61928429 27.58225646 29.15407555
 27.29025845 28.63220676 28.31535785 29.33424453 32.18588469 31.32852883
 30.83772366 31.16699801 32.61456262 36.01913519 33.4222167  26.45775348
 27.02932406 27.52012922 27.79970179 29.29075547 29.29075547 29.45849901
 28.79373757 29.55790258 31.68265408 30.69483101 33.23583499 32.48409543
 35.57803181 27.06038767 25.63146123 27.3834493  27.99850895 29.23484095
 28.01093439 29.12301193 30.66998012 30.7693837  32.17967197 30.48359841
 32.46545726 33.69557654 31.55218688 25.94831014 26.97962227 27.11008946
 27.02311133 28.94905567 28.88692843 28.43961233 28.34020875 30.86257455
 30.96819085 30.75074553 31.65780318 32.61456262 32.03677932 33.44706759
 27.62574553 27.18464215 28.14761431 29.3528827  29.12301193 29.57032803
 29.04845924 30.98682903 31.83797217 30.14811133 32.5027336  33.80740557
 32.37847913 34.11804175 26.71868787 27.14115308 28.22837972 28.11033797
 29.16028827 28.70675944 31.45899602 29.42122266 31.47142147 31.45899602
 31.98086481 33.2917495  34.83871769 32.12375746 25.84890656 27.78727634
 26.75596421 27.29647117 28.18489066 29.12301193 30.37798211 29.57654076
 31.36580517 30.93712724 31.52733598 30.70725646 31.38444334 34.17395626
 33.61481113 26.84294235]",70895.67108881951
2025-06-15 14:06:00+00:00,846,6786.8,9.0,30.2177823583201,30.082256461232603,34.79522862823062,"[28.24701789 28.58871769 27.97987078 30.34691849 29.20377734 29.39637177
 31.11729622 31.20427435 34.06212724 32.41575547 33.24204771 33.17370775
 32.39090457 27.0417495  27.22813121 28.47688867 29.28454274 28.34642147
 30.13568588 29.02982107 31.03031809 31.85661034 31.59567594 31.62673956
 33.08672962 34.18016899 33.45328032 27.6443837  27.07281312 26.77460239
 26.96719682 28.25323062 29.49577535 30.03628231 31.0862326  31.14214712
 32.21073559 31.03653082 30.81908549 32.6332008  34.66476143 26.10984095
 27.12251491 26.88643141 27.75621272 27.93016899 29.76913519 28.24080517
 30.20402584 30.93091451 31.71371769 32.58971173 32.21073559 31.54597416
 31.75099404 31.76341948 28.87450298 28.06063618 27.09145129 26.90506958
 29.67594433 30.37798211 30.38419483 30.34070577 30.13568588 31.81312127
 32.51515905 32.44060636 32.96868787 31.43414513 26.02286282 29.17271372
 26.10984095 28.13518887 28.73782306 27.41451292 29.19135189 30.25372763
 31.0862326  32.01814115 31.27261431 33.20477137 32.8195825  32.99975149
 26.01043738 27.84940358 27.81833996 29.59517893 28.54522863 29.24105368
 28.43961233 30.31585487 30.09219682 30.10462227 31.09244533 30.9806163
 33.72664016 32.86307157 34.44110338 26.60685885 27.76863817 27.45178926
 28.42097416 28.87450298 28.03578529 30.67619284 31.29746521 29.92445328
 32.02435388 31.63295229 31.91252485 31.80690855 34.32306163 25.89860835
 26.10362823 26.86779324 29.63245527 28.27808151 28.57629225 31.35337972
 29.53926441 30.65134195 29.65730616 33.08672962 32.91277336 32.47166998
 33.40357853 26.76217694 27.91774354 28.44582505 29.01739563 31.01167992
 29.68836978 28.23459245 31.08001988 31.02410537 32.04299205 31.67022863
 30.77559642 33.72042744 33.14264414 27.52012922 28.1165507  26.1222664
 26.58200795 27.84940358 29.38394632 28.29050696 30.17296223 30.34070577
 30.86257455 31.40308151 32.69532803 31.94980119 33.4222167  33.20477137
 24.23359841 27.86804175 26.98583499 27.95501988 28.38991054 29.62002982
 29.57032803 32.7388171  30.47117296 31.67022863 31.49627237 30.53951292
 34.79522863 34.78280318 27.57604374 27.07902584 26.92992048 27.3834493
 29.28454274 28.35263419 30.37798211 30.81908549 29.3777336  30.89985089
 33.37872763 32.25422465 32.42818091 32.19831014 26.79324056 25.94209742
 26.49502982 27.81833996 27.73757455 28.83101392 29.88717694 30.85014911
 31.35337972 30.1667495  32.44681909 30.94955268 34.21744533 34.11804175
 34.36033797 26.71247515]",70986.21265799573
2025-06-15 14:07:00+00:00,847,6784.37,9.0,30.210989823811335,30.074708001988064,34.73931411530815,"[27.81212724 29.0111829  29.10437376 30.31585487 30.02385686 29.28454274
 30.45874751 31.56461233 31.46520875 31.34095427 30.33449304 33.87574553
 34.19259443 25.82405567 28.53280318 27.48906561 30.2972167  28.22837972
 31.40308151 32.65183897 32.1610338  32.20452286 30.64512922 30.61406561
 32.27286282 32.17345924 33.24826044 24.66227634 27.84940358 28.30914513
 27.58846918 28.6694831  28.66327038 29.0360338  29.45849901 31.44657058
 32.08026839 29.93687873 32.93141153 33.13021869 34.73931412 27.01689861
 28.31535785 26.13469185 27.82455268 27.62574553 29.68836978 29.24105368
 29.53926441 31.50869781 32.01814115 29.41500994 31.91252485 32.82579523
 33.70800199 33.91302187 25.27733598 28.24701789 30.26615308 29.57654076
 29.13543738 30.71968191 31.52112326 30.58300199 31.0862326  30.04249503
 31.81312127 34.13667992 33.71421471 34.6833996  27.15979125 27.44557654
 28.33399602 28.7750994  28.37748509 30.05492048 28.17867793 30.25372763
 29.12301193 31.05516899 31.09865805 32.47166998 32.49030815 34.03106362
 27.71893638 29.12301193 27.95501988 28.65705765 27.75621272 28.81237575
 30.1667495  31.52112326 28.70054672 30.93712724 30.52708748 32.88170974
 33.46570577 33.29796223 33.26068588 27.3026839  27.63195825 27.53255467
 26.73732604 28.38991054 28.50173956 29.89338966 32.30392644 29.42743539
 33.22962227 31.57703777 32.30392644 31.78205765 33.16749503 26.7000497
 27.28404573 27.18464215 27.58846918 27.76863817 29.13543738 29.76292247
 30.45874751 32.32256461 30.36555666 30.89363817 31.52112326 32.49652087
 33.25447316 26.16575547 27.68787276 26.30864811 28.5390159  29.3528827
 28.6694831  29.20377734 30.25372763 30.47738569 30.89985089 32.54000994
 33.07430417 31.9000994  32.6332008  24.90457256 26.84915507 26.96719682
 26.2278827  28.21595427 29.25347913 29.18513917 30.37176938 30.57678926
 30.80666004 30.80666004 31.39686879 34.         32.14860835 33.54647117
 28.64463221 25.60661034 28.91799205 29.22241551 28.86207753 28.9304175
 32.07405567 29.72564612 29.47092445 29.25347913 30.47117296 30.80666004
 33.0805169  31.69507952 26.04771372 27.32753479 27.78106362 28.14140159
 29.49577535 27.66302187 30.45253479 29.70079523 30.36555666 30.89363817
 31.84418489 32.29150099 33.92544732 33.1861332  27.14736581 26.43911531
 25.57554672 29.05467197 29.76292247 28.30293241 30.0611332  31.42171968
 29.22862823 30.34070577 30.93091451 34.04970179 33.22962227 33.3166004
 33.39115308 27.17842942]",70963.4875545432
2025-06-15 14:08:00+00:00,848,6813.960000000001,9.0,30.298682760377964,30.166625248508943,35.509691848906556,"[26.76217694 28.75646123 28.57629225 29.67594433 28.6694831  30.64512922
 30.65134195 31.14835984 32.31013917 31.65159046 32.85685885 32.34741551
 32.27907555 28.33399602 26.47017893 27.78106362 29.92445328 26.65656064
 28.5390159  32.11133201 30.82529821 29.62624254 32.52137177 32.3971173
 32.75124254 32.68911531 35.42892644 26.40183897 26.78702783 28.21595427
 28.42718688 27.12872763 27.8804672  29.47713718 30.63270378 30.47738569
 30.71968191 30.97440358 31.51491054 34.31063618 31.31610338 24.5193837
 27.32753479 27.81212724 28.30293241 27.50770378 28.61356859 26.92992048
 30.52087475 29.70700795 32.46545726 32.34120278 32.73260437 31.84418489
 32.80094433 32.99975149 27.47664016 27.56361829 27.8556163  29.09194831
 29.09194831 29.09816103 31.50869781 30.93712724 30.91848907 31.65159046
 30.16053678 33.81361829 34.24850895 31.73235586 26.33349901 27.41451292
 30.48359841 27.96744533 28.14140159 29.25969185 31.43414513 30.92470179
 31.48384692 32.06163022 30.52708748 32.39090457 33.19855865 34.70203777
 26.68141153 26.78081511 28.0916998  29.09816103 25.71843936 27.71272366
 30.64512922 31.76963221 31.77584493 29.68215706 31.94980119 33.6334493
 32.96247515 35.50969185 35.09343936 27.63195825 26.73111332 26.94855865
 28.73782306 30.5084493  31.12972167 29.60760437 30.4276839  30.68240557
 31.65159046 32.34120278 33.39736581 33.06809145 32.65805169 27.13494036
 27.37102386 26.7000497  27.11008946 28.19110338 29.42122266 28.30914513
 29.25347913 30.0611332  32.93762425 32.65805169 35.36058648 33.39736581
 33.21719682 25.96694831 27.79970179 27.73757455 28.11033797 28.83101392
 30.48359841 30.94955268 30.31585487 30.86878728 30.63270378 32.72639165
 35.20526839 34.45352883 33.67693837 26.51366799 25.58175944 30.00521869
 26.88643141 29.01739563 28.14761431 29.32181909 29.88717694 30.41525845
 30.45874751 30.77559642 32.06163022 32.59592445 32.16724652 33.80119284
 27.49527833 28.02335984 29.08573559 27.5139165  28.60735586 28.40854871
 28.99254473 28.71918489 30.55815109 30.64512922 32.31013917 33.53404573
 32.04920477 34.09319085 25.48235586 26.07877734 29.08573559 29.09194831
 28.73161034 27.83697813 30.39040755 29.10437376 30.91227634 32.82579523
 32.8444334  33.17992048 33.42842942 33.60859841 25.63146123 25.10337972
 28.66327038 28.87450298 26.805666   27.68787276 27.94880716 30.70725646
 30.93712724 30.24751491 32.2666501  32.21694831 33.04945328 33.1861332
 35.36058648 28.30914513]",71256.8730431205
2025-06-15 14:09:00+00:00,849,6785.41,9.0,30.214795057566437,30.077938618290258,35.04373757455268,"[27.25919483 28.70054672 28.04199801 28.84343936 29.71322068 30.93712724
 31.01789264 31.31610338 31.80069583 32.16724652 33.13643141 32.01814115
 34.27335984 26.73732604 27.02932406 29.09194831 27.34617296 29.85611332
 28.94284294 30.93712724 30.11704771 31.55218688 30.6637674  31.2415507
 32.36605368 33.40979125 34.41625249 26.74353877 26.30243539 27.71272366
 27.43936382 28.91799205 29.71322068 30.22887674 31.68265408 28.20974155
 30.10462227 30.96197813 32.60213718 32.78230616 33.01217694 26.24030815
 25.30218688 27.32753479 28.08548708 27.65680915 29.2721173  29.3777336
 29.30318091 30.38419483 31.347167   30.30964215 32.47166998 32.04920477
 33.16749503 34.07455268 26.56336978 26.02286282 28.03578529 29.17892644
 28.24701789 27.5139165  31.39686879 30.47738569 29.50198807 30.69483101
 31.49627237 33.50298211 31.99329026 33.67693837 25.32703777 26.47639165
 27.25298211 29.40879722 28.99254473 30.65755467 29.2472664  30.93712724
 31.819334   30.93091451 32.56486083 31.96843936 32.98732604 34.32927435
 26.15954274 27.10387674 28.02335984 29.45849901 28.73782306 31.12972167
 30.71346918 30.14811133 29.930666   29.44607356 31.80069583 32.20452286
 33.48434394 31.4527833  33.44706759 26.21545726 25.19657058 28.3277833
 29.1167992  28.04821074 29.3528827  31.44035785 29.20377734 30.56436382
 31.80069583 33.19234592 32.68290258 34.15531809 33.65208748 25.64388668
 26.92370775 28.36505964 28.43961233 30.07355865 28.72539761 29.10437376
 30.09219682 30.14811133 31.62673956 30.91848907 31.30367793 32.85064612
 34.08697813 26.70626243 27.48906561 28.30914513 27.01689861 29.01739563
 28.03578529 29.89960239 28.65084493 30.88742545 30.27236581 31.33474155
 32.86928429 32.1610338  33.33523857 26.54473161 25.74329026 26.84294235
 27.56361829 30.17917495 29.01739563 28.87450298 30.04249503 30.11704771
 30.07977137 32.76366799 32.81336978 32.80094433 32.58349901 31.98707753
 27.66302187 28.39612326 28.57007952 28.53280318 30.94955268 29.22241551
 29.99900596 29.20377734 31.97465209 31.22291252 31.84418489 34.19880716
 33.73906561 35.04373757 27.32753479 27.65059642 28.03578529 29.18513917
 28.71918489 28.12897614 29.30939364 29.88096421 30.09840954 31.97465209
 31.49005964 32.28528827 34.90705765 32.81336978 26.54473161 26.74975149
 27.56361829 28.07927435 28.38991054 28.98633201 30.32206759 30.71346918
 30.83772366 30.70104374 32.7139662  31.32852883 32.93141153 32.94383698
 34.09319085 24.97291252]",70976.21834459426
2025-06-15 14:10:00+00:00,850,6741.0,9.0,30.084096837660034,29.939985089463217,35.1058648111332,"[28.24701789 27.54498012 28.67569583 29.02982107 28.63220676 30.2972167
 29.16028827 30.96197813 31.12972167 32.53379722 32.82579523 33.65208748
 33.98136183 25.05367793 27.21570577 30.54572565 27.32132207 29.65730616
 27.08523857 30.20402584 29.71322068 31.78205765 31.93737575 30.76317097
 32.57728628 33.13021869 33.98757455 26.1471173  26.61307157 27.43315109
 28.48931412 29.0111829  29.1416501  30.78802187 28.91799205 31.82554672
 30.57057654 30.42147117 32.76366799 30.35934394 34.88841948 27.277833
 27.25919483 26.7000497  27.53255467 27.42072565 28.04821074 30.09840954
 29.5082008  30.28479125 32.46545726 32.08026839 31.99950298 33.26689861
 31.61431412 31.60810139 26.82430417 26.37077535 28.06063618 28.02335984
 28.23459245 28.57007952 29.3777336  32.34120278 29.47092445 31.08001988
 33.04324056 33.16128231 30.57057654 33.63966203 26.11605368 27.82455268
 27.63195825 29.01739563 28.12897614 28.40233598 28.63841948 29.77534791
 27.24055666 30.54572565 32.35362823 33.67072565 31.71371769 32.15482107
 25.66873757 26.69383698 26.3832008  27.95501988 28.70675944 29.12922465
 29.72564612 30.77559642 30.86878728 31.29746521 34.03106362 31.63295229
 31.9249503  34.40382704 33.50298211 26.63792247 26.71868787 27.66302187
 27.22813121 28.4333996  29.31560636 29.67594433 31.63295229 32.11754473
 32.17345924 32.04299205 31.01789264 31.76341948 35.10586481 27.50770378
 27.66923459 28.4333996  28.05442346 27.76863817 30.42147117 29.77534791
 29.2721173  29.88096421 31.45899602 31.49005964 31.80069583 33.45949304
 32.52758449 26.14090457 26.4888171  26.88643141 26.9609841  28.65084493
 27.26540755 32.40954274 29.75049702 30.9806163  31.18563618 32.2417992
 29.73807157 32.55864811 34.48459245 25.7805666  27.12251491 26.43290258
 28.75024851 28.02957256 29.30939364 29.75049702 28.00472167 29.65730616
 31.29125249 28.81237575 33.28553678 33.51540755 33.43464215 32.1361829
 25.62524851 27.26540755 29.31560636 29.25347913 29.09816103 29.33424453
 28.52037773 29.45228628 31.04274354 32.06163022 32.34120278 31.95601392
 32.41575547 33.29796223 25.27733598 28.85586481 29.22862823 28.99875746
 28.75646123 29.05467197 29.94930417 30.55193837 32.78851889 30.77559642
 31.75099404 31.17321074 33.95029821 31.71371769 27.09766402 26.57579523
 26.51988072 28.19110338 28.51416501 29.3777336  27.73757455 29.21620278
 30.99925447 31.40929423 32.0554175  31.3223161  31.83797217 32.9500497
 34.37276342 27.04796223]",70538.95438007542
2025-06-15 14:11:00+00:00,851,6805.24,9.0,30.27402254961535,30.139537773359837,35.15556660039761,"[28.51416501 27.94880716 29.59517893 28.98011928 27.73757455 30.52708748
 30.76317097 30.97440358 29.78777336 33.45328032 31.60810139 34.16774354
 33.26068588 26.78702783 28.30914513 26.81809145 28.39612326 29.45228628
 29.44607356 30.85636183 30.94333996 31.68265408 30.85636183 31.88767396
 33.35387674 32.11754473 32.57728628 25.11580517 26.33971173 26.4888171
 29.0360338  27.56983101 27.99850895 31.12350895 30.13568588 29.66973161
 30.77559642 33.1861332  34.82629225 33.04324056 33.48434394 24.57529821
 26.5695825  29.39637177 28.694334   29.0111829  29.30318091 29.29696819
 31.03653082 29.41500994 31.37823062 29.96794235 33.32902584 32.90656064
 31.67022863 34.57157058 27.19085487 28.01093439 28.39612326 27.14115308
 28.82480119 30.48981113 29.38394632 31.75720676 30.86878728 31.42793241
 32.21694831 31.65159046 33.79498012 33.42842942 26.1471173  26.35213718
 28.52037773 28.58250497 29.23484095 29.99279324 30.73210736 30.16053678
 30.34070577 32.17345924 32.68911531 32.58971173 34.96918489 32.58971173
 24.85487078 25.63767396 26.73732604 28.73782306 28.16003976 27.89910537
 31.18563618 30.15432406 30.55815109 31.5832505  30.44010934 31.77584493
 32.51515905 34.20501988 32.85685885 29.76292247 27.04796223 28.14140159
 28.09791252 29.12301193 29.10437376 28.9304175  30.94955268 31.31610338
 31.98707753 31.42793241 33.00596421 33.74527833 33.00596421 26.66277336
 27.94259443 27.96744533 28.12276342 29.56411531 31.26018887 28.82480119
 29.4833499  31.84418489 32.42196819 31.17942346 29.96794235 32.3722664
 33.56510934 26.68762425 28.72539761 29.07331014 27.60089463 28.08548708
 29.96794235 27.73136183 30.05492048 31.45899602 32.85064612 33.12400596
 32.1610338  34.19880716 33.87574553 25.95452286 27.94259443 26.81187873
 28.45203777 28.50795229 28.71297217 31.19184891 29.29696819 29.81883698
 30.92470179 31.60810139 29.87475149 33.22962227 33.21719682 34.05591451
 26.4639662  25.37673956 26.15333002 27.56983101 29.45849901 29.09816103
 29.4833499  31.09865805 31.94358847 30.81908549 32.7139662  32.72639165
 31.80690855 32.7139662  28.06684891 26.61307157 27.60089463 28.42097416
 28.45203777 29.62624254 28.58250497 30.22887674 30.75695825 31.57082505
 32.35984095 32.45924453 32.1361829  34.00621272 26.02907555 26.805666
 25.05367793 27.72514911 27.56983101 28.72539761 28.35884692 30.00521869
 31.12972167 32.27286282 31.35337972 33.77012922 34.20501988 33.45949304
 35.1555666  28.28429423]",71174.36984199312
2025-06-15 14:12:00+00:00,852,6780.02,9.0,30.199940911905394,30.061195328031808,34.62127236580517,"[26.71868787 28.38991054 26.85536779 29.9555169  31.96222664 31.39686879
 30.38419483 30.92470179 31.67644135 32.11133201 32.44060636 32.32256461
 33.68936382 26.35213718 26.3832008  27.50149105 30.52708748 29.85611332
 30.64512922 28.81858847 29.74428429 31.17321074 31.61431412 31.96222664
 33.77012922 32.29771372 33.26068588 26.92992048 24.9915507  28.25944334
 27.8556163  29.16650099 29.7194334  28.59493042 31.39686879 29.65109344
 31.47763419 32.12997018 32.22937376 33.46570577 33.0805169  25.92345924
 26.99826044 28.03578529 26.91128231 27.12872763 29.1416501  29.19135189
 29.32803181 31.54597416 28.74403579 31.77584493 32.01814115 31.28503976
 34.62127237 33.1861332  25.47614314 27.24676938 28.49552684 28.70675944
 30.71346918 30.38419483 29.80641153 31.42171968 30.875      32.1610338
 31.44035785 33.11779324 31.99950298 33.55889662 25.73707753 27.19706759
 27.93638171 27.52634195 28.35884692 30.35313121 29.8499006  30.0611332
 30.61406561 31.94358847 34.19259443 31.11729622 32.19831014 33.10536779
 27.11630219 26.97340954 29.07331014 27.55119284 28.34020875 27.14115308
 27.8556163  30.59542744 30.23508946 30.14189861 32.3722664  31.819334
 31.88767396 33.6583002  34.08076541 24.98533797 26.76838966 27.75621272
 28.24701789 30.75074553 30.66998012 31.37201789 29.17892644 30.06734592
 32.37847913 30.30342942 31.83175944 34.09940358 34.50323062 26.75596421
 27.13494036 28.65705765 27.86182903 29.46471173 27.54498012 30.32206759
 30.81287276 29.47092445 32.49030815 32.94383698 32.86307157 33.46570577
 31.83797217 26.5695825  27.78727634 25.4388668  28.28429423 28.6694831
 28.02957256 29.06088469 29.09194831 29.66351889 31.08001988 32.34741551
 32.73260437 33.91923459 32.92519881 26.37698807 27.08523857 27.83697813
 27.13494036 30.67619284 28.60735586 30.52087475 30.89363817 30.17296223
 30.28479125 31.94358847 31.99950298 32.34120278 33.10536779 33.32281312
 27.97987078 28.38991054 27.89910537 28.16003976 27.72514911 29.2472664
 29.75049702 31.45899602 30.62027833 32.37847913 32.34741551 32.49030815
 32.88792247 33.73906561 25.55690855 27.07281312 28.38369781 28.04199801
 27.35238569 27.14736581 28.99875746 30.37176938 30.88121272 31.20427435
 31.07380716 33.47191849 33.02460239 33.70178926 26.62549702 27.29025845
 28.11033797 29.05467197 29.11058648 29.12922465 29.29696819 30.48981113
 29.63866799 30.59542744 30.52708748 32.32256461 32.35362823 33.34145129
 33.21719682 25.38295229]",70926.52231487069
2025-06-15 14:13:00+00:00,853,6829.02,9.0,30.34487875695309,30.213407057654077,35.23011928429423,"[27.52634195 27.30889662 29.33424453 29.17271372 29.54547714 30.56436382
 30.01143141 30.91227634 32.50894632 31.67644135 33.10536779 32.09269384
 33.73285288 28.42718688 29.35909543 28.09791252 28.40233598 28.43961233
 28.71918489 29.10437376 29.66973161 31.38444334 31.64537773 31.85661034
 34.5777833  34.15531809 33.94408549 26.64413519 27.89289264 26.73732604
 27.79970179 28.35263419 30.20402584 29.43986083 30.34691849 30.73210736
 30.45253479 32.36605368 30.89985089 31.36580517 32.10511928 27.10387674
 26.96719682 26.86779324 26.1471173  25.60661034 30.44010934 28.74403579
 32.4778827  30.67619284 32.49652087 32.9500497  32.30392644 33.34766402
 33.59617296 35.23011928 27.5387674  26.74353877 27.8556163  30.07977137
 30.47738569 29.57032803 32.10511928 30.06734592 31.74478131 32.04299205
 31.60188867 31.95601392 34.19880716 33.4222167  26.60064612 27.8556163
 27.45800199 27.86804175 28.97390656 30.82529821 29.80641153 30.26615308
 32.2417992  31.70129225 31.05516899 32.8444334  33.68315109 32.32256461
 26.73732604 25.87997018 27.3834493  29.05467197 29.59517893 28.86829026
 29.55790258 30.77559642 32.04299205 32.03677932 33.2917495  32.57728628
 32.23558648 33.77634195 32.88170974 27.277833   26.92992048 27.32753479
 29.04845924 27.87425447 29.4833499  30.7445328  31.95601392 30.59542744
 30.81287276 33.65208748 30.81287276 32.93141153 33.29796223 26.67519881
 25.94831014 29.91824056 29.57654076 28.24701789 29.73807157 29.45849901
 30.36555666 29.26590457 33.055666   31.25397614 30.62027833 33.03702783
 33.71421471 26.60685885 27.0666004  28.16625249 27.81212724 27.70651093
 30.27857853 28.5638668  30.22266402 30.91848907 30.75074553 32.62698807
 32.2666501  33.00596421 33.77012922 25.16550696 27.93016899 27.32132207
 27.83076541 26.89264414 29.52683897 28.78131213 30.63270378 31.9000994
 31.63295229 32.27907555 31.54597416 31.59567594 32.31635189 34.2112326
 26.66277336 28.3277833  27.83076541 29.23484095 28.73782306 27.47042744
 29.99900596 29.40258449 31.64537773 32.11754473 33.32281312 33.2917495
 32.60213718 33.97514911 27.15979125 25.96073559 27.5139165  28.66327038
 29.20377734 31.30989066 30.64512922 31.17942346 29.98036779 30.94333996
 32.51515905 33.15506958 32.55243539 33.85089463 25.81784294 26.84294235
 26.42668986 26.74975149 27.70029821 28.54522863 29.92445328 30.95576541
 30.0611332  31.60810139 32.56486083 32.14239563 32.45924453 33.59617296
 33.49676938 26.42047714]",71411.42636926226
2025-06-15 14:14:00+00:00,854,6806.110000000001,9.0,30.277600056976347,30.142240308151095,34.47837972166998,"[28.04821074 27.65680915 29.89960239 30.30964215 29.08573559 30.30964215
 28.54522863 31.80690855 33.27311133 31.64537773 32.60213718 33.99378728
 32.58349901 27.50149105 27.10387674 29.5082008  28.30914513 29.77534791
 29.53926441 30.18538767 29.33424453 31.09865805 31.80690855 32.42196819
 32.62077535 33.06809145 33.62723658 27.09766402 27.48906561 28.27808151
 27.62574553 29.19135189 28.52037773 28.41476143 29.81883698 31.06759443
 30.94333996 31.98086481 31.35337972 33.41600398 32.77609344 26.02907555
 26.55715706 27.27162028 29.36530815 30.01764414 29.73185885 29.25347913
 30.48359841 31.63916501 31.21048708 31.52733598 31.61431412 31.55218688
 32.90656064 34.2360835  26.23409543 27.27162028 27.43936382 28.14761431
 30.17917495 28.44582505 30.1667495  29.98658052 29.83126243 32.88792247
 31.41550696 33.28553678 33.80740557 32.36605368 27.43936382 27.77485089
 27.09766402 28.34642147 28.96769384 28.68190855 29.43986083 29.45228628
 31.62052684 30.54572565 31.33474155 33.98757455 33.055666   34.25472167
 26.82430417 27.47042744 28.34020875 27.13494036 28.24080517 29.93687873
 29.88717694 30.92470179 30.99925447 31.70129225 31.99329026 32.1361829
 33.43464215 34.19880716 32.35362823 25.79920477 27.66923459 28.47688867
 29.06709742 28.47067594 31.17321074 30.07355865 30.57057654 28.99875746
 31.71993042 30.91227634 32.90656064 32.6332008  34.18016899 26.95477137
 27.48285288 27.43315109 29.63866799 28.65705765 28.22837972 30.73210736
 30.17296223 29.89960239 30.54572565 32.34120278 33.2109841  31.17321074
 33.93166004 27.95501988 25.65631213 27.84940358 29.01739563 29.55790258
 28.49552684 28.34020875 28.24080517 30.85636183 30.11083499 31.11729622
 34.47837972 33.32281312 31.04274354 26.91128231 26.56336978 27.22813121
 26.28379722 29.36530815 28.66327038 28.18489066 29.9555169  30.83772366
 32.90656064 30.20402584 31.39065606 31.9249503  32.3722664  33.82604374
 25.89860835 28.25323062 28.17867793 26.87400596 28.1973161  30.20402584
 31.39065606 32.16724652 31.73235586 31.50248509 31.2415507  33.38494036
 34.22987078 33.88195825 25.10337972 26.61928429 26.86158052 28.24701789
 29.17892644 29.02360835 31.347167   29.29696819 30.28479125 31.3223161
 32.69532803 31.70129225 32.60213718 33.60238569 25.73707753 27.5387674
 27.56983101 30.30964215 27.87425447 29.47092445 29.8250497  30.9806163
 29.16650099 32.43439364 31.62673956 33.13021869 33.17370775 32.4778827
 32.21694831 28.11033797]",71186.33875062008
2025-06-15 14:15:00+00:00,855,6827.51,9.0,30.341075108878844,30.208716451292243,36.05019880715706,"[26.96719682 28.95526839 28.99254473 28.73161034 28.71918489 30.5084493
 32.45303181 31.30989066 31.54597416 33.72042744 33.01838966 33.52162028
 33.40357853 26.79945328 26.81187873 28.0916998  27.3834493  28.75646123
 29.88096421 30.48359841 30.22887674 31.35959245 32.01814115 32.02435388
 35.55939364 34.28578529 33.40357853 27.09766402 28.12897614 28.30914513
 28.09791252 28.88071571 27.25298211 30.56436382 30.59542744 30.5333002
 31.29746521 32.94383698 32.06163022 32.22937376 32.55864811 26.98583499
 27.66923459 27.67544732 28.64463221 30.09219682 28.3277833  30.9806163
 30.5084493  30.76317097 32.96868787 31.98086481 33.04324056 32.9500497
 31.60810139 36.05019881 27.18464215 28.95526839 27.6443837  27.27162028
 30.0611332  30.84393638 29.47092445 29.31560636 31.27882704 30.47738569
 31.40929423 32.98732604 32.19831014 33.84468191 25.68116302 26.41426441
 27.35238569 28.12897614 29.36530815 29.74428429 29.43986083 31.43414513
 28.32157058 32.0554175  32.45924453 32.06163022 32.35984095 31.76341948
 26.05392644 27.49527833 27.78727634 27.29025845 27.89289264 28.42718688
 28.44582505 30.19781312 30.40904573 30.88742545 33.36630219 30.89363817
 32.23558648 32.30392644 35.17420477 27.37723658 29.10437376 28.88071571
 28.11033797 29.6945825  28.94284294 30.06734592 31.2415507  31.2415507
 29.75670974 33.67072565 32.29150099 33.15506958 34.36033797 26.02907555
 28.43961233 27.43315109 28.88692843 28.82480119 28.94905567 29.8250497
 29.05467197 31.40308151 30.94333996 31.93116302 33.04945328 32.10511928
 35.93215706 26.40805169 26.07877734 30.16053678 28.74403579 27.89910537
 29.19756461 30.41525845 30.62027833 31.63916501 31.57082505 31.16699801
 32.58971173 33.81361829 32.98111332 26.97962227 27.09766402 27.81212724
 26.50745527 27.59468191 28.78752485 30.23508946 28.38369781 30.94333996
 31.39686879 31.37823062 30.98682903 34.06212724 34.65854871 32.34120278
 27.75       25.95452286 27.93638171 27.05417495 28.5390159  28.08548708
 29.19135189 29.93687873 31.04274354 32.14860835 33.68936382 32.25422465
 33.15506958 33.87574553 26.58822068 26.79324056 28.35263419 27.93638171
 29.12922465 29.35909543 29.16028827 30.94955268 31.32852883 29.65730616
 31.89388668 30.14811133 32.34741551 34.07455268 26.82430417 26.74353877
 27.14115308 28.33399602 30.05492048 30.05492048 29.45849901 31.47142147
 30.12326044 31.2166998  30.85636183 31.40308151 33.47813121 32.55864811
 33.72664016 28.694334  ]",71398.70088426505
2025-06-15 14:16:00+00:00,856,6804.02,9.0,30.272070805124883,30.135748011928428,34.44110337972167,"[25.31461233 27.9860835  28.70054672 28.78752485 29.30939364 30.78802187
 31.42793241 29.92445328 31.54597416 31.35959245 33.24826044 32.28528827
 33.45949304 27.78727634 28.88692843 29.31560636 28.52037773 29.17271372
 30.78180915 29.47092445 31.09865805 31.42171968 32.21073559 32.72017893
 31.819334   32.09269384 32.70154076 25.47614314 27.48906561 27.14115308
 27.29025845 28.66327038 27.91774354 28.81237575 29.06088469 31.99950298
 30.35934394 33.4222167  31.60810139 32.76366799 33.38494036 27.81833996
 28.06684891 26.50124254 26.71868787 30.12326044 29.1416501  30.22887674
 31.18563618 31.01167992 32.47166998 31.34095427 30.94955268 34.08697813
 33.26689861 33.46570577 25.96694831 26.37077535 28.5390159  29.33424453
 28.61978131 29.48956262 28.9055666  30.66998012 31.62052684 31.0054672
 33.49055666 32.77609344 33.13643141 32.31635189 26.37077535 25.66873757
 27.37723658 28.88692843 27.99850895 29.29075547 30.29100398 29.19135189
 32.91898608 30.77559642 31.76963221 33.63966203 33.66451292 34.00621272
 25.13444334 25.93588469 27.87425447 29.20999006 27.84940358 30.80666004
 30.00521869 30.62649105 32.21694831 30.34691849 30.62027833 30.12326044
 33.88817097 33.15506958 33.01217694 27.08523857 28.25944334 29.25969185
 28.44582505 28.68190855 28.81858847 29.85611332 32.23558648 30.13568588
 31.21048708 32.0554175  32.72017893 33.527833   33.31038767 27.83076541
 26.86779324 28.12897614 30.47117296 29.65730616 29.91824056 28.44582505
 30.66998012 29.99900596 33.04945328 33.44085487 32.65183897 33.04324056
 33.6334493  28.31535785 25.63767396 26.55094433 28.1973161  28.65084493
 28.24080517 29.21620278 29.51441352 29.65730616 31.57703777 31.96222664
 33.39115308 32.78851889 33.47813121 25.63146123 27.86182903 28.72539761
 28.08548708 29.24105368 29.25969185 28.81858847 29.12922465 30.06734592
 29.92445328 32.35362823 33.53404573 34.16774354 34.44110338 34.06833996
 25.63767396 28.25323062 27.86182903 28.46446322 28.48931412 29.40258449
 28.39612326 31.04895626 30.18538767 32.57728628 33.24204771 31.45899602
 32.96868787 33.13643141 25.84269384 29.06709742 27.73757455 27.33374751
 27.4083002  28.81858847 31.04895626 30.95576541 31.17321074 30.37798211
 31.63295229 32.56486083 33.54025845 33.43464215 26.62549702 27.11630219
 29.84368787 27.24676938 29.00497018 28.48931412 27.59468191 31.10487078
 29.45228628 32.17345924 31.14835984 29.57032803 31.57703777 32.50894632
 31.85039761 25.08474155]",71167.84008562581
2025-06-15 14:17:00+00:00,857,6799.700000000001,9.0,30.259631001532746,30.122328528827037,34.509443339960235,"[26.94234592 28.23459245 29.47713718 30.80666004 29.25969185 29.74428429
 30.52087475 32.2666501  30.57057654 32.21694831 32.0554175  33.19855865
 33.34145129 26.49502982 26.97340954 28.68190855 26.79945328 29.60760437
 29.77534791 30.83772366 30.11083499 32.16724652 30.36555666 32.4778827
 34.47837972 34.19880716 32.43439364 26.50745527 29.06088469 25.76192843
 28.29671968 28.40854871 27.58846918 30.12947316 31.29746521 29.94930417
 32.62698807 31.35959245 33.01838966 32.76366799 32.52758449 25.64388668
 24.66227634 24.97912525 28.23459245 28.54522863 29.60760437 29.40879722
 29.8499006  31.22912525 33.54647117 33.01217694 31.27882704 33.43464215
 33.14264414 33.98136183 27.01689861 28.14761431 28.7750994  28.06684891
 27.57604374 28.89314115 30.68861829 31.76963221 32.58971173 31.99329026
 33.15506958 31.36580517 32.99975149 34.29199801 25.56312127 26.5944334
 28.94284294 26.88643141 27.93016899 28.55144135 31.45899602 29.88717694
 30.88742545 30.34070577 31.27261431 31.96843936 32.68911531 33.49676938
 26.40183897 26.55094433 29.0111829  28.99254473 29.93687873 27.23434394
 29.73185885 29.99900596 31.0054672  32.47166998 33.47191849 31.1110835
 32.86307157 33.57132207 33.02460239 26.42047714 27.32132207 26.30243539
 27.50149105 27.45178926 30.1667495  28.7750994  29.40258449 30.88742545
 32.70154076 31.0054672  32.22316103 31.14835984 32.48409543 27.42072565
 28.04199801 27.96744533 29.00497018 29.1416501  29.60139165 30.83151093
 29.86232604 32.27286282 32.45303181 33.06809145 31.19806163 33.1861332
 33.31038767 26.69383698 27.00447316 26.00422465 28.7999503  27.11008946
 25.94831014 29.90581511 29.94930417 32.17345924 32.68911531 33.69557654
 31.16699801 34.50944334 32.90034791 27.55740557 26.53851889 28.09791252
 28.02957256 30.0611332  27.277833   30.81908549 31.30367793 30.91848907
 31.75720676 30.38419483 33.80740557 32.26043738 31.72614314 32.99975149
 27.36481113 27.02311133 27.50770378 28.06063618 29.70700795 29.25969185
 31.03653082 29.46471173 30.24751491 31.37823062 33.38494036 32.98111332
 33.49055666 33.45328032 24.78031809 26.89264414 26.40183897 28.17246521
 28.73782306 28.28429423 30.1916004  30.73832008 32.15482107 32.35984095
 31.0054672  31.63295229 33.06809145 32.9500497  27.40208748 26.06635189
 26.81187873 27.07281312 30.20402584 28.18489066 29.87475149 30.6637674
 31.3223161  31.35959245 32.1610338  31.44035785 31.98086481 32.99353877
 32.29150099 26.5944334 ]",71126.22147872797
2025-06-15 14:18:00+00:00,858,6808.51,9.0,30.285931388050194,30.149695576540754,35.36679920477137,"[28.20974155 26.81187873 28.48310139 27.69408549 30.68240557 29.3777336
 30.58921471 31.49005964 32.68911531 33.30417495 31.39065606 34.59642147
 32.68290258 27.11008946 27.08523857 26.01043738 28.42097416 28.4582505
 29.81883698 29.91202783 30.61406561 30.99925447 31.17942346 31.01167992
 32.6332008  33.75770378 34.82007952 25.07852883 26.65656064 29.19756461
 28.04199801 28.35884692 27.37102386 29.89338966 31.96222664 30.32206759
 31.14835984 31.78205765 31.31610338 32.39090457 33.77012922 26.53230616
 26.53230616 27.15979125 25.51963221 29.40879722 29.53926441 29.08573559
 30.0611332  30.50223658 30.47117296 32.32256461 30.65134195 32.70154076
 34.48459245 33.37251491 26.36456262 27.22191849 28.76888668 27.5139165
 27.81212724 29.6945825  30.58921471 31.14835984 29.3528827  32.10511928
 31.40929423 32.1361829  32.32256461 33.13643141 25.6749503  26.86779324
 29.93687873 27.09145129 28.95526839 31.13593439 29.74428429 30.48981113
 31.65159046 31.16078529 32.46545726 33.44706759 33.54647117 35.3667992
 26.42047714 28.3277833  26.69383698 28.76888668 28.5638668  28.71918489
 30.40904573 29.73185885 30.83151093 32.19831014 30.63270378 31.40929423
 33.78255467 33.12400596 33.80740557 27.50770378 28.89314115 28.79373757
 26.68762425 29.15407555 30.55815109 30.12947316 30.65134195 31.97465209
 32.47166998 32.58349901 32.78851889 33.88195825 34.19880716 27.81833996
 27.55740557 28.694334   28.20352883 28.46446322 30.4276839  30.57057654
 30.80044732 31.82554672 31.06759443 32.48409543 33.77634195 33.85089463
 34.49080517 26.79324056 25.65631213 27.76242545 29.99279324 27.48906561
 29.32803181 31.28503976 30.60785288 29.96794235 29.93687873 32.45303181
 31.62673956 33.00596421 31.67644135 24.68712724 26.99204771 27.60089463
 29.15407555 27.90531809 28.21595427 29.08573559 31.21048708 30.52708748
 29.83747515 32.98732604 32.29150099 32.86307157 34.55914513 33.4222167
 27.32132207 27.96744533 27.58225646 27.29025845 29.43364811 29.0111829
 30.27236581 30.22266402 31.22912525 31.47142147 31.63295229 32.0554175
 31.3223161  32.26043738 26.99204771 26.65656064 28.30293241 28.40233598
 29.48956262 29.13543738 28.34642147 29.66351889 30.42147117 31.26640159
 33.19234592 32.96247515 32.43439364 33.22340954 26.41426441 29.55790258
 26.96719682 27.84940358 29.01739563 29.5889662  27.96744533 29.86853877
 29.33424453 30.6637674  31.72614314 31.48384692 32.34120278 32.99353877
 33.45949304 25.91724652]",71214.21205186076
2025-06-15 14:19:00+00:00,859,6786.74,9.0,30.221981837164076,30.082070079522865,34.987823061630216,"[26.58822068 26.81187873 29.48956262 28.04821074 28.99875746 28.83101392
 31.88146123 31.42171968 31.09244533 32.31635189 33.19855865 33.57753479
 33.80740557 25.3083996  27.89910537 28.33399602 28.66327038 28.75024851
 28.12897614 30.84393638 30.27857853 30.23508946 30.28479125 31.54597416
 33.70800199 31.12972167 34.06833996 28.48931412 27.57604374 29.19135189
 25.89239563 29.64488072 29.76913519 30.27857853 29.68215706 30.51466203
 31.17942346 30.11704771 31.30367793 31.44657058 33.7887674  25.8054175
 26.47639165 29.94930417 27.95501988 28.70675944 28.12276342 29.66973161
 29.46471173 31.1110835  30.76317097 31.17942346 30.90606362 34.08076541
 33.51540755 32.88792247 28.78131213 27.50149105 27.3026839  28.10412525
 29.06088469 29.39637177 29.27833002 30.5333002  30.65755467 30.91227634
 30.77559642 32.29771372 32.57107356 33.73285288 26.57579523 28.14140159
 27.5139165  28.01714712 29.22241551 28.01714712 28.44582505 30.09840954
 30.82529821 30.16053678 31.9249503  33.15506958 32.63941352 33.27311133
 26.54473161 27.24676938 27.77485089 27.74378728 28.49552684 29.45849901
 27.86182903 28.3277833  29.81262425 29.5889662  31.819334   30.875
 31.61431412 33.95029821 33.81361829 25.71843936 27.55740557 29.32803181
 29.55168986 29.31560636 30.93091451 28.5390159  30.17296223 31.50869781
 31.99329026 32.24801193 32.35362823 32.91277336 33.60238569 26.76838966
 27.63195825 28.03578529 29.04224652 28.40854871 31.38444334 28.57007952
 30.56436382 31.74478131 30.05492048 31.99329026 31.29125249 32.17345924
 34.71446322 26.43911531 27.63195825 28.37748509 28.29050696 29.67594433
 30.89363817 31.29125249 30.36555666 30.93091451 31.39686879 29.83747515
 32.57107356 32.57728628 34.98782306 27.49527833 27.07902584 28.86207753
 28.79373757 29.72564612 28.52659046 29.8250497  30.94955268 31.09865805
 31.80690855 31.90631213 32.74502982 32.81336978 34.24229622 32.32256461
 25.5444831  27.79348907 28.65705765 28.03578529 27.93638171 28.37748509
 30.79423459 29.84368787 30.27857853 31.52733598 33.09294235 33.57132207
 32.43439364 34.26714712 26.65656064 27.42072565 26.63170974 29.40258449
 28.26565606 29.42743539 30.24130219 30.80044732 29.56411531 32.08026839
 31.30989066 31.49627237 33.88195825 33.2109841  27.12251491 27.78106362
 26.76217694 28.78752485 29.47092445 28.0916998  29.83126243 30.35313121
 31.21048708 28.79373757 29.99279324 30.88742545 32.06784294 32.29771372
 33.32902584 26.96719682]",71000.26243441613
2025-06-15 14:20:00+00:00,860,6759.74,9.0,30.142591302011787,29.998198310139163,35.57803180914513,"[26.20303181 27.93638171 28.70054672 28.67569583 29.8250497  30.68240557
 28.84965209 31.27882704 31.23533797 32.37847913 32.93141153 33.40357853
 34.85735586 27.86804175 25.24005964 27.04796223 27.90531809 29.16028827
 29.66351889 29.40879722 29.8499006  30.71346918 30.7445328  33.14885686
 32.42818091 33.39115308 32.21073559 26.63792247 25.65631213 26.8305169
 26.84294235 29.29696819 26.9361332  29.47713718 30.25994036 29.5889662
 30.52087475 32.6332008  32.3722664  33.01217694 34.50944334 25.28354871
 26.60064612 26.22166998 28.09791252 29.43986083 28.89935388 29.43364811
 31.03653082 31.01789264 30.78802187 31.2166998  32.61456262 34.26714712
 32.65183897 32.80094433 27.35859841 27.61332008 27.02932406 29.40879722
 28.02957256 30.05492048 29.48956262 30.10462227 31.48384692 29.74428429
 32.32256461 33.46570577 32.59592445 34.27335984 26.07877734 25.63146123
 27.91153082 28.35263419 28.01093439 29.20377734 27.8804672  29.89338966
 30.75074553 31.25397614 30.17917495 32.95626243 33.40979125 30.96819085
 26.34592445 24.63121272 27.74378728 27.91153082 28.5390159  30.30342942
 28.4582505  29.29696819 31.26018887 30.64512922 32.35984095 32.27907555
 32.88792247 34.71446322 34.4473161  26.84294235 27.277833   26.83672962
 28.06063618 28.51416501 28.7999503  29.98036779 30.7693837  30.96819085
 32.38469185 29.89960239 32.69532803 32.50894632 33.34766402 25.40780318
 26.88021869 27.14115308 28.36505964 28.91799205 29.24105368 30.85014911
 30.24130219 32.21694831 30.67619284 32.27286282 33.02460239 35.57803181
 34.472167   25.78677932 27.61332008 28.29050696 27.38966203 29.65109344
 29.5082008  29.28454274 32.55864811 29.98658052 31.64537773 30.54572565
 31.80069583 32.93141153 34.59642147 25.24005964 26.99826044 27.76242545
 27.6443837  28.5390159  28.20974155 28.14140159 31.1110835  31.67644135
 32.24801193 31.53354871 31.3223161  32.9749006  32.09890656 33.32281312
 25.11580517 27.74378728 28.3277833  26.99826044 29.41500994 30.63270378
 30.4276839  30.61406561 30.32828032 32.2417992  30.91848907 32.53379722
 35.0250994  33.25447316 25.49478131 29.42122266 27.61332008 28.46446322
 28.42718688 28.89314115 29.20377734 30.56436382 29.06088469 29.78156064
 32.02435388 31.94980119 33.78255467 33.51540755 25.92967197 26.57579523
 27.14115308 28.45203777 27.84319085 27.55740557 29.65730616 29.99279324
 30.41525845 31.62673956 32.72639165 31.88767396 32.3971173  32.85064612
 33.81361829 26.45154076]",70734.65346001062
2025-06-15 14:21:00+00:00,861,6737.85,9.0,30.07827356936348,29.93020004970179,34.639910536779325,"[27.05417495 26.4639662  27.67544732 29.67594433 29.29075547 30.6389165
 31.52112326 30.35934394 29.78777336 32.7388171  32.92519881 32.83822068
 34.02485089 26.60064612 26.52609344 26.00422465 27.96744533 29.07952286
 27.95501988 28.7999503  29.80019881 30.27857853 30.45253479 32.32877734
 31.33474155 32.01814115 33.52162028 27.14736581 28.06684891 26.7000497
 28.93663022 27.99850895 28.09791252 30.33449304 29.01739563 30.80044732
 33.40979125 31.10487078 31.53976143 34.38518887 33.34145129 25.70601392
 27.45178926 25.92967197 27.70029821 29.56411531 28.75024851 28.61978131
 29.75670974 30.86878728 30.37176938 32.29150099 32.19209742 32.07405567
 33.69557654 33.13021869 27.40208748 27.43315109 27.15979125 26.60064612
 27.71893638 29.99279324 29.45849901 29.65109344 31.98707753 32.39090457
 32.27286282 32.86928429 32.82579523 32.29771372 25.14686879 26.05392644
 26.87400596 28.57007952 29.05467197 28.20974155 29.32803181 30.34691849
 30.48359841 30.37176938 32.06163022 32.24801193 33.8943837  30.35313121
 26.42047714 27.97987078 26.66277336 28.4582505  28.30914513 27.6195328
 31.13593439 29.20377734 30.60164016 31.22291252 30.5084493  31.78827038
 34.63991054 32.58349901 34.3416998  26.66898608 28.68190855 25.25248509
 28.98633201 28.16003976 30.10462227 30.75074553 31.24776342 32.83822068
 30.81908549 32.73260437 32.70775348 32.26043738 33.0805169  26.50124254
 29.38394632 28.53280318 27.56361829 28.52659046 30.27857853 29.55790258
 29.62002982 31.40308151 29.45849901 31.57082505 31.5832505  32.02435388
 33.03702783 26.45775348 26.5695825  27.75       29.8499006  29.22862823
 30.15432406 30.01764414 29.45228628 31.99950298 31.21048708 31.98086481
 32.32256461 32.70775348 32.68911531 25.70601392 26.3832008  27.94259443
 27.47664016 27.52634195 27.53255467 30.88742545 29.96172962 30.47117296
 31.53354871 32.89413519 31.26018887 32.36605368 32.86307157 32.77609344
 26.37077535 25.03503976 27.0417495  29.66351889 28.82480119 29.29696819
 30.42147117 29.51441352 31.65780318 31.62673956 31.20427435 32.45303181
 31.56461233 33.1861332  25.02882704 29.14786282 28.33399602 27.56361829
 28.65705765 29.67594433 29.94930417 28.45203777 30.82529821 32.35984095
 31.27882704 30.80044732 30.72589463 32.51515905 26.9609841  26.96719682
 26.41426441 27.93638171 29.77534791 28.7750994  29.66973161 30.1916004
 30.57057654 31.40929423 31.0054672  31.48384692 32.42196819 34.03727634
 32.9749006  27.78727634]",70519.47205366244
2025-06-15 14:22:00+00:00,862,6753.77,9.0,30.12552776409535,29.979653330019882,35.65258449304174,"[26.50124254 27.81212724 28.59493042 26.97962227 27.88667992 28.99875746
 29.89960239 31.42171968 30.5333002  31.09244533 32.61456262 32.35984095
 34.31063618 27.58846918 27.43936382 25.47614314 28.20974155 29.30939364
 28.41476143 27.75       30.26615308 31.06138171 31.63916501 32.57107356
 33.27311133 35.65258449 34.37897614 27.14736581 26.48260437 27.87425447
 27.5139165  30.12947316 28.72539761 30.62027833 31.2415507  29.20377734
 31.80069583 31.34095427 32.21073559 33.78255467 32.64562624 26.22166998
 26.32728628 28.02335984 30.11704771 28.6694831  29.39637177 29.10437376
 28.38369781 30.22266402 29.98036779 31.16078529 31.84418489 31.82554672
 32.00571571 33.82604374 25.2027833  27.47042744 27.83076541 27.43315109
 30.28479125 29.07952286 29.05467197 30.96819085 30.73832008 30.21645129
 32.14239563 32.67047714 32.25422465 32.72017893 25.31461233 26.88021869
 25.44507952 29.85611332 28.59493042 29.7194334  28.88071571 30.81287276
 30.03628231 31.6888668  32.58349901 31.50869781 33.49676938 33.91923459
 25.48856859 27.11008946 25.60661034 26.30243539 26.71868787 29.07952286
 28.00472167 29.87475149 29.90581511 31.59567594 32.4778827  32.12997018
 29.40258449 32.95626243 33.01217694 26.44532803 26.19681909 27.79970179
 28.65084493 28.10412525 29.20377734 29.66973161 30.33449304 31.54597416
 30.90606362 32.75745527 32.23558648 34.20501988 33.44706759 25.45750497
 27.45800199 27.92395626 28.83101392 28.4333996  29.84368787 30.44010934
 31.40308151 31.78827038 33.27932406 31.90631213 31.68265408 32.79473161
 33.0805169  27.28404573 28.96769384 26.9609841  26.99204771 27.83697813
 29.34045726 29.60139165 29.36530815 30.01764414 31.89388668 31.12350895
 31.91873757 32.65805169 33.79498012 26.55094433 25.66252485 26.83672962
 28.75024851 29.96794235 29.36530815 29.3777336  29.53926441 31.08001988
 30.24751491 30.99304175 31.44657058 33.72042744 32.21694831 34.24850895
 27.63817097 27.96744533 26.85536779 28.34020875 28.68812127 28.19110338
 28.29050696 31.67644135 32.11754473 31.819334   31.76341948 31.26018887
 33.49055666 32.16724652 27.55119284 27.83076541 27.36481113 27.41451292
 28.78131213 29.52062624 29.1416501  30.7445328  29.02360835 32.20452286
 32.92519881 32.73260437 33.55889662 33.10536779 26.48260437 27.60710736
 27.00447316 27.60089463 29.86232604 30.04870775 31.9000994  30.91227634
 30.4276839  30.62027833 31.50248509 33.40357853 33.32281312 31.94980119
 34.29199801 26.91128231]",70677.5656875574
2025-06-15 14:23:00+00:00,863,6790.670000000001,9.0,30.234687814895473,30.09427808151093,35.98807157057654,"[25.77435388 27.89289264 27.28404573 27.55119284 29.15407555 29.67594433
 27.86182903 31.84418489 31.6888668  29.91824056 32.32256461 33.83225646
 33.75770378 26.91749503 29.0360338  26.94855865 29.4833499  27.95501988
 29.45228628 30.07977137 29.73807157 32.49030815 30.35313121 32.18588469
 30.82529821 32.1361829  35.21148111 25.96073559 26.86158052 27.9612326
 28.05442346 27.96744533 29.20999006 26.75596421 30.75074553 30.7693837
 29.88717694 32.8444334  31.94358847 33.65208748 31.95601392 27.02932406
 26.16575547 27.32132207 27.79970179 28.0916998  29.930666   29.55790258
 31.46520875 30.23508946 30.17917495 31.64537773 32.3722664  31.15457256
 34.07455268 32.67047714 26.50124254 29.47713718 26.12847913 27.14736581
 28.222167   28.22837972 30.99925447 30.22266402 29.55790258 31.96843936
 31.5583996  32.17345924 34.29821074 33.37251491 26.9609841  26.78702783
 26.33971173 27.68166004 28.50795229 29.78777336 29.75049702 30.68240557
 31.30367793 32.19831014 33.20477137 33.3166004  33.40357853 31.71371769
 28.30293241 27.83076541 27.18464215 27.82455268 29.52062624 28.6694831
 31.16699801 31.08001988 28.15382704 30.71968191 32.07405567 32.86928429
 32.68911531 32.82579523 34.49701789 26.74975149 26.62549702 27.80591451
 27.5139165  28.84965209 29.2721173  29.88096421 31.75720676 31.04274354
 32.7388171  31.28503976 31.69507952 34.4473161  35.98807157 26.86158052
 27.52012922 27.91153082 28.57629225 28.76267396 28.75646123 28.42718688
 30.81908549 31.47763419 32.18588469 31.42793241 32.98111332 32.42818091
 33.77634195 26.1471173  26.73732604 27.26540755 29.26590457 27.81833996
 30.16053678 29.04224652 29.79398608 29.99900596 31.22291252 31.94358847
 31.7944831  31.41550696 32.22937376 26.42047714 26.71247515 29.88717694
 29.2721173  27.81833996 29.2472664  30.1916004  29.52062624 29.41500994
 32.42196819 30.78180915 32.93762425 32.61456262 33.04324056 35.36058648
 27.34617296 27.33996024 28.0916998  25.6500994  30.14811133 28.84343936
 28.86829026 30.03006958 30.88742545 30.68861829 31.96843936 30.21645129
 34.16153082 34.49701789 25.42022863 27.66923459 27.76242545 29.01739563
 28.63220676 29.1167992  30.05492048 31.58946322 32.90034791 30.91848907
 33.10536779 32.85685885 32.90034791 34.51565606 26.61928429 27.76242545
 26.43911531 27.12251491 28.05442346 30.42147117 28.694334   31.33474155
 29.93687873 33.56510934 32.67047714 31.44035785 34.03106362 32.51515905
 34.46595427 27.99850895]",71042.77155351429
2025-06-15 14:24:00+00:00,864,6771.2,9.0,30.177490483587988,30.033797216699796,36.012922465208746,"[27.24055666 27.33996024 27.73136183 27.1722167  29.6945825  29.19756461
 29.87475149 31.49627237 32.45303181 31.57703777 32.0554175  31.90631213
 35.04373757 26.74353877 26.97962227 26.20303181 27.12251491 30.4276839
 28.76888668 28.15382704 29.44607356 30.14811133 31.75720676 33.2917495
 31.60810139 33.46570577 33.10536779 24.96048708 26.10362823 27.82455268
 29.86232604 27.05417495 30.35934394 28.55144135 30.35313121 30.16053678
 30.71346918 30.66998012 32.58971173 31.78205765 31.65780318 28.71918489
 24.78031809 27.35859841 28.52659046 29.64488072 26.71868787 32.01192843
 30.38419483 29.94930417 29.97415507 30.65755467 31.98707753 33.26689861
 33.40979125 33.50919483 25.51963221 27.277833   27.73757455 30.27236581
 28.73782306 28.50173956 31.15457256 30.32828032 30.34070577 31.20427435
 33.81983101 31.37823062 31.68265408 34.67097416 26.71247515 26.51366799
 28.05442346 28.51416501 29.83126243 28.65084493 30.54572565 30.60785288
 28.22837972 32.24801193 31.84418489 31.44657058 34.21744533 32.85064612
 26.52609344 27.47042744 27.19085487 28.28429423 28.1165507  29.55168986
 28.98633201 29.76913519 29.13543738 32.01192843 30.16053678 32.70154076
 32.42818091 33.67693837 33.84468191 28.13518887 28.89935388 27.84940358
 28.14140159 27.81212724 30.22266402 29.3528827  29.11058648 30.38419483
 31.5583996  31.93737575 31.71993042 33.55889662 33.31038767 27.63195825
 27.9612326  27.70651093 29.3528827  28.68812127 28.27808151 30.50223658
 29.25969185 32.2666501  29.93687873 32.45924453 33.98757455 34.13667992
 36.01292247 27.11630219 26.62549702 26.42047714 27.43315109 28.39612326
 28.60735586 29.48956262 29.87475149 29.76292247 30.35934394 30.80666004
 31.09244533 32.90034791 35.90109344 28.04199801 27.8804672  30.25994036
 28.67569583 29.4833499  28.88071571 27.23434394 31.19184891 30.02385686
 31.38444334 32.15482107 30.77559642 32.49652087 32.3971173  33.84468191
 26.51988072 27.89289264 27.52012922 28.83101392 30.77559642 31.38444334
 30.05492048 29.92445328 30.63270378 32.54000994 33.58374751 33.27932406
 32.01192843 32.33499006 27.32132207 26.45154076 29.49577535 28.20974155
 28.96148111 29.73807157 27.86804175 28.91177932 31.96222664 30.96819085
 31.99329026 32.15482107 32.03677932 32.1361829  26.805666   26.91128231
 28.25323062 29.12922465 28.16625249 29.23484095 28.75024851 30.19781312
 29.45849901 29.88717694 30.50223658 32.76366799 33.06187873 33.15506958
 32.65183897 26.3583499 ]",70851.41216189199
2025-06-15 14:25:00+00:00,865,6812.44,9.0,30.299443966027795,30.161903578528825,36.19309145129225,"[27.27162028 26.33349901 28.47688867 28.40854871 31.39686879 31.819334
 29.83747515 30.76317097 30.71968191 29.40258449 34.29821074 32.80094433
 34.64612326 26.54473161 27.28404573 26.805666   28.42097416 28.72539761
 28.57007952 28.98011928 30.55193837 31.9000994  32.64562624 31.11729622
 33.81983101 33.52162028 34.31684891 27.23434394 26.27758449 28.48310139
 28.68190855 26.64413519 28.75024851 29.40258449 30.93712724 31.52112326
 32.65805169 31.35337972 32.67047714 32.7139662  33.2109841  27.56361829
 28.96769384 28.25323062 28.47067594 30.6637674  28.44582505 28.52037773
 29.87475149 30.59542744 31.02410537 30.55815109 32.07405567 32.5027336
 34.39761431 33.57132207 27.26540755 28.20974155 25.74950298 27.15357853
 26.62549702 28.55144135 30.0611332  30.12947316 31.70129225 30.81287276
 30.1667495  31.19184891 33.4222167  33.22340954 25.83648111 28.52037773
 28.30914513 28.48931412 29.42743539 29.16650099 31.06138171 29.65730616
 32.49030815 32.85685885 32.32256461 32.22316103 34.34791252 35.83275348
 26.41426441 27.28404573 27.9612326  27.78106362 28.00472167 28.75024851
 29.94930417 31.1110835  30.19781312 31.65780318 30.92470179 32.33499006
 32.68290258 33.73285288 36.19309145 27.92395626 27.52634195 28.27808151
 29.27833002 28.13518887 30.57678926 28.98633201 30.42147117 31.86903579
 32.17345924 32.8444334  34.88220676 32.83200795 33.90680915 27.01068588
 25.61282306 25.60039761 27.33374751 27.75621272 29.98036779 29.48956262
 30.72589463 31.61431412 30.45253479 32.33499006 31.31610338 33.93166004
 33.25447316 27.99229622 25.27112326 27.76242545 27.63817097 30.18538767
 28.41476143 29.19756461 30.1916004  30.68861829 30.52087475 30.94955268
 32.85064612 31.78205765 33.95029821 26.76838966 27.14736581 28.37748509
 28.60114314 28.15382704 30.78180915 30.21023857 29.75670974 30.62027833
 31.46520875 31.82554672 31.9000994  33.53404573 32.5027336  33.06809145
 26.02286282 26.95477137 28.39612326 28.62599404 28.68812127 29.05467197
 30.86257455 30.93091451 32.11133201 31.52733598 32.10511928 32.03677932
 30.48981113 33.67693837 27.32132207 25.98558648 28.06684891 29.02982107
 30.41525845 30.45253479 30.06734592 30.34070577 31.94980119 31.6640159
 32.20452286 32.2417992  33.32902584 33.16749503 25.60661034 27.3834493
 29.31560636 27.82455268 27.59468191 27.73757455 28.01093439 29.12922465
 30.09840954 31.07380716 30.55193837 31.03031809 32.64562624 33.4222167
 33.30417495 26.58822068]",71259.4197327426
2025-06-15 14:26:00+00:00,866,6769.24,9.0,30.172204258899882,30.027708747514907,35.66500994035785,"[27.47664016 26.53851889 28.25323062 30.83151093 31.08001988 29.75670974
 30.91848907 32.48409543 30.22887674 30.44010934 31.54597416 32.47166998
 35.66500994 26.73732604 27.33996024 26.79945328 28.34020875 28.38369781
 29.26590457 29.81262425 30.47117296 31.27882704 30.17917495 30.96819085
 33.04324056 32.78230616 34.50323062 26.61307157 27.81212724 27.77485089
 28.63220676 29.57032803 28.17867793 29.02982107 31.26018887 33.34145129
 31.54597416 33.28553678 32.9500497  31.60188867 33.35387674 26.00422465
 26.89264414 26.96719682 26.38941352 28.15382704 27.76863817 28.17246521
 30.32828032 29.16028827 30.71346918 31.76963221 33.06809145 32.17345924
 30.91227634 33.91302187 25.20899602 27.55119284 27.15357853 28.52037773
 28.37748509 29.46471173 29.98658052 30.88742545 28.5390159  29.97415507
 33.00596421 34.21744533 33.34145129 32.96247515 25.97316103 26.24030815
 27.00447316 29.68215706 27.65680915 29.5082008  30.1667495  29.91824056
 30.88742545 30.45253479 32.8444334  32.49652087 32.76988072 31.42793241
 25.22142147 26.91749503 28.67569583 27.52634195 29.00497018 29.57654076
 28.98633201 29.8499006  31.88146123 30.69483101 31.27882704 33.04324056
 30.875      32.67047714 33.77634195 26.63792247 28.60114314 28.35263419
 28.09791252 28.99254473 29.90581511 28.55144135 31.16699801 31.58946322
 32.6083499  31.68265408 32.85064612 31.91252485 32.20452286 24.95427435
 28.91799205 26.21545726 29.1416501  29.09194831 28.9304175  30.09840954
 32.40333002 30.29100398 31.32852883 31.85661034 33.26068588 31.06759443
 33.83846918 26.53851889 24.8610835  26.76838966 29.01739563 28.16625249
 30.27236581 29.52062624 29.51441352 28.78752485 31.14835984 30.88121272
 31.12972167 31.71993042 32.03677932 26.40183897 27.07281312 28.25944334
 29.93687873 28.95526839 29.14786282 27.6443837  29.55168986 29.42122266
 30.35934394 30.27857853 33.62723658 31.50248509 32.16724652 31.20427435
 25.22763419 29.09194831 28.70054672 28.16003976 29.65109344 29.92445328
 29.47713718 30.95576541 31.24776342 31.86282306 29.81262425 31.55218688
 33.61481113 34.55914513 27.82455268 26.57579523 27.76242545 27.86804175
 28.49552684 30.5333002  29.60760437 31.3223161  31.83175944 32.96247515
 32.47166998 31.94358847 33.14885686 33.59617296 26.90506958 29.3528827
 27.72514911 28.46446322 28.59493042 28.98633201 29.07952286 30.21023857
 29.28454274 31.72614314 30.05492048 33.81361829 33.68315109 33.09915507
 34.69582505 28.50795229]",70833.72656857545
2025-06-15 14:27:00+00:00,867,6763.1900000000005,9.0,30.154588765584215,30.008915258449303,34.69582504970179,"[28.50173956 27.6443837  27.65059642 29.37152087 29.30318091 28.67569583
 28.1165507  30.50223658 32.12997018 33.01217694 33.45949304 34.69582505
 33.47191849 26.38941352 26.12847913 28.57629225 26.47639165 28.01714712
 30.38419483 30.61406561 30.22887674 30.04870775 32.81336978 31.57082505
 34.37897614 30.42147117 33.22340954 26.37698807 25.97316103 26.34592445
 28.42097416 30.82529821 29.02982107 30.65134195 30.60164016 30.62649105
 32.06784294 30.85014911 32.76366799 32.67047714 34.17395626 27.04796223
 28.51416501 28.00472167 27.9860835  27.73757455 27.89910537 29.16650099
 29.98658052 29.96172962 30.23508946 30.52708748 30.78802187 34.17395626
 33.0805169  32.62698807 26.65656064 27.42693837 28.47067594 28.9055666
 29.18513917 31.42171968 30.93712724 31.04895626 30.28479125 33.01838966
 30.6389165  31.43414513 31.99950298 33.2109841  25.0723161  26.78702783
 28.20352883 26.84294235 26.85536779 28.45203777 28.76267396 31.21048708
 28.86207753 31.42171968 31.72614314 31.61431412 32.96868787 32.80094433
 25.72465209 27.19085487 29.26590457 27.83697813 30.45253479 29.20377734
 28.96769384 29.08573559 28.3277833  32.10511928 30.84393638 31.2166998
 31.95601392 33.54647117 32.55864811 27.43315109 27.42693837 27.83697813
 29.19135189 29.04224652 27.09145129 27.84319085 31.60188867 29.02360835
 31.94358847 31.49005964 33.24204771 33.5526839  33.13021869 26.61307157
 27.01068588 28.22837972 29.77534791 28.04821074 27.29025845 31.12972167
 30.0611332  31.28503976 32.87549702 32.03677932 31.69507952 33.40357853
 32.2417992  28.12897614 27.86182903 27.06038767 27.68166004 27.49527833
 28.98633201 32.17967197 31.1110835  30.2972167  31.72614314 32.37847913
 31.96843936 32.78851889 32.9500497  25.76192843 26.71247515 27.07902584
 28.20352883 29.14786282 27.63817097 29.63245527 31.76341948 30.36555666
 31.59567594 29.72564612 32.26043738 32.54622266 32.86928429 31.86903579
 26.57579523 25.62524851 29.22862823 28.62599404 27.75       27.60089463
 30.17296223 30.6637674  30.70104374 33.30417495 30.70725646 31.04895626
 34.05591451 34.03106362 25.92967197 26.76217694 28.57629225 27.6443837
 28.63841948 29.05467197 29.04224652 31.47763419 30.78802187 32.67047714
 32.98111332 31.86282306 32.76366799 32.86307157 25.51341948 27.79348907
 29.04224652 27.99850895 27.56983101 29.34045726 28.63220676 30.16053678
 32.56486083 31.27882704 31.10487078 33.62723658 30.67619284 33.8943837
 34.45352883 26.23409543]",70774.79217413855
2025-06-15 14:28:00+00:00,868,6763.07,9.0,30.15446589605642,30.008542495029815,34.857355864811126,"[26.81187873 30.10462227 27.5387674  26.50745527 27.43315109 29.19756461
 30.91227634 32.52137177 29.70079523 31.93737575 32.0305666  33.3166004
 32.57107356 26.2527336  26.9609841  27.89910537 27.73757455 27.34617296
 29.78156064 30.55815109 30.24130219 29.84368787 31.88767396 31.26640159
 32.93762425 34.29821074 32.90656064 26.3832008  26.40805169 28.68812127
 26.50124254 28.23459245 28.83722664 28.694334   29.88096421 28.98011928
 32.00571571 32.69532803 32.32877734 32.26043738 33.11779324 28.7750994
 26.34592445 26.35213718 28.63220676 26.89264414 29.65109344 30.29100398
 29.30939364 31.60810139 31.44035785 31.0862326  32.64562624 33.26068588
 31.71371769 34.53429423 28.33399602 28.03578529 27.76242545 29.32803181
 27.56983101 29.63245527 30.7445328  31.99950298 31.45899602 29.91824056
 32.92519881 32.98732604 34.16774354 33.99378728 27.54498012 26.78702783
 25.48856859 27.5387674  28.55144135 28.09791252 28.71297217 29.52062624
 30.14811133 30.93091451 31.59567594 31.58946322 32.64562624 34.6833996
 26.29622266 27.48285288 28.35263419 27.15979125 27.05417495 28.46446322
 31.27882704 30.35313121 30.64512922 30.83151093 32.99353877 32.79473161
 32.39090457 32.91898608 32.55243539 25.09095427 28.14761431 28.32157058
 29.18513917 26.50124254 30.52087475 29.6138171  31.42171968 31.19806163
 31.29125249 32.45303181 31.30989066 32.19209742 33.09915507 26.0166501
 26.98583499 27.67544732 28.32157058 28.84965209 30.17917495 27.97365805
 30.70104374 31.28503976 31.36580517 30.55815109 33.33523857 33.58996024
 32.22937376 27.65059642 26.29622266 27.52012922 28.694334   26.55715706
 28.83101392 29.66973161 30.20402584 32.4778827  32.40333002 31.67644135
 31.52733598 32.21073559 34.7890159  28.12276342 25.72465209 26.26515905
 25.78677932 28.42097416 29.87475149 29.29075547 30.10462227 30.45874751
 30.45253479 31.96222664 31.33474155 31.63295229 32.66426441 32.19831014
 28.01093439 28.5390159  27.95501988 28.78752485 29.32803181 29.62624254
 29.87475149 30.55815109 32.8444334  30.9806163  30.03628231 32.99353877
 33.60238569 32.45924453 25.48235586 27.21570577 28.4333996  26.88021869
 28.22837972 29.63245527 28.48931412 29.63245527 30.47117296 30.93091451
 31.2166998  31.55218688 33.81361829 32.86307157 28.02957256 28.94284294
 28.08548708 30.24130219 28.72539761 28.66327038 29.92445328 28.40233598
 29.45849901 30.70725646 32.31013917 33.40357853 32.37847913 32.68911531
 34.85735586 27.91774354]",70774.38110184636
2025-06-15 14:29:00+00:00,869,6770.49,9.0,30.17658682633121,30.031591699801194,34.95054671968191,"[28.35263419 27.23434394 27.97365805 29.4833499  31.96222664 30.7445328
 30.38419483 30.52708748 33.16749503 31.55218688 34.28578529 33.08672962
 34.55914513 26.74353877 27.52634195 26.7249006  27.97365805 28.14140159
 28.98011928 30.12947316 30.52087475 31.88767396 31.0054672  31.78827038
 31.99950298 32.1361829  34.77659046 25.42644135 25.51963221 27.68166004
 28.51416501 28.12897614 29.29075547 29.34045726 28.98011928 29.91824056
 31.21048708 31.68265408 32.81336978 32.88792247 33.87574553 26.22166998
 27.81212724 27.4083002  28.60735586 27.35238569 29.1416501  27.81212724
 31.53976143 30.18538767 32.24801193 32.42818091 32.17967197 33.81361829
 31.93116302 33.80119284 26.4888171  26.32728628 27.70029821 28.27186879
 27.9612326  29.70079523 30.61406561 30.1667495  30.71346918 32.64562624
 32.11754473 33.04945328 34.15531809 33.71421471 25.73086481 26.56336978
 25.68116302 29.68836978 27.15357853 30.01764414 30.98682903 30.04870775
 30.25994036 30.90606362 30.90606362 32.90034791 33.22340954 32.8444334
 25.89860835 27.43315109 27.19085487 28.59493042 29.40879722 29.59517893
 29.75049702 29.930666   31.60810139 29.55168986 32.17345924 31.347167
 31.15457256 33.32281312 34.93190855 25.74950298 28.62599404 27.83076541
 27.48906561 27.97987078 29.25347913 29.97415507 32.18588469 30.18538767
 30.66998012 31.9249503  31.62673956 32.32877734 33.4222167  25.48235586
 28.36505964 28.14140159 29.87475149 30.43389662 28.4582505  28.73161034
 29.97415507 30.79423459 30.9806163  31.81312127 33.60238569 32.42196819
 34.75795229 27.35238569 27.33996024 27.6195328  28.64463221 28.17867793
 30.48981113 29.19756461 30.13568588 30.37798211 30.90606362 33.48434394
 31.6640159  32.20452286 32.14860835 25.70601392 26.84294235 28.44582505
 26.49502982 29.55790258 27.72514911 28.65084493 27.25298211 30.27857853
 31.35337972 32.92519881 30.85636183 32.40954274 32.75745527 33.81983101
 27.17842942 26.92370775 30.00521869 26.2527336  28.34020875 30.0611332
 29.08573559 30.49602386 29.50198807 31.51491054 32.54622266 30.51466203
 33.80119284 31.70129225 24.66848907 27.09145129 29.28454274 27.29647117
 26.49502982 29.13543738 29.46471173 31.70750497 30.875      29.88096421
 31.88767396 32.78851889 31.83797217 34.24850895 25.19657058 26.65656064
 27.28404573 28.25944334 28.52037773 30.41525845 28.54522863 30.66998012
 29.86232604 31.84418489 32.31013917 32.98111332 31.78827038 32.70775348
 34.95054672 28.01093439]",70848.3888861737
2025-06-15 14:30:00+00:00,870,6734.49,9.0,30.070566363273624,29.919762673956257,35.459990059642145,"[25.89239563 27.83697813 27.41451292 27.05417495 29.85611332 30.11704771
 28.74403579 30.94333996 31.57703777 33.27932406 32.94383698 33.77012922
 33.59617296 26.4639662  26.75596421 26.47017893 27.76863817 28.65084493
 31.40308151 30.81287276 31.72614314 30.91848907 32.46545726 30.5084493
 32.63941352 32.14239563 33.66451292 26.45775348 24.90457256 27.56361829
 28.44582505 29.45849901 28.75646123 28.222167   30.01143141 31.6888668
 31.01789264 32.03677932 32.50894632 33.39115308 33.50298211 25.96073559
 27.52634195 26.15954274 26.53851889 28.55144135 29.58275348 29.30318091
 30.99304175 30.42147117 31.40929423 30.7445328  29.90581511 32.86307157
 33.96893638 34.14289264 26.96719682 29.07331014 28.14140159 28.53280318
 26.04150099 30.93091451 28.06684891 30.31585487 30.15432406 30.90606362
 31.72614314 32.9749006  33.69557654 32.81336978 25.77435388 26.51988072
 27.89289264 27.14115308 29.96172962 28.64463221 29.34666998 29.45228628
 28.222167   31.52733598 31.29746521 31.67644135 32.6332008  33.08672962
 26.26515905 27.71272366 27.40208748 27.23434394 29.41500994 29.12922465
 28.29671968 28.99254473 31.7944831  32.04920477 32.2417992  33.50298211
 33.42842942 32.27286282 32.29771372 26.44532803 24.57529821 29.0360338
 27.43936382 28.7999503  30.28479125 31.33474155 30.1916004  30.23508946
 32.45303181 32.1361829  31.63295229 32.2666501  33.69557654 26.01043738
 26.99204771 27.84319085 27.06038767 29.20999006 29.85611332 29.55790258
 29.42122266 30.9806163  30.62027833 30.90606362 31.71993042 31.94980119
 33.88817097 26.01043738 26.92992048 27.30889662 28.20974155 28.60114314
 28.6694831  29.14786282 31.22912525 29.88717694 31.16699801 31.3223161
 32.39090457 33.36630219 32.85685885 26.84915507 27.79348907 26.90506958
 26.7249006  28.3277833  27.89910537 28.07306163 29.09194831 29.86232604
 31.85039761 30.0611332  32.43439364 32.9749006  33.14264414 33.67072565
 26.4639662  28.01093439 26.63792247 28.21595427 28.26565606 27.23434394
 29.91824056 29.91824056 31.09244533 30.67619284 32.52137177 33.79498012
 33.39115308 32.52137177 26.02907555 27.05417495 26.64413519 29.0111829
 29.25969185 30.1667495  27.18464215 30.67619284 32.08648111 30.89985089
 30.29100398 34.07455268 34.39140159 35.45999006 26.84915507 25.6749503
 28.30293241 27.60710736 28.58871769 29.57032803 29.90581511 30.88742545
 30.07355865 31.37201789 29.3777336  32.2666501  30.58300199 34.09940358
 33.09294235 27.50149105]",70493.68682496823
2025-06-15 14:31:00+00:00,871,6781.700000000001,9.0,30.21009517123924,30.066414015904574,35.23011928429423,"[29.12301193 28.57629225 28.04821074 28.78131213 28.42718688 28.53280318
 28.694334   30.40904573 31.27882704 31.20427435 33.37251491 33.41600398
 34.41625249 26.30864811 26.66277336 28.68190855 26.47639165 27.58225646
 29.12922465 28.97390656 31.77584493 32.68911531 31.5832505  32.60213718
 31.48384692 34.15531809 33.60238569 27.07902584 26.4888171  26.51366799
 25.71222664 28.40854871 29.63245527 30.22266402 31.58946322 31.09865805
 31.21048708 31.76963221 32.10511928 31.47763419 34.26714712 26.37077535
 28.42097416 28.34020875 27.3026839  28.82480119 29.94930417 28.15382704
 30.0611332  33.45328032 30.58300199 32.08648111 31.29125249 31.37823062
 32.22937376 34.61505964 26.13469185 27.95501988 28.21595427 29.27833002
 27.49527833 30.47117296 30.03628231 30.7445328  29.75670974 31.75099404
 30.52708748 32.99353877 32.09890656 34.52186879 24.9915507  26.04150099
 26.95477137 29.81883698 27.77485089 28.95526839 29.78156064 31.68265408
 30.96819085 31.01789264 31.38444334 31.54597416 34.30442346 34.55914513
 26.9609841  26.13469185 26.2527336  27.68166004 28.6694831  28.67569583
 28.79373757 32.09890656 29.98036779 31.53976143 31.3223161  30.79423459
 33.25447316 32.40333002 33.22340954 27.65059642 28.88071571 27.55740557
 27.57604374 28.65705765 31.59567594 30.32828032 31.89388668 31.62673956
 30.75074553 33.20477137 32.99975149 32.76366799 33.40979125 26.84294235
 25.8054175  26.0166501  28.75646123 28.50795229 28.9304175  31.25397614
 30.14189861 31.32852883 30.60785288 31.65159046 33.4222167  32.8195825
 32.91898608 26.3583499  26.15954274 28.03578529 28.20974155 29.09816103
 28.83722664 29.66973161 29.04224652 29.99279324 32.2417992  32.11754473
 32.1361829  31.88767396 34.08697813 25.81163022 25.99801193 27.80591451
 28.5638668  27.21570577 27.25298211 30.58300199 30.85636183 31.58946322
 29.63245527 32.2417992  31.28503976 31.22912525 32.72639165 32.4778827
 25.17171968 26.69383698 27.02311133 29.62002982 28.83101392 27.277833
 30.96819085 29.81883698 30.01143141 31.98086481 31.40929423 31.5583996
 34.22365805 34.39761431 25.28976143 25.82405567 26.60685885 28.30914513
 31.18563618 29.71322068 33.26689861 29.97415507 29.22862823 30.51466203
 33.13021869 33.78255467 31.71993042 35.23011928 26.55715706 29.31560636
 28.47688867 28.55765408 28.76888668 28.30293241 30.81287276 29.46471173
 30.88742545 30.86257455 30.83151093 32.93762425 33.22340954 34.32306163
 34.11804175 25.86754473]",70960.494404898
2025-06-15 14:32:00+00:00,872,6801.59,9.0,30.268994381915196,30.128199552683895,35.79547713717693,"[27.70651093 27.01689861 29.64488072 28.86207753 28.4333996  30.14811133
 30.03628231 30.47738569 33.06809145 31.95601392 32.31013917 32.73260437
 35.79547714 26.53230616 25.48856859 28.52659046 27.94880716 31.02410537
 28.18489066 28.57007952 31.03653082 31.70129225 30.86257455 33.24204771
 33.95651093 32.45303181 32.28528827 26.8305169  28.222167   29.25347913
 26.20303181 28.14761431 28.40854871 29.67594433 29.51441352 29.8499006
 31.44035785 31.60810139 31.27882704 32.3722664  33.83846918 26.08499006
 27.46421471 28.01093439 27.44557654 28.63841948 29.49577535 30.47117296
 31.44035785 29.3528827  33.29796223 31.1110835  31.57082505 31.86903579
 33.35387674 35.70849901 26.86158052 27.48906561 28.80616302 26.61928429
 30.70104374 30.18538767 30.73832008 31.22912525 30.47738569 32.08648111
 31.5832505  32.29150099 33.4222167  32.15482107 28.34642147 26.68762425
 28.694334   29.56411531 29.99900596 31.84418489 28.63220676 29.65730616
 30.79423459 31.85661034 32.42196819 32.9500497  31.63916501 33.527833
 26.53851889 25.70601392 26.88021869 27.38966203 27.42072565 28.222167
 31.63916501 31.47142147 30.31585487 32.06784294 31.17942346 31.95601392
 32.52758449 32.04920477 32.65805169 25.81163022 28.64463221 27.46421471
 27.42693837 27.63195825 30.0611332  28.29050696 30.25372763 30.7693837
 32.35362823 32.08026839 33.43464215 33.97514911 35.08101392 26.60064612
 27.24676938 28.73782306 27.55119284 29.34666998 27.15357853 29.66351889
 31.47142147 31.29746521 33.13643141 31.31610338 32.08648111 33.11779324
 33.70800199 25.91724652 25.62524851 28.07306163 27.10387674 29.64488072
 27.93016899 30.40904573 31.64537773 31.57703777 32.18588469 30.875
 32.40954274 32.83200795 33.51540755 27.37723658 27.53255467 28.20352883
 28.19110338 28.9055666  29.86232604 29.98658052 30.19781312 31.82554672
 29.68215706 31.04274354 32.33499006 32.1361829  32.1610338  33.3166004
 26.83672962 26.11605368 26.08499006 27.91774354 28.29050696 28.40233598
 30.09219682 30.38419483 32.7139662  30.79423459 31.83797217 33.80740557
 34.26714712 33.5526839  26.8305169  27.02311133 28.62599404 27.22813121
 27.29647117 29.08573559 29.57032803 30.14811133 29.52062624 32.04299205
 30.9806163  33.49676938 33.8943837  35.16177932 25.03503976 25.74950298
 26.1471173  29.14786282 29.23484095 29.02360835 29.27833002 30.01143141
 29.78777336 31.61431412 31.96843936 31.15457256 32.09269384 33.96272366
 33.31038767 26.66277336]",71157.54760413549
2025-06-15 14:33:00+00:00,873,6737.44,9.0,30.07988079064239,29.928926441351887,34.93190854870775,"[26.56336978 28.51416501 27.66923459 29.06709742 30.61406561 29.79398608
 31.01167992 30.32206759 31.04895626 31.30367793 33.49055666 33.19855865
 32.40954274 26.8305169  26.4888171  27.78727634 29.53305169 27.99229622
 30.10462227 29.27833002 30.88121272 32.19831014 31.36580517 31.40308151
 30.95576541 32.26043738 32.54622266 26.02286282 26.47639165 26.36456262
 28.6694831  28.18489066 31.14214712 28.89314115 30.29100398 29.87475149
 30.17917495 31.07380716 31.2166998  33.73906561 32.81336978 25.57554672
 28.40854871 26.92992048 29.32181909 30.34070577 28.79373757 29.7194334
 29.16650099 29.24105368 31.83175944 29.55790258 33.44085487 31.52733598
 33.38494036 34.37276342 26.82430417 27.63195825 27.55119284 28.50173956
 30.30964215 27.32753479 29.59517893 31.21048708 30.93091451 31.88767396
 30.75074553 33.28553678 32.09890656 33.46570577 29.3528827  24.84244533
 27.63195825 28.25944334 28.27186879 29.09816103 29.8499006  30.1916004
 29.4833499  28.93663022 33.28553678 31.62052684 33.00596421 34.01863817
 27.57604374 26.3832008  26.23409543 26.35213718 27.5139165  29.34666998
 29.12301193 30.12326044 30.33449304 29.30939364 30.07977137 30.75695825
 32.51515905 32.91277336 34.93190855 26.20303181 26.04771372 28.78752485
 29.51441352 27.58846918 27.78727634 29.34666998 33.14264414 31.06759443
 31.43414513 31.7944831  33.04945328 34.16153082 32.37847913 26.75596421
 28.34642147 26.07256461 27.77485089 27.52012922 28.9055666  27.67544732
 30.81908549 31.80069583 32.59592445 30.58300199 30.38419483 33.03081511
 32.98732604 24.87350895 26.73111332 27.5387674  27.61332008 29.94930417
 29.58275348 29.87475149 30.78180915 31.06138171 31.63916501 31.819334
 32.73260437 33.77634195 33.27311133 25.28354871 26.32728628 26.63170974
 26.42047714 29.23484095 29.90581511 31.37201789 29.51441352 30.55193837
 31.28503976 31.13593439 30.94333996 32.85685885 33.25447316 33.20477137
 25.70601392 28.82480119 28.24701789 28.42097416 29.34045726 28.37748509
 30.80044732 30.07355865 31.43414513 33.83846918 29.80019881 31.67022863
 31.70129225 31.99950298 26.10362823 27.07902584 25.63146123 28.4582505
 28.61356859 30.06734592 29.88717694 29.77534791 31.21048708 31.40308151
 30.70104374 32.11754473 33.06187873 33.75149105 24.3889165  27.24055666
 29.84368787 26.28379722 28.84965209 28.11033797 29.16650099 29.78777336
 31.26018887 31.56461233 33.01838966 31.82554672 32.59592445 32.68290258
 32.80094433 27.6443837 ]",70524.84917317318
2025-06-15 14:34:00+00:00,874,6788.02,9.0,30.22933335740953,30.08604622266401,35.39786282306163,"[27.52012922 27.79348907 28.70675944 28.5638668  30.72589463 29.62002982
 28.70054672 31.40929423 31.39065606 32.78230616 31.90631213 33.0805169
 31.87524851 27.46421471 26.84294235 26.45775348 28.34642147 29.24105368
 28.39612326 29.11058648 27.90531809 30.7693837  30.83151093 30.45874751
 34.2360835  33.32281312 33.22962227 28.09791252 26.3583499  26.99826044
 24.96048708 28.78752485 28.694334   29.54547714 28.76888668 32.23558648
 29.76292247 30.28479125 32.09890656 32.72017893 34.66476143 27.36481113
 24.60636183 25.99801193 30.29100398 29.30318091 29.78156064 30.06734592
 31.12972167 31.96222664 31.20427435 33.07430417 31.86282306 32.42818091
 34.46595427 33.88817097 26.3583499  26.25894632 27.03553678 29.29696819
 29.54547714 27.91774354 28.55144135 31.91252485 32.08026839 32.0305666
 30.76317097 33.41600398 32.87549702 33.77012922 26.75596421 28.40233598
 27.65059642 28.33399602 28.80616302 27.13494036 31.03031809 30.25994036
 31.76963221 30.57678926 32.65805169 30.94333996 31.35959245 32.95626243
 27.35238569 26.3832008  27.45178926 27.55740557 28.48310139 28.25944334
 28.42718688 30.6637674  29.66351889 32.36605368 30.34691849 33.29796223
 33.24204771 31.69507952 33.67693837 26.9361332  28.67569583 27.77485089
 27.93016899 27.77485089 31.5583996  28.75646123 32.80094433 30.11083499
 32.75745527 33.15506958 31.13593439 35.35437376 34.44110338 27.05417495
 27.52012922 29.73185885 28.53280318 29.89960239 28.86829026 29.52062624
 31.16699801 30.91848907 31.35959245 32.19209742 31.15457256 32.52758449
 33.88195825 25.48235586 27.23434394 26.41426441 27.24055666 28.37127237
 28.61356859 30.92470179 30.93712724 31.30989066 32.45303181 32.85064612
 31.93116302 33.14264414 35.39786282 26.81187873 26.90506958 27.55119284
 28.45203777 26.99826044 27.94259443 32.75745527 29.930666   28.91177932
 29.2721173  31.5583996  31.86282306 32.85685885 32.77609344 33.02460239
 25.27733598 26.12847913 26.15333002 28.55144135 29.65730616 28.81237575
 31.03653082 30.37176938 30.44010934 32.90034791 32.54622266 32.2666501
 33.73906561 33.87574553 25.28354871 25.83648111 27.8804672  28.53280318
 29.31560636 29.20377734 31.33474155 30.7445328  29.96794235 32.21694831
 30.17296223 34.55914513 31.14214712 33.92544732 26.42668986 26.95477137
 27.18464215 26.43290258 29.3528827  27.63195825 30.98682903 28.49552684
 30.34691849 30.71346918 32.51515905 33.78255467 33.2917495  34.67097416
 34.25472167 27.47664016]",71024.85768054934
2025-06-15 14:35:00+00:00,875,6725.96,9.0,30.046373264010306,29.89326540755467,35.70228628230616,"[26.31486083 27.25298211 27.65680915 28.55765408 27.89910537 31.02410537
 31.01167992 31.97465209 31.90631213 32.69532803 33.91923459 31.91252485
 34.7082505  26.76217694 25.90482107 28.89314115 28.10412525 28.65705765
 28.50795229 29.41500994 29.35909543 31.6640159  30.46496024 32.24801193
 32.09269384 32.56486083 33.50298211 25.91724652 25.4140159  26.17196819
 29.80019881 27.17842942 30.25372763 29.74428429 31.08001988 29.87475149
 31.80690855 32.26043738 30.86257455 30.90606362 33.72664016 25.8861829
 27.60710736 28.94905567 27.18464215 29.75049702 27.94880716 28.97390656
 29.99900596 30.65755467 30.33449304 32.04299205 32.44060636 30.14811133
 34.70203777 32.5027336  25.35810139 28.65084493 29.5889662  28.35263419
 30.56436382 28.60114314 28.88692843 30.75695825 30.14189861 32.31013917
 32.53379722 31.69507952 32.34120278 33.72664016 24.25223658 28.04199801
 27.56361829 28.5390159  28.07927435 26.5944334  28.05442346 31.19184891
 29.4833499  31.85039761 30.5084493  31.44035785 32.74502982 33.01217694
 25.52584493 26.15333002 28.33399602 27.75       28.66327038 27.8804672
 29.11058648 28.88071571 29.3777336  30.78180915 31.94358847 33.44706759
 32.48409543 33.41600398 32.65805169 26.37077535 28.03578529 26.78702783
 27.4083002  28.04199801 29.33424453 30.56436382 30.402833   30.9806163
 31.7944831  31.91873757 33.0805169  33.65208748 33.81983101 27.62574553
 26.88021869 28.92420477 27.74378728 28.5638668  29.04224652 27.01068588
 29.48956262 29.76913519 30.30342942 31.47142147 31.07380716 32.01814115
 32.79473161 28.25323062 26.19681909 26.79324056 27.32132207 28.49552684
 27.78106362 28.24080517 28.26565606 32.06784294 30.52708748 32.62698807
 31.94358847 32.29771372 32.40954274 25.28976143 25.78677932 27.65680915
 28.34642147 27.97365805 28.21595427 29.47713718 31.96843936 31.60188867
 31.27261431 30.58300199 31.98086481 32.35362823 33.73906561 33.63966203
 28.20974155 25.60661034 26.81187873 28.4333996  28.35263419 28.25944334
 29.5082008  31.14214712 31.40308151 30.03006958 32.19831014 31.01167992
 31.93116302 33.04324056 26.45775348 26.47639165 30.04249503 30.09840954
 29.58275348 29.31560636 30.40904573 29.70079523 31.67022863 31.46520875
 31.37201789 32.54000994 32.08026839 33.26068588 26.99204771 26.805666
 28.02335984 28.17867793 29.58275348 28.88692843 28.11033797 29.66973161
 31.98086481 30.12947316 31.35959245 32.01192843 32.53379722 34.39761431
 35.70228628 25.49478131]",70412.74639207288
2025-06-15 14:36:00+00:00,876,6720.24,9.0,30.029667877761113,29.87549701789264,35.056163021868784,"[26.65656064 27.93016899 28.60114314 29.57654076 29.17892644 29.55168986
 30.76317097 30.42147117 32.06163022 31.53976143 32.07405567 33.40357853
 34.66476143 25.26491054 27.69408549 28.07306163 29.00497018 29.43986083
 29.2472664  30.01143141 30.7693837  29.32181909 30.78802187 30.60164016
 33.13021869 32.58971173 33.55889662 25.33946322 25.92345924 28.24080517
 27.28404573 30.02385686 29.22862823 28.21595427 30.25372763 30.96197813
 31.09865805 31.60188867 32.44060636 31.47763419 32.94383698 26.89885686
 25.86754473 29.44607356 29.36530815 28.41476143 30.01143141 30.27236581
 29.76913519 30.73832008 31.94358847 30.91848907 31.54597416 32.79473161
 33.527833   34.66476143 25.78677932 28.84965209 26.94855865 26.92992048
 28.64463221 29.97415507 28.74403579 30.53951292 31.95601392 30.53951292
 31.97465209 30.4276839  31.7944831  33.04945328 26.21545726 27.47042744
 26.39562624 27.76863817 28.03578529 31.29746521 28.16625249 29.21620278
 32.14860835 31.83175944 31.06138171 30.71968191 32.52758449 33.7639165
 27.20328032 25.69980119 27.60089463 27.08523857 28.07927435 29.31560636
 28.63841948 30.50223658 31.02410537 29.93687873 31.80690855 29.86232604
 33.91302187 33.64587475 33.37872763 26.23409543 27.9860835  27.60089463
 27.90531809 27.72514911 29.6138171  31.27261431 29.97415507 31.06759443
 30.85014911 31.46520875 31.37823062 33.13643141 33.92544732 24.41998012
 27.99850895 27.83697813 28.60735586 28.00472167 28.70675944 27.26540755
 29.22241551 32.58349901 31.17321074 31.63916501 32.70154076 33.34766402
 32.78230616 25.5444831  27.19085487 26.94234592 27.58846918 27.86804175
 27.66923459 28.57629225 29.57654076 29.38394632 30.30964215 30.93712724
 30.71346918 31.12972167 33.88817097 25.51963221 26.77460239 27.97365805
 30.25994036 29.16650099 29.02360835 28.694334   29.60760437 29.83747515
 30.58921471 31.51491054 32.62698807 32.99975149 33.49676938 34.72688867
 26.81809145 27.32132207 27.91774354 26.88021869 27.32132207 29.10437376
 28.11033797 30.52708748 29.91202783 30.14811133 30.68240557 33.03702783
 35.05616302 32.76366799 25.59418489 26.2278827  26.20303181 29.2472664
 28.87450298 29.45228628 30.35934394 30.23508946 31.28503976 30.71346918
 31.94980119 31.77584493 32.24801193 32.16724652 25.569334   27.69408549
 26.27137177 28.52659046 27.61332008 29.53305169 29.74428429 30.24751491
 30.67619284 30.12326044 32.89413519 33.4222167  34.11182903 34.36033797
 31.5583996  26.66277336]",70356.85685183758
2025-06-15 14:37:00+00:00,877,6745.97,9.0,30.105765716709897,29.95542370775348,35.34194831013916,"[26.71247515 27.92395626 27.97987078 29.66351889 29.51441352 29.89960239
 28.94905567 29.94309145 32.21694831 31.91873757 32.55864811 31.94980119
 33.65208748 25.9110338  27.59468191 28.65705765 26.51988072 29.92445328
 28.33399602 30.51466203 29.78156064 31.35337972 30.60164016 30.53951292
 30.96819085 32.92519881 35.34194831 27.35859841 25.18414513 29.32803181
 28.85586481 27.47042744 28.72539761 30.1667495  30.23508946 30.62649105
 31.87524851 31.27261431 32.98732604 32.3971173  32.8444334  27.94259443
 27.53255467 28.35884692 28.05442346 28.57629225 27.77485089 29.52062624
 29.85611332 30.52708748 30.68861829 31.57703777 31.45899602 32.32256461
 32.53379722 33.48434394 24.99776342 28.93663022 28.06063618 28.47067594
 29.66973161 29.67594433 29.72564612 31.15457256 31.73856859 31.88146123
 32.73260437 30.07355865 33.58374751 32.8444334  28.20974155 26.8305169
 27.11630219 29.0111829  29.12301193 31.75720676 29.64488072 31.98086481
 30.60164016 32.12997018 32.21694831 31.96222664 32.22937376 33.38494036
 25.38295229 26.9361332  27.45178926 26.77460239 29.89960239 28.05442346
 29.84368787 28.88692843 30.68861829 29.98658052 30.88742545 31.20427435
 32.58971173 31.23533797 32.4778827  26.65034791 26.71247515 27.6443837
 28.48931412 28.28429423 27.8556163  28.21595427 30.97440358 30.30964215
 31.78827038 32.52137177 32.94383698 31.81312127 34.06833996 26.18439364
 26.51366799 28.35884692 28.0916998  28.222167   31.10487078 29.16650099
 30.75074553 29.98658052 32.30392644 32.85685885 30.86878728 33.73285288
 32.88170974 26.71868787 28.23459245 27.84940358 27.15357853 28.15382704
 29.09194831 30.03628231 29.83126243 29.12301193 31.62052684 32.72017893
 32.32256461 31.99950298 32.74502982 25.32703777 26.24652087 26.06635189
 27.74378728 26.63170974 27.76863817 29.16650099 28.61356859 30.04249503
 30.94333996 32.07405567 32.75745527 32.45303181 31.85661034 34.29199801
 26.77460239 28.05442346 27.76242545 28.58250497 29.62002982 30.24130219
 31.39065606 31.63295229 29.35909543 30.91227634 33.90680915 31.78827038
 32.55864811 33.10536779 27.35238569 26.89885686 28.34020875 28.39612326
 28.81858847 29.12301193 30.42147117 29.86232604 30.45253479 31.4527833
 30.04870775 33.36630219 32.16724652 33.49055666 26.69383698 27.14115308
 27.00447316 27.56983101 29.12922465 29.80019881 29.41500994 28.76267396
 31.44657058 27.80591451 33.72042744 32.08648111 31.67022863 32.75745527
 32.15482107 25.73707753]",70611.44978182463
2025-06-15 14:38:00+00:00,878,6748.79,9.0,30.114248040093454,29.96418364811133,35.23011928429423,"[26.89264414 27.32753479 29.21620278 29.3777336  30.70725646 31.78827038
 32.30392644 31.6888668  31.32852883 31.73856859 32.56486083 34.29821074
 32.80715706 26.43911531 27.49527833 27.01068588 27.49527833 29.22241551
 28.89935388 29.26590457 29.71322068 29.76292247 31.83797217 31.80069583
 32.11133201 33.69557654 33.8695328  25.3332505  26.37698807 26.70626243
 28.50173956 28.80616302 30.02385686 30.22266402 30.99925447 32.14239563
 31.43414513 29.34045726 31.50869781 30.99925447 33.83846918 25.85511928
 26.7000497  28.58250497 27.95501988 27.86804175 28.91799205 30.27857853
 29.74428429 30.91848907 29.67594433 31.22291252 31.52112326 32.29150099
 32.8444334  34.22987078 26.03528827 26.7000497  29.11058648 27.66302187
 27.95501988 29.70700795 29.10437376 29.07952286 30.42147117 31.04895626
 31.15457256 32.91277336 33.93787276 33.63966203 25.08474155 26.5944334
 30.22887674 26.33971173 27.45178926 30.25372763 31.04274354 30.81908549
 32.56486083 31.64537773 32.11754473 33.95651093 33.19855865 32.35362823
 25.68116302 24.83001988 27.55119284 27.20949304 28.76267396 27.96744533
 28.89314115 29.04224652 30.71346918 32.54622266 30.04870775 30.88121272
 31.57703777 34.2360835  35.10586481 26.78081511 26.65656064 28.09791252
 30.66998012 27.60710736 28.67569583 30.99925447 28.30293241 30.58921471
 31.84418489 33.98136183 31.41550696 32.31013917 33.36630219 26.77460239
 27.55740557 29.57654076 27.52634195 28.54522863 27.22813121 28.99254473
 28.78752485 32.00571571 31.25397614 30.22266402 30.91227634 34.49080517
 34.22365805 28.06063618 26.41426441 25.58175944 27.40208748 26.58200795
 28.96148111 30.19781312 30.03628231 29.93687873 31.30367793 30.41525845
 31.89388668 31.347167   32.90034791 25.49478131 26.38941352 28.67569583
 26.37698807 28.35884692 30.34691849 27.70029821 30.48981113 29.33424453
 30.70104374 32.20452286 30.95576541 31.49005964 33.11158052 34.05591451
 26.73111332 26.74975149 28.5390159  27.47042744 29.45849901 29.67594433
 28.93663022 29.98036779 30.45253479 31.12350895 31.65159046 33.43464215
 30.44010934 34.67718688 27.50149105 26.79945328 27.6195328  28.04821074
 30.33449304 29.30939364 29.29696819 30.58300199 30.70104374 31.14214712
 32.98111332 32.34120278 34.2112326  32.78851889 26.28379722 28.70675944
 27.79348907 28.82480119 27.8804672  29.22241551 30.27236581 29.21620278
 30.96197813 30.92470179 30.35313121 32.35362823 32.87549702 35.23011928
 32.82579523 27.35238569]",70639.82824293667
2025-06-15 14:39:00+00:00,879,6734.530000000001,9.0,30.072319429848445,29.919886928429424,34.764165009940356,"[27.99229622 29.29075547 26.60064612 27.84319085 30.55815109 29.32803181
 31.44657058 33.0805169  30.01143141 32.76366799 32.5027336  32.52758449
 32.17345924 26.3832008  26.06635189 27.52012922 28.75646123 29.55168986
 27.59468191 29.2721173  31.46520875 31.347167   31.93116302 32.21694831
 31.32852883 33.45949304 33.44085487 25.44507952 27.16600398 27.07902584
 27.52634195 28.40854871 28.99254473 28.99254473 28.0916998  30.61406561
 30.71968191 31.94980119 30.32206759 32.72017893 33.63966203 25.25869781
 26.9361332  27.4083002  27.9612326  28.15382704 28.06063618 29.50198807
 29.5889662  31.78827038 31.37823062 32.24801193 32.93762425 33.72042744
 33.19855865 34.31684891 27.42072565 25.90482107 29.3777336  27.17842942
 28.17246521 29.16028827 27.9860835  31.70750497 29.18513917 30.875
 30.46496024 32.06784294 32.23558648 32.83200795 26.10362823 26.36456262
 27.34617296 27.52634195 27.33374751 30.32206759 30.40904573 29.71322068
 31.347167   30.86878728 32.38469185 33.11158052 31.20427435 33.25447316
 26.74353877 26.97962227 27.0417495  28.58871769 28.27186879 30.402833
 29.5082008  27.84940358 30.29100398 29.34045726 32.64562624 32.53379722
 33.00596421 32.45924453 33.27932406 28.78131213 26.9361332  28.0916998
 29.80019881 29.29696819 29.92445328 31.46520875 29.8499006  31.49627237
 30.17917495 31.26640159 32.99353877 33.2917495  34.76416501 26.15954274
 26.92370775 28.1973161  26.69383698 27.71893638 28.91799205 29.15407555
 31.11729622 28.66327038 31.89388668 32.52137177 30.83772366 34.39140159
 32.03677932 26.40805169 26.42047714 27.57604374 27.83076541 29.33424453
 27.77485089 29.41500994 29.91824056 29.75670974 30.78180915 30.88742545
 29.60760437 32.42196819 33.68315109 26.00422465 27.49527833 26.9609841
 29.06088469 28.3277833  30.37176938 31.07380716 29.23484095 30.44010934
 30.57678926 30.96819085 32.76988072 33.25447316 32.67047714 33.88195825
 26.52609344 27.35238569 28.50795229 28.65084493 27.84319085 29.28454274
 29.19135189 31.22291252 31.03653082 32.42196819 32.74502982 33.72664016
 32.24801193 32.88170974 26.89885686 26.34592445 26.51988072 26.97340954
 29.46471173 28.73161034 28.80616302 31.71993042 30.2972167  30.60785288
 31.72614314 32.27286282 32.36605368 31.9000994  26.88021869 26.00422465
 26.73111332 28.91799205 27.20949304 29.02360835 29.88717694 30.92470179
 30.30964215 30.86878728 30.00521869 31.61431412 32.93762425 32.86307157
 33.67693837 28.20352883]",70499.55188450095
2025-06-15 14:40:00+00:00,880,6757.83,9.0,30.141224912877842,29.992265159045722,35.459990059642145,"[28.222167   28.82480119 28.68190855 30.47738569 29.55790258 29.73185885
 30.47738569 31.01167992 30.75695825 32.29771372 32.44060636 31.77584493
 34.51565606 27.33374751 25.85511928 26.89885686 28.36505964 28.07927435
 28.74403579 29.00497018 29.04845924 31.15457256 31.91252485 31.60810139
 33.07430417 32.07405567 32.38469185 26.34592445 25.11580517 27.29025845
 27.57604374 30.09219682 29.83747515 29.53305169 30.16053678 31.18563618
 30.82529821 33.11779324 33.57132207 32.7388171  32.87549702 26.88643141
 28.70675944 27.41451292 28.4582505  27.14115308 29.48956262 29.56411531
 28.78131213 29.64488072 31.73235586 30.58921471 32.09890656 32.78851889
 33.90059642 32.18588469 28.42718688 28.36505964 29.21620278 29.59517893
 27.97365805 30.58300199 28.81858847 31.3223161  32.0554175  30.03006958
 30.70104374 32.2417992  33.49055666 33.06187873 26.55715706 26.16575547
 28.75024851 27.60089463 28.71918489 29.07952286 30.7693837  29.36530815
 31.37201789 33.06809145 32.77609344 33.77012922 32.65183897 34.16153082
 25.16550696 25.60661034 28.83722664 28.35884692 28.83101392 27.11008946
 29.73807157 31.96222664 31.62052684 31.42793241 32.5027336  31.61431412
 32.56486083 33.27311133 33.19234592 26.99826044 26.36456262 26.78081511
 28.41476143 29.42743539 29.92445328 29.12301193 29.60139165 31.34095427
 30.49602386 32.85685885 32.94383698 30.78802187 34.15531809 24.92942346
 26.60064612 27.50770378 26.9609841  28.45203777 29.35909543 31.24776342
 30.0611332  29.63866799 29.78777336 32.27907555 32.27286282 32.68290258
 32.34120278 26.45154076 27.79348907 27.68787276 27.45178926 30.77559642
 29.70700795 28.99875746 31.17321074 29.25347913 31.60188867 29.59517893
 32.14860835 32.47166998 32.80094433 26.27137177 26.12847913 28.57007952
 26.92370775 27.88667992 27.48906561 28.60114314 29.14786282 30.14189861
 31.58946322 31.57082505 32.9500497  31.347167   35.45999006 31.41550696
 26.81809145 26.43290258 28.83101392 27.50770378 29.2721173  29.40258449
 29.25347913 30.94955268 30.60785288 31.28503976 32.19209742 33.13643141
 34.45974155 33.50919483 26.02907555 27.3834493  26.45154076 27.99850895
 29.13543738 28.06063618 30.27857853 30.80044732 31.29125249 31.48384692
 31.81312127 30.26615308 34.2112326  33.71421471 25.13444334 27.35859841
 27.45178926 29.8250497  27.75621272 28.08548708 30.39662028 29.07952286
 29.81883698 31.4527833  29.73185885 31.40929423 32.03677932 32.8444334
 33.06187873 27.24055666]",70730.0820685241
2025-06-15 14:41:00+00:00,881,6758.33,9.0,30.142839486398884,29.993818339960235,35.39165009940358,"[26.8305169  26.37698807 27.22813121 27.94880716 29.04845924 28.81237575
 29.85611332 32.56486083 32.44681909 32.4778827  32.29150099 32.25422465
 33.50298211 26.94855865 27.78727634 28.93663022 27.25298211 28.98011928
 28.38369781 30.52087475 30.71968191 32.52758449 32.51515905 31.62052684
 33.16749503 33.08672962 32.81336978 25.81784294 27.31510934 29.32803181
 28.92420477 28.84965209 28.68812127 27.92395626 30.58300199 31.71993042
 31.50869781 32.2417992  32.43439364 31.31610338 34.41625249 26.5944334
 26.78081511 28.66327038 26.49502982 29.51441352 27.44557654 29.31560636
 32.75124254 30.88121272 29.17892644 31.26640159 31.29125249 32.87549702
 33.99378728 33.37872763 26.1222664  27.37723658 29.63866799 28.11033797
 29.09194831 28.86207753 30.81908549 31.17321074 29.88096421 31.03031809
 33.06187873 34.27335984 31.93737575 33.35387674 26.56336978 25.71843936
 25.48856859 27.48906561 28.70054672 28.10412525 29.21620278 29.20377734
 29.21620278 32.35984095 30.875      33.50298211 33.93166004 33.63966203
 25.8054175  26.7000497  27.63195825 29.39015905 29.7194334  29.91202783
 29.07952286 30.81908549 29.17271372 30.23508946 32.19209742 32.06784294
 31.09244533 33.65208748 33.527833   25.81784294 28.30293241 27.67544732
 27.04796223 29.12301193 28.48931412 29.16650099 31.29125249 30.37798211
 29.63866799 32.52758449 30.20402584 33.14264414 34.75795229 27.46421471
 28.38991054 27.63195825 28.29671968 28.49552684 30.00521869 30.34691849
 31.24776342 32.06163022 32.21694831 31.42793241 32.02435388 31.89388668
 34.1304672  25.81163022 26.30864811 28.06684891 26.30243539 28.63841948
 29.76292247 29.83126243 30.06734592 30.12947316 33.07430417 30.57057654
 31.03031809 33.35387674 33.13643141 26.51988072 26.30864811 25.39537773
 28.02335984 28.91177932 30.12326044 28.98633201 30.32206759 30.1916004
 31.10487078 30.04249503 31.39686879 32.98732604 33.16128231 32.86928429
 26.37698807 26.45775348 26.3583499  27.23434394 28.9304175  28.14761431
 29.01739563 30.07355865 30.43389662 30.92470179 31.76963221 32.78230616
 33.97514911 33.77012922 26.13469185 26.45775348 27.40208748 25.65631213
 29.0360338  29.09194831 29.17892644 30.79423459 30.57057654 31.25397614
 33.81983101 31.99950298 32.31013917 35.3916501  26.04150099 28.58871769
 27.0417495  27.42693837 29.02360835 27.91774354 30.75074553 31.65780318
 30.34691849 30.84393638 30.09219682 31.83797217 32.52137177 34.08697813
 33.2109841  28.26565606]",70735.48378569611
2025-06-15 14:42:00+00:00,882,6731.03,9.0,30.062407929076365,29.90901466202783,34.813866799204774,"[28.98633201 27.83697813 28.82480119 28.73161034 28.88692843 31.77584493
 30.21645129 30.62027833 31.05516899 31.29746521 32.11754473 31.88146123
 33.94408549 26.97962227 27.81212724 26.41426441 29.88717694 30.11083499
 29.02982107 30.07977137 30.04249503 29.81883698 32.04299205 31.37201789
 32.77609344 32.7139662  34.80765408 26.60685885 26.92992048 26.45775348
 26.19060636 30.36555666 28.60735586 30.1667495  31.26640159 30.22266402
 30.81908549 32.31635189 30.9806163  33.1861332  34.         26.00422465
 28.61978131 27.32132207 27.4083002  27.46421471 27.52012922 28.18489066
 29.10437376 30.402833   27.89910537 31.65159046 32.09269384 31.30989066
 32.21073559 33.86332008 26.4888171  27.9612326  27.73757455 27.47664016
 29.74428429 28.68190855 29.64488072 31.4527833  30.30342942 30.12947316
 32.29150099 32.00571571 34.63991054 32.40954274 25.51341948 28.75646123
 27.29647117 28.7750994  27.75       28.88071571 29.78156064 29.35909543
 29.74428429 30.30342942 32.09890656 32.36605368 33.39115308 32.16724652
 25.84269384 27.00447316 27.40208748 27.48285288 29.29075547 28.92420477
 30.24751491 27.66923459 31.27261431 30.04870775 32.53379722 32.49030815
 32.09890656 32.53379722 33.08672962 26.24652087 27.10387674 27.9860835
 27.91153082 28.3277833  29.39637177 30.35313121 30.04870775 32.29771372
 32.40954274 31.47763419 31.94358847 34.11182903 33.74527833 27.94880716
 26.29622266 26.53230616 29.27833002 28.43961233 30.17917495 30.25372763
 31.22291252 30.54572565 32.98111332 31.4527833  31.07380716 31.09865805
 33.17370775 28.01714712 26.29622266 27.86804175 26.9609841  28.02957256
 28.22837972 30.78180915 29.92445328 29.46471173 30.875      30.56436382
 31.65159046 29.28454274 32.60213718 26.68141153 27.58225646 29.06709742
 26.9609841  29.01739563 29.53305169 28.97390656 31.16078529 30.25994036
 29.3777336  31.42171968 33.57132207 32.08026839 33.527833   33.51540755
 26.31486083 26.65034791 28.04821074 28.17246521 29.32803181 27.83697813
 29.81883698 30.73832008 30.55815109 31.77584493 32.39090457 32.88792247
 32.19209742 34.8138668  26.7249006  26.06635189 28.6694831  26.49502982
 28.66327038 28.96148111 29.39637177 30.7693837  30.33449304 29.78156064
 33.27932406 31.83175944 32.20452286 32.44060636 25.43265408 26.66898608
 26.76217694 27.01068588 27.88667992 28.78752485 29.42122266 31.30989066
 30.62649105 31.22291252 31.80069583 32.29150099 31.7944831  32.3722664
 32.29771372 27.5387674 ]",70466.39196751788
2025-06-15 14:43:00+00:00,883,6758.35,9.0,30.143155263249287,29.993880467196814,35.509691848906556,"[26.69383698 28.19110338 28.58250497 28.0916998  30.90606362 29.32803181
 29.46471173 29.99900596 32.24801193 31.48384692 33.60859841 32.22316103
 33.43464215 27.67544732 26.40183897 28.9055666  28.72539761 29.73185885
 28.82480119 30.32206759 29.1416501  31.96843936 31.16699801 32.28528827
 31.35959245 34.29199801 33.58374751 26.2527336  28.79373757 26.60685885
 28.81858847 28.7750994  27.39587475 29.73185885 30.63270378 30.42147117
 32.42196819 30.34070577 31.01789264 32.44060636 33.92544732 28.55765408
 25.98558648 27.83697813 27.20949304 28.44582505 30.15432406 28.76888668
 31.04895626 31.30989066 30.44010934 30.5333002  31.43414513 33.42842942
 33.2917495  32.0554175  26.65656064 26.00422465 26.99204771 30.09219682
 28.58871769 28.33399602 29.89960239 30.47117296 29.74428429 30.85014911
 33.91923459 32.75124254 34.59020875 32.57728628 25.8861829  28.64463221
 28.12276342 26.51988072 29.15407555 28.98633201 29.47713718 28.52659046
 30.38419483 28.41476143 32.77609344 33.19234592 32.76988072 32.21694831
 26.90506958 28.27186879 26.12847913 27.3026839  28.35884692 29.27833002
 30.04249503 29.5082008  29.3777336  30.96197813 31.47763419 30.51466203
 30.73832008 32.82579523 35.1804175  27.57604374 27.14115308 28.14140159
 28.61978131 28.00472167 28.87450298 29.3777336  31.01789264 31.05516899
 31.22912525 33.65208748 34.59020875 34.39761431 35.50969185 26.92370775
 27.0666004  27.78727634 25.84890656 29.32181909 28.46446322 29.68215706
 31.53976143 31.93116302 31.78827038 32.47166998 31.08001988 33.09294235
 32.93141153 27.12872763 27.04796223 27.71893638 27.63195825 29.65730616
 28.17246521 29.18513917 31.12972167 31.99329026 30.30964215 32.15482107
 30.70104374 33.83846918 32.18588469 26.56336978 27.52012922 28.22837972
 28.81858847 27.18464215 29.46471173 30.56436382 29.84368787 29.12922465
 30.99925447 31.27261431 32.22316103 32.60213718 33.32281312 34.01863817
 25.8054175  29.19756461 26.60064612 28.3277833  30.35313121 29.5082008
 28.63841948 30.35934394 29.16028827 31.55218688 29.89338966 30.55193837
 32.42196819 32.93762425 27.01689861 27.15979125 27.78727634 27.37723658
 27.22191849 29.38394632 29.81262425 29.53305169 30.88121272 32.47166998
 30.6389165  31.91252485 33.82604374 34.01242545 26.00422465 26.2278827
 28.55765408 26.81187873 28.78131213 27.29647117 28.76888668 30.0611332
 32.01192843 30.59542744 31.15457256 32.57728628 31.78827038 31.94358847
 34.25472167 27.73757455]",70736.54024872681
2025-06-15 14:44:00+00:00,884,6735.1,9.0,30.0746611957858,29.921657554671967,35.4662027833002,"[27.19085487 27.92395626 28.36505964 29.2472664  29.45228628 29.66351889
 30.03628231 30.99925447 31.28503976 32.79473161 32.90656064 32.32256461
 35.46620278 27.59468191 27.97365805 26.18439364 28.65084493 26.70626243
 28.99875746 30.402833   30.42147117 30.89363817 30.93091451 32.37847913
 31.62052684 32.66426441 32.52758449 24.82380716 28.78131213 27.73136183
 29.9555169  27.47042744 28.89935388 29.40879722 31.15457256 29.96172962
 30.53951292 30.54572565 33.16128231 31.54597416 33.11158052 27.36481113
 26.84294235 28.44582505 27.02932406 27.42693837 28.75646123 29.53926441
 28.92420477 29.87475149 30.81908549 30.80666004 31.71993042 30.14189861
 33.22962227 34.47837972 27.23434394 27.75       27.92395626 29.88717694
 29.55790258 29.18513917 31.1110835  30.68240557 31.2415507  32.2417992
 33.04945328 30.58300199 32.34120278 33.57132207 27.13494036 26.64413519
 27.99229622 27.76863817 30.39040755 27.86182903 28.83722664 28.21595427
 30.40904573 32.17345924 32.60213718 32.67668986 30.98682903 31.73235586
 26.62549702 26.02907555 27.20949304 27.19706759 27.65680915 29.58275348
 30.34070577 29.72564612 30.5084493  31.44035785 32.06163022 32.83200795
 33.13021869 35.0499503  32.80715706 26.70626243 27.72514911 27.68787276
 28.40854871 26.53230616 28.66327038 32.3722664  28.9055666  30.6637674
 32.17345924 31.2415507  32.17345924 31.80690855 33.59617296 25.94831014
 26.51988072 28.96148111 29.97415507 28.42097416 28.75646123 27.54498012
 31.62052684 32.19209742 30.79423459 31.98086481 32.86928429 32.90034791
 32.6083499  27.54498012 25.61282306 27.56983101 26.90506958 28.65705765
 28.17246521 29.86853877 29.2721173  29.94930417 31.6888668  31.17321074
 31.17321074 32.75124254 33.54647117 26.32107356 24.93563618 27.84940358
 26.9609841  27.24055666 29.67594433 29.3528827  28.57629225 28.44582505
 30.91227634 31.71371769 32.46545726 31.98086481 32.83822068 32.6083499
 27.99229622 27.20328032 25.89860835 28.08548708 29.25347913 29.07331014
 30.15432406 29.73807157 30.89363817 32.49652087 32.7139662  33.50298211
 31.44657058 34.65854871 25.9917992  26.61928429 27.14115308 29.0360338
 28.40233598 27.47042744 29.10437376 31.09865805 29.99279324 31.97465209
 30.4276839  33.64587475 32.04299205 33.39115308 25.06610338 28.05442346
 26.17196819 27.68787276 28.28429423 28.40233598 27.69408549 30.83772366
 31.99950298 31.97465209 32.53379722 30.6389165  33.62102386 34.79522863
 33.47191849 26.06013917]",70507.38649662098
2025-06-15 14:45:00+00:00,885,6731.7300000000005,9.0,30.06482675575722,29.91118911530815,34.52808151093439,"[27.24676938 27.40208748 27.6195328  27.81833996 29.09816103 29.57654076
 29.70079523 29.93687873 30.83772366 31.10487078 32.35362823 33.44706759
 33.91302187 26.22166998 27.0666004  28.73782306 27.57604374 27.81212724
 28.22837972 29.8499006  31.93737575 30.19781312 30.70104374 30.83772366
 31.76963221 32.49030815 33.94408549 26.84294235 27.27162028 27.84319085
 28.64463221 30.44632207 27.73136183 30.04249503 29.55168986 30.27236581
 30.6389165  33.25447316 31.39065606 32.25422465 32.93141153 25.60039761
 27.68166004 27.84940358 28.07306163 29.10437376 29.55790258 28.29671968
 30.21645129 31.38444334 31.53354871 30.26615308 31.4527833  32.6332008
 32.65805169 32.77609344 26.39562624 26.91128231 29.25347913 29.3777336
 29.01739563 31.95601392 32.01814115 30.89985089 30.57057654 31.36580517
 31.67022863 32.38469185 32.99353877 32.74502982 25.85511928 27.58846918
 27.99850895 27.54498012 28.81858847 28.66327038 28.81237575 30.7445328
 32.23558648 32.15482107 32.70154076 31.47142147 31.9249503  33.47813121
 24.88593439 27.70651093 26.07256461 28.43961233 29.26590457 29.93687873
 30.21645129 29.04224652 29.57032803 31.75099404 30.1667495  31.70129225
 32.24801193 33.79498012 33.47813121 26.95477137 26.92370775 27.50770378
 27.12251491 27.47664016 29.12922465 29.23484095 29.97415507 30.56436382
 30.46496024 32.68911531 32.99353877 33.28553678 33.37251491 25.71843936
 27.56361829 27.96744533 27.91153082 30.03006958 29.76292247 29.45849901
 28.46446322 30.64512922 29.71322068 28.42718688 30.27857853 33.45328032
 31.6640159  24.74304175 28.14140159 26.42668986 27.13494036 27.97365805
 28.99875746 28.83101392 29.43986083 29.93687873 32.04299205 31.73235586
 32.93762425 31.47763419 34.52808151 26.53851889 26.21545726 26.37077535
 28.30293241 29.06709742 28.71918489 29.42122266 29.38394632 29.78156064
 31.67022863 31.26018887 32.83200795 32.09890656 32.32877734 31.9000994
 27.66302187 28.35884692 28.42718688 28.7750994  28.76888668 29.57654076
 30.54572565 30.07355865 31.86282306 30.94333996 32.12375746 32.17967197
 34.24850895 32.52137177 27.71272366 26.66898608 28.76267396 27.81212724
 28.81858847 28.60735586 29.86853877 29.80641153 31.74478131 30.99925447
 31.41550696 32.14860835 32.99353877 31.89388668 25.32082505 27.38966203
 28.60735586 28.78752485 29.97415507 28.97390656 30.26615308 29.46471173
 29.2472664  32.42196819 31.25397614 32.96247515 32.50894632 32.35984095
 32.14239563 24.79274354]",70474.48439406135
2025-06-15 14:46:00+00:00,886,6735.73,9.0,30.076734383901236,29.923614562624252,34.39140159045725,"[25.60039761 27.32753479 28.17867793 27.84319085 30.5333002  29.25347913
 29.94309145 32.22316103 32.80715706 32.28528827 30.44010934 32.68290258
 33.45949304 26.18439364 25.65631213 28.98011928 28.16003976 27.45178926
 28.25944334 27.68166004 29.73185885 30.07977137 31.78205765 31.50248509
 32.04299205 33.49055666 33.4222167  26.89885686 26.06013917 29.20377734
 28.88071571 26.76217694 29.0360338  29.88717694 30.55815109 30.37798211
 31.71993042 31.40929423 32.25422465 31.86903579 33.29796223 25.32082505
 28.88071571 26.81809145 27.92395626 27.76242545 28.39612326 27.91774354
 29.63245527 32.17967197 30.50223658 30.94955268 31.57082505 31.29746521
 32.28528827 33.77012922 27.33374751 28.40854871 26.97962227 28.36505964
 29.44607356 29.91202783 29.47092445 31.30367793 30.71346918 31.27882704
 32.61456262 33.4222167  33.23583499 33.53404573 28.04199801 26.48260437
 27.56361829 26.60685885 29.18513917 29.24105368 29.76913519 31.02410537
 31.40308151 31.30989066 31.42793241 32.49030815 32.68911531 33.56510934
 27.3026839  27.9612326  26.69383698 27.94259443 27.5139165  30.55193837
 31.26640159 29.15407555 31.83797217 30.42147117 30.97440358 31.31610338
 31.81312127 34.31684891 34.19880716 26.68141153 27.01689861 26.29622266
 29.29696819 28.36505964 28.27186879 28.91177932 31.62673956 30.69483101
 32.47166998 30.53951292 32.06163022 32.1610338  32.9500497  26.45154076
 25.79299205 29.44607356 27.35859841 29.81883698 30.65755467 29.12301193
 30.68240557 30.45253479 32.54000994 32.72639165 32.66426441 32.54622266
 32.14239563 26.47017893 28.29050696 27.97987078 29.16028827 28.67569583
 29.54547714 29.32181909 32.7388171  29.51441352 32.09890656 31.9000994
 33.62102386 34.02485089 32.47166998 24.77410537 26.31486083 26.71868787
 27.11630219 28.06684891 27.48285288 28.88071571 31.86903579 30.55815109
 31.52112326 31.34095427 31.13593439 32.27907555 31.21048708 32.9749006
 26.49502982 27.0417495  27.60089463 27.25298211 29.46471173 27.3026839
 29.89960239 30.0859841  31.80069583 29.88096421 32.45924453 31.19806163
 33.06187873 33.5526839  26.37698807 26.62549702 27.43315109 27.27162028
 27.99850895 28.93663022 29.70079523 27.78106362 30.41525845 30.63270378
 30.60164016 31.36580517 32.82579523 33.53404573 27.06038767 26.89264414
 27.52634195 29.52062624 28.48931412 27.92395626 28.16625249 30.25372763
 30.54572565 32.87549702 30.22266402 32.40333002 31.94358847 33.40357853
 34.39140159 26.19060636]",70514.32255477998
2025-06-15 14:47:00+00:00,887,6725.58,9.0,30.046877617015664,29.89208499005964,35.02509940357852,"[27.91774354 27.52012922 27.62574553 28.25323062 27.81833996 30.1667495
 29.68836978 30.53951292 32.2417992  32.0554175  31.58946322 34.39761431
 34.16153082 24.5193837  27.75       27.84940358 27.06038767 29.07331014
 28.25323062 31.2166998  29.85611332 30.84393638 30.98682903 31.70750497
 31.39686879 34.22987078 31.50869781 25.11580517 26.86779324 26.9609841
 27.94259443 27.89289264 26.75596421 31.48384692 30.96197813 30.44632207
 30.19781312 30.875      31.51491054 31.19806163 33.75149105 25.85511928
 27.09766402 28.01093439 29.0111829  26.40805169 28.91177932 29.89960239
 29.90581511 30.25994036 31.68265408 32.81336978 32.3722664  30.65755467
 33.73285288 35.0250994  26.99204771 27.44557654 27.42693837 26.7249006
 29.02982107 30.14189861 30.67619284 28.30293241 30.41525845 30.97440358
 32.1610338  30.82529821 34.96918489 33.19855865 27.43936382 26.71247515
 27.82455268 29.3777336  27.99229622 28.81237575 30.35934394 30.71968191
 29.58275348 31.29746521 33.36630219 32.09890656 32.65805169 32.67668986
 25.26491054 26.92370775 28.38991054 27.22191849 29.3528827  28.30914513
 29.39637177 29.78156064 30.85636183 30.83151093 30.21645129 31.14835984
 32.83200795 33.7887674  33.82604374 27.07281312 25.95452286 25.69980119
 27.12251491 30.62027833 26.91749503 31.2415507  31.11729622 30.84393638
 32.09890656 31.81312127 31.48384692 32.34120278 33.23583499 27.32753479
 27.71893638 28.22837972 28.13518887 28.16625249 30.94333996 28.12897614
 30.20402584 31.75099404 32.28528827 31.70129225 31.9000994  33.41600398
 33.63966203 27.44557654 27.8804672  26.51988072 27.41451292 29.66351889
 29.19135189 28.46446322 30.6637674  30.04249503 31.74478131 32.06784294
 32.15482107 32.11754473 34.04348907 26.84915507 27.14115308 26.41426441
 28.95526839 28.33399602 28.94905567 28.82480119 28.94905567 29.47713718
 28.98633201 30.99925447 31.98707753 30.63270378 34.5777833  33.19234592
 24.95427435 23.99751491 28.52037773 28.92420477 28.15382704 29.54547714
 31.16078529 30.73832008 31.65780318 31.89388668 31.70129225 33.88817097
 32.55243539 34.71446322 26.42668986 27.42693837 27.12872763 28.87450298
 28.6694831  28.60114314 30.10462227 29.20999006 29.73807157 31.20427435
 32.12997018 33.65208748 32.87549702 32.30392644 25.68116302 27.16600398
 26.76217694 27.26540755 28.04821074 27.6195328  28.73782306 30.5333002
 31.37201789 30.33449304 32.64562624 31.2415507  31.88146123 33.48434394
 31.86903579 26.05392644]",70414.4337554876
2025-06-15 14:48:00+00:00,888,6761.24,9.0,30.152201035771533,30.002857852882702,35.410288270377734,"[27.78727634 25.91724652 28.68190855 27.95501988 30.1667495  31.0862326
 30.73210736 31.60810139 32.01192843 31.24776342 32.43439364 33.22340954
 34.33548708 27.20949304 26.81809145 27.88667992 30.45253479 26.66277336
 29.17892644 30.09840954 29.91202783 31.60188867 31.82554672 29.57032803
 32.93762425 32.36605368 32.63941352 27.37723658 26.22166998 26.22166998
 27.18464215 28.04821074 29.93687873 29.47713718 30.93091451 30.28479125
 30.402833   31.14214712 32.70775348 33.93787276 34.96918489 26.88021869
 26.65034791 26.97340954 26.70626243 29.29075547 29.47092445 29.00497018
 28.01714712 30.1667495  30.24751491 30.23508946 32.55243539 30.92470179
 33.70800199 31.94358847 25.38916501 26.65656064 27.4083002  28.37127237
 28.17246521 29.07952286 28.73161034 29.80019881 30.37798211 31.25397614
 32.70775348 31.65780318 32.75745527 35.41028827 26.86779324 28.63220676
 27.72514911 27.8556163  28.62599404 28.14761431 28.82480119 30.60164016
 30.14189861 30.81287276 32.68911531 32.49652087 32.45924453 33.5526839
 25.9917992  25.89860835 27.14736581 29.19135189 27.77485089 29.88717694
 29.29075547 30.44632207 30.52087475 32.29150099 31.96222664 31.12350895
 32.62077535 33.47813121 35.14314115 25.56312127 27.68166004 26.79324056
 28.62599404 28.39612326 29.22241551 31.85039761 31.14835984 32.08026839
 31.2415507  31.5583996  34.71446322 33.36630219 33.62723658 26.15954274
 25.81784294 27.75621272 28.25323062 28.59493042 30.402833   29.42743539
 29.12301193 31.83175944 32.15482107 31.58946322 33.35387674 32.40333002
 32.82579523 27.14115308 26.5944334  27.47664016 28.07927435 28.37127237
 30.17296223 30.76317097 30.70725646 31.39065606 30.62649105 32.09890656
 32.86307157 32.90034791 32.00571571 26.19060636 25.52584493 27.3834493
 27.01068588 30.43389662 28.94284294 29.71322068 27.1722167  29.86853877
 29.11058648 30.29100398 32.85064612 31.76963221 33.57753479 33.73906561
 25.69358847 27.83076541 25.82405567 28.19110338 30.12326044 30.19781312
 30.56436382 30.45874751 31.96222664 31.90631213 32.91898608 32.27907555
 33.91302187 34.61505964 26.9609841  27.24055666 27.73136183 29.19756461
 28.34642147 28.62599404 29.89960239 32.19831014 27.45178926 31.51491054
 32.88170974 33.79498012 33.85089463 32.65805169 26.20924453 25.78677932
 28.88692843 28.16003976 28.50173956 28.20974155 29.88096421 29.65109344
 31.39686879 30.22266402 31.76341948 32.27286282 31.94980119 30.66998012
 33.85710736 26.04771372]",70766.80378527724
2025-06-15 14:49:00+00:00,889,6713.0199999999995,9.0,30.009983776144576,29.85306908548708,35.58424453280318,"[26.50124254 27.32132207 28.04199801 28.28429423 29.76913519 31.12972167
 29.81262425 30.1667495  31.75099404 32.70154076 32.02435388 32.98732604
 33.26689861 24.69333996 27.55119284 27.3026839  27.61332008 29.47092445
 30.15432406 29.0111829  31.38444334 29.99279324 31.74478131 32.88792247
 31.73856859 32.90656064 32.23558648 25.73086481 26.07256461 26.62549702
 27.04796223 28.23459245 29.76292247 30.43389662 29.6945825  30.84393638
 30.36555666 32.06163022 33.28553678 34.12425447 32.81336978 27.5139165
 26.97340954 28.71918489 27.26540755 29.81883698 29.34045726 29.60139165
 30.25994036 30.35934394 30.17917495 31.77584493 31.67644135 32.11754473
 32.99353877 35.58424453 28.39612326 27.57604374 26.56336978 27.01068588
 27.76863817 27.56983101 29.32181909 30.51466203 30.73832008 32.80094433
 30.66998012 33.17370775 32.67668986 32.20452286 27.8556163  25.4388668
 27.3026839  28.87450298 28.04821074 29.2472664  30.83151093 31.63295229
 28.91177932 30.45253479 32.89413519 33.12400596 31.22912525 33.1861332
 25.7805666  26.89264414 27.48285288 28.53280318 30.28479125 29.08573559
 28.02335984 30.78802187 29.55168986 28.64463221 30.81287276 32.5027336
 31.03031809 31.32852883 32.67047714 27.50770378 25.10337972 28.03578529
 26.74975149 28.78131213 28.44582505 27.73757455 29.66351889 31.2166998
 30.64512922 32.1610338  32.67668986 32.21073559 33.37251491 27.18464215
 27.27162028 26.5944334  28.96769384 29.04224652 28.42718688 30.25994036
 31.38444334 31.49627237 31.6640159  32.31013917 31.87524851 31.83797217
 32.03677932 26.67519881 25.76192843 27.9860835  26.39562624 28.47688867
 30.40904573 29.3528827  29.77534791 28.89935388 31.17321074 29.63245527
 32.56486083 33.0805169  32.72017893 25.59418489 27.58225646 25.7805666
 27.88667992 28.37127237 27.46421471 29.4833499  29.87475149 31.44657058
 29.88096421 31.16699801 32.29150099 31.86903579 32.67668986 30.99925447
 26.76838966 27.40208748 27.8804672  27.45800199 30.70725646 29.62624254
 29.06709742 30.58300199 30.23508946 31.02410537 31.56461233 31.83797217
 32.38469185 33.43464215 26.53851889 26.06013917 27.22191849 28.3277833
 29.68836978 29.60139165 28.60735586 29.52062624 31.04895626 30.99304175
 31.5583996  34.14289264 32.31013917 32.94383698 28.43961233 25.52584493
 27.25919483 27.97987078 28.36505964 30.26615308 27.44557654 29.45849901
 29.70700795 30.402833   32.51515905 32.58349901 32.88792247 31.91873757
 35.13692843 29.10437376]",70291.00172146929
2025-06-15 14:50:00+00:00,890,6759.759999999999,9.0,30.14799049860015,29.998260437375745,35.37922465208747,"[27.18464215 27.11008946 27.29025845 27.89289264 29.78777336 32.49652087
 30.27857853 32.04920477 31.26640159 32.52758449 32.10511928 32.68290258
 33.90680915 26.15954274 27.69408549 28.34642147 29.91824056 28.15382704
 29.49577535 30.68240557 30.80044732 30.48981113 32.27286282 32.41575547
 33.11158052 32.82579523 33.14885686 27.43315109 26.19681909 26.04150099
 28.88071571 28.30914513 30.24751491 27.58846918 31.19184891 31.13593439
 31.04274354 31.347167   32.3971173  33.24826044 31.93737575 26.04150099
 26.14090457 27.0666004  26.85536779 29.16650099 28.54522863 28.27808151
 29.5889662  30.52087475 31.30367793 30.27857853 31.39065606 33.95029821
 32.76988072 33.04945328 26.45154076 26.92992048 27.66302187 29.18513917
 28.55765408 28.83722664 30.93712724 28.71918489 28.40233598 32.27907555
 31.91873757 33.27932406 33.47813121 33.8695328  26.55094433 28.27186879
 27.19706759 29.55168986 27.73136183 28.26565606 29.76913519 30.1916004
 30.48981113 31.9249503  31.39065606 33.81361829 33.7887674  33.47191849
 26.74353877 26.35213718 27.43936382 28.64463221 27.28404573 28.28429423
 30.01764414 29.94309145 29.6945825  31.98086481 30.71346918 34.19880716
 32.08026839 32.47166998 32.37847913 28.42718688 28.59493042 27.96744533
 28.60735586 28.32157058 29.39015905 28.91799205 29.02982107 30.37798211
 32.44060636 31.30989066 32.58349901 33.1861332  33.26689861 26.40805169
 28.38369781 29.60139165 28.67569583 27.77485089 29.21620278 28.20974155
 30.56436382 30.99304175 31.96843936 31.99329026 32.91898608 31.93116302
 32.66426441 26.10362823 26.16575547 26.54473161 28.89314115 28.93663022
 29.75670974 28.06063618 30.7693837  31.54597416 30.83772366 31.46520875
 31.65780318 32.75745527 35.37922465 26.06013917 27.1722167  27.02311133
 26.55715706 27.87425447 29.53926441 28.222167   31.02410537 28.61356859
 30.73832008 31.71993042 31.12972167 31.52112326 34.73310139 35.17420477
 25.6749503  26.11605368 26.83672962 28.1165507  28.57629225 27.82455268
 29.5889662  31.08001988 30.02385686 31.19184891 31.88146123 35.13692843
 32.17345924 32.21073559 26.01043738 25.98558648 28.26565606 27.09145129
 28.70054672 29.3528827  29.99279324 28.60735586 29.98036779 31.41550696
 32.49030815 31.94358847 34.53429423 32.62077535 27.21570577 27.14115308
 27.82455268 28.84965209 29.00497018 28.47067594 31.52733598 31.69507952
 29.96794235 30.06734592 30.86257455 32.49652087 31.88767396 32.38469185
 34.27957256 27.66923459]",70752.71701211669
2025-06-15 14:51:00+00:00,891,6759.780000000001,9.0,30.14811732497198,29.998322564612327,35.118290258449306,"[27.99850895 28.08548708 28.15382704 28.06684891 29.60139165 29.1167992
 29.94309145 31.91252485 31.50869781 30.32206759 32.6332008  32.60213718
 33.16128231 27.45800199 26.75596421 28.04199801 28.26565606 29.16650099
 29.6138171  29.6945825  31.53354871 31.61431412 31.63295229 31.74478131
 33.06187873 31.85039761 32.24801193 27.31510934 26.41426441 28.63841948
 29.07952286 28.12276342 29.7194334  30.36555666 29.66973161 31.32852883
 31.29746521 31.40929423 32.9749006  31.90631213 32.96868787 27.27162028
 28.28429423 26.73732604 27.33996024 27.74378728 29.29075547 28.80616302
 31.819334   31.67644135 30.60785288 30.54572565 31.6888668  31.78827038
 33.14885686 33.39736581 26.19060636 25.79299205 27.03553678 29.35909543
 26.79945328 27.75621272 29.22241551 32.7388171  30.96197813 31.50248509
 31.06759443 32.06163022 33.60238569 33.08672962 26.52609344 27.14115308
 28.9055666  27.91153082 29.78156064 29.43986083 29.46471173 30.58921471
 32.04920477 30.96197813 33.27932406 32.85064612 32.65805169 32.04920477
 26.35213718 26.81187873 27.81212724 29.68215706 28.71297217 28.72539761
 30.24751491 28.84965209 31.49627237 30.73210736 33.57753479 31.35959245
 33.44706759 32.80094433 31.73856859 26.86779324 26.29000994 26.8305169
 28.30914513 28.03578529 28.15382704 29.3528827  29.10437376 29.50198807
 31.20427435 32.69532803 30.51466203 32.27907555 33.60859841 26.77460239
 26.9361332  27.61332008 29.22241551 29.6138171  29.90581511 30.04870775
 29.68215706 30.875      31.14835984 32.14860835 32.06784294 34.45974155
 34.18638171 27.24055666 27.32132207 26.66898608 28.28429423 28.80616302
 27.52012922 28.71918489 31.60810139 30.33449304 31.37823062 30.63270378
 31.65159046 31.05516899 34.32927435 26.805666   26.36456262 28.65705765
 29.12922465 27.55740557 29.51441352 29.37152087 29.32181909 32.30392644
 32.68911531 31.78205765 31.14214712 32.1610338  32.12997018 32.96247515
 27.42072565 26.61307157 27.55740557 27.3834493  28.83101392 29.38394632
 30.63270378 29.87475149 29.96794235 31.17942346 31.60810139 32.99975149
 31.81312127 35.11829026 27.15979125 26.41426441 28.17867793 29.62002982
 27.82455268 28.4333996  30.94955268 31.28503976 32.67668986 28.32157058
 31.44035785 32.41575547 32.88170974 33.19855865 26.42668986 25.47614314
 25.96694831 28.27186879 29.15407555 27.83697813 29.52062624 29.25969185
 30.85636183 30.5084493  29.86853877 31.75099404 32.68290258 33.64587475
 34.32306163 27.78106362]",70753.14132242625
2025-06-15 14:52:00+00:00,892,6761.42,9.0,30.153017708243492,30.003416998011925,35.16799204771371,"[27.31510934 27.86804175 29.88717694 28.82480119 29.5889662  31.77584493
 29.99279324 31.04274354 31.5583996  31.50869781 32.34741551 32.18588469
 34.24850895 26.78702783 26.89885686 28.80616302 28.85586481 29.75049702
 28.06063618 30.81287276 29.45849901 29.81883698 30.78180915 32.25422465
 32.21073559 32.65183897 34.49080517 26.66898608 25.78677932 26.90506958
 28.73161034 28.66327038 28.92420477 30.60785288 29.36530815 31.65159046
 30.86878728 30.00521869 30.73210736 33.11158052 32.35362823 27.32132207
 27.34617296 28.24701789 26.19681909 28.11033797 30.12947316 29.19756461
 29.81262425 30.44632207 30.93091451 33.49676938 30.96197813 33.34766402
 34.11804175 34.4473161  27.277833   26.26515905 28.28429423 29.77534791
 31.22912525 29.83126243 31.35959245 28.85586481 29.99900596 30.51466203
 31.64537773 33.2917495  33.40979125 34.02485089 26.29622266 26.83672962
 26.14090457 27.72514911 29.7194334  27.92395626 27.20949304 30.77559642
 31.42171968 30.73210736 31.44657058 31.48384692 33.06809145 33.72664016
 25.2027833  26.77460239 27.87425447 28.84965209 29.07952286 29.73185885
 27.94880716 31.72614314 31.17321074 30.99304175 32.17967197 34.62748509
 34.5777833  32.78851889 34.41003976 26.20303181 25.79920477 27.42072565
 28.35263419 27.71272366 29.62002982 27.91153082 28.95526839 31.88146123
 32.57107356 31.67022863 33.04324056 32.29150099 33.22340954 27.94880716
 26.07256461 28.63841948 27.96744533 29.21620278 28.50173956 29.8250497
 29.76913519 31.70750497 32.04920477 32.1610338  31.37823062 31.32852883
 33.49055666 27.26540755 27.72514911 27.66302187 27.76863817 28.34020875
 28.20352883 30.13568588 29.09816103 31.19184891 30.14811133 31.27882704
 31.1110835  32.43439364 32.25422465 25.15929423 27.23434394 27.13494036
 28.08548708 28.41476143 28.01093439 28.72539761 28.73782306 31.20427435
 30.01143141 31.05516899 33.16128231 32.06784294 33.41600398 31.96222664
 26.40183897 27.68166004 27.80591451 28.49552684 29.32181909 29.68215706
 30.35313121 29.91202783 30.51466203 31.57082505 29.83747515 32.32256461
 32.92519881 34.55914513 28.1165507  29.13543738 25.69358847 28.96148111
 28.07927435 30.33449304 31.27261431 29.51441352 30.17917495 31.44657058
 30.58300199 32.09890656 31.93116302 35.16799205 27.73136183 25.35810139
 26.02907555 28.45203777 29.55790258 28.83101392 27.83076541 28.68812127
 32.40954274 32.8195825  30.78180915 31.26018887 32.86307157 32.10511928
 33.73906561 26.14090457]",70769.53604469943
2025-06-15 14:53:00+00:00,893,6750.5599999999995,9.0,30.121022909685035,29.969681908548708,35.15556660039761,"[26.35213718 27.93638171 27.11630219 29.42743539 28.01714712 29.26590457
 29.8250497  31.40929423 30.89363817 32.91898608 32.34741551 33.24826044
 35.1555666  27.54498012 26.90506958 26.17818091 27.76863817 30.88742545
 30.875      28.87450298 30.31585487 29.42122266 31.1110835  32.93141153
 31.91252485 32.80094433 34.85114314 27.71272366 26.7000497  27.29647117
 27.55740557 28.68812127 28.76888668 30.44632207 30.89363817 29.85611332
 31.71993042 32.11133201 33.39115308 34.20501988 33.06187873 27.66923459
 26.60685885 26.58200795 27.97365805 29.2472664  28.94905567 28.55765408
 30.60164016 30.70725646 32.09890656 32.83822068 31.62052684 31.50248509
 33.07430417 34.63991054 26.49502982 28.27186879 28.02957256 26.83672962
 28.43961233 28.98011928 30.12947316 30.01764414 30.30342942 31.29746521
 31.5832505  31.23533797 31.72614314 34.04348907 26.32107356 27.65059642
 27.06038767 27.39587475 28.1165507  28.63220676 29.86853877 28.5638668
 31.35959245 30.52708748 30.70725646 32.02435388 32.58971173 34.08697813
 26.97340954 28.4333996  27.65059642 30.04249503 29.1167992  29.32181909
 29.45849901 28.52037773 29.83747515 30.53951292 31.27261431 31.0862326
 31.76341948 32.15482107 34.41003976 26.7249006  27.3026839  26.12847913
 27.37723658 28.84343936 29.51441352 30.4276839  31.25397614 30.58300199
 29.60760437 32.70775348 33.17370775 33.4222167  34.28578529 28.38369781
 27.15979125 27.35238569 27.57604374 27.48906561 29.70079523 30.99925447
 29.88717694 32.07405567 31.22912525 30.31585487 32.80094433 32.6332008
 33.56510934 25.81784294 27.50149105 27.78727634 28.28429423 30.36555666
 29.08573559 28.68812127 30.53951292 28.83101392 30.45253479 32.06784294
 29.28454274 33.80740557 33.84468191 27.86182903 29.01739563 25.62524851
 27.42693837 27.10387674 29.41500994 27.66923459 30.77559642 29.00497018
 31.20427435 33.38494036 32.87549702 33.02460239 33.59617296 34.39761431
 26.07256461 28.02335984 28.694334   27.93016899 29.56411531 27.76863817
 29.67594433 31.65159046 30.62027833 30.71968191 31.81312127 32.54622266
 33.75770378 33.33523857 26.71247515 26.71868787 28.88071571 28.15382704
 27.56983101 27.63817097 28.38991054 29.76292247 31.7944831  32.32877734
 30.83151093 31.95601392 32.26043738 32.96247515 26.27758449 27.70029821
 27.20328032 27.58225646 27.80591451 29.50198807 28.16003976 28.65705765
 29.90581511 30.94955268 32.04299205 31.52112326 32.07405567 32.26043738
 31.83175944 26.82430417]",70662.49424664225
2025-06-15 14:54:00+00:00,894,6732.59,9.0,30.06803905402289,29.913860586481114,34.60263419483101,"[27.79970179 28.33399602 27.17842942 29.3528827  29.51441352 29.97415507
 30.13568588 30.71968191 30.95576541 33.15506958 33.42842942 32.98732604
 33.16128231 25.2027833  26.84294235 27.45800199 27.50770378 27.74378728
 27.97365805 27.94880716 32.08026839 31.85039761 30.01764414 31.21048708
 31.67644135 34.24229622 33.20477137 26.92992048 26.51366799 27.70651093
 26.86158052 27.47664016 29.4833499  30.03628231 29.87475149 29.28454274
 31.347167   30.53951292 32.70154076 34.55914513 33.48434394 26.60064612
 27.14115308 25.96073559 27.47042744 27.90531809 28.3277833  29.00497018
 29.51441352 30.15432406 30.88121272 30.83151093 32.42196819 32.17345924
 32.21073559 33.04945328 25.25869781 26.74975149 28.83101392 28.9055666
 29.91202783 31.54597416 30.11704771 30.26615308 29.55790258 30.55815109
 31.90631213 33.60238569 30.16053678 33.84468191 25.46371769 27.88667992
 26.95477137 28.04199801 27.65059642 29.53926441 30.402833   31.24776342
 32.04299205 31.86282306 32.92519881 31.91252485 32.53379722 33.73285288
 26.73111332 25.40159046 26.7000497  28.30914513 28.3277833  29.65109344
 29.45849901 28.25323062 30.79423459 32.19831014 32.0305666  31.62052684
 33.87574553 34.01242545 34.46595427 26.86158052 26.96719682 28.70054672
 28.4333996  27.29025845 30.60785288 29.30318091 29.73185885 29.74428429
 29.98658052 31.4527833  34.31063618 32.88170974 33.98136183 27.66302187
 27.61332008 26.7249006  27.79348907 28.0916998  30.37798211 30.51466203
 31.59567594 29.56411531 29.01739563 30.83151093 32.83200795 31.88146123
 32.8444334  27.55119284 28.75646123 27.16600398 26.74975149 28.35884692
 30.03006958 29.97415507 29.76292247 31.1110835  30.01764414 31.91873757
 32.93762425 32.86928429 33.24204771 26.06635189 26.27137177 27.53255467
 27.44557654 28.61978131 29.97415507 30.17917495 30.03006958 30.75074553
 30.09840954 31.59567594 31.63295229 32.70154076 32.90656064 33.25447316
 26.99204771 28.02957256 28.52659046 26.84294235 28.23459245 28.26565606
 30.56436382 29.23484095 30.9806163  31.75099404 30.89985089 31.75720676
 34.60263419 32.83822068 26.42668986 28.7999503  27.43315109 27.0666004
 28.83101392 27.96744533 29.43986083 31.01167992 30.60164016 31.41550696
 31.38444334 32.38469185 34.55914513 31.37823062 25.24005964 25.85511928
 26.17196819 26.4888171  28.17867793 29.09194831 28.1973161  29.3528827
 32.06163022 30.35313121 32.49030815 31.29746521 31.53354871 33.84468191
 32.55243539 27.38966203]",70485.23145913897
2025-06-15 14:55:00+00:00,895,6733.36,9.0,30.07035062098996,29.916252485089462,35.04373757455268,"[25.97316103 27.70029821 28.32157058 28.29671968 29.70079523 29.1167992
 29.97415507 30.81908549 30.93712724 32.90656064 31.75720676 32.68911531
 33.70178926 27.73136183 25.46993042 28.00472167 27.87425447 28.26565606
 29.00497018 30.03628231 30.46496024 30.84393638 31.40929423 30.97440358
 32.92519881 32.03677932 33.44085487 25.4140159  25.569334   27.59468191
 25.60039761 27.17842942 29.04224652 28.5390159  30.47738569 30.75074553
 31.30367793 30.68861829 31.89388668 31.35337972 33.70800199 28.14140159
 27.09766402 27.04796223 28.13518887 28.81858847 30.27236581 29.32181909
 30.07977137 29.91202783 31.49005964 31.56461233 32.83200795 32.54000994
 33.7887674  33.62723658 26.94855865 27.02932406 27.44557654 27.5387674
 29.51441352 30.21645129 29.51441352 30.27857853 31.42171968 29.40879722
 30.97440358 32.29771372 35.04373757 32.39090457 25.13444334 27.80591451
 28.06063618 27.97365805 27.94880716 29.81262425 30.03006958 30.64512922
 29.44607356 31.88767396 31.39686879 31.45899602 32.69532803 34.
 27.02932406 26.85536779 26.43911531 27.58225646 28.75024851 29.81262425
 29.53305169 31.68265408 31.22291252 30.36555666 29.99279324 31.56461233
 31.53354871 34.17395626 34.27335984 25.4388668  25.49478131 28.61356859
 28.53280318 28.7750994  31.51491054 29.42743539 29.76292247 28.5390159
 32.26043738 32.09269384 32.70775348 32.6332008  32.86928429 25.99801193
 27.4083002  27.63195825 29.98658052 29.59517893 28.49552684 30.07355865
 31.65780318 30.48981113 30.7445328  31.43414513 31.93737575 32.52758449
 34.68961233 27.19706759 28.45203777 27.14115308 27.52634195 28.9055666
 27.42693837 28.92420477 30.03628231 29.88717694 31.45899602 30.03006958
 32.06784294 33.14885686 33.02460239 26.61928429 28.93663022 28.42097416
 26.92370775 29.39015905 29.17271372 28.37127237 28.20352883 30.35313121
 31.26018887 30.76317097 32.68290258 33.41600398 32.21073559 34.35412525
 26.33349901 26.56336978 27.88667992 29.34045726 29.06088469 30.75074553
 29.3777336  28.83101392 29.27833002 30.51466203 33.35387674 33.36008946
 32.53379722 33.6583002  25.31461233 26.92992048 28.29050696 26.78702783
 29.78777336 28.30293241 28.9055666  30.70104374 29.88717694 32.09890656
 30.98682903 33.22340954 32.64562624 32.80094433 26.87400596 25.72465209
 27.81833996 27.73136183 29.40879722 28.1973161  30.47738569 30.07977137
 30.23508946 29.73807157 31.21048708 32.32877734 32.11754473 33.2109841
 33.22962227 26.43290258]",70492.96503758398
2025-06-15 14:56:00+00:00,896,6793.03,9.0,30.24647152633971,30.101609095427435,34.733101391650095,"[25.60039761 28.53280318 30.53951292 29.09194831 31.36580517 30.70725646
 32.88792247 30.21645129 32.26043738 31.76341948 33.47813121 33.49055666
 32.4778827  26.51366799 26.81187873 28.85586481 28.52037773 29.24105368
 28.68190855 29.99279324 31.63295229 31.4527833  32.04920477 32.98111332
 33.44706759 32.72639165 33.34145129 26.97340954 26.69383698 26.43911531
 27.83076541 29.15407555 30.26615308 28.98633201 29.01739563 29.40879722
 30.72589463 32.98732604 32.74502982 32.40333002 33.33523857 26.17818091
 26.27758449 28.04821074 28.01093439 29.1416501  28.52659046 28.98011928
 29.3528827  31.42793241 32.25422465 31.87524851 32.31013917 32.8195825
 32.26043738 32.95626243 28.38991054 27.46421471 27.5139165  27.93638171
 27.49527833 25.94209742 29.29696819 30.65755467 32.83200795 31.03653082
 31.45899602 33.98757455 32.1610338  33.19234592 25.30218688 25.40780318
 29.09194831 28.1973161  30.84393638 29.33424453 29.77534791 28.82480119
 32.29150099 30.92470179 32.1361829  31.54597416 32.35362823 32.19831014
 28.30293241 27.97365805 28.24701789 28.1973161  28.45203777 28.95526839
 31.70129225 29.42122266 30.97440358 31.44657058 31.80069583 32.3971173
 32.55864811 32.52137177 34.73310139 26.43911531 27.55119284 28.63841948
 27.69408549 29.92445328 29.65730616 28.30914513 31.347167   30.66998012
 33.21719682 30.54572565 32.48409543 33.87574553 32.86928429 26.77460239
 28.4582505  29.02982107 27.79970179 29.63245527 30.1667495  28.84965209
 31.23533797 31.05516899 32.17967197 31.60188867 32.06784294 32.31635189
 33.69557654 25.0723161  26.43290258 26.55715706 29.17892644 28.73782306
 29.43986083 28.83101392 29.05467197 31.49627237 31.87524851 29.52683897
 31.83175944 31.68265408 32.7388171  25.82405567 27.90531809 28.23459245
 28.19110338 28.27808151 28.22837972 31.76963221 29.76292247 30.30964215
 31.9249503  31.75720676 32.24801193 32.83200795 33.24826044 33.74527833
 27.17842942 27.48906561 27.84319085 27.19706759 28.5638668  30.21023857
 29.88717694 30.88121272 30.96197813 30.88742545 31.81312127 32.3971173
 32.21073559 33.32902584 25.68737575 28.28429423 26.62549702 28.39612326
 29.16028827 29.85611332 30.12326044 29.1167992  29.77534791 32.49652087
 33.13021869 30.71968191 32.57728628 32.06784294 26.94234592 28.18489066
 28.694334   27.12251491 28.03578529 28.71297217 30.56436382 29.98036779
 29.67594433 30.70725646 31.85661034 31.75099404 32.63941352 32.37847913
 34.18016899 23.90432406]",71082.19513852213
2025-06-15 14:57:00+00:00,897,6698.16,9.0,29.966530994112617,29.806908548707753,34.59020874751491,"[26.35213718 28.96769384 28.04199801 27.13494036 29.30939364 29.17271372
 28.3277833  32.98111332 30.77559642 31.49627237 32.0554175  32.61456262
 34.01242545 26.3832008  27.65059642 29.20377734 27.5387674  29.2721173
 29.81883698 28.99875746 29.8250497  28.83722664 29.70700795 30.73210736
 31.81312127 33.32902584 33.11158052 26.12847913 25.5444831  27.89910537
 27.70029821 28.76888668 28.25323062 28.18489066 29.86232604 29.64488072
 31.04895626 33.31038767 31.58946322 32.21694831 33.2917495  27.40208748
 25.98558648 26.63792247 26.76217694 28.19110338 28.71918489 28.53280318
 29.75049702 30.39662028 30.36555666 29.98036779 31.54597416 32.2666501
 33.77634195 33.21719682 27.55740557 27.07281312 27.27162028 26.87400596
 30.51466203 28.78752485 30.81908549 30.65134195 31.70750497 32.26043738
 33.22340954 31.12350895 32.88170974 33.31038767 26.40183897 28.38991054
 25.78677932 29.16028827 27.74378728 30.43389662 29.67594433 29.91202783
 30.75695825 31.89388668 32.98111332 31.96843936 32.57728628 32.51515905
 26.67519881 27.56361829 27.72514911 27.86182903 28.85586481 30.0611332
 29.00497018 29.3528827  30.60164016 31.5583996  30.88742545 31.22291252
 32.20452286 34.59020875 32.93141153 26.85536779 25.2027833  26.74975149
 27.11008946 29.3777336  28.04821074 31.49005964 31.13593439 30.37798211
 32.7388171  32.79473161 32.74502982 31.50869781 32.72017893 26.88021869
 27.66923459 28.5390159  27.43315109 28.12897614 29.22862823 28.84343936
 29.11058648 31.4527833  28.99875746 32.40954274 31.70129225 33.12400596
 33.30417495 24.02857853 26.79324056 28.6694831  27.52012922 28.43961233
 28.99875746 29.64488072 31.05516899 31.38444334 29.83747515 32.83200795
 33.20477137 34.55914513 33.49676938 25.08474155 26.84915507 28.75024851
 28.21595427 29.04224652 27.70029821 28.61356859 29.81262425 28.71918489
 30.54572565 30.97440358 31.61431412 31.77584493 31.96843936 33.09915507
 26.57579523 27.37102386 27.44557654 28.7750994  29.93687873 27.8804672
 30.21023857 28.86829026 32.8444334  28.81858847 33.34145129 32.37847913
 33.13021869 33.43464215 26.79324056 27.32132207 26.44532803 26.66898608
 27.58225646 27.9860835  28.86207753 30.46496024 29.70700795 31.07380716
 30.19781312 30.11083499 31.98707753 32.29150099 25.24627237 27.97987078
 27.82455268 28.48310139 28.33399602 29.9555169  28.08548708 30.48981113
 30.09219682 31.16078529 31.07380716 30.17296223 32.3971173  33.16749503
 32.90656064 26.81187873]",70145.62609390318
2025-06-15 14:58:00+00:00,898,6740.54,9.0,30.091614076019837,29.938556163021868,35.16799204771371,"[28.18489066 28.9055666  28.05442346 29.13543738 29.97415507 29.80019881
 30.23508946 31.10487078 31.88146123 29.91202783 32.21694831 32.9500497
 32.2417992  28.43961233 28.40233598 27.75       26.97340954 28.50173956
 28.30293241 28.91799205 31.91252485 30.21645129 30.61406561 30.35934394
 34.44110338 32.54622266 33.79498012 24.91078529 26.86158052 27.06038767
 28.73161034 28.99254473 27.97365805 29.65109344 30.30342942 29.06088469
 30.01764414 32.14860835 32.35362823 31.29125249 33.70800199 24.89214712
 26.26515905 27.9860835  26.4639662  26.90506958 29.1416501  29.62624254
 29.9555169  31.2415507  30.7445328  30.47117296 32.96247515 33.6583002
 33.36008946 33.77012922 26.67519881 26.76838966 27.19706759 28.14761431
 28.12897614 29.89338966 30.22887674 30.71346918 32.44681909 30.70725646
 33.61481113 32.42196819 33.94408549 34.24850895 27.45800199 28.16625249
 26.4639662  27.0666004  27.99229622 28.94284294 30.73210736 29.35909543
 31.30989066 30.90606362 32.92519881 32.98732604 31.52733598 34.08076541
 27.41451292 26.44532803 28.29671968 28.3277833  28.89314115 28.47688867
 28.48310139 30.71346918 30.07355865 30.52708748 31.69507952 32.09269384
 33.44706759 33.17992048 33.13643141 25.7805666  27.25298211 28.82480119
 25.5444831  28.25323062 30.32828032 27.73136183 30.55815109 30.21645129
 30.84393638 32.65805169 35.16799205 34.30442346 31.77584493 24.77410537
 27.79970179 27.5139165  29.97415507 28.68812127 29.55790258 30.60785288
 29.27833002 32.01814115 30.20402584 30.44632207 31.94980119 33.13021869
 34.09940358 26.51366799 26.17196819 29.08573559 26.47017893 27.68166004
 28.89935388 28.86829026 30.73832008 29.87475149 30.96819085 29.75049702
 32.96868787 31.80690855 33.16749503 27.0666004  27.09145129 27.24055666
 28.23459245 29.6945825  28.88692843 31.14214712 30.99925447 31.28503976
 31.18563618 31.10487078 31.19184891 32.62698807 32.08648111 33.48434394
 25.51341948 27.57604374 26.07256461 27.18464215 27.58225646 29.68215706
 29.65109344 30.80044732 29.96794235 31.38444334 32.40954274 33.53404573
 32.22937376 33.11158052 28.87450298 26.90506958 28.41476143 27.50149105
 29.07331014 30.00521869 29.30318091 30.60785288 30.58921471 29.96172962
 30.96819085 31.04274354 32.0305666  34.92569583 25.24005964 26.50745527
 28.05442346 28.39612326 30.03628231 29.24105368 29.76292247 29.02360835
 30.25372763 28.96769384 30.1667495  32.09269384 32.27907555 34.44110338
 31.52733598 26.71247515]",70564.10405273197
2025-06-15 14:59:00+00:00,899,6721.4800000000005,9.0,30.035377891502876,29.879348906560637,34.789015904572565,"[26.73111332 28.0916998  28.40854871 27.71893638 29.5889662  29.80019881
 30.10462227 30.75074553 29.79398608 32.01814115 32.44060636 33.01838966
 33.83225646 25.08474155 28.48931412 28.38991054 28.38369781 29.15407555
 28.50173956 29.32803181 28.94905567 31.37201789 32.09890656 31.26018887
 30.81908549 32.37847913 32.44060636 27.41451292 26.02907555 28.04199801
 27.06038767 29.12301193 28.16003976 30.18538767 29.10437376 30.66998012
 32.10511928 32.1610338  31.23533797 33.81983101 34.03106362 26.60064612
 25.83026839 28.24080517 28.21595427 29.25347913 27.89289264 29.06709742
 28.98011928 31.7944831  29.96794235 31.80690855 30.91848907 32.20452286
 32.44060636 33.24826044 26.33971173 27.22191849 27.22813121 27.78106362
 27.16600398 30.17296223 30.30342942 29.70079523 32.55864811 31.63916501
 31.6640159  31.5832505  34.58399602 34.20501988 24.3889165  26.05392644
 28.76888668 28.57629225 29.39015905 27.32753479 30.36555666 30.77559642
 31.06759443 30.78802187 31.5583996  31.60188867 32.50894632 34.44110338
 24.625      26.97962227 26.20924453 27.4083002  29.90581511 28.17867793
 28.64463221 30.22266402 30.47738569 30.81287276 31.0054672  33.28553678
 34.7890159  32.98732604 34.50323062 26.04771372 26.4888171  29.51441352
 28.25944334 27.35859841 28.17867793 29.87475149 29.26590457 29.62624254
 31.70129225 31.83175944 32.49652087 32.8444334  34.3416998  27.37723658
 25.22763419 29.47713718 27.16600398 30.10462227 29.3777336  31.15457256
 28.4582505  30.54572565 29.83747515 30.52087475 33.03081511 33.55889662
 33.45949304 25.4388668  26.64413519 29.76292247 27.33374751 28.95526839
 29.88717694 29.57032803 29.50198807 31.44035785 30.33449304 32.19831014
 30.64512922 33.31038767 31.90631213 27.40208748 26.41426441 26.83672962
 27.17842942 27.81212724 29.40258449 28.5638668  30.79423459 29.19756461
 31.30989066 30.78180915 29.8250497  33.50919483 33.30417495 33.74527833
 26.71247515 27.06038767 29.22862823 29.02360835 27.29647117 29.50198807
 29.1167992  30.63270378 31.42171968 30.22887674 32.61456262 33.61481113
 33.61481113 31.80690855 25.68737575 27.93638171 26.79945328 27.60089463
 28.0916998  27.74378728 29.57032803 29.92445328 31.26018887 30.85636183
 30.54572565 32.88170974 32.38469185 31.70750497 28.3277833  26.06635189
 27.9860835  26.97962227 29.06088469 29.0111829  30.26615308 30.26615308
 30.50223658 32.01192843 31.99950298 30.17917495 32.45924453 32.58971173
 32.89413519 25.92345924]",70375.96027381203
2025-06-15 15:00:00+00:00,900,6711.52,9.0,30.005989065606357,29.84840954274354,34.77659045725646,"[26.01043738 27.07902584 29.23484095 30.49602386 29.20999006 29.53305169
 29.99900596 30.54572565 31.50248509 33.50298211 33.61481113 32.85064612
 32.10511928 28.73161034 26.16575547 27.35238569 29.30939364 28.07927435
 29.75670974 30.19781312 30.23508946 30.80666004 30.41525845 31.50248509
 32.31013917 31.17321074 32.14860835 26.29622266 25.58797217 27.83076541
 29.09194831 28.06063618 28.47688867 30.2972167  29.55790258 30.95576541
 29.81262425 32.98732604 33.23583499 32.95626243 33.27311133 27.63195825
 26.10984095 27.4083002  25.43265408 28.76888668 29.57032803 29.47713718
 30.22887674 32.57728628 30.58921471 30.18538767 33.36630219 32.81336978
 32.7139662  34.29821074 27.33996024 26.81809145 26.88643141 27.65059642
 28.53280318 29.40258449 28.4582505  29.76292247 30.65134195 31.73235586
 33.17370775 32.90656064 33.06809145 33.01838966 27.14115308 27.52012922
 28.49552684 27.75       26.81187873 28.74403579 31.26018887 30.1916004
 31.28503976 31.23533797 31.74478131 32.95626243 33.23583499 32.72017893
 28.25323062 27.0417495  26.07256461 25.73086481 27.48285288 30.28479125
 28.17867793 29.16650099 30.39662028 29.68215706 32.0305666  31.2415507
 31.6888668  32.18588469 34.22987078 24.63742545 26.06635189 28.29050696
 28.16003976 28.39612326 27.83076541 28.83722664 30.81908549 30.62027833
 30.48981113 32.70154076 31.59567594 33.2917495  33.82604374 25.79299205
 27.84319085 28.08548708 26.38941352 28.20352883 29.98036779 29.52683897
 28.95526839 30.52087475 30.36555666 31.44657058 32.86928429 34.77659046
 34.13667992 25.05367793 26.89885686 29.36530815 28.61356859 28.11033797
 27.277833   29.32181909 30.34691849 31.10487078 30.58921471 32.61456262
 32.23558648 30.64512922 31.9000994  26.17818091 25.91724652 26.45154076
 28.18489066 27.31510934 26.7000497  29.10437376 29.83126243 31.29125249
 29.66973161 29.75049702 31.87524851 31.37823062 34.11804175 33.63966203
 28.31535785 27.50149105 28.6694831  29.07952286 27.32132207 28.71918489
 31.39686879 30.1916004  29.83747515 30.56436382 31.64537773 32.43439364
 34.06833996 34.18016899 26.99204771 27.3026839  25.61903579 27.76863817
 27.97365805 29.22241551 29.57032803 31.41550696 30.56436382 31.4527833
 30.70104374 32.52137177 33.72664016 33.39736581 25.7805666  27.26540755
 27.26540755 27.73136183 27.0666004  28.47688867 29.28454274 31.26018887
 29.75049702 29.72564612 30.93091451 32.67668986 32.68911531 31.28503976
 32.48409543 26.29622266]",70277.63701789263
2025-06-15 15:01:00+00:00,901,6714.85,9.0,30.01581247152276,29.858753727634195,34.34791252485089,"[27.37102386 26.27137177 28.17867793 27.90531809 29.10437376 30.24751491
 31.03653082 32.11754473 30.85636183 31.53354871 32.75124254 33.94408549
 33.23583499 26.19681909 26.99826044 26.58200795 28.11033797 29.25347913
 29.97415507 31.25397614 28.87450298 30.1667495  31.40929423 30.46496024
 31.83175944 32.42818091 33.62723658 27.47042744 28.14761431 29.7194334
 27.49527833 29.70079523 28.46446322 30.54572565 31.24776342 31.02410537
 32.03677932 31.19184891 34.28578529 32.55864811 34.02485089 26.90506958
 27.97987078 27.35238569 28.11033797 27.3834493  28.97390656 29.52062624
 30.0611332  30.1916004  29.55790258 31.31610338 32.49652087 33.58374751
 32.40333002 31.53976143 28.04199801 27.46421471 27.74378728 30.11704771
 30.01143141 29.5889662  30.03006958 29.80641153 29.98658052 30.01143141
 31.73856859 32.65183897 32.0305666  33.70800199 24.78653082 26.50745527
 27.96744533 28.31535785 29.34045726 28.43961233 26.60064612 31.03031809
 29.55168986 31.31610338 32.8444334  32.99975149 32.55864811 33.19855865
 26.82430417 27.20949304 27.91153082 28.02957256 28.1165507  29.1167992
 30.17296223 28.89314115 30.48981113 32.30392644 30.9806163  31.93737575
 31.83175944 33.78255467 33.00596421 25.82405567 28.13518887 26.99204771
 27.13494036 28.20974155 29.63866799 30.12326044 30.28479125 30.79423459
 29.81262425 32.42818091 31.9000994  31.86282306 32.78851889 26.18439364
 27.71893638 29.0360338  28.13518887 28.7999503  28.48310139 30.45874751
 30.83151093 29.53926441 30.45253479 31.07380716 33.36630219 32.32877734
 32.08026839 25.24005964 28.30293241 26.27137177 27.5139165  27.8556163
 29.09194831 29.81262425 30.49602386 31.02410537 31.17942346 31.09244533
 32.06784294 33.50919483 32.2417992  24.21496024 26.70626243 25.95452286
 27.68166004 27.27162028 27.97987078 28.12276342 28.87450298 27.87425447
 32.23558648 32.72639165 32.78230616 33.10536779 33.91923459 32.62077535
 27.65680915 26.95477137 27.61332008 29.45849901 28.4333996  29.27833002
 28.89935388 30.18538767 29.86232604 29.59517893 32.87549702 30.42147117
 33.68936382 33.36630219 27.43315109 26.77460239 28.73782306 28.05442346
 28.34642147 26.99204771 29.30318091 29.91202783 30.70104374 31.18563618
 29.77534791 31.85039761 31.80069583 34.34791252 26.20924453 25.17171968
 25.8054175  27.33374751 28.42097416 27.76863817 30.44632207 28.62599404
 29.65109344 31.09244533 31.83175944 32.44060636 33.59617296 32.72017893
 32.32256461 26.61307157]",70310.50220472654
2025-06-15 15:02:00+00:00,902,6750.719999999999,9.0,30.12165570126835,29.97017892644135,35.00646123260437,"[26.41426441 26.43290258 27.39587475 27.76242545 28.37748509 30.20402584
 30.67619284 32.34120278 32.1610338  29.20999006 32.30392644 32.03677932
 32.65805169 24.81138171 26.84915507 29.57032803 29.07952286 29.14786282
 29.66973161 28.97390656 30.67619284 31.29125249 30.09840954 31.75720676
 32.31013917 34.43489066 33.84468191 26.92992048 26.69383698 27.42072565
 28.52659046 28.75646123 28.65705765 29.83126243 31.67022863 30.33449304
 30.92470179 30.91227634 31.73235586 32.11133201 33.2109841  26.92370775
 27.43315109 26.63170974 28.60735586 28.59493042 31.36580517 28.52659046
 29.05467197 31.45899602 30.89363817 31.70129225 32.18588469 31.22912525
 33.16749503 32.95626243 25.73707753 27.86182903 29.08573559 28.24701789
 28.65705765 28.28429423 28.74403579 30.80044732 30.27857853 32.39090457
 31.39065606 32.81336978 32.08026839 33.63966203 28.16625249 25.99801193
 28.29050696 27.63195825 28.49552684 27.97987078 29.41500994 28.52037773
 30.16053678 32.01814115 31.35337972 32.1610338  33.07430417 33.43464215
 27.68166004 26.91128231 26.32107356 27.70651093 27.38966203 28.86207753
 28.68190855 29.70700795 30.30964215 33.40979125 31.25397614 32.3971173
 34.5777833  33.94408549 33.79498012 28.09791252 26.53230616 28.41476143
 27.9860835  27.91774354 28.222167   29.45228628 30.52087475 32.27286282
 32.12375746 31.1110835  32.14239563 33.85710736 32.80715706 25.62524851
 27.89910537 27.91774354 26.56336978 28.05442346 29.08573559 29.26590457
 29.01739563 30.89363817 31.71371769 29.83126243 34.29199801 33.70178926
 32.76988072 25.39537773 27.44557654 26.43290258 28.78131213 26.42047714
 28.85586481 29.76292247 30.80666004 33.0805169  31.46520875 31.96222664
 31.01167992 33.61481113 33.39736581 24.16525845 28.86207753 27.91774354
 27.17842942 29.04845924 29.65109344 29.89960239 30.95576541 31.07380716
 29.86853877 30.73832008 32.57107356 32.01814115 33.33523857 34.2112326
 27.42693837 26.92992048 27.58846918 27.83076541 26.92992048 26.27137177
 30.66998012 31.04895626 29.98658052 32.49030815 31.18563618 33.4222167
 33.09915507 32.19831014 25.84269384 25.99801193 28.27808151 27.9612326
 29.63245527 29.26590457 30.9806163  30.72589463 31.63916501 32.53379722
 29.98658052 32.08648111 34.         35.00646123 26.06635189 27.07281312
 27.69408549 27.76863817 28.78131213 28.84965209 29.53305169 31.91873757
 29.30939364 30.99304175 33.79498012 32.08026839 30.71346918 31.30367793
 34.88841948 25.64388668]",70664.6113141634
2025-06-15 15:03:00+00:00,903,6706.5,9.0,29.99114269888399,29.832815606361827,34.615059642147116,"[26.95477137 26.42047714 28.24080517 28.65084493 29.32181909 28.93663022
 31.55218688 31.26018887 31.34095427 32.33499006 32.10511928 31.93737575
 32.61456262 26.25894632 26.97962227 27.60089463 28.16003976 29.68836978
 27.70651093 29.00497018 30.53951292 30.91848907 31.13593439 30.73210736
 34.1056163  32.89413519 32.57728628 25.98558648 27.12872763 26.67519881
 26.57579523 28.03578529 29.16028827 28.91799205 29.27833002 31.59567594
 30.78180915 32.73260437 31.01789264 32.42818091 32.14239563 27.0417495
 26.30243539 28.65084493 27.93638171 29.40258449 27.74378728 28.30914513
 30.42147117 29.0111829  30.94955268 31.88767396 32.57728628 33.06187873
 33.09915507 34.61505964 27.19706759 26.90506958 27.59468191 27.47664016
 28.67569583 27.97365805 29.63245527 28.70675944 30.85014911 30.86257455
 30.03628231 31.87524851 33.81361829 32.87549702 26.32728628 26.71868787
 25.52584493 29.08573559 28.97390656 29.20377734 29.46471173 32.55243539
 30.24751491 30.30342942 31.4527833  32.33499006 33.09915507 32.99353877
 26.52609344 24.93563618 25.89239563 26.99204771 28.02957256 28.79373757
 30.34070577 27.6195328  31.2415507  31.12972167 32.01814115 31.67022863
 33.71421471 32.73260437 32.73260437 26.0166501  27.84940358 26.68762425
 28.4582505  29.42122266 29.92445328 29.30939364 28.61356859 30.77559642
 33.16749503 31.46520875 32.9500497  33.8695328  31.95601392 26.28379722
 25.91724652 25.52584493 28.81858847 27.29025845 27.69408549 28.22837972
 30.25372763 30.05492048 31.06759443 28.93663022 32.0554175  32.94383698
 32.78851889 27.37723658 27.76863817 25.60661034 27.53255467 27.63817097
 28.85586481 30.89363817 29.94930417 30.84393638 30.31585487 33.22962227
 32.45303181 33.47191849 32.62077535 26.23409543 27.47664016 29.1416501
 27.32132207 28.0916998  30.30342942 30.01764414 30.21645129 30.16053678
 30.65134195 30.47738569 32.1610338  32.99353877 32.79473161 33.92544732
 27.41451292 26.86779324 27.90531809 27.70029821 30.56436382 29.76913519
 29.54547714 28.88692843 31.01167992 32.31635189 31.26640159 33.60859841
 32.62698807 32.96247515 26.7249006  26.89885686 27.20949304 27.35238569
 28.93663022 28.40854871 28.91799205 30.47117296 29.4833499  31.49627237
 32.99975149 32.75745527 33.14885686 33.10536779 26.89264414 27.48906561
 26.69383698 27.63817097 29.12922465 27.9860835  30.39662028 30.44010934
 29.74428429 30.68861829 32.12997018 33.14885686 32.12997018 31.98086481
 33.83225646 26.47017893]",70227.96701338628
2025-06-15 15:04:00+00:00,904,6666.85,9.0,29.874108827532552,29.709648359840948,34.45352882703777,"[26.82430417 26.86158052 29.00497018 28.87450298 28.73161034 29.91202783
 29.72564612 31.2415507  31.72614314 30.59542744 32.0305666  32.90034791
 34.32927435 25.7805666  26.87400596 26.23409543 28.42097416 29.3528827
 28.3277833  26.36456262 29.1416501  30.12947316 31.13593439 32.1361829
 32.91277336 31.40929423 31.89388668 26.29622266 26.99204771 27.15357853
 27.74378728 27.55740557 29.34045726 28.70054672 28.87450298 31.9000994
 30.60785288 31.59567594 32.0554175  32.42196819 31.87524851 25.79920477
 27.48906561 27.66302187 27.94259443 29.0360338  28.1165507  29.16650099
 28.25944334 29.76913519 30.62027833 30.48981113 31.87524851 31.44035785
 32.04920477 33.44706759 24.93563618 25.83026839 27.3026839  28.71918489
 28.31535785 27.93016899 30.875      28.78752485 31.77584493 32.78851889
 32.38469185 31.44035785 33.30417495 33.74527833 26.50745527 26.96719682
 28.98633201 28.70675944 27.20328032 28.38991054 30.94955268 29.42122266
 31.39065606 30.88742545 30.86878728 32.81336978 33.0805169  31.94980119
 25.87997018 26.99826044 25.95452286 28.27186879 26.79324056 27.06038767
 29.35909543 29.25347913 29.96172962 29.57032803 30.41525845 31.59567594
 33.41600398 34.24229622 31.99950298 26.13469185 27.73136183 29.25347913
 29.60760437 29.35909543 30.0859841  30.27857853 30.19781312 30.06734592
 30.5333002  32.19209742 33.28553678 31.89388668 34.33548708 25.32082505
 26.74975149 27.81212724 29.94930417 29.06088469 29.75670974 29.39015905
 30.05492048 30.45874751 28.50795229 30.81287276 32.59592445 33.2917495
 33.70800199 25.69980119 28.38991054 28.61356859 28.14761431 28.78131213
 29.86853877 27.6443837  27.92395626 30.09840954 30.94955268 31.08001988
 32.40954274 32.09890656 32.3722664  25.05989066 27.27162028 27.60710736
 27.60089463 28.96148111 27.73757455 27.78106362 29.62002982 28.03578529
 30.92470179 32.42818091 32.76366799 31.99950298 32.80715706 33.27311133
 27.07281312 26.51366799 26.82430417 28.83101392 27.29025845 29.71322068
 30.22887674 28.38991054 30.84393638 31.57703777 30.39040755 30.64512922
 31.71371769 34.43489066 25.92967197 26.51366799 26.47639165 29.78777336
 26.27758449 28.46446322 29.89960239 31.35337972 29.96172962 32.62077535
 31.99950298 30.91848907 34.45352883 34.1304672  24.72440358 27.66923459
 27.62574553 27.50149105 28.30914513 30.13568588 29.30939364 29.25347913
 28.98011928 30.75695825 30.37176938 31.74478131 31.90631213 33.40357853
 32.88792247 27.5387674 ]",69836.4184933929
2025-06-15 15:05:00+00:00,905,6699.090000000001,9.0,29.969218352103276,29.809797465208746,34.22987077534791,"[26.91128231 27.29647117 28.17867793 28.1973161  28.11033797 30.07355865
 30.25994036 30.21645129 31.57082505 31.63916501 32.86307157 32.83200795
 33.56510934 25.69980119 28.15382704 27.04796223 26.65034791 28.48931412
 28.7999503  29.88096421 30.82529821 31.73235586 32.19209742 31.54597416
 32.98111332 32.82579523 31.97465209 27.77485089 26.79945328 27.20949304
 27.60710736 29.18513917 28.35263419 28.12897614 29.60139165 30.16053678
 33.17370775 32.27286282 31.96222664 31.78205765 33.50919483 25.8861829
 25.89860835 27.6443837  27.23434394 27.8804672  29.70700795 29.17271372
 28.61978131 30.01143141 31.23533797 31.5583996  33.07430417 31.71371769
 33.055666   32.38469185 26.29000994 26.67519881 28.17246521 27.67544732
 29.99900596 28.0916998  30.09219682 30.81287276 31.34095427 30.90606362
 31.87524851 30.40904573 32.40954274 33.93166004 26.9361332  27.73757455
 27.22191849 28.45203777 29.40879722 27.44557654 27.94880716 32.29771372
 27.8804672  32.12997018 31.58946322 31.62052684 32.62698807 30.5333002
 25.10337972 25.37052684 26.65656064 28.09791252 28.09791252 29.7194334
 28.64463221 30.03006958 30.35313121 30.45874751 30.73832008 31.14835984
 32.12375746 31.94980119 34.22987078 27.09766402 27.21570577 27.23434394
 28.13518887 28.43961233 29.45228628 28.40854871 30.30342942 29.20377734
 30.35313121 30.89985089 32.16724652 33.45949304 33.68936382 27.5387674
 26.76217694 27.96744533 28.55765408 29.44607356 29.78777336 29.65109344
 30.0611332  29.16028827 32.36605368 32.40954274 33.08672962 32.18588469
 32.65805169 26.74975149 26.82430417 27.71893638 29.53926441 27.8556163
 30.05492048 28.71918489 28.27186879 29.75670974 29.06709742 32.45303181
 31.4527833  32.86307157 32.99975149 26.51366799 25.62524851 27.80591451
 27.68166004 29.22862823 28.80616302 29.8250497  29.91202783 31.50248509
 33.11158052 31.75099404 31.35337972 30.51466203 33.34145129 32.90034791
 27.62574553 28.37748509 28.58871769 28.31535785 28.44582505 27.79348907
 30.03628231 29.55168986 30.67619284 30.96819085 32.98111332 32.66426441
 31.12972167 32.8444334  27.55740557 26.47639165 27.62574553 27.35859841
 28.86207753 28.13518887 30.20402584 30.97440358 30.15432406 30.60164016
 32.70154076 31.347167   33.81983101 33.17370775 26.67519881 26.19681909
 26.9609841  28.05442346 26.99204771 28.24080517 29.85611332 28.91177932
 31.37201789 29.56411531 32.51515905 32.65805169 31.23533797 32.91898608
 32.68290258 27.89289264]",70154.61691879672
2025-06-15 15:06:00+00:00,906,6699.41,9.0,29.970123422810165,29.810791500994032,34.534294234592444,"[27.15357853 28.75646123 28.44582505 30.34691849 29.16028827 31.23533797
 29.99900596 30.65134195 30.63270378 28.92420477 32.11133201 31.44035785
 32.50894632 26.14090457 28.97390656 26.21545726 27.23434394 28.08548708
 30.17296223 28.88071571 27.92395626 29.74428429 32.29150099 31.59567594
 31.43414513 33.80740557 31.70750497 25.00397614 28.33399602 27.07281312
 27.50149105 29.40258449 30.21023857 29.63866799 31.29746521 29.54547714
 32.53379722 32.15482107 31.99950298 32.29771372 32.78230616 24.91078529
 26.24030815 28.49552684 28.21595427 26.10362823 28.85586481 29.20999006
 30.60785288 30.30964215 30.7693837  32.33499006 31.59567594 32.41575547
 34.3416998  34.08697813 26.84294235 27.99850895 27.38966203 27.22191849
 27.56983101 31.04274354 30.71968191 30.11083499 30.71346918 29.19135189
 31.33474155 32.40954274 33.68315109 33.91923459 26.2278827  28.78131213
 27.81212724 27.81212724 26.21545726 29.75670974 28.18489066 31.37823062
 28.88071571 31.26018887 30.96819085 32.20452286 32.02435388 34.39761431
 26.8305169  26.63792247 25.98558648 28.61978131 29.96794235 26.82430417
 28.63841948 29.99900596 32.42818091 30.58921471 32.19831014 31.34095427
 33.14264414 31.347167   33.49676938 27.45178926 26.37698807 28.19110338
 28.29671968 29.49577535 28.30293241 29.49577535 30.34070577 32.01192843
 29.04845924 32.26043738 32.77609344 33.59617296 34.31684891 26.03528827
 27.19706759 28.63841948 30.22887674 28.24701789 28.7999503  28.07927435
 30.91227634 30.30342942 29.8499006  32.82579523 30.11704771 31.98707753
 32.12375746 26.04771372 26.89885686 25.13444334 27.71893638 29.31560636
 29.96172962 31.02410537 29.2721173  31.30367793 30.07355865 31.26640159
 31.83797217 33.36630219 32.17345924 24.48832008 27.15979125 26.64413519
 27.19706759 27.60710736 29.86232604 29.91824056 30.60164016 32.27286282
 28.9055666  30.83772366 32.12375746 31.55218688 34.2112326  34.53429423
 25.81784294 27.63195825 26.01043738 26.3583499  28.9055666  27.55119284
 28.78131213 28.74403579 33.62723658 31.72614314 31.03031809 31.39065606
 32.25422465 33.527833   26.1222664  26.05392644 27.09766402 27.24676938
 27.74378728 28.71297217 28.80616302 30.37798211 32.04299205 31.83797217
 31.84418489 31.26640159 32.69532803 33.09294235 26.87400596 28.18489066
 26.74975149 27.22813121 28.70675944 28.88071571 29.15407555 30.68861829
 30.11083499 31.60188867 30.78180915 31.74478131 32.09890656 32.19831014
 34.3665507  25.92967197]",70157.6449233537
2025-06-15 15:07:00+00:00,907,6716.1900000000005,9.0,30.019595536424603,29.862916252485082,35.118290258449306,"[26.67519881 27.17842942 29.44607356 28.59493042 28.4333996  29.76913519
 29.98658052 30.57678926 32.42196819 32.44681909 30.81908549 34.24850895
 33.21719682 26.99826044 28.99254473 27.88667992 27.70651093 29.20999006
 28.64463221 30.12326044 30.58921471 31.41550696 31.64537773 32.44060636
 32.40333002 31.41550696 31.53354871 25.22142147 26.58822068 27.35859841
 29.10437376 30.70725646 28.83722664 28.72539761 30.15432406 29.62624254
 31.84418489 32.15482107 31.61431412 31.85661034 31.77584493 25.35188867
 25.69980119 27.74378728 28.00472167 27.47664016 29.53305169 28.57007952
 28.66327038 29.91202783 29.02360835 30.73210736 30.95576541 33.06187873
 34.41003976 31.91873757 26.11605368 28.67569583 28.09791252 29.7194334
 30.01143141 29.75049702 28.91799205 30.59542744 29.99900596 31.19806163
 32.09890656 33.16128231 33.31038767 32.12997018 26.58822068 26.82430417
 28.58871769 28.07927435 29.05467197 30.04870775 30.25372763 30.82529821
 29.36530815 32.00571571 31.47763419 32.04299205 33.77634195 33.03702783
 26.78081511 27.73136183 26.66277336 27.91153082 30.45253479 29.74428429
 28.20974155 29.19756461 31.16699801 32.57107356 31.22291252 31.31610338
 32.78851889 32.39090457 34.         26.63792247 26.37698807 24.69333996
 28.99875746 27.86804175 29.68215706 28.91799205 28.86829026 30.37176938
 32.32256461 33.22340954 31.6640159  31.75720676 33.80740557 26.90506958
 27.70651093 26.91128231 27.35859841 28.42097416 28.57629225 30.09840954
 29.19135189 30.64512922 30.73210736 31.29125249 32.64562624 32.72017893
 34.45352883 26.20924453 26.65656064 28.24701789 28.3277833  29.45849901
 27.24676938 29.30318091 28.33399602 32.17345924 30.15432406 32.2417992
 31.19184891 30.68861829 32.18588469 26.24652087 27.02932406 27.10387674
 27.23434394 28.84965209 28.14140159 28.97390656 31.25397614 29.47713718
 31.0862326  31.91252485 32.08648111 31.80069583 32.8195825  33.35387674
 25.46371769 26.89264414 25.73086481 28.52659046 26.68141153 29.78156064
 29.81883698 31.04274354 30.24751491 31.53976143 32.2666501  32.6083499
 32.55243539 32.47166998 27.33374751 26.03528827 26.53851889 27.59468191
 29.5889662  29.73185885 28.91177932 30.38419483 30.34691849 32.65183897
 31.98707753 33.7639165  31.4527833  31.65159046 26.45154076 27.43315109
 26.76838966 28.58250497 27.5139165  30.17917495 28.73161034 29.22241551
 30.59542744 29.78777336 30.4276839  32.2666501  35.00646123 33.7639165
 35.11829026 25.15929423]",70323.15882666214
2025-06-15 15:08:00+00:00,908,6684.200000000001,9.0,29.925138110827987,29.76354373757455,34.11804174950298,"[27.00447316 26.43290258 27.19085487 27.32132207 29.70079523 29.26590457
 28.71918489 30.79423459 30.88121272 33.21719682 30.59542744 32.49652087
 33.16749503 27.73136183 26.84294235 28.47688867 26.04771372 28.35884692
 29.25347913 30.11083499 28.34642147 33.28553678 28.43961233 31.24776342
 33.2917495  31.91873757 32.78230616 26.02286282 26.1471173  25.569334
 27.26540755 28.42718688 29.1167992  29.88717694 29.30939364 28.79373757
 30.31585487 31.26018887 33.19234592 33.65208748 32.41575547 25.86133201
 26.06013917 26.87400596 27.73136183 27.92395626 28.94284294 30.57678926
 29.93687873 30.73210736 31.12972167 29.76292247 32.3971173  32.21694831
 32.48409543 31.12350895 26.9361332  26.7000497  26.68141153 27.44557654
 27.9860835  27.73136183 29.42743539 29.930666   29.94930417 30.70725646
 32.41575547 31.17321074 31.95601392 32.43439364 25.86754473 27.37723658
 28.60114314 27.94880716 27.9860835  26.77460239 28.38991054 29.76292247
 29.99900596 31.55218688 32.6332008  32.44060636 32.0305666  32.04920477
 27.00447316 25.51341948 27.14115308 28.98011928 27.59468191 28.24080517
 30.85636183 30.1916004  29.57654076 31.06138171 31.63916501 30.27857853
 32.43439364 33.24204771 33.94408549 25.46993042 25.9110338  28.49552684
 27.75       27.80591451 29.23484095 29.3528827  31.65780318 31.2166998
 31.73856859 32.19209742 31.7944831  32.90656064 34.11804175 28.29050696
 24.88593439 27.05417495 29.25969185 30.1916004  27.5139165  28.61356859
 30.17296223 31.73235586 33.40979125 31.11729622 32.91898608 33.06809145
 33.40357853 26.30243539 27.10387674 28.38991054 27.29025845 29.40879722
 29.29075547 30.13568588 30.57678926 29.8499006  32.0305666  30.85636183
 32.73260437 31.71993042 33.65208748 27.11008946 25.9110338  26.66898608
 28.14761431 27.35859841 27.48285288 31.36580517 30.17917495 29.67594433
 31.52112326 30.85014911 32.10511928 30.82529821 32.35362823 31.45899602
 27.43936382 26.70626243 29.18513917 28.44582505 29.17271372 28.76888668
 30.06734592 30.76317097 30.90606362 31.99950298 32.44681909 32.90034791
 32.9749006  31.97465209 27.01068588 26.37698807 27.59468191 27.48906561
 29.22241551 28.65084493 29.29075547 29.87475149 31.15457256 32.01192843
 31.67022863 32.17345924 33.37872763 33.51540755 27.32132207 27.65059642
 26.95477137 28.06063618 26.3832008  29.79398608 29.42122266 30.04870775
 29.53305169 31.50248509 30.65755467 33.85710736 32.60213718 32.7388171
 32.73260437 26.0166501 ]",70007.14206358611
2025-06-15 15:09:00+00:00,909,6699.78,9.0,29.97105470071751,29.811940854870773,35.39786282306163,"[26.1222664  29.63245527 27.47664016 29.30318091 28.48931412 29.8250497
 29.01739563 31.21048708 32.50894632 32.72017893 30.70725646 30.27857853
 35.39786282 26.51988072 26.90506958 28.43961233 26.48260437 26.68762425
 29.26590457 31.60810139 29.40879722 31.93737575 29.87475149 32.3971173
 33.60859841 31.71993042 33.49676938 27.70651093 27.13494036 27.65059642
 26.97340954 27.86804175 28.98633201 30.48981113 29.62002982 29.72564612
 31.03653082 32.86307157 32.27907555 32.23558648 32.21694831 25.73086481
 25.27112326 27.69408549 28.222167   28.39612326 28.35263419 30.27236581
 30.17296223 28.84343936 30.52708748 30.04249503 33.94408549 31.83797217
 32.86928429 32.34120278 26.3832008  26.30243539 28.17246521 28.1165507
 28.9304175  29.80641153 30.06734592 29.17892644 30.89363817 32.29150099
 31.26640159 32.83200795 33.69557654 33.96893638 28.37127237 26.55094433
 26.7249006  28.03578529 28.29671968 27.58225646 29.97415507 30.49602386
 30.30964215 29.45228628 32.18588469 31.60188867 31.60188867 33.80740557
 27.08523857 26.71247515 27.33374751 28.55765408 28.38991054 28.99254473
 28.24701789 27.9612326  28.85586481 32.24801193 31.55218688 31.42171968
 32.34741551 34.53429423 33.39115308 27.15357853 27.07902584 27.16600398
 28.29050696 28.78131213 30.14189861 29.57654076 29.26590457 30.78180915
 30.85636183 30.50223658 33.81361829 30.875      34.18016899 26.44532803
 27.07281312 26.81809145 28.76888668 28.58250497 29.40879722 28.39612326
 29.87475149 32.23558648 30.65755467 31.49627237 32.51515905 33.16749503
 32.25422465 26.53851889 27.50770378 25.86754473 27.65680915 27.3834493
 28.99254473 28.7999503  28.99875746 30.45253479 30.75074553 32.34120278
 30.52087475 32.29771372 31.48384692 27.35238569 26.34592445 26.61307157
 30.41525845 28.12276342 30.27236581 29.64488072 30.00521869 30.36555666
 29.73185885 30.01764414 30.39040755 32.18588469 33.65208748 33.72664016
 26.47017893 25.77435388 27.73757455 29.16650099 27.94259443 29.27833002
 28.88071571 29.49577535 30.85636183 30.96197813 31.7944831  32.83200795
 34.18016899 33.68315109 25.25248509 27.22813121 28.15382704 29.02360835
 27.15979125 29.78156064 28.222167   29.35909543 30.22887674 31.21048708
 31.27882704 32.82579523 35.08101392 33.26689861 26.47639165 26.89885686
 26.74353877 26.64413519 28.88692843 29.79398608 30.27236581 30.22887674
 31.31610338 30.84393638 29.98036779 33.33523857 29.63866799 31.98086481
 33.79498012 26.9609841 ]",70160.76060672049
2025-06-15 15:10:00+00:00,910,6718.72,9.0,30.026879663610096,29.870775347912524,35.130715705765404,"[27.06038767 29.24105368 28.54522863 27.94259443 28.57629225 29.32803181
 28.22837972 29.73807157 29.63866799 33.35387674 32.83822068 32.28528827
 32.6083499  27.0666004  26.16575547 26.37698807 26.30243539 28.20974155
 27.90531809 28.4333996  28.3277833  31.23533797 32.73260437 31.02410537
 31.39065606 31.97465209 33.47813121 24.35785288 26.79945328 26.4888171
 28.18489066 29.22862823 29.41500994 29.15407555 30.59542744 30.32828032
 31.65780318 31.65159046 32.02435388 32.37847913 33.38494036 26.19060636
 28.7999503  26.47017893 28.23459245 27.81212724 28.75646123 29.77534791
 30.67619284 29.97415507 30.05492048 32.40333002 33.24204771 32.33499006
 33.25447316 33.10536779 28.31535785 29.09194831 28.3277833  28.16625249
 28.37127237 29.930666   28.89935388 30.0611332  29.72564612 30.93712724
 32.76988072 32.61456262 33.90680915 34.2360835  25.16550696 26.31486083
 26.97962227 29.25347913 28.81858847 28.6694831  28.96769384 29.39637177
 32.55243539 31.96843936 31.3223161  30.97440358 32.95626243 32.03677932
 25.77435388 26.57579523 29.7194334  28.00472167 27.15979125 28.74403579
 27.99229622 31.09244533 29.0360338  30.93712724 32.69532803 32.27286282
 32.83200795 32.09269384 32.27286282 26.50124254 26.84294235 27.97987078
 26.07256461 29.08573559 30.01143141 31.96222664 31.0862326  31.75720676
 30.53951292 29.99279324 32.02435388 34.41003976 33.39115308 26.89264414
 26.2278827  27.36481113 27.45800199 27.99850895 29.5082008  30.17917495
 30.19781312 30.02385686 31.28503976 31.89388668 32.50894632 30.76317097
 34.86978131 26.55715706 28.01714712 27.30889662 26.40805169 28.98633201
 28.6694831  28.04821074 30.9806163  29.99900596 29.59517893 32.01192843
 30.71968191 32.30392644 34.73931412 25.5444831  27.96744533 27.03553678
 27.90531809 27.48906561 30.15432406 29.70079523 30.34070577 29.85611332
 30.89985089 30.64512922 32.8195825  30.73210736 33.29796223 33.50919483
 25.91724652 25.78677932 26.78702783 29.83747515 27.9860835  29.60139165
 29.42743539 29.42743539 30.57057654 29.90581511 31.42171968 32.57107356
 34.24850895 32.64562624 27.93016899 26.99204771 27.08523857 27.32132207
 28.42097416 29.23484095 30.14811133 31.57082505 31.44657058 30.37176938
 33.39115308 32.98732604 32.00571571 35.13071571 26.03528827 28.75024851
 26.61928429 27.09145129 27.32753479 28.68190855 30.78802187 29.60760437
 33.62723658 30.19781312 30.79423459 31.16699801 32.58349901 33.055666
 34.54050696 27.37102386]",70347.52860257392
2025-06-15 15:11:00+00:00,911,6696.31,9.0,29.960671835289705,29.801161779324058,34.47837972166998,"[27.99229622 27.4083002  29.13543738 27.20949304 30.42147117 29.7194334
 32.01192843 30.16053678 30.91227634 30.1916004  31.99950298 33.24826044
 33.85710736 27.1722167  27.08523857 28.694334   26.47017893 28.99254473
 28.60735586 28.82480119 29.73185885 29.99279324 31.4527833  31.04274354
 32.62077535 31.85661034 32.68911531 25.58797217 28.20974155 26.83672962
 27.65059642 28.9055666  30.1667495  28.07306163 29.96172962 29.80641153
 31.09865805 30.86257455 33.13021869 32.41575547 31.6888668  27.32132207
 26.35213718 27.35238569 27.63195825 28.08548708 27.50149105 29.75670974
 28.92420477 30.73832008 30.31585487 31.47142147 31.9000994  33.44706759
 34.29821074 33.20477137 26.9361332  27.67544732 27.31510934 28.48931412
 29.21620278 27.60710736 28.60114314 29.3528827  30.89985089 31.03653082
 33.40357853 30.91848907 33.65208748 32.2666501  27.11008946 27.43936382
 26.99204771 28.53280318 28.42097416 28.75024851 30.03628231 29.24105368
 29.81262425 30.96197813 30.98682903 31.59567594 32.76988072 32.34741551
 25.19035785 28.20352883 24.71197813 28.7999503  29.43364811 29.15407555
 29.21620278 28.6694831  28.7750994  30.99925447 32.81336978 32.75745527
 31.9249503  33.97514911 33.77012922 24.02236581 27.06038767 27.53255467
 28.39612326 29.15407555 30.70725646 32.51515905 30.40904573 30.54572565
 31.65159046 31.95601392 31.94358847 34.47837972 32.59592445 26.79324056
 25.69358847 28.42097416 28.60735586 27.9612326  29.30939364 29.93687873
 29.3528827  31.78205765 29.91202783 31.93116302 32.42818091 31.99950298
 34.27957256 25.8861829  27.29647117 26.17196819 26.97962227 28.70054672
 29.68836978 29.60139165 29.96794235 30.24130219 31.80069583 30.09840954
 33.50919483 31.70750497 33.74527833 25.97937376 25.87997018 27.24676938
 27.06038767 27.76242545 30.48359841 28.55765408 28.27808151 30.58921471
 29.63245527 32.58349901 32.1610338  32.6083499  32.85064612 32.67668986
 26.13469185 27.14736581 27.29647117 28.24080517 28.9055666  28.41476143
 29.20999006 29.54547714 30.44010934 30.78180915 32.06784294 32.29150099
 31.5832505  33.64587475 25.9917992  28.26565606 26.89264414 27.40208748
 29.50198807 28.82480119 30.5084493  30.09219682 30.5333002  28.86829026
 30.53951292 32.44681909 34.11182903 33.88817097 25.23384692 27.27162028
 29.19756461 27.09145129 27.19085487 27.18464215 28.85586481 30.23508946
 31.22291252 32.02435388 31.31610338 31.34095427 32.70775348 32.72639165
 34.00621272 24.97291252]",70126.02369214525
2025-06-15 15:12:00+00:00,912,6671.92,9.0,29.888613809131375,29.72539761431411,34.813866799204774,"[27.72514911 26.92370775 27.33996024 28.96769384 28.76888668 29.41500994
 30.62649105 32.43439364 31.06759443 29.79398608 32.62077535 33.44706759
 32.57728628 25.55690855 26.70626243 28.58871769 27.69408549 26.73732604
 28.24080517 28.20352883 29.68836978 29.75049702 30.35313121 32.14860835
 32.80094433 32.88170974 34.67097416 24.56908549 25.89860835 26.38941352
 29.05467197 28.58871769 28.75024851 31.347167   29.1167992  28.9304175
 29.80641153 31.69507952 30.90606362 31.62673956 32.27907555 26.81809145
 28.80616302 27.65059642 28.06684891 28.65705765 28.5390159  29.51441352
 30.15432406 30.39662028 31.37823062 32.61456262 32.1610338  30.93712724
 33.2917495  34.8138668  27.07902584 27.42072565 26.09741551 27.59468191
 25.51963221 29.83126243 30.18538767 30.27857853 31.45899602 31.17321074
 31.53976143 32.5027336  33.19855865 33.68936382 26.45775348 27.17842942
 26.84294235 29.02360835 28.59493042 28.58250497 28.41476143 29.57032803
 30.11704771 30.68861829 30.39662028 33.33523857 32.17967197 33.87574553
 26.24652087 26.58822068 26.88643141 26.24652087 26.63792247 29.27833002
 28.6694831  28.57629225 29.30939364 30.78180915 32.06163022 33.64587475
 30.85636183 33.39736581 34.29199801 25.46371769 25.22142147 27.44557654
 26.63792247 28.79373757 29.09816103 28.88071571 30.50223658 30.78180915
 33.6334493  30.04870775 31.19184891 33.16128231 34.06212724 26.88021869
 27.19706759 27.96744533 27.76242545 27.89289264 29.04845924 29.99279324
 31.6888668  30.76317097 31.43414513 31.90631213 31.75099404 32.17967197
 33.20477137 25.50720676 26.07877734 27.05417495 28.71918489 27.14115308
 29.5889662  29.65730616 29.1167992  31.74478131 31.51491054 31.73856859
 30.19781312 32.06784294 32.01814115 27.54498012 27.16600398 26.17818091
 27.56361829 28.09791252 31.01167992 28.47067594 29.27833002 29.57654076
 31.96843936 31.16078529 31.70750497 31.39065606 34.55293241 33.26689861
 27.58846918 26.63792247 28.14761431 28.95526839 28.7999503  29.91202783
 29.19135189 32.72017893 29.87475149 30.82529821 32.19831014 31.42793241
 33.39736581 34.35412525 26.45154076 25.74950298 27.47664016 27.52634195
 28.72539761 28.61356859 26.89885686 29.70079523 29.75049702 31.68265408
 31.22291252 32.07405567 31.69507952 33.04945328 26.91749503 27.05417495
 29.62002982 26.65034791 27.86804175 28.03578529 29.45228628 28.14761431
 28.48310139 31.47142147 31.5583996  31.55218688 32.89413519 31.70129225
 32.98111332 25.58175944]",69884.94635982993
2025-06-15 15:13:00+00:00,913,6685.3,9.0,29.928009575266163,29.766960735586476,34.24850894632206,"[27.62574553 26.88021869 28.08548708 27.60089463 28.5390159  29.30318091
 29.74428429 28.1973161  31.72614314 31.30989066 32.01814115 32.8195825
 31.82554672 26.53230616 27.52634195 27.61332008 29.36530815 27.94880716
 28.38991054 27.62574553 29.42743539 30.70104374 31.17942346 31.68265408
 31.84418489 33.91923459 33.85710736 27.12251491 27.79970179 26.56336978
 26.97962227 30.48981113 29.06088469 29.04845924 29.55168986 29.56411531
 32.66426441 31.44657058 30.40904573 33.51540755 34.01242545 26.81187873
 26.85536779 25.94831014 27.84940358 26.36456262 29.28454274 27.83697813
 28.22837972 29.94930417 30.81287276 32.3722664  32.9749006  32.34120278
 32.3722664  34.04970179 26.14090457 27.15979125 26.5695825  27.40208748
 29.51441352 28.86207753 28.87450298 30.48981113 31.42171968 31.2415507
 31.32852883 30.94333996 32.89413519 32.10511928 26.63170974 27.19706759
 25.66873757 28.35884692 29.09816103 31.0054672  31.03031809 28.31535785
 32.40954274 30.77559642 32.40954274 32.10511928 33.75770378 32.14239563
 26.15954274 25.26491054 27.19706759 28.86829026 29.45849901 28.3277833
 29.8250497  31.02410537 28.13518887 30.91227634 31.19806163 31.76341948
 33.13643141 33.45949304 33.30417495 27.06038767 27.76242545 28.78131213
 27.84319085 30.10462227 29.3528827  28.94905567 28.96769384 30.4276839
 30.01143141 33.5526839  34.16153082 32.52137177 32.95626243 27.95501988
 26.81809145 27.97365805 26.25894632 30.01143141 28.40233598 28.47688867
 29.18513917 30.45253479 31.20427435 30.80044732 31.94980119 31.0862326
 33.39115308 25.72465209 25.75571571 26.55715706 28.98011928 26.9609841
 30.21645129 30.2972167  29.84368787 27.97987078 30.94955268 28.91177932
 31.49627237 32.78230616 33.35387674 25.89860835 25.98558648 27.12872763
 28.35884692 27.30889662 28.23459245 30.00521869 31.91873757 29.91202783
 31.48384692 30.0859841  31.70750497 31.80690855 31.76341948 34.06833996
 27.27162028 29.00497018 27.78106362 28.16625249 29.85611332 28.19110338
 30.5084493  30.65134195 32.02435388 29.89338966 31.6640159  31.88767396
 34.24850895 32.92519881 26.60685885 28.16625249 27.23434394 28.60735586
 26.71868787 28.18489066 29.62002982 29.80641153 31.26640159 30.99925447
 31.77584493 31.65159046 32.59592445 32.98111332 24.28951292 27.9860835
 26.47017893 28.27186879 28.85586481 30.07355865 29.59517893 28.86829026
 28.70675944 30.35934394 31.76963221 31.19184891 32.74502982 33.24204771
 33.16749503 26.15954274]",70016.74883501048
2025-06-15 15:14:00+00:00,914,6672.66,9.0,29.89061205537241,29.727696322067594,35.96322067594433,"[26.55715706 28.6694831  29.90581511 29.05467197 30.09840954 29.34045726
 30.58921471 29.02982107 30.80044732 31.819334   32.01814115 32.32877734
 33.50919483 25.9917992  27.4083002  27.18464215 29.96794235 28.42097416
 28.222167   28.7999503  28.04199801 29.22241551 31.59567594 32.98732604
 32.28528827 32.23558648 32.68290258 26.48260437 25.02261431 26.64413519
 27.28404573 28.19110338 29.05467197 28.44582505 30.60785288 29.76913519
 31.94980119 31.78205765 32.31013917 33.11779324 31.94358847 26.07877734
 26.01043738 27.33374751 26.9361332  29.32181909 30.20402584 27.90531809
 29.07331014 29.42743539 31.26018887 31.19184891 32.90656064 31.03031809
 32.18588469 33.63966203 26.77460239 25.74329026 27.32753479 26.90506958
 30.27857853 29.2721173  30.71346918 31.11729622 28.07927435 29.81262425
 30.65755467 32.44060636 32.60213718 32.00571571 26.84294235 26.53230616
 27.12251491 27.35238569 27.79970179 27.9612326  29.1416501  30.89363817
 30.0859841  30.99925447 29.71322068 32.21073559 33.08672962 30.37798211
 26.76838966 26.09741551 26.38941352 28.21595427 28.99254473 28.25323062
 29.22862823 28.68190855 29.60139165 31.40308151 32.63941352 31.16078529
 33.52162028 32.42818091 34.03727634 27.45800199 27.29025845 27.18464215
 26.82430417 28.9304175  27.56983101 30.00521869 31.86282306 30.53951292
 33.24826044 32.37847913 32.7388171  32.91898608 33.17370775 26.5695825
 25.87375746 27.33374751 26.33971173 27.11008946 28.34020875 29.45228628
 29.57032803 32.63941352 31.03653082 34.11804175 32.04299205 31.56461233
 30.83772366 26.55094433 26.98583499 26.40805169 28.57629225 27.28404573
 28.80616302 28.7999503  30.32828032 30.04249503 30.44010934 32.89413519
 31.68265408 33.36630219 33.70178926 27.0417495  26.27137177 26.30243539
 27.47042744 28.37748509 28.81858847 28.42097416 29.42122266 30.01764414
 32.21694831 32.91277336 33.24204771 31.29746521 31.91252485 33.50298211
 26.58822068 27.62574553 26.79324056 29.14786282 27.22813121 29.2721173
 29.96794235 31.22291252 31.38444334 31.83175944 31.9000994  32.88170974
 33.80740557 34.32306163 25.96694831 27.3834493  26.79945328 27.54498012
 29.26590457 28.222167   29.72564612 28.40854871 30.48981113 31.01789264
 29.80641153 30.88742545 32.55864811 33.27311133 25.98558648 26.17196819
 26.81187873 29.24105368 29.81262425 27.75621272 27.68787276 28.93663022
 29.65730616 32.09269384 32.29771372 31.93116302 31.347167   32.52137177
 35.96322068 26.805666  ]",69891.63169245396
2025-06-15 15:15:00+00:00,915,6708.030000000001,9.0,29.9948870191767,29.837568339960235,34.18638170974155,"[27.69408549 28.25323062 27.52634195 30.22887674 28.27808151 29.34045726
 32.14860835 30.34691849 31.64537773 32.20452286 33.42842942 32.06784294
 33.08672962 26.89885686 25.25869781 26.32107356 27.54498012 30.98682903
 29.31560636 30.65755467 31.99950298 31.23533797 28.81858847 30.9806163
 31.35959245 33.13021869 32.55864811 28.04199801 27.35238569 26.77460239
 27.22191849 27.06038767 28.40854871 29.6945825  29.9555169  29.12922465
 32.2417992  30.94333996 32.1361829  33.34766402 33.03081511 25.75571571
 27.07902584 27.66923459 29.39637177 29.42743539 28.53280318 29.1416501
 29.07952286 33.04945328 31.09244533 31.23533797 33.08672962 31.67022863
 33.63966203 33.72042744 26.58822068 27.96744533 29.70700795 26.47639165
 28.97390656 28.17867793 28.25323062 30.88742545 31.12972167 31.97465209
 32.85064612 32.56486083 32.98732604 33.2917495  26.01043738 28.33399602
 27.92395626 26.64413519 28.65705765 27.78727634 29.20999006 29.18513917
 28.93663022 31.42171968 30.80666004 31.87524851 34.14289264 34.13667992
 25.24627237 28.08548708 27.45800199 28.59493042 27.14115308 29.20377734
 27.55119284 29.90581511 29.76292247 32.12375746 29.97415507 33.28553678
 32.18588469 32.0305666  33.49676938 24.83001988 27.55740557 29.86232604
 27.56361829 28.02957256 29.46471173 29.58275348 29.52062624 32.01814115
 31.20427435 30.81908549 30.52708748 33.39736581 33.06187873 26.03528827
 27.42693837 28.34020875 29.43364811 27.94259443 29.06088469 28.55144135
 30.17296223 31.21048708 29.88717694 30.99925447 31.54597416 31.61431412
 34.18638171 26.16575547 25.57554672 27.63195825 26.81809145 27.32753479
 27.76242545 29.41500994 29.27833002 29.76292247 31.53354871 32.52758449
 30.93712724 31.75099404 33.26068588 25.32703777 26.08499006 28.42718688
 27.94880716 27.84940358 29.93687873 29.39637177 29.78777336 30.14811133
 30.5084493  31.43414513 32.38469185 33.73906561 33.60859841 33.68936382
 26.37698807 26.19060636 27.74378728 27.86804175 27.25919483 29.59517893
 29.65109344 31.31610338 29.62624254 29.83126243 31.27261431 32.01814115
 32.49652087 34.02485089 25.81784294 28.32157058 28.02335984 29.04224652
 28.35263419 29.06088469 27.3026839  31.41550696 30.85014911 30.17296223
 32.26043738 32.83822068 33.38494036 32.8195825  26.03528827 27.49527833
 26.99826044 28.1165507  26.55715706 27.86804175 29.84368787 30.03628231
 29.86853877 30.14811133 32.89413519 32.78230616 32.29150099 33.82604374
 32.51515905 26.25894632]",70240.49401135756
2025-06-15 15:16:00+00:00,916,6675.8099999999995,9.0,29.899693812585006,29.737481361829023,34.86356858846918,"[26.805666   28.75024851 27.81212724 28.72539761 27.71893638 28.85586481
 30.71346918 30.34691849 30.35313121 31.86282306 32.3971173  34.26714712
 33.73285288 26.30243539 26.79945328 27.78106362 28.4333996  28.60114314
 28.73782306 29.45228628 31.30367793 30.41525845 31.51491054 32.01192843
 31.75720676 32.24801193 31.70750497 26.45775348 26.89264414 26.8305169
 26.9361332  28.54522863 29.02360835 26.3832008  30.9806163  30.95576541
 28.96769384 30.48359841 32.88170974 31.83175944 34.26093439 25.35188867
 25.40780318 26.32728628 27.31510934 29.32181909 28.694334   29.81262425
 30.66998012 30.53951292 30.76317097 31.35959245 32.50894632 31.39686879
 32.83822068 34.18638171 29.14786282 25.84269384 28.47067594 27.71272366
 27.39587475 28.82480119 28.9304175  30.27236581 30.80044732 31.85039761
 29.66973161 31.99329026 32.24801193 34.86356859 25.69980119 26.89264414
 26.2527336  26.1471173  25.2027833  29.56411531 29.19756461 29.90581511
 29.45849901 31.35959245 30.69483101 31.3223161  32.01192843 33.24204771
 26.15954274 27.03553678 26.3583499  29.12922465 29.70700795 27.22191849
 29.11058648 29.20377734 31.27882704 31.16699801 31.12350895 30.5084493
 33.45949304 32.62077535 33.3166004  27.13494036 27.72514911 27.49527833
 27.50770378 27.07902584 30.03628231 29.60139165 29.94309145 30.84393638
 31.50248509 31.03031809 31.06138171 33.40979125 33.27311133 25.74950298
 26.65656064 28.00472167 30.14189861 30.35934394 28.73161034 29.52683897
 28.98011928 30.25372763 31.1110835  32.26043738 30.79423459 30.15432406
 33.03081511 27.73136183 27.76863817 26.53230616 26.805666   29.43986083
 28.94284294 30.57057654 29.64488072 30.1916004  31.02410537 32.1361829
 32.42196819 30.98682903 31.42793241 26.85536779 27.58225646 27.1722167
 27.89289264 28.3277833  28.0916998  28.9055666  29.74428429 30.06734592
 29.91824056 31.75720676 31.88767396 32.89413519 33.40979125 33.94408549
 28.04199801 28.14761431 28.71918489 28.05442346 27.45178926 28.68812127
 30.26615308 30.57057654 30.48359841 33.97514911 32.01192843 31.61431412
 34.06212724 33.12400596 25.86754473 26.41426441 27.72514911 28.50795229
 26.3832008  27.1722167  29.76913519 29.4833499  29.9555169  30.72589463
 32.25422465 32.42196819 32.75124254 34.06833996 25.87375746 26.96719682
 27.73136183 28.21595427 27.47042744 28.88071571 28.87450298 27.21570577
 31.52733598 30.27857853 31.96222664 32.31635189 32.99975149 32.21073559
 33.26689861 25.81163022]",69922.01561938439
2025-06-15 15:17:00+00:00,917,6658.69,9.0,29.849054244362605,29.6843004473161,35.14314115308151,"[26.68762425 26.24030815 28.40854871 27.13494036 27.97365805 29.68836978
 31.55218688 30.93091451 30.37176938 31.15457256 34.08076541 32.18588469
 32.49030815 26.25894632 26.34592445 28.96148111 28.04821074 27.81212724
 29.42743539 29.34666998 28.94284294 30.81908549 30.98682903 32.50894632
 30.39040755 33.6334493  31.43414513 26.66898608 26.17196819 26.76838966
 27.79970179 28.12276342 30.20402584 29.80641153 30.73832008 30.65134195
 31.22291252 33.19234592 30.57057654 34.32306163 32.31013917 25.68737575
 27.09766402 26.0166501  27.37723658 27.22813121 29.2472664  27.83076541
 28.7750994  31.29125249 32.0305666  28.74403579 32.3722664  33.14885686
 31.25397614 33.45949304 27.15357853 26.07877734 27.8556163  28.07306163
 30.32828032 28.38991054 28.73782306 29.2472664  29.63866799 31.70129225
 31.98086481 32.42818091 33.1861332  32.55243539 27.11630219 26.88021869
 26.66898608 28.09791252 28.61978131 29.80019881 31.17321074 28.48931412
 29.4833499  31.21048708 31.49005964 31.95601392 33.17992048 33.09294235
 24.87972167 27.61332008 28.45203777 29.78777336 29.75670974 27.63817097
 30.0611332  29.3528827  29.5082008  29.12301193 32.15482107 33.31038767
 32.6083499  32.35362823 33.04324056 26.69383698 26.66898608 28.86829026
 27.84319085 28.75024851 27.86182903 30.38419483 31.30989066 28.97390656
 31.77584493 32.44681909 31.21048708 35.14314115 32.57107356 26.17818091
 26.9609841  29.36530815 28.35263419 27.88667992 29.07952286 28.96148111
 29.63245527 32.21073559 29.88096421 32.30392644 33.03081511 32.40954274
 33.41600398 25.69358847 25.60661034 25.87997018 27.55740557 28.57007952
 29.06088469 27.78106362 28.694334   29.53305169 29.79398608 30.60785288
 30.22266402 31.7944831  34.18016899 25.51341948 26.0166501  25.89860835
 27.16600398 27.56361829 29.57654076 28.42097416 28.74403579 29.64488072
 29.34045726 30.53951292 31.23533797 32.94383698 33.14885686 32.8195825
 24.20874751 26.40805169 26.75596421 27.75621272 30.55815109 29.6138171
 29.96172962 31.11729622 30.30342942 30.26615308 32.83822068 32.12375746
 32.63941352 32.91898608 26.47639165 25.72465209 27.40208748 28.93663022
 27.5387674  29.19135189 27.52012922 30.23508946 29.51441352 30.78180915
 31.3223161  31.07380716 33.60238569 31.88146123 27.24676938 27.07281312
 27.84940358 27.58846918 28.66327038 27.56983101 28.68190855 28.57007952
 30.52087475 31.94980119 31.07380716 33.62723658 32.04299205 34.43489066
 34.61505964 24.78031809]",69752.59587993952
2025-06-15 15:18:00+00:00,918,6646.4400000000005,9.0,29.81277913931493,29.646247514910534,34.037276341948306,"[27.09145129 27.26540755 27.52012922 27.9860835  28.84965209 29.53305169
 28.61356859 30.48359841 31.39065606 30.9806163  32.95626243 32.8195825
 33.44085487 26.83672962 27.24676938 28.45203777 26.73732604 27.19706759
 28.44582505 30.63270378 29.8250497  31.86903579 31.0054672  31.29125249
 32.90034791 32.79473161 32.70154076 26.27137177 27.06038767 25.79920477
 27.5387674  28.19110338 29.77534791 28.81858847 29.01739563 30.11083499
 29.74428429 32.04920477 30.93091451 32.40333002 33.09294235 27.42693837
 27.15357853 27.02311133 27.11630219 28.14140159 29.02360835 29.6945825
 30.23508946 29.77534791 30.58921471 31.07380716 32.17967197 32.65805169
 32.2666501  33.49055666 25.53205765 27.01068588 29.17271372 27.42693837
 28.12276342 29.65730616 30.29100398 28.88692843 28.35263419 32.40954274
 32.08026839 31.96843936 31.37201789 32.68290258 26.53851889 26.805666
 28.71918489 25.58175944 27.88667992 27.42693837 29.88717694 29.79398608
 30.56436382 30.40904573 30.96819085 30.2972167  34.03727634 33.43464215
 25.93588469 25.44507952 26.0166501  27.18464215 27.9860835  29.76913519
 29.45849901 28.16003976 30.53951292 30.34691849 30.32206759 31.78827038
 31.35959245 32.25422465 32.24801193 27.22191849 26.81187873 27.27162028
 28.86207753 28.86829026 28.59493042 29.39015905 32.30392644 30.25994036
 30.38419483 30.14811133 33.01838966 31.72614314 32.7139662  24.96048708
 26.65656064 26.3832008  27.11008946 28.29671968 28.64463221 28.06063618
 29.31560636 30.70725646 30.78802187 33.58374751 30.71346918 31.53976143
 32.25422465 25.35188867 28.33399602 26.5695825  26.3583499  28.16003976
 26.69383698 28.64463221 30.60785288 30.40904573 31.19184891 30.69483101
 32.2666501  32.2666501  31.91873757 25.75571571 27.65680915 26.19060636
 27.29025845 28.74403579 30.63270378 29.13543738 29.01739563 31.99950298
 31.44035785 30.81287276 32.14860835 33.73906561 32.73260437 33.90059642
 26.26515905 25.28354871 28.45203777 30.47738569 30.95576541 28.30914513
 30.48359841 30.43389662 31.77584493 31.6640159  31.22291252 32.83822068
 33.60859841 33.28553678 25.6500994  27.02311133 27.39587475 27.99229622
 26.97962227 28.7999503  29.23484095 29.32803181 30.76317097 32.07405567
 31.97465209 32.01814115 31.0862326  33.12400596 25.91724652 25.53827038
 27.68166004 28.93663022 28.41476143 27.94880716 28.59493042 28.99875746
 29.00497018 32.95626243 31.49005964 32.6332008  31.12350895 32.75124254
 32.91277336 26.94234592]",69631.23388849205
2025-06-15 15:19:00+00:00,919,6651.63,9.0,29.827963119599683,29.662369532803176,34.90084493041749,"[26.35213718 27.4083002  28.83101392 28.72539761 28.44582505 29.53305169
 30.35934394 30.62027833 31.41550696 31.72614314 31.73856859 32.1610338
 34.90084493 26.78702783 25.6500994  27.94880716 29.06088469 28.75024851
 29.30318091 28.9304175  29.92445328 31.6640159  30.50223658 31.34095427
 33.4222167  33.39115308 33.32281312 24.65606362 28.24701789 27.91774354
 26.79945328 27.69408549 29.19756461 28.27186879 29.23484095 31.19184891
 30.55193837 30.5084493  30.7445328  31.98707753 31.86282306 26.17818091
 27.50770378 27.03553678 25.93588469 26.35213718 28.86207753 29.58275348
 30.31585487 30.05492048 29.2472664  33.08672962 30.82529821 32.50894632
 32.49652087 31.75720676 25.83648111 25.16550696 28.11033797 28.60735586
 26.7000497  27.57604374 29.63245527 30.20402584 30.62649105 28.91177932
 32.55243539 29.83747515 31.91873757 34.75795229 26.7249006  26.50745527
 27.47664016 28.82480119 29.87475149 28.48310139 30.19781312 30.47117296
 30.24130219 30.89985089 30.58921471 30.85636183 32.24801193 32.17345924
 27.24676938 26.88021869 26.55715706 29.35909543 28.44582505 28.59493042
 26.39562624 29.26590457 30.03628231 31.45899602 31.9000994  32.49652087
 33.32902584 33.04324056 33.44085487 27.01689861 26.61928429 27.60710736
 27.55119284 29.91202783 27.37102386 29.16650099 30.24130219 29.40879722
 28.99254473 32.99975149 31.63295229 33.6334493  33.53404573 25.37052684
 27.05417495 28.76267396 27.50149105 29.05467197 27.44557654 30.63270378
 29.53305169 30.81908549 29.73185885 30.37798211 32.35362823 32.34741551
 33.1861332  26.79324056 25.44507952 26.32107356 27.29647117 27.92395626
 29.76913519 28.85586481 29.84368787 28.96769384 32.57728628 32.11754473
 32.09890656 31.93737575 33.86332008 23.68687873 26.04150099 26.44532803
 27.08523857 27.1722167  28.88071571 29.99279324 29.0360338  30.36555666
 32.03677932 30.85014911 31.52112326 31.32852883 33.26689861 31.99329026
 26.86779324 26.09120278 28.60114314 29.20999006 29.49577535 29.68215706
 28.94905567 31.08001988 31.10487078 30.69483101 33.32281312 33.47191849
 32.10511928 33.21719682 26.22166998 25.48235586 29.20377734 26.92992048
 27.24676938 28.5390159  30.21645129 29.14786282 29.80641153 30.32206759
 30.70104374 31.94980119 31.74478131 32.09890656 26.53851889 25.06610338
 27.31510934 29.20999006 28.21595427 30.1916004  30.6389165  29.34045726
 29.66351889 31.40929423 33.32281312 32.2417992  32.93762425 32.44681909
 32.48409543 27.29025845]",69682.0334129327
2025-06-15 15:20:00+00:00,920,6689.31,9.0,29.93901939597923,29.77941724652087,35.44756461232604,"[27.43315109 26.9361332  28.0916998  29.19756461 27.5387674  29.04224652
 29.04845924 30.75074553 31.55218688 31.93737575 30.99304175 33.3166004
 34.22987078 26.75596421 28.84965209 27.45800199 26.96719682 28.04199801
 29.62002982 29.80019881 30.0859841  30.25372763 29.96172962 31.9000994
 32.21073559 35.44756461 32.76988072 26.23409543 26.32107356 25.28354871
 28.35884692 26.51988072 29.80641153 29.66973161 29.17892644 31.89388668
 30.57678926 32.62077535 31.03031809 31.68265408 33.4222167  25.73086481
 26.30864811 26.74353877 27.9612326  27.05417495 30.99304175 29.81883698
 30.01143141 30.46496024 29.88717694 29.3777336  32.62698807 33.77012922
 33.06809145 33.22962227 25.83026839 28.91799205 26.01043738 28.24701789
 27.93638171 30.40904573 26.89264414 31.68265408 33.40357853 30.47738569
 32.67668986 31.36580517 31.85039761 33.86332008 26.79945328 28.04199801
 28.27186879 27.55740557 28.43961233 28.04821074 28.88071571 30.24130219
 31.44657058 31.3223161  31.86282306 31.63916501 32.52758449 33.60238569
 26.83672962 26.45775348 28.29050696 28.44582505 29.35909543 27.68787276
 28.83101392 29.1167992  30.76317097 30.31585487 30.70725646 31.53976143
 31.21048708 33.43464215 33.28553678 26.66277336 26.41426441 26.77460239
 29.62624254 28.97390656 29.29075547 30.71968191 29.5889662  28.75024851
 31.63916501 30.67619284 32.62698807 32.85064612 32.75745527 29.22241551
 26.66898608 29.88096421 27.3834493  29.67594433 28.694334   32.09269384
 29.65730616 32.72017893 29.96794235 30.94333996 31.52112326 32.04920477
 33.80740557 27.56361829 26.88021869 28.07927435 27.84940358 28.04199801
 29.2472664  29.94309145 30.34691849 29.8250497  31.50248509 30.09840954
 31.65780318 31.71371769 33.16749503 24.35164016 25.57554672 28.41476143
 28.86207753 28.0916998  28.86207753 28.74403579 28.83722664 30.56436382
 30.58921471 31.06759443 29.92445328 31.94980119 32.11754473 32.45303181
 27.6195328  27.87425447 26.86158052 28.25323062 30.402833   29.52683897
 29.40879722 31.15457256 30.07977137 31.17321074 29.85611332 32.22937376
 32.91277336 34.18638171 26.43290258 27.09766402 27.8804672  28.26565606
 27.82455268 29.31560636 26.35213718 26.76217694 31.93116302 31.0054672
 32.79473161 30.40904573 30.24130219 33.39736581 26.31486083 26.31486083
 26.70626243 27.91153082 28.34642147 27.72514911 28.10412525 29.84368787
 30.57057654 31.52112326 32.67668986 32.35984095 30.72589463 33.36630219
 33.13643141 26.68762425]",70053.58329118813
2025-06-15 15:21:00+00:00,921,6658.25,9.0,29.847213813546258,29.68293364811133,34.9256958250497,"[28.96769384 27.00447316 28.58871769 28.41476143 29.58275348 30.60164016
 30.47738569 31.15457256 30.58921471 33.27311133 33.84468191 32.98732604
 31.70129225 25.55690855 28.63841948 26.22166998 26.53230616 27.81212724
 29.19135189 29.25969185 28.81237575 30.83151093 30.51466203 31.9249503
 32.76366799 31.83175944 31.76341948 25.40780318 26.20303181 28.27186879
 28.15382704 26.84294235 29.79398608 29.72564612 31.47142147 30.93712724
 29.50198807 30.72589463 29.52683897 31.58946322 32.19209742 26.1471173
 26.84294235 26.61928429 26.35213718 26.91128231 28.27808151 29.62624254
 30.78802187 30.11083499 31.83175944 31.06138171 33.70178926 31.43414513
 32.49652087 34.88220676 24.24602386 27.70029821 27.11630219 28.12276342
 28.34020875 27.94880716 29.36530815 30.04870775 31.86282306 32.29771372
 30.75695825 32.08648111 31.44657058 32.21694831 25.25869781 26.53851889
 27.20328032 27.75       27.42693837 27.63817097 30.57678926 31.48384692
 29.65730616 30.93712724 31.40929423 33.17992048 33.27311133 34.68961233
 24.91078529 26.53851889 28.89314115 25.15308151 27.57604374 28.17867793
 28.68812127 29.39015905 30.01764414 31.72614314 31.83797217 31.15457256
 33.01217694 31.6888668  33.53404573 26.11605368 24.94184891 27.8556163
 28.97390656 26.76217694 29.29696819 31.41550696 29.72564612 30.99925447
 30.49602386 32.40333002 32.80094433 30.97440358 32.73260437 26.58822068
 28.13518887 29.4833499  28.09791252 27.84319085 27.67544732 28.51416501
 29.81883698 30.84393638 31.03031809 29.76913519 32.55243539 32.44060636
 32.77609344 26.7249006  26.86779324 27.11630219 27.55740557 28.24701789
 28.74403579 29.1167992  28.92420477 30.60164016 30.95576541 31.03653082
 31.76963221 34.92569583 33.15506958 27.29647117 24.90457256 27.277833
 27.48285288 27.81212724 29.37152087 26.7000497  31.98086481 32.06163022
 31.13593439 31.68265408 32.52758449 32.0305666  33.64587475 32.79473161
 25.96694831 25.94831014 27.79970179 27.99850895 27.26540755 28.65084493
 30.60785288 30.32206759 29.52683897 31.12972167 32.99975149 31.09244533
 31.52112326 32.3971173  26.06635189 27.1722167  25.56312127 25.68737575
 28.94905567 29.21620278 29.78156064 27.70029821 30.57057654 31.46520875
 31.67644135 32.95626243 32.76988072 32.99353877 27.12251491 26.51366799
 24.87972167 26.95477137 28.07927435 29.85611332 29.0111829  28.37127237
 31.17942346 32.24801193 31.44035785 32.78230616 33.04945328 34.29821074
 33.90680915 26.43911531]",69746.43853460035
2025-06-15 15:22:00+00:00,922,6653.5199999999995,9.0,29.833102103214724,29.668240556660038,35.04995029821073,"[27.32753479 28.76267396 28.02957256 28.79373757 30.23508946 29.78156064
 28.70675944 30.84393638 31.2166998  31.60188867 31.96843936 31.36580517
 32.99975149 26.49502982 27.01689861 27.20949304 26.45775348 28.68812127
 28.6694831  29.07331014 28.96769384 29.26590457 30.84393638 33.20477137
 30.49602386 30.30964215 31.2415507  26.9361332  26.50745527 27.60710736
 27.27162028 28.55765408 30.00521869 28.32157058 29.52683897 29.57654076
 31.47142147 30.51466203 33.01838966 31.25397614 32.42818091 25.20899602
 27.50149105 26.68762425 25.66873757 28.63841948 30.45253479 28.7750994
 29.22241551 31.2415507  30.90606362 31.12972167 30.0611332  31.13593439
 30.60785288 33.00596421 26.22166998 26.77460239 30.32206759 28.06684891
 29.23484095 29.05467197 30.98682903 31.0054672  29.28454274 31.73235586
 31.91873757 31.21048708 33.03081511 33.527833   27.29647117 27.97987078
 26.99826044 26.41426441 26.83672962 28.58871769 29.930666   28.60735586
 30.20402584 31.94358847 31.80690855 31.67022863 33.00596421 32.57728628
 26.07877734 26.79324056 26.58822068 26.86779324 29.53926441 28.23459245
 30.52087475 29.01739563 27.53255467 31.11729622 32.15482107 32.68290258
 32.6083499  31.65159046 33.7887674  26.14090457 28.16003976 27.28404573
 28.38369781 27.75       28.81237575 31.49005964 29.66973161 31.0862326
 31.09244533 31.99329026 32.54000994 31.57082505 34.32306163 26.92992048
 26.77460239 27.81833996 27.37102386 27.48906561 28.61356859 28.86207753
 29.30939364 28.94284294 32.10511928 30.20402584 31.96222664 31.93737575
 32.82579523 26.48260437 27.47042744 26.04771372 27.70651093 29.80019881
 30.402833   28.47688867 30.97440358 30.46496024 30.20402584 31.4527833
 33.45949304 29.37152087 33.16128231 27.16600398 26.82430417 26.44532803
 29.31560636 28.36505964 28.20352883 29.50198807 27.84940358 29.99279324
 31.21048708 31.60810139 31.57703777 33.3166004  33.24204771 32.7139662
 26.81187873 27.45178926 28.04821074 26.5944334  28.52037773 27.53255467
 29.91824056 30.80044732 31.23533797 31.5832505  31.47142147 31.6888668
 34.45352883 35.0499503  25.99801193 26.09741551 26.33349901 28.66327038
 28.81858847 27.42072565 29.66351889 30.30964215 29.08573559 32.14239563
 31.14835984 32.31635189 32.59592445 32.8444334  26.91749503 26.83672962
 27.48906561 27.33996024 28.65705765 28.79373757 30.18538767 28.71297217
 30.66998012 29.81262425 31.26640159 32.61456262 31.28503976 31.89388668
 32.03677932 26.06635189]",69699.2263965152
2025-06-15 15:23:00+00:00,923,6655.610000000001,9.0,29.839109404582658,29.674732852882702,35.27982107355865,"[27.80591451 26.9609841  28.4582505  28.08548708 29.62002982 28.87450298
 29.13543738 31.10487078 31.60188867 31.93737575 30.70725646 33.88195825
 33.6583002  25.3083996  26.71247515 27.277833   29.45228628 28.79373757
 29.1167992  29.81262425 29.36530815 30.5084493  31.29125249 30.34691849
 32.30392644 30.80666004 31.72614314 26.2527336  26.48260437 26.0166501
 28.20352883 28.18489066 29.29075547 28.21595427 28.84343936 30.09840954
 29.94930417 31.61431412 30.4276839  31.30989066 32.58349901 27.18464215
 26.64413519 27.8556163  28.21595427 28.76267396 28.74403579 29.86853877
 29.17892644 30.03628231 30.83151093 30.88742545 31.45899602 32.46545726
 33.22340954 35.27982107 25.90482107 25.66873757 26.49502982 29.33424453
 28.61356859 29.36530815 29.0360338  29.53305169 32.22937376 31.4527833
 30.30964215 32.43439364 31.71371769 34.06833996 27.8556163  26.06013917
 28.91177932 26.33971173 28.08548708 27.68787276 28.55765408 29.39015905
 31.17321074 29.98658052 31.74478131 32.74502982 33.09294235 34.58399602
 26.19060636 26.67519881 27.94259443 26.69383698 28.76888668 30.09219682
 28.71297217 31.347167   30.04249503 29.89338966 31.57703777 31.1110835
 31.7944831  33.44085487 33.09294235 25.85511928 26.48260437 27.73136183
 26.63792247 29.76913519 28.93663022 28.12276342 28.16003976 29.63245527
 31.18563618 32.1610338  32.62077535 32.33499006 31.99950298 26.04771372
 25.58175944 28.30293241 28.9055666  28.34020875 29.5889662  30.0611332
 29.66351889 31.0862326  32.12375746 32.26043738 33.6334493  34.52186879
 33.39115308 25.78677932 28.04821074 27.40208748 27.10387674 27.29647117
 29.13543738 29.2721173  30.19781312 30.27857853 31.35959245 31.29125249
 31.06138171 32.65805169 33.6334493  25.61903579 26.91749503 27.99229622
 27.72514911 28.18489066 27.5139165  29.20377734 31.02410537 30.4276839
 30.09840954 29.55168986 32.21694831 29.930666   31.80069583 33.62723658
 25.55069583 25.96073559 28.04199801 27.07281312 28.16003976 27.29647117
 30.22887674 29.53926441 29.59517893 33.12400596 32.03677932 31.58946322
 31.57703777 33.19234592 27.65059642 27.14115308 28.19110338 28.12897614
 29.54547714 30.7445328  28.73161034 28.76888668 30.98682903 31.91873757
 30.42147117 32.34120278 31.14835984 32.44060636 26.91749503 25.79920477
 26.53851889 26.53851889 28.40854871 28.64463221 29.6138171  30.45874751
 29.19135189 30.48981113 31.03653082 32.47166998 31.37823062 32.36605368
 33.04324056 26.91128231]",69719.32442397173
2025-06-15 15:24:00+00:00,924,6638.83,9.0,29.789423407085174,29.62260810139165,34.882206759443335,"[26.67519881 27.21570577 28.06684891 28.81237575 28.88692843 28.08548708
 30.94333996 30.10462227 32.64562624 31.91873757 32.67668986 33.26068588
 34.88220676 25.69358847 25.90482107 28.62599404 26.07256461 28.41476143
 29.35909543 27.66923459 29.70079523 31.52112326 30.73210736 32.26043738
 31.39065606 33.46570577 34.87599404 25.55069583 27.02932406 27.29647117
 26.32107356 27.4083002  27.05417495 29.04224652 29.48956262 29.7194334
 31.74478131 31.75099404 34.07455268 32.25422465 33.91302187 26.79324056
 27.12251491 27.76863817 27.62574553 27.61332008 27.33374751 28.42718688
 28.76267396 30.42147117 30.64512922 32.32256461 31.30367793 32.93762425
 33.8695328  31.84418489 24.60014911 26.16575547 27.68787276 29.2721173
 27.77485089 29.3777336  27.96744533 29.09194831 29.89960239 28.84343936
 31.49005964 32.02435388 32.88792247 32.28528827 24.78653082 26.06013917
 26.805666   27.07281312 29.17892644 28.98011928 28.52659046 28.71918489
 29.40258449 31.62673956 31.35337972 30.58300199 32.41575547 33.47813121
 27.49527833 26.64413519 26.16575547 29.40258449 26.74353877 29.94309145
 27.55740557 29.34045726 30.30342942 30.10462227 30.81908549 31.71371769
 31.44035785 33.16749503 32.79473161 27.38966203 28.29671968 28.10412525
 27.25298211 28.18489066 28.98633201 30.402833   29.91824056 29.90581511
 30.77559642 30.5333002  31.87524851 32.82579523 30.96819085 25.23384692
 25.96694831 27.48285288 28.50795229 27.76242545 28.40233598 29.75670974
 30.47117296 29.83126243 31.76341948 32.09890656 33.97514911 31.54597416
 32.19831014 25.21520875 27.36481113 27.52634195 27.53255467 27.99229622
 28.1165507  30.24751491 29.05467197 31.0862326  30.70104374 28.91799205
 32.75745527 33.08672962 32.60213718 26.12847913 25.46371769 28.5390159
 28.06063618 28.24080517 29.16650099 28.67569583 29.23484095 29.39015905
 30.7693837  33.02460239 32.08026839 33.00596421 33.7639165  32.9500497
 27.94880716 27.66923459 25.78677932 28.47688867 27.8804672  30.34691849
 28.58871769 29.90581511 30.09219682 30.55193837 32.72639165 31.65780318
 33.10536779 33.04945328 27.19706759 27.94880716 28.99254473 26.92370775
 27.37102386 28.36505964 30.11083499 30.17296223 30.17296223 31.02410537
 30.96819085 32.56486083 32.27907555 34.06833996 25.85511928 26.81809145
 26.27137177 26.91749503 25.79299205 27.55119284 29.6138171  29.67594433
 31.37823062 27.95501988 30.0859841  33.96893638 33.67693837 33.16749503
 32.69532803 26.74353877]",69553.09495074415
2025-06-15 15:25:00+00:00,925,6670.47,9.0,29.882619847012293,29.720893389662024,34.813866799204774,"[27.60710736 26.73111332 27.80591451 29.43364811 29.75670974 29.76913519
 30.7693837  29.42122266 30.91227634 32.27907555 33.24204771 31.30989066
 32.33499006 27.14736581 27.77485089 28.10412525 28.87450298 27.35238569
 29.45228628 28.29671968 29.63866799 30.78180915 31.72614314 33.11779324
 31.60810139 32.6083499  32.09890656 26.53851889 27.8804672  26.81809145
 27.63817097 27.50770378 28.694334   27.02311133 29.97415507 29.98658052
 30.19781312 32.80715706 31.14214712 34.31063618 33.34766402 26.30243539
 27.28404573 26.50745527 26.71247515 27.78106362 29.43364811 29.57032803
 30.39040755 30.13568588 32.60213718 31.09865805 32.44060636 32.19209742
 31.47763419 34.72067594 26.43290258 28.29050696 29.88096421 27.8556163
 29.23484095 29.4833499  28.78752485 28.99875746 29.80641153 30.60785288
 32.27286282 31.91873757 30.71346918 34.04348907 25.70601392 28.4333996
 28.16625249 28.35884692 28.3277833  30.10462227 29.2721173  29.08573559
 28.81858847 31.49627237 30.85636183 32.57107356 32.35984095 33.68936382
 23.87947316 26.32107356 27.8804672  27.44557654 29.20999006 29.12301193
 29.07331014 29.91202783 32.12375746 29.40258449 33.22340954 31.48384692
 31.9000994  31.97465209 33.34766402 25.34567594 27.90531809 27.47042744
 29.2721173  29.17892644 28.73161034 28.91177932 31.99329026 29.25347913
 30.25372763 33.25447316 33.27311133 33.44706759 32.58971173 27.68166004
 28.95526839 26.15954274 29.12922465 28.87450298 29.96172962 29.63866799
 30.38419483 30.19781312 31.01167992 31.11729622 29.83747515 33.48434394
 33.51540755 25.48856859 26.22166998 26.06013917 27.65680915 28.63841948
 27.65680915 29.14786282 29.68215706 28.91177932 30.1916004  31.05516899
 31.47763419 31.56461233 31.65159046 25.19657058 25.3332505  26.60685885
 27.19085487 27.63817097 28.84343936 29.29696819 30.17296223 31.43414513
 29.3777336  30.91848907 32.3722664  31.60810139 33.85089463 32.77609344
 26.5944334  27.0666004  27.73136183 26.8305169  28.74403579 27.58225646
 29.42743539 29.90581511 30.44010934 31.76963221 31.22912525 32.24801193
 31.94358847 33.06187873 25.3083996  26.9361332  27.39587475 27.53255467
 27.9860835  28.37748509 28.38369781 29.54547714 29.29696819 31.94358847
 32.08648111 29.91824056 34.8138668  33.8695328  26.30864811 27.05417495
 28.04199801 26.70626243 27.47664016 27.74378728 30.44010934 31.24776342
 30.50223658 30.44010934 32.09269384 31.91252485 30.93712724 32.90656064
 33.57753479 25.62524851]",69864.89296016433
2025-06-15 15:26:00+00:00,926,6643.76,9.0,29.803615787827027,29.63792246520875,34.31684890656064,"[26.53230616 26.91749503 27.09145129 29.07331014 28.99254473 30.22887674
 30.10462227 30.85014911 31.6640159  31.76963221 31.23533797 33.19855865
 34.04970179 25.92345924 27.02311133 27.12872763 25.71843936 29.42122266
 30.07355865 30.75695825 28.75646123 30.38419483 31.40929423 31.83175944
 33.11158052 31.30367793 33.38494036 25.55690855 25.79299205 27.27162028
 27.17842942 29.1416501  27.9612326  29.6945825  29.68836978 29.22862823
 31.11729622 31.67644135 32.57728628 32.3722664  31.71993042 25.42644135
 25.50099404 26.07256461 28.88071571 29.54547714 28.70675944 29.65730616
 28.55765408 30.36555666 31.29125249 31.31610338 32.58971173 32.19831014
 32.32877734 33.49055666 27.63195825 24.98533797 25.73707753 30.29100398
 27.89910537 31.57703777 30.34070577 28.96769384 31.11729622 29.06088469
 32.73260437 31.87524851 31.35959245 32.60213718 26.41426441 27.06038767
 28.63841948 27.65059642 28.01093439 29.66351889 30.40904573 30.94955268
 29.96794235 31.11729622 31.46520875 31.77584493 32.54000994 33.00596421
 26.52609344 26.78081511 25.44507952 27.60089463 26.1222664  28.88692843
 28.14761431 29.44607356 29.71322068 29.75049702 32.85685885 32.4778827
 34.18638171 33.07430417 33.27932406 24.69333996 27.25919483 28.30293241
 27.62574553 27.8804672  27.55119284 30.83151093 28.64463221 29.73185885
 31.1110835  29.84368787 31.48384692 31.26018887 32.66426441 27.63817097
 26.68141153 27.56361829 29.19135189 28.19110338 28.72539761 30.39040755
 30.05492048 32.1610338  29.43986083 31.27261431 30.58921471 30.78180915
 34.31684891 25.97316103 25.89860835 27.10387674 29.19135189 28.70675944
 27.6443837  29.48956262 29.60139165 31.32852883 31.96222664 30.58921471
 30.09219682 31.83797217 33.14264414 27.07902584 26.33349901 27.86182903
 26.09120278 28.0916998  28.93663022 28.16003976 29.50198807 32.67668986
 29.41500994 32.42196819 32.02435388 32.92519881 32.59592445 32.99975149
 25.87375746 28.50173956 29.1416501  27.86804175 29.65730616 28.64463221
 29.45228628 29.70700795 30.09219682 31.73235586 31.1110835  31.59567594
 30.62027833 32.61456262 26.48260437 27.3834493  27.35238569 28.4333996
 30.26615308 27.54498012 31.47142147 27.93638171 29.72564612 29.57032803
 29.80019881 32.15482107 31.51491054 32.86307157 24.88593439 27.277833
 25.9917992  28.52659046 28.58250497 29.30939364 28.72539761 28.87450298
 30.81908549 29.64488072 31.26640159 31.05516899 32.90034791 33.29796223
 31.75099404 26.02286282]",69600.5769797541
2025-06-15 15:27:00+00:00,927,6669.24,9.0,29.8786196077398,29.717072564612323,34.42867793240556,"[27.40208748 28.23459245 28.94284294 29.930666   28.57007952 30.16053678
 30.06734592 28.67569583 31.75099404 30.43389662 31.19806163 32.44060636
 32.47166998 27.49527833 26.89885686 27.53255467 27.277833   29.39637177
 28.26565606 28.37127237 29.930666   30.47117296 30.62649105 29.70079523
 30.96819085 33.49676938 32.53379722 26.81809145 28.20974155 26.88643141
 27.58846918 28.34020875 29.0111829  28.87450298 30.39040755 31.96843936
 29.29696819 31.7944831  32.31635189 31.98707753 31.83175944 26.69383698
 26.63170974 28.37748509 28.62599404 27.8556163  27.69408549 29.73185885
 29.83747515 30.81908549 30.40904573 32.34120278 31.96843936 31.01167992
 30.67619284 32.54000994 27.10387674 27.48906561 29.39015905 28.31535785
 28.63841948 29.07952286 30.65134195 31.45899602 31.27261431 29.91202783
 31.5832505  31.47763419 34.42867793 33.79498012 27.55740557 26.4888171
 28.33399602 27.81833996 27.99229622 27.57604374 30.01143141 28.14140159
 30.5333002  31.20427435 32.0305666  31.67644135 31.49627237 31.89388668
 25.46993042 27.24676938 25.79299205 27.04796223 28.61356859 30.402833
 29.63866799 30.93712724 32.0305666  30.89363817 31.69507952 32.98732604
 32.66426441 32.11133201 32.99353877 25.62524851 26.53230616 27.35238569
 28.01093439 30.37798211 29.25969185 29.86853877 31.52112326 31.10487078
 32.67668986 31.47142147 33.56510934 32.17345924 32.42818091 26.24652087
 26.07256461 27.82455268 28.68812127 26.53851889 28.72539761 32.03677932
 31.04274354 31.01789264 32.60213718 32.06784294 31.55218688 32.08648111
 33.13021869 25.50099404 27.34617296 28.91177932 27.88667992 27.62574553
 28.83722664 29.0111829  28.58250497 31.25397614 30.22887674 30.68861829
 31.12972167 33.63966203 33.68315109 24.16525845 25.32082505 27.11008946
 26.75596421 27.39587475 28.84343936 28.17246521 30.82529821 29.1167992
 29.06088469 32.14239563 32.77609344 31.37201789 33.22340954 33.54647117
 25.72465209 27.3026839  27.12872763 27.55119284 28.13518887 29.52683897
 28.88692843 29.08573559 32.62698807 31.36580517 31.6888668  31.59567594
 32.29771372 32.79473161 26.69383698 26.78702783 27.69408549 27.6195328
 28.29050696 28.27186879 28.85586481 29.96794235 31.04274354 30.11704771
 32.04299205 32.35362823 32.0305666  31.71371769 24.36406561 25.83026839
 27.34617296 26.42668986 27.87425447 29.04845924 28.74403579 29.68836978
 30.5333002  31.10487078 30.34691849 31.50869781 32.3971173  31.68265408
 33.68936382 26.23409543]",69851.50975965429
2025-06-15 15:28:00+00:00,928,6665.03,9.0,29.865999849112015,29.703994781312126,34.52186878727634,"[25.40159046 28.4582505  28.46446322 29.67594433 28.13518887 29.76913519
 31.63916501 30.42147117 30.83772366 31.38444334 32.60213718 32.18588469
 33.1861332  28.50795229 27.37102386 25.50099404 28.29671968 28.81858847
 27.8556163  29.57032803 31.96222664 29.80019881 33.28553678 33.11779324
 32.17345924 32.60213718 31.67022863 28.30914513 26.3832008  29.14786282
 27.8804672  28.28429423 29.97415507 30.51466203 29.30318091 28.88071571
 31.4527833  31.52112326 31.50869781 32.7388171  32.34741551 24.40755467
 27.66302187 27.56361829 29.04845924 27.43315109 29.39015905 27.82455268
 29.07331014 30.07355865 31.57703777 31.70129225 31.39065606 34.24850895
 32.42818091 32.89413519 26.60685885 27.35859841 26.98583499 28.08548708
 27.59468191 30.96819085 30.27236581 29.77534791 29.16028827 30.07977137
 30.49602386 31.84418489 34.52186879 32.83200795 27.47664016 27.07281312
 28.7999503  25.89860835 30.24130219 27.87425447 29.53926441 30.85014911
 28.50173956 30.6389165  31.86282306 31.86282306 31.90631213 34.11804175
 24.83001988 26.29000994 26.99204771 27.76863817 28.4582505  29.74428429
 29.72564612 28.50795229 31.0054672  30.73832008 31.86903579 32.19209742
 31.28503976 32.57107356 33.16749503 25.97937376 27.15357853 26.97962227
 27.5387674  28.27186879 28.48310139 30.09219682 29.52683897 28.21595427
 29.97415507 31.22291252 33.67693837 32.0305666  31.62673956 25.3083996
 27.97365805 27.4083002  26.89264414 27.14736581 28.93663022 29.37152087
 29.94309145 31.30989066 31.18563618 31.11729622 33.2109841  33.6583002
 32.00571571 27.32132207 26.32728628 28.14140159 29.00497018 28.29050696
 28.96769384 29.43986083 30.32206759 30.76317097 30.60164016 32.22937376
 29.45228628 33.51540755 32.8444334  26.97962227 26.22166998 28.02957256
 26.43911531 27.52634195 28.67569583 28.40854871 30.12947316 30.20402584
 30.58921471 32.09890656 32.37847913 31.37201789 33.29796223 32.40333002
 25.68116302 27.15979125 29.35909543 29.15407555 28.58250497 28.58871769
 29.42122266 29.66351889 29.92445328 31.29125249 31.72614314 31.83797217
 31.18563618 32.8444334  24.63121272 24.42619284 27.92395626 27.22813121
 27.33996024 28.15382704 28.81237575 29.28454274 31.07380716 31.36580517
 31.78827038 33.80119284 30.85014911 32.79473161 25.22763419 25.50099404
 28.01093439 27.36481113 29.54547714 30.00521869 29.18513917 29.0360338
 29.2721173  29.83126243 30.75695825 29.62002982 33.49676938 33.09915507
 33.80740557 26.89885686]",69809.28909518916
2025-06-15 15:29:00+00:00,929,6627.09,9.0,29.753834298972833,29.586139413518886,35.31709741550696,"[27.87425447 26.97340954 28.02335984 29.02360835 29.68836978 30.24130219
 27.90531809 30.34070577 31.37201789 32.32877734 33.06809145 32.0554175
 32.51515905 26.02907555 29.17892644 27.39587475 28.20352883 27.90531809
 31.06138171 30.25372763 30.94955268 30.19781312 29.86232604 31.49627237
 32.9749006  32.42196819 33.44706759 26.7249006  27.56361829 25.25869781
 27.68166004 27.50770378 28.83722664 29.18513917 29.28454274 30.85636183
 30.59542744 31.85661034 32.10511928 31.60188867 32.19831014 26.89885686
 26.44532803 25.4140159  28.07306163 28.52659046 28.61978131 27.67544732
 29.70700795 29.57032803 29.30318091 28.57007952 31.96222664 31.80690855
 31.75720676 35.31709742 26.23409543 26.30243539 27.91774354 27.68787276
 28.71297217 30.58921471 30.78180915 29.63245527 31.08001988 30.65755467
 30.37176938 32.65183897 32.00571571 34.01863817 27.00447316 24.37027833
 26.60685885 28.33399602 29.12922465 27.86804175 28.11033797 31.25397614
 28.94284294 31.19806163 31.09244533 32.49652087 33.69557654 34.67097416
 26.9361332  27.75621272 26.76217694 27.76242545 28.76888668 28.95526839
 28.59493042 28.20352883 29.92445328 31.31610338 32.19209742 30.19781312
 32.60213718 32.78851889 33.49676938 26.9609841  27.81833996 27.00447316
 27.04796223 27.93638171 29.02982107 29.28454274 29.07331014 29.65109344
 28.02335984 32.14860835 31.07380716 32.17345924 34.05591451 25.50720676
 26.88643141 26.94234592 26.36456262 29.86232604 30.97440358 28.25323062
 30.17917495 29.96172962 30.96819085 32.25422465 32.78851889 31.6888668
 32.28528827 26.58822068 26.4888171  29.02360835 27.96744533 28.37127237
 28.75646123 28.75646123 29.7194334  31.09865805 30.63270378 30.56436382
 31.90631213 33.11779324 32.57728628 26.44532803 25.53827038 27.14115308
 26.43911531 27.65059642 28.222167   30.03006958 27.8804672  28.52037773
 31.05516899 29.49577535 30.89985089 32.1361829  31.47763419 33.8695328
 25.98558648 26.90506958 26.53851889 27.47042744 28.22837972 28.30293241
 28.4582505  29.94930417 28.0916998  30.58921471 32.16724652 32.35984095
 32.75124254 34.18016899 27.9612326  27.33374751 26.29622266 28.00472167
 28.32157058 28.86207753 27.63817097 29.70700795 29.20999006 30.78180915
 30.78180915 30.4276839  31.94980119 33.16128231 26.5944334  27.12251491
 28.12276342 28.20352883 28.52659046 27.91153082 27.91774354 29.3777336
 29.85611332 30.7445328  31.83797217 31.5832505  31.98086481 31.80069583
 34.22987078 27.0666004 ]",69434.02803064352
2025-06-15 15:30:00+00:00,930,6595.799999999999,9.0,29.66128610730941,29.488941351888666,34.608846918489064,"[28.13518887 27.60089463 27.35238569 28.78131213 28.75024851 27.78106362
 29.2721173  32.1610338  29.6138171  32.38469185 32.12997018 30.89363817
 32.92519881 25.68116302 28.39612326 25.90482107 29.66351889 28.58871769
 29.99900596 28.23459245 28.81858847 30.29100398 32.04299205 30.38419483
 31.58946322 33.06187873 31.91252485 25.12201789 25.91724652 26.16575547
 27.03553678 28.34642147 28.79373757 30.29100398 28.38369781 30.19781312
 30.25372763 31.03653082 31.09244533 33.39736581 34.60884692 26.13469185
 24.91078529 26.57579523 26.19681909 27.52012922 28.88692843 28.18489066
 29.71322068 30.71346918 30.6637674  30.1916004  30.51466203 31.94980119
 33.03702783 32.88170974 26.23409543 26.62549702 26.16575547 29.36530815
 27.3834493  28.6694831  30.14811133 29.20999006 29.99900596 31.38444334
 30.402833   32.42196819 32.39090457 32.42818091 26.02286282 26.60064612
 26.75596421 29.94930417 29.34666998 29.00497018 29.87475149 29.6945825
 29.75670974 30.44010934 32.63941352 31.93737575 32.66426441 33.00596421
 24.78653082 27.47664016 27.14736581 26.81187873 28.44582505 29.0360338
 28.83101392 28.25944334 28.52659046 28.42718688 30.47117296 30.875
 30.25994036 32.72639165 34.00621272 27.13494036 24.74304175 26.91749503
 27.8556163  27.97987078 29.00497018 28.96769384 30.25994036 30.35934394
 31.86903579 31.52733598 31.83797217 33.03081511 31.90631213 26.14090457
 27.0417495  27.79348907 27.45800199 30.22266402 28.11033797 28.694334
 30.46496024 31.55218688 29.76913519 31.29746521 31.49005964 32.07405567
 32.40333002 25.08474155 24.23981113 27.8804672  27.9860835  28.99875746
 30.54572565 29.60760437 29.16650099 29.29696819 30.55193837 29.87475149
 30.88742545 31.62673956 33.7887674  25.96073559 25.81784294 28.00472167
 27.89910537 27.40208748 28.7750994  27.46421471 29.73185885 30.13568588
 30.95576541 31.44657058 31.38444334 33.49055666 31.56461233 33.27311133
 26.88643141 28.07927435 28.61356859 28.96148111 27.72514911 29.12301193
 30.11704771 29.24105368 29.71322068 30.21023857 30.04870775 32.57107356
 32.82579523 32.25422465 25.25869781 27.32132207 26.57579523 28.25323062
 27.6443837  29.37152087 27.68787276 31.57703777 28.78752485 31.50869781
 30.94333996 31.78205765 31.89388668 33.28553678 25.05367793 28.25323062
 28.29050696 27.33996024 27.63195825 28.70675944 28.14140159 30.2972167
 30.15432406 31.12350895 31.40308151 31.80690855 31.25397614 32.37847913
 32.6083499  26.65656064]",69124.39880061438
2025-06-15 15:31:00+00:00,931,6628.959999999999,9.0,29.75892560615229,29.591948310139163,34.60263419483101,"[26.15333002 28.12897614 29.01739563 27.55119284 28.03578529 29.06088469
 30.01143141 30.70104374 30.402833   32.04920477 31.23533797 33.52162028
 34.60263419 24.91078529 26.83672962 27.03553678 29.8499006  27.84319085
 28.75646123 28.76888668 29.41500994 29.07952286 31.72614314 31.4527833
 31.80069583 32.91277336 32.83822068 26.1471173  25.18414513 27.03553678
 27.79348907 29.50198807 29.47713718 29.83126243 28.99875746 31.60188867
 31.22912525 32.72017893 31.08001988 32.28528827 30.96197813 26.37077535
 27.31510934 26.48260437 29.57654076 27.37723658 26.99204771 30.03006958
 29.19756461 31.44657058 31.85661034 31.7944831  30.82529821 31.16699801
 31.73856859 33.01217694 27.16600398 24.95427435 27.277833   28.65084493
 28.13518887 29.36530815 28.80616302 29.55168986 30.76317097 31.37823062
 32.0554175  29.78156064 31.5832505  33.46570577 27.09766402 27.55740557
 26.98583499 27.44557654 27.68787276 28.61356859 29.40879722 30.1916004
 28.7750994  29.92445328 29.91202783 31.72614314 32.6083499  31.25397614
 25.90482107 27.95501988 26.85536779 28.14140159 28.65084493 28.43961233
 28.55144135 29.26590457 29.09816103 31.39686879 30.34691849 30.67619284
 32.75124254 34.14910537 32.7139662  26.48260437 27.58846918 28.89935388
 29.09194831 26.62549702 27.68787276 30.01764414 30.89363817 30.96197813
 30.89985089 32.42196819 33.49676938 32.10511928 34.28578529 26.06635189
 25.89860835 26.74353877 28.94905567 28.34020875 29.25347913 28.73161034
 30.44632207 30.98682903 31.62052684 32.19831014 31.53354871 33.50298211
 33.24204771 24.35164016 26.62549702 27.02932406 27.3026839  28.51416501
 28.27808151 28.1165507  30.28479125 29.52683897 31.80069583 31.87524851
 30.84393638 32.30392644 32.7388171  23.97887674 27.32753479 28.12897614
 28.99875746 29.76292247 28.9055666  29.08573559 29.6945825  29.65109344
 29.04224652 31.98086481 29.94930417 31.99329026 32.31013917 33.67072565
 27.54498012 25.38916501 28.04821074 27.44557654 27.81212724 28.39612326
 29.86232604 31.04274354 29.83747515 30.86878728 31.58946322 32.81336978
 32.78851889 32.94383698 25.30218688 26.60685885 26.45775348 27.03553678
 28.05442346 29.3777336  28.59493042 30.65134195 28.24701789 30.72589463
 30.51466203 31.75720676 33.39115308 34.33548708 26.04771372 26.58822068
 26.21545726 26.92992048 28.74403579 28.88692843 27.82455268 28.65084493
 30.60164016 32.21694831 30.07355865 31.98086481 32.35362823 33.527833
 31.42171968 26.09741551]",69451.06150794309
2025-06-15 15:32:00+00:00,932,6593.87,9.0,29.655149295658806,29.482946073558647,34.42867793240556,"[26.18439364 27.57604374 26.0166501  29.41500994 30.23508946 30.47117296
 28.68812127 31.25397614 31.39065606 31.03653082 32.18588469 32.19209742
 34.42867793 25.55690855 26.8305169  28.52037773 28.01714712 26.57579523
 28.63841948 30.47117296 30.36555666 27.60710736 29.22862823 30.92470179
 31.23533797 32.95626243 33.03081511 26.32728628 27.97987078 27.20949304
 27.60710736 29.66973161 28.68190855 29.89338966 30.89985089 28.98633201
 30.9806163  30.55815109 33.04324056 34.11182903 32.29150099 26.68141153
 26.38941352 27.3834493  27.21570577 27.56983101 28.81858847 27.60089463
 28.48931412 30.14811133 32.3722664  30.86878728 31.16699801 31.11729622
 33.29796223 32.41575547 27.36481113 27.17842942 26.69383698 27.6195328
 27.60089463 27.33374751 29.96172962 29.87475149 29.83747515 30.40904573
 30.73832008 31.26640159 31.46520875 32.86928429 27.6195328  27.52634195
 28.34642147 26.75596421 30.37798211 28.4582505  28.7999503  31.09244533
 30.50223658 29.55168986 32.33499006 31.97465209 31.04895626 31.63295229
 26.52609344 24.79274354 27.43315109 26.06013917 27.94259443 28.38991054
 30.1916004  29.00497018 29.83126243 31.29125249 31.81312127 29.68836978
 32.00571571 31.71371769 34.16774354 25.06610338 26.60685885 27.78106362
 28.55765408 28.04821074 28.09791252 30.22887674 30.88742545 29.83747515
 30.05492048 30.71968191 29.06088469 31.44035785 32.76366799 25.97937376
 26.02286282 27.61332008 27.48285288 29.45228628 28.32157058 29.42743539
 29.5889662  27.8556163  31.3223161  32.0305666  31.69507952 32.76366799
 32.49652087 23.68687873 27.46421471 26.70626243 27.8804672  29.60139165
 27.89910537 27.18464215 28.67569583 31.29125249 28.47688867 31.65780318
 32.64562624 31.7944831  32.76366799 26.7000497  26.39562624 28.02335984
 26.88021869 27.01689861 29.12922465 27.6443837  27.78727634 30.58921471
 30.01764414 31.12350895 31.09865805 31.42793241 32.68911531 32.93762425
 26.05392644 26.47639165 27.29025845 28.5638668  28.21595427 29.0111829
 28.48310139 27.83697813 31.07380716 29.90581511 31.80690855 32.78851889
 32.11754473 32.16724652 25.38295229 26.47639165 27.74378728 27.86804175
 27.71272366 29.30318091 28.96769384 29.53926441 31.04274354 30.81287276
 31.68265408 31.347167   31.20427435 32.37847913 25.79920477 28.48931412
 28.24701789 26.97340954 28.61356859 30.40904573 30.30342942 28.27808151
 30.57678926 30.70104374 30.25372763 33.13643141 31.89388668 33.49676938
 33.36008946 26.51366799]",69103.8674835561
2025-06-15 15:33:00+00:00,933,6617.75,9.0,29.72538896439137,29.557125994035786,34.981610337972164,"[26.84294235 25.65631213 27.66923459 29.65109344 28.92420477 28.74403579
 30.49602386 30.04870775 30.45253479 30.44010934 33.32281312 31.5583996
 32.55864811 25.29597416 27.41451292 26.58200795 28.37748509 27.43315109
 28.94905567 30.89363817 28.86207753 31.78827038 29.66351889 31.54597416
 31.42793241 32.76988072 33.03081511 24.71197813 26.8305169  26.65656064
 27.99229622 28.50173956 28.42718688 30.52087475 30.17296223 30.89363817
 31.19806163 30.98682903 32.24801193 31.03653082 33.49055666 26.27758449
 26.53851889 26.90506958 27.99850895 27.73757455 26.98583499 28.88071571
 29.16650099 30.52708748 29.52683897 31.94358847 31.14835984 33.49676938
 32.34741551 31.86282306 26.1471173  28.34020875 29.30318091 26.2527336
 27.65680915 27.8556163  30.46496024 29.66351889 29.10437376 31.90631213
 31.62052684 33.01217694 31.819334   33.68315109 26.66898608 26.99204771
 26.7249006  27.23434394 28.30914513 29.16650099 29.80641153 29.36530815
 30.23508946 31.78205765 30.69483101 31.75099404 33.7639165  33.38494036
 25.62524851 28.68190855 27.55740557 29.88717694 27.31510934 27.44557654
 27.42072565 27.89289264 30.01143141 29.81883698 29.5889662  31.2166998
 32.90034791 33.04945328 33.37872763 26.54473161 27.81212724 26.02907555
 28.59493042 28.40233598 27.78727634 28.51416501 30.17296223 31.57703777
 30.68240557 30.91227634 33.95029821 32.7139662  34.98161034 26.49502982
 27.30889662 28.19110338 25.97937376 27.81212724 27.24676938 30.07355865
 29.80019881 30.09219682 30.98682903 30.6637674  32.33499006 32.27286282
 34.01863817 25.40159046 25.10337972 28.9304175  27.37102386 29.07952286
 27.21570577 29.46471173 30.02385686 31.38444334 28.60735586 32.15482107
 30.45253479 30.0859841  32.66426441 24.7554672  27.21570577 26.37698807
 29.48956262 28.9055666  27.70029821 28.35263419 28.93663022 29.09816103
 30.80666004 31.1110835  31.62673956 32.38469185 33.34766402 32.91277336
 25.48856859 26.74353877 29.33424453 25.83648111 29.25347913 29.28454274
 29.91202783 30.34070577 30.07977137 30.36555666 31.37201789 30.6637674
 31.14214712 33.49055666 26.5695825  27.22813121 27.14736581 28.74403579
 28.13518887 29.29696819 29.28454274 30.85014911 30.18538767 31.06138171
 31.95601392 32.51515905 31.71993042 31.10487078 26.805666   24.73682903
 25.68116302 27.50770378 29.65730616 27.84319085 29.38394632 30.48981113
 30.22266402 31.01789264 29.80641153 32.11754473 32.9500497  32.92519881
 32.2417992  26.10984095]",69338.86131926777
2025-06-15 15:34:00+00:00,934,6645.530000000001,9.0,29.807130638124534,29.64342072564612,35.1058648111332,"[27.46421471 25.8054175  28.79373757 29.88096421 29.29075547 29.22241551
 30.4276839  29.38394632 30.0611332  32.6083499  31.70750497 33.35387674
 35.10586481 27.12251491 26.24652087 26.58200795 26.69383698 28.58871769
 24.89214712 29.86853877 30.98682903 29.94309145 31.96222664 33.13643141
 32.44681909 31.87524851 32.30392644 26.68141153 28.222167   27.99229622
 28.19110338 26.32107356 29.02360835 30.16053678 31.45899602 31.76341948
 30.15432406 32.11133201 32.16724652 32.15482107 33.36630219 26.86158052
 26.05392644 27.38966203 27.43936382 27.05417495 28.72539761 28.57007952
 28.94284294 30.62027833 29.83747515 32.52137177 32.35984095 31.63916501
 33.47813121 33.09915507 26.97340954 26.94234592 28.23459245 28.47067594
 30.41525845 29.25347913 27.83697813 29.78777336 31.27261431 29.40879722
 30.96197813 32.07405567 31.17321074 31.82554672 27.46421471 27.52012922
 27.14736581 27.10387674 29.32181909 29.36530815 28.7750994  30.99925447
 29.53305169 30.71968191 29.33424453 31.18563618 32.0305666  31.57082505
 27.65059642 28.46446322 25.18414513 27.82455268 27.37723658 28.83101392
 30.6389165  30.86257455 29.76292247 30.5333002  32.46545726 32.02435388
 32.63941352 32.61456262 32.52758449 26.27758449 25.11580517 25.58797217
 27.08523857 30.51466203 29.98658052 30.17917495 29.19756461 30.65755467
 32.11754473 30.23508946 32.66426441 32.61456262 34.2112326  26.61307157
 27.25298211 28.99875746 28.50795229 29.20377734 27.01068588 28.694334
 30.98682903 29.60760437 30.16053678 31.27882704 32.61456262 30.81287276
 30.99304175 24.21496024 24.48210736 25.61282306 26.50745527 27.29025845
 29.43364811 28.87450298 30.47117296 31.10487078 30.16053678 32.08648111
 31.06138171 34.2112326  31.61431412 25.45129225 26.32107356 27.10387674
 28.46446322 27.81212724 29.26590457 29.75670974 29.65730616 30.45253479
 31.25397614 30.83151093 31.16078529 33.37872763 32.40333002 30.9806163
 25.29597416 27.71272366 26.99204771 27.78106362 29.75049702 28.65084493
 29.00497018 29.46471173 31.98707753 32.4778827  29.930666   32.80715706
 32.75124254 33.16128231 27.15979125 27.14736581 25.48235586 27.56983101
 27.84940358 28.78752485 28.222167   30.35934394 28.73161034 31.80069583
 31.01789264 30.01143141 34.62127237 33.24204771 25.70601392 27.67544732
 27.25298211 27.0417495  26.87400596 27.66302187 29.39637177 30.1667495
 29.43364811 31.30989066 31.52733598 32.1610338  32.75124254 32.15482107
 33.75770378 27.22191849]",69612.33626290945
2025-06-15 15:35:00+00:00,935,6617.15,9.0,29.723134634516867,29.555262176938367,34.14289264413519,"[27.83697813 28.76888668 26.68141153 29.2472664  28.63841948 28.222167
 31.22291252 29.3528827  30.28479125 29.90581511 32.02435388 33.46570577
 33.72664016 26.44532803 25.77435388 27.94259443 28.55144135 28.41476143
 29.4833499  30.78180915 29.10437376 29.96794235 28.99254473 30.19781312
 31.38444334 32.83822068 33.68936382 26.92370775 26.61307157 26.29622266
 28.96148111 29.30318091 29.43986083 29.56411531 31.2166998  28.98633201
 30.35313121 31.62052684 31.42793241 33.52162028 32.68911531 25.37673956
 25.50099404 27.60089463 28.06063618 28.35263419 28.71297217 29.44607356
 29.90581511 29.64488072 28.79373757 30.22266402 30.20402584 30.85014911
 32.65183897 34.02485089 25.87375746 28.33399602 26.32728628 28.01093439
 29.47092445 26.50124254 28.78131213 29.88717694 29.2721173  30.28479125
 31.62673956 31.23533797 32.69532803 31.60810139 25.53827038 26.32107356
 25.86754473 27.54498012 28.73161034 27.17842942 29.60139165 31.54597416
 31.4527833  30.24751491 30.52087475 30.14811133 30.60785288 34.14289264
 25.07852883 27.4083002  26.58822068 28.47067594 28.27186879 29.30939364
 27.35859841 29.88096421 30.11704771 30.43389662 31.53976143 31.50869781
 32.6332008  32.61456262 32.40333002 26.14090457 27.44557654 28.55144135
 27.37723658 28.14140159 29.8499006  29.17892644 28.7999503  29.67594433
 31.30367793 32.22937376 33.81361829 31.07380716 33.19234592 26.41426441
 25.08474155 26.74975149 27.69408549 28.70054672 30.09219682 28.24080517
 31.22912525 30.19781312 29.48956262 31.25397614 31.80069583 33.49676938
 32.47166998 25.23384692 25.73086481 27.6443837  27.32132207 27.55119284
 28.72539761 29.2472664  32.02435388 30.58300199 30.22887674 30.91227634
 30.81287276 32.14860835 31.73235586 26.41426441 26.73732604 26.7249006
 28.89935388 27.63817097 28.33399602 28.32157058 28.35884692 30.62027833
 30.51466203 32.40333002 31.1110835  32.70154076 32.44681909 33.45328032
 27.02311133 27.22191849 26.42668986 28.4582505  28.66327038 28.93663022
 31.76341948 31.22291252 31.38444334 30.32206759 30.46496024 33.43464215
 32.2666501  32.55243539 26.3583499  26.42047714 24.8610835  30.66998012
 29.96794235 29.20377734 29.42122266 28.85586481 31.82554672 30.51466203
 31.4527833  31.94980119 33.39736581 32.34120278 25.569334   26.86779324
 26.21545726 27.11008946 27.53255467 28.09791252 28.47688867 27.97365805
 30.54572565 30.21023857 31.56461233 33.52162028 31.4527833  32.25422465
 32.54622266 27.277833  ]",69331.31923323963
2025-06-15 15:36:00+00:00,936,6597.389999999999,9.0,29.664569571560154,29.493880467196814,34.49701789264414,"[24.35785288 26.91749503 26.97340954 27.15979125 26.55094433 30.12326044
 29.78156064 31.49005964 30.15432406 32.1361829  32.42196819 32.0305666
 33.88195825 26.50124254 26.86158052 27.50149105 30.03006958 29.94930417
 26.63170974 29.01739563 29.01739563 29.52683897 31.22291252 30.69483101
 33.54647117 31.52733598 34.14910537 25.84890656 25.97316103 27.54498012
 26.97340954 29.63866799 28.33399602 29.62002982 29.19756461 29.94930417
 30.62027833 32.01192843 31.85039761 33.85089463 31.57703777 26.2278827
 26.7000497  26.71247515 27.1722167  26.32107356 28.09791252 29.55168986
 30.42147117 29.1167992  30.99304175 31.83175944 32.87549702 32.40954274
 31.65159046 34.49701789 27.50770378 26.42047714 26.32728628 26.79324056
 27.63817097 28.50173956 29.68215706 28.10412525 30.85636183 30.402833
 31.29125249 32.31013917 31.71993042 33.10536779 27.44557654 25.35810139
 29.48956262 26.96719682 27.75       27.87425447 29.07331014 29.60760437
 29.76292247 31.36580517 32.00571571 32.86307157 31.76963221 33.47191849
 25.97316103 26.91128231 27.33996024 28.34020875 27.9612326  27.47042744
 27.52012922 30.09840954 30.49602386 32.99353877 31.21048708 32.95626243
 29.20999006 31.29125249 32.1610338  27.0417495  29.20999006 27.8556163
 27.66923459 28.1973161  28.01714712 28.76888668 29.78777336 29.96794235
 30.49602386 31.44657058 30.4276839  31.85661034 31.9249503  25.61282306
 25.06610338 28.82480119 29.16650099 27.37102386 27.52634195 28.79373757
 30.01143141 31.40308151 29.83747515 30.60164016 31.85039761 32.41575547
 32.01192843 26.81187873 27.22813121 25.3083996  27.52634195 28.42097416
 27.8556163  27.44557654 28.96769384 28.86207753 31.86903579 32.1361829
 31.58946322 32.09890656 31.45899602 26.5944334  25.32082505 26.97962227
 27.1722167  28.694334   28.54522863 29.37152087 29.59517893 29.09816103
 30.31585487 32.25422465 31.30367793 31.06138171 32.59592445 32.35984095
 26.55094433 25.61903579 26.27758449 29.6945825  28.55144135 29.3777336
 30.85636183 30.01764414 30.54572565 30.81287276 29.66351889 30.27236581
 33.11158052 31.73856859 25.43265408 27.01689861 27.33996024 29.0360338
 27.88667992 27.86804175 28.38991054 29.47092445 31.56461233 30.21023857
 31.88767396 32.78230616 31.41550696 34.40382704 25.4140159  26.2278827
 26.7000497  28.82480119 28.16003976 29.68215706 30.34691849 28.82480119
 30.93712724 30.20402584 30.86257455 31.96222664 31.51491054 33.27932406
 32.9749006  27.93638171]",69135.38395861165
2025-06-15 15:37:00+00:00,937,6621.139999999999,9.0,29.734397370064457,29.567656560636184,34.683399602385684,"[26.09741551 26.95477137 28.16625249 28.40233598 28.76888668 30.00521869
 30.83772366 29.32181909 30.5084493  30.20402584 31.75720676 33.20477137
 34.52808151 25.73707753 28.15382704 27.34617296 27.65680915 28.28429423
 29.53305169 31.61431412 29.99279324 29.98658052 31.57703777 31.3223161
 33.14885686 32.04299205 31.51491054 26.68762425 27.17842942 27.9612326
 27.0666004  27.81833996 29.12301193 30.19781312 28.73161034 32.0305666
 32.70154076 31.17942346 29.54547714 32.12375746 29.57654076 25.35810139
 28.12276342 29.34045726 26.27137177 27.16600398 28.03578529 29.94930417
 29.09816103 30.86257455 30.30342942 31.74478131 30.37798211 32.55864811
 32.3971173  33.26689861 26.7249006  24.5193837  26.43911531 27.73136183
 28.70675944 28.71297217 28.70054672 29.88096421 30.63270378 29.39015905
 31.40308151 31.52733598 32.1610338  32.80715706 25.16550696 24.23359841
 27.74378728 27.5139165  27.9860835  29.12922465 29.76913519 29.28454274
 32.07405567 31.98086481 30.70104374 31.53354871 33.96893638 31.76341948
 25.69980119 26.51988072 26.86779324 28.24080517 28.45203777 28.87450298
 28.89314115 30.24751491 29.99279324 29.89338966 31.14214712 30.44010934
 31.59567594 32.26043738 32.94383698 25.75571571 27.49527833 27.65680915
 28.10412525 28.32157058 29.07952286 30.03628231 29.57654076 30.0859841
 31.85661034 32.46545726 32.70154076 32.11754473 34.01242545 27.16600398
 27.71893638 27.45178926 28.68812127 29.23484095 28.55144135 29.62002982
 29.25347913 29.84368787 31.40308151 31.23533797 33.11779324 33.24826044
 34.6833996  24.56908549 27.48285288 27.16600398 27.45178926 29.52062624
 27.73757455 28.64463221 28.62599404 30.23508946 28.86207753 31.23533797
 32.35984095 30.81287276 32.65805169 27.45800199 25.69358847 26.74975149
 26.55715706 28.94284294 27.45178926 29.66351889 31.04274354 30.61406561
 29.94309145 31.61431412 31.75099404 32.46545726 32.38469185 32.63941352
 26.86779324 24.84244533 26.10362823 27.47664016 27.42693837 29.39015905
 29.23484095 28.86207753 33.19234592 30.53951292 32.33499006 30.75074553
 31.51491054 31.58946322 26.17818091 26.45775348 26.37077535 29.01739563
 28.11033797 29.75049702 29.34666998 27.09766402 29.18513917 29.96794235
 33.61481113 31.12972167 32.86307157 31.0862326  26.20924453 27.15979125
 27.42693837 29.1167992  26.91128231 27.16600398 30.32206759 30.58300199
 30.44010934 31.27882704 30.12326044 31.54597416 31.30989066 32.57728628
 33.69557654 26.85536779]",69368.99984128766
2025-06-15 15:38:00+00:00,938,6596.86,9.0,29.662479491232524,29.49223409542743,34.07455268389661,"[27.93638171 27.99229622 27.16600398 28.38991054 28.65084493 28.84965209
 27.0666004  30.12947316 30.73210736 30.38419483 30.83151093 34.03727634
 31.73856859 26.7000497  25.92345924 26.85536779 28.36505964 26.90506958
 30.01143141 29.80019881 30.06734592 30.58300199 31.1110835  30.53951292
 32.08026839 32.31635189 32.68290258 26.0166501  27.20949304 27.68787276
 25.94209742 27.97987078 29.70700795 28.78131213 30.85636183 28.63841948
 31.6888668  31.60188867 30.86878728 33.31038767 32.99975149 26.35213718
 26.2527336  26.04771372 29.13543738 27.5387674  29.86232604 28.47688867
 30.38419483 30.68240557 30.80044732 32.11133201 32.44681909 30.75695825
 32.58971173 32.51515905 26.25894632 26.09741551 27.0417495  28.24701789
 28.50795229 28.86829026 28.42097416 29.36530815 29.28454274 31.94358847
 31.76341948 30.73210736 32.32877734 33.91923459 26.94855865 26.2278827
 28.58871769 28.52659046 27.15357853 27.11008946 29.32181909 30.00521869
 29.33424453 31.37823062 29.98658052 31.85039761 33.91923459 32.75124254
 26.23409543 25.68116302 27.25919483 28.9055666  27.44557654 28.52037773
 28.86829026 27.02311133 29.75670974 31.27882704 30.67619284 31.15457256
 32.18588469 33.26689861 32.62698807 26.87400596 26.85536779 27.94259443
 27.15357853 28.65705765 30.07977137 29.1167992  29.3528827  31.27261431
 32.06163022 32.98111332 32.12997018 30.83151093 33.32281312 28.31535785
 27.99229622 27.72514911 27.32753479 27.12251491 29.67594433 28.17867793
 31.06138171 31.54597416 29.05467197 30.24751491 31.88767396 31.63295229
 31.73235586 25.16550696 25.05367793 28.50173956 28.25944334 28.71918489
 27.80591451 28.78752485 28.87450298 29.4833499  31.40308151 30.83151093
 29.59517893 32.93762425 32.58349901 27.58225646 24.81138171 27.1722167
 27.17842942 28.04821074 26.1222664  26.20924453 29.89960239 29.6138171
 30.57678926 32.37847913 31.75720676 31.97465209 31.7944831  31.94358847
 27.02932406 27.54498012 28.47688867 27.0417495  28.42097416 28.222167
 30.43389662 29.94309145 29.23484095 30.61406561 32.0554175  33.49055666
 31.39065606 33.86332008 26.47017893 26.65034791 26.68141153 26.79945328
 29.02982107 28.86829026 28.80616302 29.2721173  29.0111829  30.48359841
 31.80069583 31.0862326  33.1861332  32.81336978 23.86704771 27.84940358
 27.18464215 26.79945328 27.84319085 28.12897614 28.75024851 30.57057654
 29.02982107 30.03006958 29.87475149 31.06138171 32.35362823 34.07455268
 33.80119284 27.45800199]",69128.39138586754
2025-06-15 15:39:00+00:00,939,6590.290000000001,9.0,29.642817555446975,29.47182529821073,34.733101391650095,"[28.0916998  28.3277833  27.65059642 28.39612326 28.7999503  29.91824056
 30.0611332  31.21048708 32.2417992  30.28479125 31.01789264 31.98086481
 31.98086481 25.22763419 26.25894632 26.79324056 28.09791252 28.81237575
 29.44607356 29.01739563 30.07355865 30.95576541 30.29100398 33.20477137
 31.84418489 31.20427435 32.17345924 26.25894632 27.0417495  26.37698807
 27.92395626 26.91749503 27.93638171 28.73161034 29.68215706 28.5390159
 28.93663022 32.83200795 30.43389662 32.08026839 32.75124254 25.50099404
 27.78106362 26.15954274 27.43936382 29.63866799 28.9055666  28.91177932
 29.18513917 29.8499006  29.32803181 31.45899602 31.03031809 31.6888668
 33.79498012 32.0554175  25.96073559 25.57554672 25.89860835 28.25323062
 27.09766402 29.40879722 28.65705765 29.39637177 30.30964215 30.5333002
 30.30342942 29.77534791 32.34120278 32.38469185 25.60039761 26.29000994
 26.39562624 26.33349901 29.0360338  29.75049702 28.01714712 30.16053678
 31.2166998  30.49602386 30.34070577 32.2666501  31.86903579 31.41550696
 24.82380716 27.31510934 29.41500994 27.15979125 28.49552684 28.86207753
 29.17892644 29.72564612 29.97415507 30.1667495  29.68836978 31.84418489
 32.07405567 33.10536779 34.07455268 27.78727634 25.07852883 26.2527336
 27.77485089 28.71297217 27.54498012 31.01167992 29.63245527 31.34095427
 30.58300199 31.26018887 30.5333002  32.78230616 33.80740557 25.92967197
 26.81187873 27.69408549 27.93016899 28.17867793 29.3528827  27.92395626
 29.3528827  30.91227634 29.80019881 30.94955268 32.54622266 31.40308151
 33.03081511 27.0666004  27.42072565 26.53851889 27.277833   27.89289264
 28.60114314 28.59493042 28.694334   31.819334   32.96247515 30.80044732
 31.17942346 31.63295229 31.97465209 25.11580517 25.91724652 27.35238569
 27.3026839  25.92345924 29.19756461 29.06088469 29.99279324 30.70725646
 30.58921471 31.47142147 31.05516899 31.26640159 31.81312127 32.16724652
 25.38295229 26.5695825  26.4639662  28.50795229 27.54498012 27.57604374
 29.45849901 30.1916004  31.83175944 30.66998012 32.85685885 32.09890656
 31.19806163 32.63941352 26.48260437 26.1222664  30.05492048 27.79970179
 29.05467197 28.50173956 28.37748509 30.99304175 31.33474155 30.57057654
 31.07380716 31.71993042 31.64537773 34.73310139 25.04746521 25.19657058
 26.41426441 28.41476143 27.31510934 28.95526839 30.17917495 29.97415507
 30.78180915 29.58275348 30.66998012 30.24751491 33.23583499 34.472167
 34.39761431 27.19706759]",69062.61041350338
2025-06-15 15:40:00+00:00,940,6534.530000000001,9.0,29.477986741872616,29.298614562624252,34.341699801192846,"[26.87400596 26.88021869 28.59493042 28.10412525 28.45203777 28.6694831
 29.83126243 29.85611332 28.05442346 31.97465209 33.92544732 32.76366799
 31.94980119 26.83672962 26.4639662  28.00472167 28.38991054 25.96073559
 30.23508946 30.14811133 29.63245527 30.56436382 30.34691849 31.12350895
 31.35337972 31.67644135 32.80715706 25.63146123 27.29647117 27.62574553
 26.35213718 27.48285288 26.92992048 30.12947316 29.40258449 31.78205765
 32.42818091 30.04870775 29.40258449 31.26018887 33.10536779 25.99801193
 26.57579523 25.30218688 26.60064612 27.59468191 28.34642147 28.70054672
 30.65134195 30.03006958 29.31560636 30.17917495 30.7693837  32.62698807
 33.11779324 34.28578529 27.19085487 26.62549702 26.30864811 28.39612326
 28.78131213 27.29025845 27.89289264 30.15432406 28.95526839 29.70079523
 29.73185885 31.74478131 31.38444334 31.53976143 25.9110338  26.53851889
 28.86829026 26.07877734 28.71297217 28.27186879 27.13494036 29.87475149
 31.28503976 28.5638668  29.86853877 32.35984095 31.39065606 34.3416998
 25.96694831 25.69358847 26.60064612 26.76217694 27.45800199 28.37748509
 27.88667992 27.73136183 30.01764414 30.42147117 31.27882704 31.67022863
 30.15432406 32.8195825  33.73285288 25.06610338 27.72514911 28.49552684
 28.33399602 29.62624254 28.44582505 30.06734592 29.52062624 31.06138171
 30.94955268 29.16650099 31.9000994  31.74478131 32.21694831 25.92967197
 26.42047714 26.8305169  28.47688867 28.60114314 28.35263419 29.91824056
 27.70651093 31.38444334 31.13593439 30.33449304 31.61431412 31.95601392
 33.27932406 25.84269384 28.32157058 27.42072565 26.64413519 28.15382704
 28.61978131 27.93016899 30.76317097 30.56436382 29.39637177 30.86257455
 32.72017893 32.49652087 32.04920477 26.16575547 26.79324056 27.0666004
 26.25894632 26.7000497  27.69408549 28.08548708 28.12276342 30.19781312
 30.66998012 30.1916004  33.43464215 31.26018887 33.84468191 33.88817097
 25.43265408 28.07927435 27.03553678 27.79348907 26.7249006  26.32107356
 27.93016899 29.52683897 30.32206759 29.90581511 30.57057654 30.68861829
 32.6332008  33.49055666 25.51963221 24.38270378 26.66898608 27.19085487
 29.6945825  29.49577535 27.99229622 28.98633201 30.18538767 30.37176938
 30.53951292 30.30964215 32.80094433 31.68265408 25.79299205 27.80591451
 26.60685885 28.03578529 27.71893638 29.30939364 28.37748509 29.88096421
 30.35313121 29.65730616 30.76317097 31.12972167 31.14214712 32.89413519
 32.78230616 26.86158052]",68511.15244360903
2025-06-15 15:41:00+00:00,941,6619.09,9.0,29.727239354559703,29.561288518886677,34.06833996023857,"[25.69980119 26.32107356 28.16625249 26.63170974 28.37127237 29.16650099
 30.12326044 30.09840954 31.85039761 30.25372763 31.63916501 33.17370775
 32.76366799 27.81212724 28.34642147 27.3834493  28.41476143 30.2972167
 27.81212724 29.18513917 28.47688867 30.96197813 31.22291252 30.48981113
 29.31560636 31.36580517 32.85685885 27.31510934 25.42644135 27.07902584
 28.18489066 28.19110338 27.89289264 31.12350895 30.402833   29.18513917
 30.93712724 31.14214712 32.37847913 33.37872763 32.58971173 25.29597416
 26.97962227 26.37077535 28.02335984 28.4333996  27.76863817 30.40904573
 29.42743539 30.1667495  30.80044732 30.43389662 31.88146123 32.88792247
 31.28503976 34.01242545 25.43265408 25.96694831 28.0916998  27.75621272
 30.34691849 29.25969185 30.80044732 29.17271372 31.819334   32.7139662
 31.43414513 30.05492048 32.85064612 33.1861332  26.73111332 27.32753479
 28.48931412 27.25919483 28.37748509 28.82480119 27.5387674  30.90606362
 29.88717694 31.31610338 30.86878728 31.18563618 31.10487078 32.04299205
 26.84294235 26.67519881 28.35263419 26.51366799 28.0916998  29.70079523
 30.39662028 30.24751491 29.12922465 29.77534791 31.18563618 32.48409543
 31.62052684 33.77634195 32.40954274 26.5695825  28.23459245 27.53255467
 28.0916998  28.18489066 29.18513917 29.25347913 30.22266402 29.35909543
 30.02385686 31.52733598 31.61431412 31.70129225 33.08672962 26.17196819
 27.56361829 26.52609344 27.95501988 28.47067594 30.62649105 29.94930417
 29.6945825  32.02435388 31.5832505  31.98086481 31.93737575 31.24776342
 32.91898608 26.88643141 26.67519881 25.99801193 27.04796223 27.25298211
 29.53926441 30.22887674 29.09816103 29.9555169  30.73210736 32.18588469
 31.14214712 31.819334   34.06833996 24.54423459 27.20328032 26.74975149
 27.1722167  26.76217694 27.54498012 30.02385686 29.83747515 29.75670974
 28.54522863 31.84418489 31.52112326 33.2109841  31.57703777 32.59592445
 26.76838966 26.45154076 27.91153082 27.50770378 29.17271372 28.73161034
 28.96148111 30.65134195 30.21023857 30.09840954 31.49005964 31.04274354
 33.40979125 32.57728628 26.75596421 26.30864811 26.60064612 27.46421471
 28.18489066 29.90581511 27.71272366 30.13568588 30.60785288 29.70079523
 31.5832505  29.66973161 31.39686879 31.24776342 25.55069583 27.02932406
 25.71843936 28.32157058 27.07281312 27.76242545 28.51416501 28.72539761
 29.5082008  32.75124254 30.50223658 32.19831014 33.72664016 33.29796223
 33.40979125 25.60039761]",69345.05198461494
2025-06-15 15:42:00+00:00,942,6580.27,9.0,29.612385165386183,29.4406995526839,34.77659045725646,"[26.97962227 27.28404573 27.09145129 28.25944334 29.32803181 30.13568588
 29.25347913 31.43414513 32.68290258 30.24130219 32.00571571 32.68911531
 34.06212724 28.28429423 27.50770378 26.45154076 27.66302187 28.08548708
 29.0111829  30.60164016 30.12326044 29.88096421 31.76963221 32.34741551
 31.50248509 31.0862326  32.03677932 24.9915507  27.86804175 25.87375746
 26.50745527 28.74403579 29.48956262 29.66973161 27.14736581 29.66351889
 31.53976143 30.22266402 31.57703777 32.99353877 31.03031809 27.0417495
 26.65034791 27.52634195 27.76863817 28.28429423 29.16028827 28.84343936
 31.40308151 30.6637674  30.07977137 29.86232604 31.98707753 31.40929423
 32.34120278 34.77659046 25.2027833  25.36431412 27.33374751 27.86804175
 28.74403579 29.63866799 29.81883698 28.84965209 30.20402584 31.88767396
 32.34120278 30.71968191 32.68911531 32.78230616 27.60710736 26.805666
 26.04771372 27.09145129 28.6694831  28.43961233 27.32753479 29.54547714
 30.21023857 31.18563618 31.09244533 31.34095427 31.15457256 31.71993042
 27.18464215 25.50099404 27.48285288 25.51341948 27.28404573 28.42718688
 29.8250497  29.21620278 30.58921471 29.20377734 32.19831014 31.62673956
 33.02460239 33.30417495 31.26640159 25.8861829  25.73086481 27.83697813
 27.60710736 28.08548708 29.9555169  29.58275348 28.50795229 29.55168986
 31.35959245 32.53379722 31.30367793 32.19831014 33.02460239 25.83026839
 27.22813121 26.53230616 27.48285288 27.18464215 27.78727634 27.03553678
 28.88071571 30.48359841 31.12972167 31.71371769 32.53379722 34.52808151
 32.90034791 26.07877734 25.28976143 28.4582505  27.24676938 29.99279324
 27.71893638 29.0111829  31.03031809 30.14811133 30.42147117 30.78180915
 31.5583996  31.32852883 32.36605368 25.35188867 26.51366799 27.82455268
 29.16028827 27.3026839  28.98633201 28.5638668  30.4276839  27.45800199
 31.31610338 31.58946322 30.7693837  31.59567594 33.06809145 32.45303181
 25.05989066 24.40134195 27.43936382 28.88071571 29.88717694 28.45203777
 28.91799205 29.00497018 28.94284294 31.91873757 31.67022863 33.13643141
 30.36555666 31.26640159 25.28354871 25.78677932 26.79324056 28.16625249
 27.24676938 29.02982107 29.1167992  30.53951292 29.90581511 31.44035785
 29.86853877 33.06187873 32.63941352 31.06138171 26.805666   25.32703777
 28.87450298 27.79348907 28.22837972 30.54572565 27.65059642 28.37748509
 29.39637177 29.67594433 28.75646123 30.14189861 32.68911531 32.32877734
 33.06809145 24.72440358]",68960.79580931603
2025-06-15 15:43:00+00:00,943,6576.799999999999,9.0,29.60184335242738,29.429920477137173,34.39140159045725,"[26.1222664  26.48260437 28.91799205 26.97962227 28.80616302 29.25347913
 30.86878728 28.9304175  29.60139165 31.57703777 31.04274354 33.22340954
 34.39140159 28.11033797 25.22763419 26.60685885 26.42047714 28.1165507
 28.62599404 29.96794235 29.41500994 32.03677932 30.86257455 30.96819085
 30.22266402 32.34120278 32.34741551 26.24652087 24.91078529 28.67569583
 26.60685885 26.67519881 30.39040755 30.43389662 30.1916004  29.2721173
 28.30914513 31.37201789 32.54622266 32.51515905 32.28528827 26.45775348
 25.74329026 27.44557654 25.87997018 26.2527336  26.92370775 28.74403579
 30.03006958 30.62649105 30.89985089 30.6637674  31.70750497 31.51491054
 31.84418489 33.67072565 25.8861829  26.8305169  28.10412525 27.73757455
 27.8804672  29.33424453 28.30293241 30.64512922 30.40904573 29.20377734
 32.93141153 32.52758449 31.6888668  33.80119284 26.38941352 27.81833996
 26.08499006 28.07927435 27.9612326  28.52037773 29.16650099 29.85611332
 30.05492048 31.94358847 30.71968191 33.09294235 32.51515905 32.35362823
 24.26466203 26.09741551 27.11630219 26.02286282 28.12276342 29.97415507
 27.8804672  29.87475149 30.50223658 30.89985089 29.26590457 31.78205765
 33.55889662 31.93116302 31.87524851 25.85511928 27.09145129 27.21570577
 28.1973161  28.37748509 27.61332008 29.0111829  29.65730616 29.91202783
 31.42793241 32.23558648 31.49627237 30.92470179 32.08648111 25.10337972
 26.24030815 28.33399602 27.97365805 28.33399602 28.74403579 29.86853877
 29.93687873 30.10462227 31.1110835  29.45228628 32.73260437 31.67022863
 31.60188867 26.30243539 27.72514911 26.60064612 27.62574553 27.99850895
 27.5139165  29.37152087 30.10462227 30.14189861 28.88692843 32.54000994
 32.3971173  31.98707753 33.97514911 26.97340954 26.68141153 26.73111332
 25.97316103 27.37102386 28.0916998  29.60760437 28.38369781 30.20402584
 30.36555666 31.35337972 29.62624254 31.71993042 32.34120278 34.00621272
 25.63767396 28.36505964 27.66923459 26.10984095 26.79324056 28.28429423
 30.28479125 27.76242545 30.70104374 28.62599404 30.79423459 31.62052684
 31.42793241 33.11779324 26.55094433 28.03578529 27.15357853 27.94880716
 26.76838966 29.78777336 29.70700795 29.30939364 30.56436382 30.6637674
 32.88792247 31.91252485 31.49005964 31.34095427 25.61282306 25.82405567
 26.50124254 27.13494036 30.60785288 31.02410537 27.73136183 30.14189861
 30.17296223 31.94980119 31.47763419 32.33499006 32.56486083 32.02435388
 32.64562624 26.7000497 ]",68925.52711988104
2025-06-15 15:44:00+00:00,944,6574.969999999999,9.0,29.596134237033432,29.424235834990057,33.89438369781312,"[27.95501988 25.99801193 28.35263419 28.19110338 28.25323062 28.70054672
 29.40879722 31.91873757 29.54547714 32.28528827 32.02435388 31.93737575
 32.57728628 24.90457256 27.48285288 28.11033797 28.85586481 26.36456262
 28.27808151 28.32157058 29.55168986 31.41550696 29.1167992  32.94383698
 32.01814115 31.73856859 33.56510934 25.35810139 26.42047714 26.16575547
 28.53280318 28.40233598 28.76888668 29.90581511 29.10437376 30.12947316
 29.76292247 32.15482107 30.58921471 32.29150099 31.7944831  26.16575547
 27.08523857 26.47639165 27.36481113 28.73782306 28.6694831  31.72614314
 29.42122266 30.72589463 28.98633201 29.30939364 31.48384692 30.72589463
 33.65208748 33.31038767 23.85462227 27.82455268 27.09145129 26.78081511
 26.23409543 28.11033797 28.67569583 29.47092445 28.83722664 31.46520875
 32.22937376 31.41550696 32.31635189 33.2917495  23.94781312 25.83648111
 26.74975149 28.10412525 28.82480119 28.84343936 29.53926441 30.6637674
 30.17917495 29.51441352 32.8444334  30.6637674  32.70154076 33.84468191
 25.53827038 25.98558648 25.21520875 27.23434394 28.61978131 28.29671968
 29.50198807 29.99279324 28.02957256 30.14811133 33.2109841  31.40929423
 30.13568588 31.67022863 33.28553678 25.42644135 28.13518887 26.97340954
 28.84343936 29.02360835 26.21545726 29.51441352 30.57057654 29.99900596
 30.09840954 31.30367793 32.58971173 32.11133201 33.49055666 25.97316103
 27.22191849 28.98011928 28.03578529 28.38991054 27.71893638 29.55168986
 28.67569583 28.86207753 33.29796223 32.1610338  32.35362823 32.4778827
 33.1861332  25.46371769 27.87425447 26.78081511 27.35859841 26.90506958
 28.94284294 29.46471173 29.28454274 29.55168986 30.83151093 30.66998012
 32.6083499  33.8943837  32.09269384 26.45154076 27.54498012 26.89885686
 27.19706759 29.14786282 27.56361829 30.30342942 30.75074553 30.39040755
 30.20402584 31.03031809 30.1667495  31.71371769 32.70775348 31.44035785
 24.9915507  26.99204771 27.11008946 27.16600398 27.42693837 28.06063618
 30.92470179 30.58300199 31.11729622 32.00571571 29.930666   32.0554175
 32.73260437 31.02410537 25.48235586 26.58822068 27.03553678 25.98558648
 27.68787276 29.63866799 30.81287276 29.26590457 30.65134195 29.94930417
 31.98707753 33.19234592 31.89388668 32.2666501  26.42668986 25.63146123
 27.91774354 26.52609344 26.76838966 27.71272366 28.92420477 28.73161034
 30.90606362 29.5082008  30.86257455 31.43414513 32.08648111 32.01814115
 32.80715706 24.44483101]",68906.42670341904
2025-06-15 15:45:00+00:00,945,6603.94,9.0,29.6813102604693,29.514227137176935,35.08101391650099,"[26.28379722 26.50124254 27.35859841 27.87425447 27.72514911 30.48981113
 30.12947316 29.45228628 31.70750497 32.6083499  31.34095427 32.62077535
 32.4778827  26.98583499 25.9917992  26.76217694 28.48310139 27.09766402
 28.72539761 27.09766402 29.70700795 31.03653082 29.91202783 32.41575547
 32.1610338  31.89388668 33.02460239 25.89860835 27.66302187 26.18439364
 26.79945328 28.35884692 27.80591451 28.07927435 29.07331014 30.99304175
 32.31635189 30.4276839  30.82529821 29.37152087 32.31635189 28.49552684
 27.75       28.1165507  25.32703777 27.14736581 29.13543738 28.6694831
 28.98011928 29.70079523 28.48931412 30.68861829 31.65159046 32.07405567
 31.98707753 32.11133201 25.9110338  26.04150099 27.33996024 27.76242545
 29.30939364 29.12301193 29.35909543 30.20402584 30.48359841 31.42793241
 32.11754473 31.51491054 31.77584493 33.67693837 25.66252485 26.30243539
 26.77460239 28.73782306 26.88643141 28.78752485 29.3777336  28.61356859
 31.26640159 30.7693837  29.25347913 31.73856859 32.04299205 32.27286282
 24.45104374 25.96694831 25.49478131 27.07281312 29.25347913 28.02957256
 30.402833   30.32206759 29.96794235 31.93116302 32.39090457 32.01814115
 33.8695328  32.04299205 33.57132207 26.04150099 27.17842942 27.55740557
 27.71893638 27.26540755 28.57629225 29.39637177 31.6640159  29.77534791
 31.36580517 31.42171968 31.17321074 32.75124254 32.99353877 26.20303181
 26.54473161 28.37127237 27.4083002  28.17867793 28.48931412 28.03578529
 29.75670974 31.91252485 30.22887674 31.48384692 29.97415507 33.06809145
 34.7890159  26.63170974 26.42668986 26.69383698 26.89264414 29.83126243
 28.57629225 28.9304175  31.23533797 30.56436382 30.20402584 32.65805169
 31.44035785 34.50944334 33.19855865 23.63717694 27.10387674 24.8610835
 27.8556163  28.12897614 27.66923459 28.74403579 30.67619284 31.2166998
 32.74502982 29.81883698 30.93091451 31.68265408 31.50248509 35.08101392
 27.01068588 26.25894632 27.27162028 27.96744533 27.27162028 29.27833002
 31.13593439 29.08573559 30.55815109 31.51491054 32.34120278 30.17296223
 31.22912525 32.57107356 27.33996024 26.14090457 25.74950298 27.12872763
 26.30864811 29.76913519 30.62027833 28.71918489 30.58300199 30.40904573
 31.50869781 31.7944831  31.85039761 34.55914513 26.07877734 28.58250497
 26.30864811 28.33399602 28.84965209 29.1416501  29.57032803 28.28429423
 29.57032803 30.24751491 32.01192843 31.57082505 32.1361829  32.28528827
 33.65208748 25.68116302]",69191.39160742609
2025-06-15 15:46:00+00:00,946,6592.47,9.0,29.647139072880922,29.47859716699801,34.813866799204774,"[28.81858847 26.05392644 28.61356859 29.89960239 28.78752485 30.36555666
 29.34666998 29.49577535 29.1416501  31.93737575 32.17345924 31.86282306
 34.8138668  25.81163022 26.90506958 28.38991054 29.23484095 29.12301193
 29.09816103 30.26615308 29.86853877 30.82529821 31.26640159 31.87524851
 32.92519881 33.03081511 30.69483101 25.69980119 25.40780318 26.5944334
 26.97340954 27.36481113 28.73782306 27.58225646 29.57032803 31.42793241
 30.07355865 31.02410537 32.42196819 34.60884692 32.32877734 25.94209742
 26.63792247 25.69980119 25.97937376 28.71918489 28.30293241 29.09194831
 29.0360338  29.80641153 30.28479125 30.51466203 31.63295229 29.97415507
 33.98136183 32.57728628 26.10984095 26.57579523 25.87375746 27.14736581
 30.76317097 28.88692843 28.89314115 29.6945825  30.09219682 30.22887674
 31.77584493 32.09269384 31.97465209 31.68265408 26.81809145 26.3832008
 27.83076541 27.26540755 29.36530815 26.47639165 29.25969185 30.25994036
 31.08001988 29.25969185 30.37176938 31.07380716 31.64537773 32.24801193
 27.17842942 25.69358847 25.58175944 26.68141153 26.65034791 27.58846918
 28.35884692 29.93687873 29.76913519 31.44657058 32.22937376 31.06138171
 32.6083499  32.59592445 31.5583996  25.097167   26.67519881 25.17793241
 28.70675944 28.93663022 29.52683897 27.73136183 31.2166998  30.99925447
 30.37798211 30.7445328  33.19234592 33.4222167  32.81336978 26.38941352
 25.66252485 27.39587475 27.9860835  27.89910537 28.0916998  29.76913519
 29.78156064 30.94955268 31.22912525 32.67668986 31.98707753 31.2415507
 32.80715706 26.04150099 26.40805169 29.04845924 25.61282306 29.58275348
 28.91177932 29.26590457 28.5638668  31.347167   30.47117296 30.4276839
 32.23558648 31.67022863 30.91848907 25.30218688 26.63792247 26.4888171
 26.81187873 27.1722167  27.67544732 29.45849901 29.32181909 30.27857853
 30.17296223 30.6637674  31.04274354 32.44681909 33.13643141 32.57728628
 26.08499006 26.36456262 27.27162028 28.4333996  28.93663022 28.19110338
 28.43961233 30.11704771 30.82529821 31.50248509 30.97440358 30.64512922
 31.48384692 34.75173956 26.68141153 26.78081511 27.66923459 27.47042744
 28.25944334 28.85586481 28.38369781 29.62624254 31.65780318 30.60164016
 31.69507952 30.32206759 34.66476143 33.14885686 25.25869781 26.67519881
 26.9609841  26.82430417 27.93016899 28.76888668 29.36530815 28.76267396
 30.01143141 30.85014911 31.33474155 31.65780318 31.90631213 31.53354871
 33.95029821 27.22191849]",69077.06848223042
2025-06-15 15:47:00+00:00,947,6571.950000000001,9.0,29.586253943334796,29.414854622266404,34.111829025844926,"[28.21595427 30.82529821 27.45178926 27.33996024 28.68812127 28.4582505
 27.91153082 31.55218688 30.72589463 31.73235586 31.29125249 32.07405567
 33.58374751 27.23434394 25.73707753 26.82430417 26.53230616 30.04249503
 29.22241551 29.34045726 27.48285288 31.80690855 30.20402584 32.31635189
 31.04274354 32.8444334  32.16724652 25.74329026 27.41451292 26.63792247
 27.65059642 28.5638668  28.41476143 28.68190855 29.42743539 30.1916004
 29.3528827  31.9000994  32.7388171  32.19209742 31.13593439 26.24030815
 25.51341948 28.50173956 27.44557654 26.81187873 28.63841948 28.78752485
 29.31560636 30.402833   30.70725646 30.52087475 30.64512922 30.92470179
 34.11182903 33.81983101 25.87997018 26.86158052 25.50720676 28.14140159
 26.57579523 29.45228628 29.41500994 29.74428429 29.09194831 31.5832505
 31.82554672 31.93737575 32.50894632 33.85089463 26.55094433 27.06038767
 26.53230616 28.40233598 27.75       28.59493042 29.04224652 30.14189861
 29.17271372 29.30939364 31.13593439 31.5832505  33.44085487 33.23583499
 24.86729622 25.84269384 28.84965209 26.99204771 28.88071571 29.44607356
 27.50149105 29.60760437 28.94284294 31.53976143 30.88742545 30.70725646
 32.12997018 31.0862326  32.61456262 27.65680915 26.805666   27.24055666
 30.86878728 29.16650099 27.71272366 28.96769384 30.19781312 30.58921471
 29.68215706 31.0054672  31.38444334 31.80690855 32.52758449 25.48235586
 26.08499006 29.55168986 25.87997018 28.35884692 28.89314115 28.52037773
 28.89935388 30.24130219 30.28479125 31.29746521 31.63295229 32.40333002
 31.70750497 26.32728628 27.05417495 25.94209742 27.48906561 27.76863817
 28.92420477 28.64463221 29.32181909 30.24130219 30.21645129 30.25994036
 32.38469185 31.60188867 32.17345924 26.94234592 25.7805666  27.39587475
 26.53851889 28.0916998  26.84294235 29.10437376 29.3777336  29.06709742
 29.29696819 31.37823062 30.06734592 32.01192843 32.96868787 32.52137177
 26.35213718 28.16625249 25.6500994  29.56411531 29.25969185 28.83722664
 27.6195328  31.23533797 29.00497018 31.60810139 31.43414513 30.96197813
 31.88146123 32.7388171  26.04771372 25.79920477 27.76863817 27.89910537
 28.64463221 29.07952286 29.73185885 30.03628231 29.26590457 31.40929423
 31.30367793 31.30367793 31.88146123 33.82604374 27.25919483 25.18414513
 25.95452286 27.84319085 26.92992048 30.09219682 29.89960239 28.5638668
 29.93687873 29.00497018 29.79398608 31.67022863 32.22937376 32.0554175
 31.62673956 26.7249006 ]",68873.3711928209
2025-06-15 15:48:00+00:00,948,6585.34,9.0,29.625431717074378,29.456448807157052,34.608846918489064,"[27.45800199 26.62549702 29.17271372 27.41451292 27.52012922 29.43364811
 30.90606362 30.22266402 31.91252485 31.30989066 32.83200795 31.06138171
 32.83822068 25.65631213 27.46421471 26.30243539 26.2527336  28.40233598
 28.17867793 28.80616302 29.83126243 30.56436382 28.07927435 31.81312127
 30.5333002  32.11133201 32.91898608 25.71222664 26.86158052 27.63195825
 26.82430417 27.43315109 28.27186879 29.3528827  29.07952286 30.30964215
 30.2972167  31.35337972 31.64537773 31.64537773 33.81983101 26.23409543
 25.66873757 26.50745527 27.39587475 28.08548708 28.07927435 29.88717694
 29.30939364 29.88096421 31.60188867 30.88742545 29.84368787 30.83151093
 33.88195825 33.66451292 26.53230616 25.49478131 27.15979125 28.23459245
 30.50223658 29.19135189 28.60735586 31.1110835  29.19756461 31.26640159
 32.27907555 31.98086481 32.34120278 34.04970179 25.8861829  25.58175944
 27.0417495  28.22837972 28.32157058 30.30964215 28.76267396 28.06063618
 30.21645129 31.28503976 31.22291252 31.49627237 32.35362823 32.28528827
 26.58200795 25.9917992  28.17867793 27.58846918 27.31510934 27.22813121
 31.04895626 29.53926441 30.09219682 29.18513917 30.50223658 30.0611332
 32.22316103 32.6083499  31.72614314 27.11630219 26.29622266 28.01714712
 27.0666004  29.21620278 28.43961233 28.222167   29.76292247 31.44657058
 28.96148111 33.2917495  29.78156064 32.70775348 34.39140159 26.89264414
 25.97316103 26.52609344 26.70626243 26.76217694 27.31510934 28.93663022
 30.5084493  32.35984095 31.15457256 32.36605368 31.91873757 31.57082505
 34.17395626 26.55715706 26.81187873 25.89239563 28.30293241 27.77485089
 28.5638668  30.52708748 28.57007952 29.9555169  30.54572565 29.88717694
 30.78180915 33.4222167  33.73906561 25.14686879 26.13469185 26.84915507
 27.15979125 27.9612326  29.16028827 29.6945825  27.56361829 31.17321074
 31.50248509 30.55193837 30.73210736 30.54572565 31.53354871 33.65208748
 24.57529821 26.11605368 27.55740557 28.60114314 29.14786282 27.69408549
 28.3277833  28.30914513 29.55168986 30.62649105 31.44657058 32.6332008
 30.12326044 34.52808151 26.89885686 26.16575547 28.57629225 28.4582505
 26.9609841  28.63220676 28.65705765 30.61406561 30.0611332  28.08548708
 31.69507952 32.50894632 31.49005964 32.59592445 26.92370775 27.79970179
 27.6195328  27.12251491 29.1416501  29.7194334  30.27857853 27.81212724
 30.07355865 31.819334   32.11133201 30.83772366 32.02435388 31.5583996
 34.60884692 26.13469185]",69004.44435264406
2025-06-15 15:49:00+00:00,949,6543.08,9.0,29.500376923372805,29.325173956262425,34.17395626242545,"[26.40183897 27.75       27.53255467 29.0111829  29.41500994 29.53926441
 29.15407555 29.65730616 31.13593439 32.21694831 31.85039761 31.81312127
 33.14264414 25.73707753 26.71868787 26.98583499 27.87425447 29.06088469
 28.42097416 29.11058648 29.5082008  29.32181909 30.04870775 30.40904573
 33.055666   32.55243539 31.50869781 26.64413519 26.94855865 27.81212724
 27.50770378 26.74975149 27.75       29.57654076 28.694334   29.16650099
 29.96794235 30.70725646 31.33474155 32.70775348 31.82554672 25.02882704
 24.5193837  25.90482107 28.04199801 27.55740557 28.29671968 29.63866799
 29.43986083 29.99279324 30.10462227 30.6637674  29.92445328 31.2166998
 33.14885686 33.50298211 26.20303181 26.2278827  28.22837972 26.27758449
 28.08548708 27.39587475 28.62599404 27.66923459 29.20377734 30.71968191
 32.07405567 32.8195825  32.86307157 32.34120278 26.99826044 26.89885686
 27.93016899 26.86779324 27.10387674 28.96769384 28.9304175  30.88121272
 31.67644135 29.83747515 31.29746521 31.32852883 31.01167992 31.16078529
 25.58797217 26.20924453 26.06635189 29.3777336  28.83101392 29.93687873
 28.18489066 28.92420477 29.45849901 31.35337972 31.70129225 30.99304175
 31.62673956 32.72639165 32.34120278 24.78031809 26.65034791 27.19706759
 27.76242545 29.04845924 28.38369781 29.88096421 29.43986083 31.67022863
 29.930666   31.60188867 33.25447316 32.18588469 31.7944831  25.13444334
 26.28379722 28.60735586 28.31535785 27.63817097 28.4333996  29.10437376
 29.86853877 28.84343936 30.83151093 29.15407555 31.76963221 32.35362823
 32.26043738 25.65631213 25.58175944 26.67519881 27.78106362 27.80591451
 29.55790258 28.42718688 30.58300199 30.94333996 31.41550696 28.21595427
 30.875      31.29125249 33.29796223 24.79274354 27.12872763 28.03578529
 27.90531809 27.32753479 28.37748509 29.5889662  28.50795229 29.09194831
 31.41550696 29.20999006 31.9000994  33.33523857 31.88146123 32.91277336
 28.19110338 27.41451292 27.03553678 27.93016899 28.45203777 29.12922465
 28.14140159 28.29050696 29.45849901 28.65084493 30.52708748 33.09294235
 33.2109841  30.89985089 27.88667992 27.0417495  27.86804175 27.94880716
 28.48931412 27.97987078 29.48956262 29.90581511 31.38444334 29.9555169
 31.33474155 31.64537773 32.34120278 32.49030815 25.84269384 24.43240557
 25.8861829  28.31535785 25.60039761 27.48906561 30.22266402 29.26590457
 29.66351889 30.04249503 30.29100398 31.23533797 31.17942346 31.71993042
 34.17395626 25.53827038]",68586.06103483606
2025-06-15 15:50:00+00:00,950,6557.08,9.0,29.541340873445325,29.368663021868787,34.22987077534791,"[28.71297217 26.50124254 26.64413519 28.18489066 29.4833499  29.56411531
 30.84393638 31.01789264 30.75695825 30.6389165  31.70750497 32.12375746
 33.00596421 26.2527336  26.20303181 26.43290258 25.98558648 29.7194334
 27.07281312 29.22241551 30.32828032 29.57032803 30.42147117 31.83175944
 32.04920477 31.62052684 31.76963221 25.15929423 25.23384692 26.5695825
 27.37102386 26.84915507 28.83722664 27.78727634 29.73185885 32.58349901
 31.24776342 30.55193837 32.73260437 31.34095427 33.30417495 26.27137177
 26.5695825  27.58225646 25.50099404 27.52012922 28.78752485 29.55790258
 30.27857853 29.60760437 29.89338966 31.09244533 32.46545726 31.06759443
 32.59592445 31.5832505  25.94831014 27.52634195 26.78702783 27.01689861
 27.55740557 27.0666004  27.91774354 29.12301193 30.95576541 29.94930417
 29.92445328 30.32206759 31.45899602 32.96868787 26.99204771 26.15954274
 28.24701789 27.66923459 28.60114314 28.68812127 27.79970179 29.47713718
 29.65109344 29.59517893 31.53354871 32.99975149 33.30417495 33.26689861
 25.51963221 26.31486083 25.66252485 27.99850895 27.41451292 29.25347913
 28.70054672 28.80616302 30.94955268 29.91824056 31.87524851 32.16724652
 31.26018887 33.22962227 31.54597416 26.0166501  25.66252485 28.15382704
 27.42693837 28.50795229 28.25323062 28.91799205 28.36505964 31.33474155
 32.80094433 31.43414513 32.28528827 32.34120278 34.09940358 25.01640159
 25.49478131 27.63195825 28.32157058 27.34617296 29.56411531 29.5889662
 29.32803181 31.05516899 32.07405567 31.06759443 32.1610338  32.96868787
 31.10487078 26.70626243 25.92345924 24.98533797 25.84890656 28.12897614
 26.87400596 30.90606362 29.22241551 29.32803181 29.88717694 30.58300199
 29.80641153 31.75720676 33.52162028 26.19681909 27.12872763 27.37102386
 26.40183897 26.67519881 29.90581511 29.28454274 30.70725646 29.76913519
 30.82529821 31.27882704 31.10487078 32.96247515 32.53379722 33.37872763
 28.17867793 27.10387674 26.29000994 28.35884692 28.33399602 27.47664016
 28.7750994  30.58921471 30.03006958 30.99304175 31.67022863 30.83772366
 32.7388171  34.22987078 25.83648111 25.91724652 27.45800199 27.32132207
 27.87425447 29.81883698 30.57678926 26.58200795 29.30318091 29.27833002
 30.402833   32.43439364 33.10536779 32.57107356 24.79274354 26.67519881
 26.66898608 26.86158052 27.97987078 27.55119284 27.89910537 31.98086481
 28.76267396 31.81312127 29.05467197 29.91202783 33.06187873 33.43464215
 32.25422465 27.15357853]",68723.11002619867
2025-06-15 15:51:00+00:00,951,6534.33,9.0,29.473846995936213,29.297993290258447,34.5653578528827,"[26.30864811 27.6443837  26.47639165 28.58250497 28.34642147 28.50795229
 29.81262425 30.18538767 30.2972167  31.27882704 33.14885686 31.88146123
 33.21719682 24.4137674  24.91699801 25.42644135 28.14761431 29.2472664
 27.37102386 29.92445328 30.28479125 30.68240557 31.26018887 29.30318091
 30.875      31.64537773 32.75124254 25.82405567 28.5638668  27.75621272
 27.97365805 26.26515905 28.81858847 29.3777336  28.07927435 29.64488072
 29.10437376 32.40954274 31.10487078 32.48409543 32.44681909 27.3834493
 25.57554672 26.78081511 28.07927435 27.44557654 29.00497018 27.83697813
 30.14811133 30.52087475 30.30342942 29.89960239 31.62673956 32.3722664
 32.01814115 32.93762425 25.55069583 27.52634195 27.86804175 27.32753479
 27.66923459 28.76888668 28.98633201 28.84965209 30.47738569 31.95601392
 32.35362823 31.05516899 32.21073559 34.38518887 28.02957256 24.52559642
 26.58822068 29.39637177 29.99900596 28.27186879 29.1416501  28.99254473
 29.66973161 31.84418489 31.26640159 30.45874751 31.17942346 32.68290258
 25.12823062 26.58200795 27.46421471 26.65656064 27.28404573 29.79398608
 27.6195328  29.66973161 29.76292247 28.88071571 30.81908549 31.62052684
 32.22316103 31.49627237 34.56535785 27.71272366 28.15382704 28.52659046
 28.5390159  28.1165507  31.16699801 29.27833002 29.78777336 28.61978131
 31.41550696 31.39065606 32.09890656 31.30367793 31.94980119 26.22166998
 25.3332505  26.79324056 26.73111332 28.20352883 28.09791252 28.04821074
 30.42147117 32.43439364 30.36555666 30.85014911 30.41525845 30.33449304
 31.45899602 24.87972167 28.67569583 27.38966203 25.73086481 28.68812127
 28.0916998  28.31535785 28.67569583 29.65109344 30.52708748 31.17321074
 31.85661034 31.40929423 32.00571571 27.41451292 25.55690855 28.00472167
 28.04821074 26.96719682 27.8804672  26.81187873 28.44582505 29.11058648
 30.88121272 29.09194831 30.96819085 32.75745527 31.87524851 33.22962227
 28.76888668 26.37698807 28.38369781 25.51341948 27.96744533 27.45178926
 29.46471173 30.62649105 30.41525845 31.19806163 31.48384692 31.85661034
 32.44681909 32.31635189 25.17171968 26.61307157 26.49502982 29.11058648
 26.76217694 28.07927435 28.75646123 29.59517893 30.4276839  30.94955268
 31.9249503  32.60213718 30.86257455 32.21073559 25.05989066 26.25894632
 25.83648111 25.92967197 27.97987078 27.53255467 28.16003976 27.69408549
 29.65730616 29.75670974 29.42122266 29.59517893 32.67668986 32.61456262
 33.12400596 26.26515905]",68497.30250960421
2025-06-15 15:52:00+00:00,952,6532.7,9.0,29.468672198747743,29.292929920477135,34.04348906560636,"[27.9860835  26.53230616 29.04224652 28.88071571 29.40258449 29.43986083
 30.91227634 28.19110338 31.89388668 29.97415507 30.22887674 32.99353877
 33.13643141 24.74304175 26.04150099 27.52012922 26.64413519 26.81187873
 28.84965209 28.34020875 30.75074553 29.04224652 30.01143141 31.61431412
 30.46496024 33.12400596 33.26689861 26.88643141 25.4388668  27.30889662
 27.3026839  28.19110338 27.81833996 27.61332008 29.5082008  31.27261431
 29.0360338  32.18588469 33.06187873 30.01143141 33.14885686 25.9110338
 25.8054175  28.41476143 26.26515905 27.21570577 27.06038767 29.23484095
 28.65705765 27.67544732 31.86903579 31.50869781 30.22887674 31.86282306
 31.9000994  31.96843936 26.66277336 26.77460239 27.68787276 26.15954274
 27.76863817 28.1973161  27.71272366 30.96819085 30.57678926 32.28528827
 28.63220676 31.44657058 32.55864811 31.34095427 26.77460239 27.66302187
 27.67544732 28.88692843 28.01714712 28.73782306 30.46496024 28.04821074
 30.52087475 31.84418489 31.28503976 32.18588469 32.66426441 32.88792247
 24.80516899 26.0166501  26.76838966 28.40233598 26.54473161 27.99850895
 29.9555169  27.66923459 31.04895626 29.5082008  29.22862823 32.91277336
 31.96843936 32.67047714 32.60213718 26.58200795 26.19681909 26.50745527
 26.11605368 29.08573559 30.04249503 29.0360338  29.1416501  30.88742545
 31.29125249 29.93687873 31.42793241 31.03653082 32.50894632 26.02907555
 26.15333002 26.71868787 28.46446322 28.694334   29.25969185 28.35263419
 29.57032803 30.40904573 29.32181909 31.17942346 30.875      32.73260437
 32.91277336 26.07877734 26.15333002 26.30864811 25.58175944 27.48906561
 28.37127237 30.45253479 30.34691849 31.04274354 30.00521869 30.83151093
 29.8499006  29.72564612 32.21694831 25.79920477 25.16550696 27.66302187
 26.24652087 28.12897614 28.60735586 27.63817097 28.26565606 31.53976143
 30.27857853 32.22937376 30.6637674  31.09244533 30.95576541 32.35362823
 25.42644135 28.12897614 27.29025845 26.85536779 27.88667992 30.09219682
 29.29696819 31.09865805 28.19110338 30.46496024 29.9555169  32.21073559
 33.02460239 31.9000994  24.55666004 27.79348907 27.97365805 26.91749503
 27.5387674  27.24676938 28.98633201 29.86232604 29.70079523 31.60810139
 31.03653082 31.08001988 30.83151093 34.03727634 27.44557654 27.84319085
 26.15333002 27.75621272 27.62574553 27.19085487 28.49552684 29.60139165
 30.25372763 31.2415507  31.06759443 32.82579523 31.46520875 34.04348907
 32.01192843 26.29000994]",68479.98970813045
2025-06-15 15:53:00+00:00,953,6571.91,9.0,29.584011071326245,29.414730367793236,34.49701789264414,"[26.4888171  26.33349901 27.94880716 27.06038767 28.22837972 28.85586481
 28.66327038 30.42147117 30.73210736 29.6945825  32.36605368 31.93737575
 31.819334   26.2527336  25.99801193 25.92345924 27.33996024 27.73136183
 26.58822068 28.92420477 31.03653082 29.83747515 32.19831014 31.35337972
 32.00571571 32.39090457 32.80715706 27.18464215 27.84940358 27.60710736
 28.12897614 28.25944334 27.99229622 29.81883698 29.90581511 31.12972167
 31.22912525 31.57082505 32.29150099 31.6888668  32.54000994 25.25869781
 25.46371769 25.68737575 28.24080517 27.91153082 28.20352883 29.08573559
 28.34642147 30.55193837 30.5333002  31.94980119 30.53951292 31.63295229
 32.75745527 33.5526839  26.88021869 26.79324056 25.4388668  27.87425447
 27.79348907 29.34666998 29.19135189 30.64512922 29.21620278 31.43414513
 32.3722664  30.77559642 31.28503976 34.06212724 24.52559642 27.23434394
 26.40805169 26.2278827  28.15382704 28.50173956 30.54572565 29.47713718
 30.70104374 29.99900596 32.47166998 31.86282306 31.69507952 32.30392644
 26.24030815 24.87972167 27.31510934 28.62599404 28.75646123 28.28429423
 29.23484095 28.48310139 31.86903579 30.68861829 32.3722664  31.98086481
 31.78205765 32.67047714 32.79473161 25.79299205 26.48260437 27.07281312
 26.97962227 27.73757455 29.45228628 30.60785288 28.54522863 29.80641153
 30.81287276 29.96794235 32.68290258 31.60188867 31.86903579 25.58797217
 25.45750497 28.52037773 28.91177932 28.60114314 29.13543738 31.15457256
 28.78131213 28.80616302 30.86878728 30.85636183 32.2666501  32.34741551
 34.49701789 26.35213718 26.33349901 27.25919483 25.50720676 27.58225646
 29.92445328 30.93091451 30.49602386 29.6138171  31.5832505  31.96222664
 32.36605368 31.28503976 33.4222167  24.8610835  27.28404573 26.97962227
 28.11033797 27.20949304 28.28429423 30.88742545 28.50173956 30.81908549
 29.83747515 31.73856859 30.55193837 31.30367793 31.75720676 33.96272366
 27.42693837 27.07902584 26.65656064 27.5387674  27.68787276 28.81237575
 27.35238569 28.99254473 28.91799205 30.6389165  30.95576541 31.52112326
 30.875      31.0054672  26.51988072 26.68141153 27.71893638 28.39612326
 28.65084493 28.52037773 27.71893638 29.43986083 29.17892644 33.43464215
 30.13568588 31.27882704 32.59592445 32.70775348 26.04771372 26.47017893
 27.63817097 26.23409543 25.63146123 28.23459245 29.1416501  28.96148111
 29.32181909 29.14786282 31.50869781 32.81336978 32.78851889 33.17992048
 32.03677932 26.39562624]",68865.86744022908
2025-06-15 15:54:00+00:00,954,6556.41,9.0,29.537891391620303,29.36658175944334,34.62748508946322,"[25.32082505 28.10412525 26.28379722 28.37127237 28.75024851 29.76292247
 29.86853877 31.50248509 30.7445328  31.18563618 32.34120278 32.79473161
 33.2109841  26.7249006  26.14090457 25.55069583 28.38369781 28.41476143
 29.27833002 29.44607356 30.21645129 31.35337972 30.44632207 31.82554672
 31.14835984 32.14239563 32.44060636 25.51341948 26.52609344 25.91724652
 26.53230616 26.42668986 29.10437376 29.16650099 28.66327038 32.12997018
 31.40308151 31.55218688 30.72589463 32.24801193 32.30392644 25.62524851
 26.37077535 24.97291252 27.49527833 28.44582505 27.32753479 29.63866799
 28.42718688 29.3777336  30.73210736 31.94358847 30.41525845 30.9806163
 32.9500497  31.47142147 25.14686879 28.25323062 27.28404573 29.23484095
 29.71322068 28.68190855 29.44607356 30.24130219 29.25969185 30.93712724
 32.86307157 32.3971173  31.80690855 33.56510934 25.69980119 28.18489066
 28.06063618 28.6694831  27.3834493  26.66898608 29.47713718 27.8804672
 29.6945825  32.90656064 31.20427435 31.78827038 32.16724652 31.26018887
 26.2527336  25.15308151 28.17246521 27.277833   27.68166004 28.78131213
 29.78777336 28.4582505  30.21645129 29.94930417 30.36555666 30.91848907
 30.402833   34.44110338 32.48409543 24.7306163  28.12897614 25.51341948
 29.5889662  27.14736581 28.21595427 28.94905567 28.73782306 30.01143141
 31.09865805 29.94309145 33.36008946 33.09294235 32.28528827 25.86754473
 26.39562624 26.7000497  28.01714712 27.19706759 27.9612326  28.99254473
 30.37798211 30.37798211 28.36505964 30.14189861 31.22291252 32.3971173
 31.64537773 23.88568588 26.51366799 26.42047714 28.60735586 26.94234592
 26.97962227 29.57032803 30.89985089 29.59517893 30.92470179 31.29746521
 32.73260437 32.61456262 33.58996024 25.53827038 26.99204771 27.84940358
 28.222167   25.33946322 28.74403579 28.47067594 30.14811133 31.21048708
 30.32828032 31.73235586 31.44657058 33.40357853 31.31610338 33.17992048
 26.29622266 26.31486083 26.66277336 28.05442346 27.50149105 28.73782306
 27.92395626 31.40929423 29.65730616 29.41500994 29.63866799 28.9304175
 30.84393638 32.51515905 25.18414513 27.82455268 28.20352883 27.94880716
 28.24701789 29.29696819 28.19110338 29.55790258 28.1973161  31.91873757
 31.6888668  31.21048708 30.07355865 33.49676938 26.51988072 25.57554672
 27.63817097 27.62574553 28.53280318 28.92420477 28.96769384 30.34070577
 29.42122266 30.34691849 30.6389165  32.32877734 31.47763419 31.93116302
 34.62748509 26.15954274]",68711.56943980488
2025-06-15 15:55:00+00:00,955,6517.580000000001,9.0,29.422916919321125,29.245961729622262,34.51565606361829,"[25.42644135 27.43936382 25.45750497 27.24055666 28.60735586 29.1416501
 29.84368787 30.32206759 31.49005964 32.62698807 31.80069583 32.76366799
 33.43464215 24.80516899 28.31535785 27.48285288 26.83672962 27.83076541
 28.03578529 28.66327038 29.58275348 30.875      30.10462227 32.02435388
 30.6637674  31.0054672  31.5583996  25.14065606 25.97937376 25.53205765
 28.43961233 29.63866799 29.2472664  28.83101392 28.3277833  30.84393638
 32.11133201 31.93116302 30.72589463 30.03628231 31.76963221 25.64388668
 27.34617296 25.73086481 27.62574553 25.68116302 26.21545726 29.73807157
 29.68836978 30.0611332  29.20999006 30.12947316 30.19781312 32.75745527
 32.2417992  32.44681909 23.95402584 27.78106362 27.04796223 28.93663022
 26.26515905 28.49552684 29.37152087 29.26590457 29.91202783 30.50223658
 30.04870775 30.55815109 31.03653082 33.37251491 24.30193837 26.65034791
 27.15357853 26.1471173  28.19110338 27.52012922 29.26590457 30.30964215
 28.94905567 30.81908549 30.38419483 31.83797217 31.73235586 32.39090457
 25.53827038 27.37723658 28.28429423 26.99204771 27.78106362 29.20999006
 28.89314115 30.45874751 29.74428429 30.40904573 32.14239563 30.01764414
 34.51565606 32.54000994 32.21073559 25.81163022 26.95477137 26.61928429
 26.07256461 27.19706759 27.97365805 27.61332008 28.88692843 30.51466203
 29.90581511 31.22912525 32.87549702 31.67644135 32.88792247 26.55715706
 26.19681909 24.8362326  27.94880716 26.36456262 29.2472664  29.11058648
 28.27808151 30.402833   31.01167992 30.75695825 32.81336978 31.88767396
 31.78827038 27.42072565 26.65034791 27.48906561 28.89314115 27.62574553
 27.9612326  29.15407555 29.55168986 29.65109344 29.55790258 30.03006958
 31.60188867 30.17296223 33.60859841 26.98583499 26.89885686 27.15979125
 28.23459245 29.55168986 29.23484095 28.76267396 29.86853877 28.99875746
 30.09840954 30.65134195 31.12972167 32.17345924 32.2666501  32.89413519
 26.92992048 27.83076541 27.29025845 26.86158052 27.78727634 29.43364811
 27.73757455 30.21645129 29.87475149 32.11754473 30.86878728 33.09915507
 31.04895626 33.72664016 26.03528827 26.71868787 28.22837972 27.0417495
 28.27186879 28.51416501 29.09816103 28.75646123 30.09840954 29.4833499
 30.93091451 30.66998012 31.38444334 33.02460239 26.5944334  26.75596421
 27.47042744 26.1222664  27.78106362 26.86779324 29.08573559 28.25944334
 30.10462227 30.33449304 29.94930417 29.74428429 31.51491054 33.67693837
 33.53404573 25.65631213]",68326.91084528076
2025-06-15 15:56:00+00:00,956,6514.14,9.0,29.412372950037394,29.235275844930417,35.00024850894632,"[26.73732604 27.36481113 28.19110338 26.3832008  29.64488072 28.45203777
 28.01093439 29.76292247 30.15432406 31.06759443 31.40929423 32.40954274
 32.80094433 25.66252485 25.13444334 27.14115308 26.88643141 27.32132207
 30.24130219 29.08573559 27.42693837 30.37798211 32.51515905 30.4276839
 33.91302187 33.82604374 32.65805169 25.85511928 25.14686879 27.02311133
 25.95452286 27.58225646 30.24130219 29.23484095 29.86853877 28.80616302
 31.77584493 30.01764414 31.73856859 32.27286282 33.11779324 25.82405567
 26.77460239 28.0916998  28.25323062 28.19110338 27.96744533 26.83672962
 28.98633201 28.45203777 30.1916004  29.81883698 30.11704771 31.70750497
 32.91277336 31.5832505  26.81809145 26.5695825  27.12872763 27.68166004
 28.65084493 26.25894632 29.52062624 30.03006958 30.90606362 30.21023857
 33.25447316 31.36580517 32.98732604 31.55218688 24.83001988 26.55715706
 26.92992048 26.52609344 28.57629225 27.43936382 29.96794235 31.56461233
 29.8250497  30.07355865 31.1110835  31.21048708 32.34120278 32.62077535
 25.12201789 26.77460239 27.79970179 27.74378728 28.11033797 28.7999503
 26.99826044 28.84343936 29.63245527 29.62624254 30.51466203 30.90606362
 32.1361829  31.46520875 32.80094433 24.60014911 26.86158052 28.09791252
 27.52634195 28.53280318 28.85586481 29.22241551 30.44010934 28.39612326
 30.7445328  29.91202783 31.96222664 31.50248509 32.44060636 25.27733598
 27.13494036 27.14736581 27.32753479 27.31510934 28.64463221 28.68812127
 30.98682903 29.30318091 30.73832008 31.73856859 31.52112326 30.81908549
 32.62077535 27.01689861 25.64388668 27.4083002  25.21520875 27.67544732
 27.24055666 27.97365805 29.17892644 28.49552684 29.43364811 30.34691849
 31.86282306 30.46496024 33.92544732 26.35213718 27.25919483 27.94259443
 27.26540755 27.40208748 28.27808151 26.50124254 27.04796223 29.56411531
 29.81883698 30.60785288 30.44010934 32.40333002 32.31013917 31.80690855
 27.01068588 26.92370775 27.20328032 27.14115308 29.19135189 29.16650099
 28.84965209 27.99229622 29.58275348 30.90606362 31.44657058 32.53379722
 35.00024851 32.44060636 24.89214712 26.5695825  27.58846918 29.14786282
 28.37127237 28.86829026 29.53926441 29.8499006  30.01764414 31.36580517
 30.15432406 29.92445328 32.41575547 32.75745527 26.27137177 26.2278827
 25.81163022 27.58846918 27.41451292 28.07306163 28.58871769 28.06684891
 28.27186879 30.12326044 31.85039761 32.06784294 32.55864811 32.33499006
 33.15506958 27.42693837]",68291.63494164511
2025-06-15 15:57:00+00:00,957,6483.02,9.0,29.32013716271061,29.138605864811133,34.07455268389661,"[26.51366799 25.15308151 28.67569583 27.25919483 28.79373757 28.7750994
 28.49552684 30.20402584 31.14214712 32.88792247 34.07455268 32.31013917
 32.31013917 25.81784294 25.43265408 26.86158052 28.1165507  28.74403579
 27.66923459 27.88667992 29.25969185 30.29100398 30.57057654 30.58921471
 30.99925447 31.62673956 32.41575547 25.97316103 24.55666004 25.71222664
 26.78702783 28.17867793 27.45178926 28.51416501 29.74428429 30.35934394
 30.35313121 30.51466203 32.03677932 32.98111332 32.3971173  26.63170974
 26.1222664  28.13518887 25.45129225 29.28454274 27.84319085 28.24080517
 29.65109344 30.2972167  32.14239563 28.94284294 31.68265408 32.86928429
 34.02485089 31.91873757 25.94831014 25.73086481 26.91749503 27.3026839
 28.61978131 28.10412525 26.94855865 29.81883698 31.71371769 29.0360338
 30.28479125 31.64537773 32.2666501  30.402833   25.4140159  27.09766402
 27.03553678 27.19706759 28.12897614 27.78727634 29.01739563 29.4833499
 29.30318091 30.01764414 29.07952286 31.27882704 31.3223161  32.36605368
 26.89264414 28.16003976 26.78081511 26.71868787 27.84319085 29.1416501
 28.14761431 28.7750994  28.99254473 31.23533797 30.6637674  30.875
 31.99950298 30.7693837  33.62102386 26.91749503 25.84890656 29.16650099
 27.86804175 29.40879722 28.35884692 28.34020875 29.1416501  30.07977137
 30.2972167  30.69483101 33.39736581 32.12375746 33.26689861 26.43911531
 27.76863817 25.569334   26.63792247 25.68737575 29.2721173  29.04845924
 29.97415507 29.43986083 28.61356859 31.05516899 29.80019881 32.1361829
 33.96272366 25.60039761 24.58151093 26.06635189 26.41426441 28.67569583
 27.01689861 28.06684891 29.39015905 31.84418489 30.62649105 30.66998012
 30.0611332  31.25397614 33.16128231 24.94184891 24.48832008 27.01689861
 27.00447316 26.84915507 27.42072565 29.4833499  28.84965209 29.4833499
 30.93091451 30.82529821 32.42196819 33.14885686 30.65134195 33.52162028
 24.07828032 26.36456262 27.89289264 26.05392644 28.47067594 28.53280318
 29.04845924 28.70675944 30.41525845 30.57678926 32.11133201 31.01167992
 31.06759443 32.67047714 25.38916501 26.79945328 27.4083002  26.11605368
 26.81809145 27.4083002  28.03578529 29.40258449 28.97390656 29.20999006
 31.37823062 31.39686879 32.98111332 33.93787276 24.97291252 25.73086481
 26.50124254 28.29050696 26.3583499  27.32753479 28.61978131 29.81262425
 29.1416501  29.01739563 31.57703777 31.4527833  32.83200795 32.31635189
 33.80740557 25.36431412]",67983.0508915646
2025-06-15 15:58:00+00:00,958,6470.0,9.0,29.281308347249144,29.098161033797215,33.98136182902584,"[26.24652087 25.77435388 28.71918489 28.27186879 27.56983101 28.5390159
 30.12947316 31.70750497 29.81883698 30.55193837 32.06163022 33.98136183
 31.25397614 26.66898608 27.05417495 29.43986083 26.52609344 26.78081511
 28.17867793 28.98011928 29.91202783 30.11704771 30.55815109 29.72564612
 33.26689861 31.91252485 31.52733598 23.93538767 25.4388668  25.4140159
 28.84965209 27.72514911 28.24701789 28.75646123 27.89289264 27.84319085
 31.77584493 29.74428429 31.06759443 31.63916501 32.27286282 26.23409543
 28.02957256 26.5695825  25.51341948 25.23384692 29.19135189 27.14115308
 29.68836978 28.34642147 30.17917495 29.4833499  31.44035785 29.73185885
 30.70104374 31.94358847 27.47664016 26.94855865 25.97937376 27.93016899
 27.65680915 28.45203777 29.06088469 29.18513917 29.75049702 29.89960239
 30.48359841 33.01838966 33.70800199 33.90680915 26.19681909 25.25869781
 27.52634195 27.09145129 27.42693837 29.26590457 28.88071571 28.95526839
 30.23508946 30.17296223 31.0054672  32.65183897 31.18563618 31.819334
 25.92967197 25.38916501 27.86182903 27.35238569 28.84965209 28.26565606
 27.9860835  28.04199801 30.13568588 30.84393638 31.21048708 31.93737575
 32.1610338  33.83225646 31.53976143 25.23384692 26.75596421 26.52609344
 28.37748509 26.55715706 28.9055666  28.76267396 29.42743539 31.1110835
 29.32803181 31.53354871 32.07405567 31.98707753 32.07405567 25.68737575
 28.80616302 26.89264414 26.7000497  27.60089463 27.14115308 27.96744533
 28.35263419 28.5390159  29.48956262 31.19806163 31.60810139 31.47763419
 31.22291252 25.60039761 26.71868787 27.58225646 26.62549702 26.88643141
 27.34617296 28.60735586 30.67619284 28.07306163 29.57032803 31.22291252
 30.81287276 32.31013917 33.39115308 27.22191849 26.66898608 26.53230616
 26.30243539 26.35213718 27.52634195 27.6195328  28.91799205 30.09219682
 29.80019881 30.4276839  33.10536779 32.08648111 31.59567594 32.95626243
 26.10984095 25.97937376 27.24676938 26.53230616 27.37102386 29.16650099
 29.72564612 27.79348907 30.48359841 30.69483101 29.10437376 31.71371769
 30.90606362 32.37847913 24.9666998  27.35238569 26.43290258 26.45154076
 26.70626243 26.5695825  29.38394632 31.02410537 32.70775348 30.04870775
 30.7693837  31.86282306 30.73210736 31.77584493 27.4083002  26.10984095
 27.37723658 26.58822068 28.07927435 28.97390656 28.42097416 29.38394632
 30.1667495  28.64463221 31.52112326 30.64512922 30.6637674  31.89388668
 33.54025845 26.4888171 ]",67853.14520655674
2025-06-15 15:59:00+00:00,959,6517.7,9.0,29.421659995482393,29.24633449304175,34.1925944333996,"[26.12847913 28.222167   27.63817097 27.23434394 28.18489066 29.19756461
 28.98011928 29.19135189 28.84965209 31.39686879 31.07380716 29.25969185
 33.28553678 26.68141153 28.12897614 27.75621272 27.31510934 28.84965209
 27.0417495  29.53305169 29.21620278 30.33449304 32.07405567 31.86903579
 30.90606362 32.88170974 30.47117296 25.8054175  26.86779324 26.53230616
 26.66277336 28.42097416 30.39662028 29.33424453 28.44582505 29.6945825
 31.24776342 31.19806163 31.62052684 33.77634195 33.06809145 25.19657058
 24.88593439 26.87400596 26.9361332  28.91177932 27.62574553 29.09816103
 31.29125249 30.01764414 31.46520875 30.5084493  32.26043738 32.34741551
 32.73260437 31.70129225 26.10984095 26.88643141 25.45129225 28.75024851
 28.61978131 27.63817097 29.3528827  29.45228628 29.55168986 29.8499006
 31.35959245 31.14214712 30.85014911 31.67644135 27.36481113 25.79920477
 28.74403579 27.76863817 27.46421471 29.04224652 29.70700795 28.45203777
 30.19781312 30.38419483 29.97415507 32.23558648 32.21694831 31.32852883
 24.13419483 27.47042744 27.71893638 28.01093439 27.9612326  27.25919483
 27.03553678 30.51466203 29.91824056 29.65730616 31.14835984 31.47142147
 31.28503976 32.67047714 32.76366799 26.86158052 27.19706759 28.80616302
 26.19681909 28.24701789 27.83697813 28.73161034 28.61978131 30.78180915
 29.91202783 31.16078529 31.91252485 31.6888668  33.06187873 25.55069583
 27.94259443 27.79348907 28.35263419 27.96744533 27.43936382 29.94309145
 28.92420477 29.99900596 28.61978131 30.55815109 30.71968191 32.12997018
 31.88767396 25.90482107 25.12823062 26.92370775 27.50770378 28.83722664
 29.46471173 29.37152087 28.81237575 30.35313121 31.12972167 29.02982107
 31.18563618 31.5583996  32.34120278 26.29000994 26.09741551 25.70601392
 29.12301193 29.4833499  27.41451292 27.48285288 29.13543738 27.60710736
 30.71968191 31.22291252 30.89985089 31.35959245 31.04895626 31.63916501
 26.30864811 29.13543738 26.5695825  25.43265408 29.04224652 28.41476143
 27.48906561 29.05467197 29.11058648 29.5889662  31.39686879 32.60213718
 32.16724652 31.9000994  26.45154076 25.11580517 26.73111332 27.54498012
 27.68166004 28.04199801 28.50795229 28.14761431 30.82529821 31.19806163
 32.21073559 30.6389165  31.12972167 33.46570577 25.91724652 26.33349901
 26.86779324 27.60710736 28.5390159  27.12251491 27.10387674 30.47738569
 29.28454274 31.21048708 30.78802187 34.12425447 30.88742545 31.99329026
 34.19259443 26.27758449]",68322.70568088588
2025-06-15 16:00:00+00:00,960,6524.75,9.0,29.44204481159796,29.268234343936385,33.98136182902584,"[27.16600398 27.22191849 29.25347913 27.68166004 28.1165507  30.73832008
 31.1110835  30.29100398 30.4276839  31.2415507  31.86903579 31.34095427
 32.88792247 26.7000497  25.13444334 26.02286282 27.6443837  28.29050696
 28.86829026 28.50795229 28.98633201 29.84368787 30.69483101 29.05467197
 32.49652087 31.50248509 32.09890656 25.65631213 27.77485089 26.42047714
 29.12301193 29.21620278 28.65705765 29.42743539 29.9555169  27.84319085
 28.27186879 30.20402584 29.39637177 32.79473161 33.95029821 26.7000497
 26.40805169 25.93588469 26.55094433 27.99850895 29.77534791 29.07952286
 30.11083499 28.94284294 29.87475149 31.84418489 30.43389662 31.43414513
 33.83225646 33.17992048 24.67470179 26.63170974 26.45775348 26.11605368
 26.87400596 28.62599404 29.85611332 29.15407555 29.43364811 31.99329026
 32.48409543 30.72589463 32.88792247 33.03702783 26.65034791 25.98558648
 25.7805666  28.36505964 28.87450298 27.29647117 28.68812127 26.97340954
 30.51466203 31.56461233 32.03677932 32.34120278 33.27311133 33.40979125
 26.06013917 26.27137177 26.63792247 27.68787276 26.91128231 28.81858847
 29.50198807 28.88071571 30.44632207 30.2972167  30.93712724 29.6945825
 31.93737575 32.70775348 33.98136183 27.03553678 25.94209742 26.89885686
 27.73757455 26.89264414 28.63841948 28.24080517 29.29075547 28.96148111
 31.14214712 30.39040755 30.32206759 31.83797217 32.28528827 24.61878728
 25.61282306 24.50695825 26.92992048 28.25944334 29.31560636 30.32828032
 30.83151093 30.21645129 32.12375746 30.93091451 30.81287276 32.8444334
 32.38469185 26.84294235 25.72465209 27.99850895 28.35884692 27.18464215
 28.81237575 27.15357853 28.71297217 30.36555666 29.66973161 30.61406561
 30.51466203 32.16724652 32.22316103 27.10387674 26.20303181 25.74329026
 27.08523857 27.09766402 28.7750994  29.06709742 28.92420477 30.12947316
 30.24130219 30.52708748 30.04870775 30.68861829 32.46545726 33.14264414
 26.16575547 25.32703777 26.40805169 26.82430417 28.48931412 28.96769384
 28.62599404 30.11704771 30.59542744 31.35959245 32.6083499  31.81312127
 32.67047714 33.43464215 25.71843936 26.7000497  27.81833996 27.25298211
 27.73757455 28.15382704 30.42147117 26.90506958 29.71322068 30.32828032
 30.78180915 30.6637674  31.16699801 33.0805169  26.01043738 27.03553678
 24.64363817 28.48310139 27.11008946 28.27808151 27.33996024 29.71322068
 30.52708748 31.48384692 30.86878728 31.65780318 31.1110835  32.61456262
 33.13021869 27.4083002 ]",68390.90512168214
2025-06-15 16:01:00+00:00,961,6439.27,9.0,29.189362654487493,29.00270253479125,33.90680914512922,"[25.42644135 26.32107356 27.35859841 27.76863817 28.9304175  29.30939364
 28.35263419 29.29075547 29.16650099 30.73210736 30.69483101 32.01192843
 33.90680915 26.13469185 25.46993042 26.37077535 24.73682903 28.86207753
 27.94880716 28.20974155 30.21023857 29.99279324 31.29746521 31.91252485
 30.71968191 32.26043738 32.49652087 25.48235586 26.60064612 24.94806163
 27.82455268 29.98658052 27.75621272 29.88096421 27.45800199 28.79373757
 30.34070577 30.68240557 30.402833   31.14214712 31.58946322 26.28379722
 25.65631213 26.51988072 26.71247515 27.90531809 28.20352883 29.60139165
 28.68190855 30.32828032 29.00497018 30.07355865 31.77584493 29.36530815
 32.54622266 32.93141153 27.05417495 26.21545726 27.38966203 26.49502982
 29.3777336  28.60114314 28.61356859 27.91774354 27.90531809 29.930666
 30.58300199 32.25422465 31.86903579 33.47191849 25.77435388 24.99776342
 27.47042744 27.3834493  27.50149105 28.4333996  28.26565606 30.27236581
 30.11083499 30.06734592 33.34145129 31.44657058 31.23533797 32.45924453
 26.24030815 25.03503976 27.06038767 26.96719682 27.60710736 27.34617296
 27.84940358 29.78777336 31.29746521 29.96172962 30.09840954 30.9806163
 33.07430417 31.63295229 33.58996024 27.14736581 25.60661034 27.71893638
 28.31535785 27.86182903 29.0111829  28.70054672 29.80641153 30.4276839
 30.85014911 31.16078529 29.71322068 32.49030815 31.6888668  24.79274354
 24.55044732 26.1222664  27.83076541 29.19135189 28.42097416 28.16003976
 30.36555666 28.68812127 30.52087475 29.66973161 30.23508946 31.68265408
 33.37251491 25.9110338  26.34592445 27.97365805 28.81858847 28.71918489
 29.07331014 28.83722664 28.23459245 29.33424453 29.4833499  30.91227634
 31.85661034 31.63916501 31.95601392 24.32678926 26.96719682 27.24676938
 28.25944334 25.28354871 28.65084493 27.94880716 29.46471173 29.60139165
 29.87475149 32.35362823 31.35959245 31.43414513 31.94358847 29.55168986
 25.92967197 25.9917992  26.56336978 26.29622266 26.50745527 26.52609344
 28.81858847 29.0111829  29.91202783 30.65134195 29.11058648 32.64562624
 32.60213718 31.88146123 26.97340954 25.40159046 27.04796223 25.63767396
 28.50795229 27.83076541 29.91824056 29.16028827 28.99875746 29.25969185
 28.88071571 31.52112326 30.57057654 31.98086481 26.3832008  25.94209742
 27.02311133 27.8556163  27.277833   27.55740557 27.76863817 28.95526839
 27.55119284 30.44010934 30.58921471 31.15457256 30.59542744 32.09269384
 33.25447316 25.15929423]",67545.53169685336
2025-06-15 16:02:00+00:00,962,6509.170000000001,9.0,29.395206785261383,29.219837226640156,34.44110337972167,"[26.29622266 25.53205765 28.12897614 28.18489066 26.57579523 27.8556163
 30.15432406 30.50223658 29.83747515 30.91227634 31.85039761 32.50894632
 32.74502982 26.29000994 26.15333002 26.11605368 28.54522863 29.2721173
 28.27808151 29.20377734 29.42122266 29.89338966 29.63866799 30.19781312
 31.12972167 32.63941352 32.45303181 27.02311133 25.83026839 27.05417495
 26.21545726 26.89264414 30.04870775 29.78156064 29.45228628 30.86878728
 29.22241551 30.77559642 29.75049702 31.95601392 31.70129225 25.62524851
 25.29597416 26.47017893 27.0666004  27.55740557 28.00472167 28.83101392
 28.81237575 28.94284294 30.49602386 30.50223658 30.93091451 30.94955268
 33.07430417 34.41003976 26.74353877 24.2584493  27.66302187 27.1722167
 27.25919483 28.62599404 27.43936382 29.54547714 29.57654076 30.80044732
 30.58921471 32.37847913 30.47117296 33.23583499 24.87350895 27.61332008
 27.21570577 28.29050696 27.11630219 26.5695825  26.64413519 29.80019881
 30.53951292 30.55193837 32.09890656 30.80666004 31.89388668 32.1361829
 26.15333002 27.97987078 26.10362823 27.01689861 27.65680915 28.71918489
 28.71297217 28.5390159  30.01143141 28.20352883 31.55218688 31.44035785
 32.1361829  32.01192843 34.07455268 26.33971173 27.07902584 25.39537773
 27.40208748 28.84343936 29.88096421 28.68190855 30.53951292 30.83772366
 30.57678926 31.17321074 33.06809145 33.65208748 32.7139662  25.98558648
 25.84890656 28.03578529 28.04199801 25.45750497 29.53305169 29.72564612
 29.49577535 28.64463221 30.64512922 32.21073559 31.32852883 31.93116302
 34.44110338 26.55715706 26.95477137 27.3834493  29.1167992  27.71893638
 27.48906561 28.05442346 28.97390656 29.38394632 32.8195825  31.09865805
 31.75099404 33.04945328 33.56510934 25.34567594 25.69358847 27.73757455
 25.87375746 28.70675944 27.86182903 26.97340954 29.34045726 31.98707753
 30.57678926 30.01143141 30.42147117 31.69507952 32.62077535 32.28528827
 25.55690855 26.91749503 27.0417495  27.16600398 29.58275348 28.64463221
 29.5082008  29.22862823 29.80019881 31.32852883 30.81908549 30.38419483
 31.60188867 32.83200795 26.14090457 26.58200795 26.31486083 26.47017893
 26.41426441 28.46446322 29.25347913 29.92445328 29.56411531 30.32828032
 30.39662028 30.55815109 32.12997018 30.91227634 25.98558648 26.25894632
 26.805666   25.93588469 27.67544732 26.71868787 29.04224652 30.53951292
 29.99279324 30.98682903 31.91252485 31.25397614 32.9500497  32.36605368
 31.63295229 25.40780318]",68234.20382077049
2025-06-15 16:03:00+00:00,963,6494.89,9.0,29.352625174405702,29.175478379721667,33.58996023856859,"[26.0166501  26.20924453 27.16600398 28.00472167 29.24105368 29.36530815
 29.00497018 30.89363817 29.29075547 30.5084493  30.52087475 32.11754473
 30.92470179 25.13444334 24.94806163 24.68091451 28.88692843 26.7000497
 28.48310139 28.14761431 27.70651093 31.63295229 29.10437376 30.92470179
 32.81336978 32.29771372 31.67022863 26.5944334  26.58200795 26.47639165
 27.31510934 28.08548708 28.42097416 28.7750994  30.20402584 30.81908549
 29.91824056 32.14239563 31.87524851 33.58996024 32.87549702 24.28951292
 26.87400596 27.71272366 26.30243539 27.88667992 28.31535785 28.74403579
 30.11083499 29.02982107 30.57057654 30.25994036 32.67047714 33.06187873
 32.5027336  32.38469185 23.90432406 26.04771372 28.7999503  27.83697813
 28.01093439 26.66277336 28.46446322 31.06138171 31.03653082 31.18563618
 31.69507952 31.71993042 31.76341948 32.9500497  26.43911531 26.10362823
 29.06709742 27.9612326  29.38394632 30.29100398 28.79373757 29.91202783
 29.23484095 31.12972167 31.28503976 31.40308151 33.01217694 32.24801193
 24.9666998  24.43240557 26.8305169  24.47589463 27.13494036 27.58846918
 28.50795229 29.63245527 29.3528827  30.12947316 30.58300199 31.35959245
 31.62673956 31.9249503  33.06809145 25.45129225 26.25894632 27.0417495
 28.60114314 26.77460239 28.46446322 28.86829026 29.80019881 31.1110835
 29.96794235 33.04945328 30.11704771 33.44085487 32.88792247 25.72465209
 26.85536779 26.78081511 28.16625249 27.52634195 28.61356859 28.53280318
 29.5889662  30.14189861 30.24130219 30.4276839  32.3971173  31.9249503
 32.11133201 25.81163022 25.20899602 26.71247515 26.40805169 28.76267396
 29.09816103 28.79373757 28.91799205 30.1667495  29.26590457 31.30367793
 29.2721173  32.35984095 31.78827038 24.98533797 25.86133201 26.3583499
 27.24055666 27.54498012 28.13518887 29.68215706 29.39015905 30.12947316
 31.61431412 32.22937376 31.02410537 31.82554672 32.14239563 32.21694831
 25.97937376 26.66277336 26.74353877 27.79348907 27.8804672  28.3277833
 29.17892644 30.41525845 28.61978131 31.59567594 30.43389662 30.05492048
 32.21073559 31.27882704 26.26515905 25.569334   26.43290258 27.47042744
 27.53255467 27.27162028 29.43364811 28.20974155 29.5889662  30.04870775
 30.7445328  29.8499006  32.88170974 32.6332008  24.83001988 26.04150099
 27.71272366 27.50149105 27.45800199 27.35238569 29.04224652 28.75646123
 28.18489066 31.15457256 31.60810139 31.05516899 31.21048708 32.1361829
 32.17345924 26.84915507]",68091.74278349172
2025-06-15 16:04:00+00:00,964,6507.84,9.0,29.39039361311405,29.215705765407556,34.7455268389662,"[27.11008946 28.20352883 28.99875746 30.12326044 29.53926441 29.6945825
 29.53926441 30.41525845 31.10487078 30.11083499 33.34145129 32.40333002
 33.65208748 26.09741551 27.02932406 27.76863817 26.71868787 27.43936382
 29.07952286 27.37723658 30.32828032 30.6637674  32.52758449 30.67619284
 31.2415507  33.39115308 31.80069583 25.74950298 25.92345924 26.79324056
 26.12847913 28.37748509 29.8250497  28.65705765 30.14811133 31.0862326
 29.80641153 30.73832008 30.27857853 33.37872763 32.09890656 25.70601392
 25.81163022 27.26540755 26.58822068 27.24055666 29.25969185 28.52037773
 29.80019881 30.58921471 29.19135189 30.79423459 32.23558648 32.18588469
 34.37897614 34.74552684 25.98558648 25.48856859 26.76217694 28.79373757
 27.71893638 29.3528827  30.01143141 27.47042744 29.02360835 30.2972167
 33.56510934 32.35984095 32.45924453 32.98732604 25.18414513 25.04746521
 25.61282306 28.12276342 26.94855865 27.29025845 30.61406561 28.15382704
 29.58275348 31.01167992 30.60785288 31.94980119 31.46520875 32.19831014
 26.99204771 26.17196819 27.21570577 25.71222664 28.52037773 29.02982107
 28.694334   29.56411531 30.91848907 29.32803181 32.41575547 31.83797217
 31.42171968 31.68265408 31.44657058 27.29647117 25.92345924 28.60114314
 27.8556163  29.17271372 27.94880716 29.91202783 29.30318091 29.930666
 30.28479125 30.26615308 31.58946322 31.62052684 32.06163022 25.11580517
 26.60685885 27.30889662 28.67569583 28.71297217 27.84319085 29.47092445
 29.35909543 28.97390656 30.5333002  28.74403579 30.13568588 31.99950298
 31.9000994  25.87375746 26.1222664  25.51341948 26.09120278 29.16650099
 28.42097416 26.4639662  28.19110338 28.70675944 28.1165507  31.2166998
 31.29746521 31.41550696 30.1916004  26.37698807 27.74378728 27.5387674
 27.74378728 27.66302187 27.21570577 27.76242545 29.83126243 28.6694831
 29.00497018 27.18464215 29.47713718 32.80715706 31.82554672 34.45352883
 26.58200795 25.24627237 26.50124254 27.27162028 28.63841948 27.75621272
 29.8250497  28.9055666  30.22266402 30.79423459 33.1861332  31.85039761
 31.76341948 32.5027336  26.60064612 27.19706759 26.78702783 27.42072565
 26.49502982 29.06709742 26.43290258 28.47067594 29.21620278 30.01143141
 31.35959245 32.1361829  32.6332008  31.85039761 24.71197813 25.17171968
 27.60710736 26.34592445 25.2027833  28.47067594 29.86853877 30.5333002
 32.21694831 30.24751491 29.8499006  30.23508946 29.91202783 30.68240557
 33.70800199 25.72465209]",68218.10087203435
2025-06-15 16:05:00+00:00,965,6452.18,9.0,29.2256840780985,29.042805666003975,33.37872763419483,"[27.68166004 25.40159046 28.93663022 27.84940358 28.14761431 27.78727634
 29.25969185 28.55765408 31.40929423 32.12997018 31.44035785 33.00596421
 30.91227634 24.88593439 26.74975149 27.81833996 27.20949304 27.71893638
 27.66302187 28.82480119 29.24105368 31.20427435 30.58300199 30.66998012
 30.99925447 32.19831014 32.2666501  25.29597416 27.78727634 27.01689861
 28.30293241 27.45800199 28.70675944 28.06063618 27.32753479 29.8499006
 30.52708748 30.14189861 29.96172962 31.3223161  32.52137177 24.10934394
 26.08499006 26.45154076 27.69408549 27.38966203 27.54498012 28.01093439
 27.39587475 30.32206759 30.51466203 30.71968191 32.7388171  30.94955268
 32.14239563 32.57107356 26.02286282 26.94234592 27.35238569 28.70054672
 28.50795229 27.95501988 28.38991054 27.47042744 30.26615308 29.01739563
 31.9000994  31.60810139 32.09269384 31.17942346 25.83026839 24.97912525
 26.88643141 27.63195825 27.83076541 28.68812127 28.02335984 28.46446322
 27.97365805 30.15432406 31.88767396 31.57082505 31.40308151 30.61406561
 25.3083996  25.71843936 27.32753479 28.14140159 28.49552684 27.45800199
 28.84965209 29.96172962 30.09840954 29.8250497  30.93712724 30.95576541
 31.32852883 32.04299205 32.48409543 26.73111332 28.06063618 26.45154076
 27.16600398 24.77410537 28.3277833  30.17917495 29.55168986 30.31585487
 31.44035785 32.62698807 31.06138171 31.70750497 33.32902584 26.40805169
 26.99204771 27.78106362 27.48285288 27.47664016 29.63866799 26.78702783
 28.92420477 28.71297217 31.347167   31.89388668 32.35362823 32.2666501
 32.35984095 24.42619284 26.17818091 24.78031809 28.41476143 26.1222664
 29.00497018 29.40258449 28.62599404 31.46520875 29.96172962 29.62624254
 31.17321074 30.85636183 31.98707753 25.22142147 25.37673956 25.32703777
 27.33374751 26.02907555 27.6195328  28.09791252 29.01739563 30.93712724
 30.38419483 29.84368787 32.12997018 32.02435388 32.32256461 32.7388171
 25.35188867 27.02932406 27.30889662 26.42047714 28.74403579 27.79970179
 29.6945825  29.17892644 30.41525845 31.80069583 30.38419483 30.99304175
 33.37872763 31.76341948 24.35164016 25.18414513 25.96073559 25.25869781
 26.64413519 26.94234592 28.70054672 28.7999503  28.32157058 31.15457256
 30.27236581 31.03653082 31.30367793 32.90656064 24.69955268 27.6443837
 25.38916501 27.57604374 28.14761431 26.02286282 28.46446322 29.32181909
 32.09890656 30.5084493  31.2166998  31.0862326  31.98707753 32.19831014
 33.22340954 25.55069583]",67667.04865168635
2025-06-15 16:06:00+00:00,966,6452.42,9.0,29.225931033776366,29.04355119284294,35.24875745526839,"[27.25298211 27.58846918 28.21595427 27.277833   30.36555666 29.90581511
 29.71322068 29.41500994 29.81883698 30.86878728 31.88767396 33.47191849
 32.49030815 26.36456262 26.07256461 25.69358847 26.9361332  27.8556163
 28.16003976 28.694334   29.3777336  30.17917495 29.86232604 30.14811133
 31.74478131 32.9500497  32.04920477 25.66252485 26.34592445 25.22142147
 27.84940358 26.4639662  26.51988072 26.73111332 28.89935388 29.97415507
 29.88717694 31.38444334 30.32206759 29.43986083 32.45924453 23.66824056
 25.76814115 26.89885686 27.71893638 28.43961233 29.05467197 28.68812127
 29.30318091 29.42122266 30.88742545 29.74428429 30.44010934 31.47763419
 33.83846918 35.24875746 25.4388668  25.9917992  27.24676938 27.45800199
 27.83076541 29.04224652 27.17842942 29.75049702 30.42147117 29.57654076
 30.45253479 30.02385686 31.44657058 32.35362823 24.17147117 25.03503976
 26.66898608 26.4888171  26.09741551 28.19110338 28.4333996  30.58300199
 29.56411531 30.63270378 31.1110835  29.87475149 32.7139662  32.61456262
 27.01068588 25.21520875 25.15308151 26.51988072 28.86829026 28.222167
 28.26565606 28.60114314 29.05467197 30.04870775 30.88121272 32.75745527
 31.97465209 31.38444334 31.52112326 25.18414513 26.36456262 25.68116302
 27.13494036 27.46421471 29.93687873 28.83722664 28.64463221 30.13568588
 30.71346918 29.25347913 32.86928429 30.88121272 33.7639165  25.28354871
 28.39612326 26.56336978 25.0723161  27.22191849 30.15432406 28.13518887
 28.61356859 29.98036779 30.01143141 30.86878728 31.52733598 31.88767396
 31.97465209 26.20924453 24.2584493  25.82405567 27.23434394 28.53280318
 28.00472167 28.91799205 29.6945825  31.41550696 29.60760437 29.94309145
 30.875      31.91252485 29.86853877 25.46993042 27.13494036 28.47067594
 27.43936382 26.79945328 25.5444831  28.76888668 28.12276342 28.04199801
 28.61978131 28.06063618 30.50223658 32.14860835 33.14885686 31.46520875
 25.37052684 26.11605368 27.86182903 28.99254473 28.06684891 27.86804175
 28.50173956 28.9055666  30.81287276 29.98036779 29.34666998 34.20501988
 32.24801193 33.96272366 26.51988072 25.14065606 26.54473161 26.5944334
 29.52062624 29.55168986 28.13518887 29.23484095 29.53926441 29.29075547
 30.53951292 31.86282306 33.59617296 31.86903579 26.67519881 25.4388668
 24.9666998  27.72514911 28.15382704 29.38394632 30.09219682 28.36505964
 30.60164016 30.86257455 29.98658052 31.0862326  33.11779324 31.84418489
 34.3416998  27.30889662]",67667.87486660221
2025-06-15 16:07:00+00:00,967,6434.71,9.0,29.173199908910156,28.98853752485089,33.714214711729625,"[26.04150099 25.68116302 27.91153082 28.70054672 28.73161034 28.02335984
 28.86207753 29.25969185 31.06138171 30.95576541 32.87549702 32.01814115
 31.07380716 26.1471173  25.07852883 27.02932406 27.90531809 26.75596421
 28.70054672 29.20999006 29.53926441 31.83175944 30.91227634 30.75695825
 29.50198807 31.86282306 32.48409543 24.45104374 27.09145129 25.97937376
 25.68116302 28.58250497 28.72539761 27.95501988 26.54473161 30.06734592
 30.51466203 30.05492048 29.53305169 32.54622266 33.11779324 25.37052684
 26.40183897 24.38270378 26.20303181 27.65680915 28.86207753 28.42718688
 29.34045726 29.83747515 29.53926441 30.12326044 32.0554175  30.5333002
 32.41575547 32.2666501  26.04771372 25.53827038 26.66277336 26.71868787
 28.97390656 28.12276342 29.58275348 30.402833   30.75074553 31.09244533
 31.48384692 30.70104374 32.7139662  33.3166004  24.7306163  26.19060636
 27.6195328  26.77460239 27.78106362 28.62599404 27.59468191 29.34666998
 30.13568588 30.31585487 31.25397614 30.91848907 31.86903579 31.09244533
 26.34592445 25.05367793 26.50745527 27.95501988 28.36505964 26.40183897
 28.85586481 29.01739563 29.63866799 30.13568588 28.19110338 32.32256461
 29.8499006  31.42793241 32.03677932 25.63767396 26.54473161 26.47639165
 27.13494036 28.24080517 27.78106362 28.60114314 31.24776342 30.52708748
 31.35337972 30.01764414 28.96148111 30.63270378 32.1610338  24.89214712
 25.4388668  27.1722167  29.51441352 26.14090457 28.48310139 29.43364811
 29.43986083 30.41525845 28.62599404 31.09865805 30.89363817 31.96843936
 32.81336978 26.85536779 26.76838966 26.92370775 26.91128231 28.73161034
 27.07281312 29.08573559 27.37723658 28.51416501 29.49577535 29.45849901
 31.3223161  31.74478131 30.65755467 26.18439364 26.3832008  27.73136183
 27.37723658 28.28429423 27.80591451 27.9860835  28.94284294 29.34045726
 29.55168986 30.68861829 29.73185885 31.52112326 31.76341948 33.2917495
 25.51341948 26.7249006  26.91128231 26.9361332  26.97962227 27.49527833
 29.8250497  28.89314115 30.07355865 30.02385686 30.21645129 32.78851889
 31.47763419 33.71421471 25.83648111 26.39562624 27.65680915 27.93638171
 27.36481113 28.01714712 29.66351889 29.64488072 29.97415507 30.37176938
 29.02360835 30.35934394 31.37201789 31.70129225 26.40805169 25.06610338
 27.00447316 27.3026839  27.0417495  26.42047714 29.55168986 29.87475149
 30.89985089 30.86257455 29.66351889 31.78827038 31.347167   32.50894632
 32.59592445 25.69358847]",67491.4576152498
2025-06-15 16:08:00+00:00,968,6482.59,9.0,29.31402090624956,29.13727012922465,34.06833996023857,"[26.13469185 26.40183897 28.81858847 26.53230616 28.84965209 28.17867793
 30.4276839  28.86829026 31.34095427 30.42147117 30.55193837 31.39686879
 33.8695328  26.0166501  26.2278827  25.36431412 25.55069583 27.80591451
 28.32157058 27.89910537 30.09219682 30.25994036 33.055666   32.28528827
 31.91252485 32.22937376 30.73832008 26.53851889 25.62524851 26.05392644
 27.35859841 27.26540755 27.71893638 28.58871769 27.48906561 29.73807157
 30.25994036 31.98086481 30.44010934 32.74502982 32.92519881 27.55740557
 27.06038767 25.37673956 27.71893638 28.24701789 28.37127237 28.94284294
 28.84965209 29.59517893 30.53951292 30.33449304 29.98658052 31.73856859
 29.74428429 30.6389165  26.8305169  25.74329026 26.53851889 28.89935388
 27.277833   28.58250497 28.12276342 28.89314115 30.28479125 30.5084493
 31.42793241 32.98111332 33.64587475 34.06833996 27.19085487 26.66898608
 27.78727634 25.8861829  28.59493042 29.07952286 28.42718688 28.9304175
 28.94905567 29.12301193 30.20402584 33.06187873 30.52087475 32.40954274
 25.3083996  26.97962227 25.90482107 26.42047714 27.55740557 28.79373757
 28.48931412 27.58225646 28.89935388 30.88742545 30.97440358 31.07380716
 30.49602386 32.58349901 33.56510934 25.70601392 27.58225646 27.52634195
 28.01093439 26.21545726 27.91774354 30.59542744 29.83126243 30.02385686
 29.34045726 32.40333002 31.5583996  32.45303181 31.76963221 26.44532803
 26.58822068 26.27758449 27.11008946 27.29025845 28.35884692 31.31610338
 29.39015905 30.28479125 29.8499006  29.57032803 30.85014911 32.24801193
 30.82529821 25.18414513 24.53180915 26.39562624 26.55715706 28.49552684
 27.73136183 29.55168986 29.55790258 30.27857853 29.7194334  28.81237575
 33.39736581 32.52137177 32.42196819 25.57554672 25.83026839 27.72514911
 27.97365805 28.75646123 29.02982107 29.27833002 28.71918489 29.38394632
 31.54597416 30.402833   30.09219682 30.90606362 33.83846918 32.87549702
 26.58200795 26.86158052 26.8305169  26.09741551 25.79299205 28.694334
 27.52012922 29.39637177 31.62673956 31.49627237 32.19209742 32.42818091
 32.72639165 32.09890656 26.13469185 25.3083996  25.96694831 27.84319085
 27.26540755 26.04771372 28.30293241 29.64488072 30.95576541 31.33474155
 32.0554175  30.94333996 31.93116302 31.49005964 25.94209742 26.20924453
 28.20352883 27.42072565 26.10362823 28.09791252 28.75646123 29.42743539
 30.18538767 30.58921471 29.39637177 31.85039761 31.24776342 32.49652087
 30.9806163  25.4140159 ]",67962.58834394852
2025-06-15 16:09:00+00:00,969,6455.5199999999995,9.0,29.23365434795872,29.05318091451292,33.99378727634195,"[26.1222664  28.63220676 29.02360835 27.71893638 27.28404573 27.25919483
 29.74428429 28.93663022 29.56411531 31.347167   32.72639165 32.3722664
 33.88195825 24.16525845 25.58797217 27.62574553 26.9361332  26.70626243
 27.25298211 27.68787276 27.81833996 29.62624254 31.06759443 32.15482107
 31.50869781 32.77609344 32.78230616 25.06610338 25.32703777 25.52584493
 26.55715706 28.91177932 28.07927435 28.32157058 30.45874751 31.36580517
 29.9555169  30.83772366 31.88767396 32.12997018 30.51466203 25.24005964
 27.76863817 26.53230616 27.10387674 28.07927435 27.25298211 27.77485089
 26.86158052 30.11704771 29.37152087 30.65134195 30.52708748 31.91873757
 31.47763419 33.99378728 26.0166501  25.77435388 27.33374751 26.84294235
 29.09816103 28.50173956 28.29671968 28.86207753 28.14761431 31.2166998
 31.42171968 31.98707753 32.83822068 33.37251491 27.19706759 25.49478131
 24.80516899 26.22166998 28.06063618 27.71272366 30.40904573 29.42122266
 28.93663022 30.34691849 29.20377734 33.48434394 30.92470179 32.36605368
 25.46993042 25.48235586 27.38966203 28.28429423 26.91749503 28.31535785
 28.30293241 28.74403579 30.6637674  30.12947316 30.39040755 31.2415507
 30.91848907 32.08648111 32.45924453 26.68141153 26.40805169 27.76863817
 25.77435388 28.31535785 27.67544732 30.98682903 29.22241551 28.16625249
 31.60188867 30.07977137 30.99304175 32.66426441 32.79473161 25.39537773
 26.3583499  26.00422465 27.14115308 29.28454274 28.33399602 27.45178926
 31.16078529 29.09194831 31.39065606 29.71322068 32.90034791 31.40929423
 33.91302187 25.2027833  24.99776342 25.61903579 26.32107356 28.58250497
 29.43986083 29.49577535 30.06734592 29.43986083 29.81883698 28.99254473
 32.9749006  31.60188867 31.24776342 26.40805169 26.17818091 26.68141153
 24.63121272 27.18464215 28.99254473 26.42047714 29.50198807 30.63270378
 29.06709742 30.65134195 31.73856859 31.30367793 30.93712724 32.72639165
 24.27708748 26.20924453 26.43911531 28.60735586 25.84269384 27.83697813
 30.25372763 30.65755467 30.06734592 31.1110835  30.25372763 31.31610338
 31.58946322 32.21694831 25.45129225 28.07306163 25.42644135 27.84940358
 27.9612326  29.2472664  30.06734592 28.35884692 30.37176938 30.03628231
 30.60164016 31.97465209 32.69532803 32.60213718 26.33971173 26.00422465
 26.29622266 27.61332008 27.47042744 28.39612326 26.83672962 28.1165507
 30.37176938 29.66351889 30.17917495 30.44632207 31.73235586 30.70725646
 32.8195825  25.69980119]",67693.71398653068
2025-06-15 16:10:00+00:00,970,6450.13,9.0,29.217259599572333,29.036437624254475,33.72042743538768,"[27.29647117 24.43861829 27.49527833 29.63245527 29.52683897 28.57629225
 27.87425447 29.91824056 29.62624254 32.06163022 31.91252485 31.35337972
 29.57654076 26.23409543 25.55069583 25.36431412 26.58200795 28.24080517
 28.80616302 28.73161034 28.44582505 28.61978131 29.44607356 29.88096421
 31.19184891 31.70129225 32.6332008  25.25248509 26.73732604 26.44532803
 25.95452286 27.47042744 28.95526839 28.222167   28.71918489 31.81312127
 29.93687873 29.83126243 30.24751491 33.2109841  30.89363817 25.22763419
 25.33946322 26.06635189 27.78727634 29.26590457 28.78131213 29.79398608
 30.46496024 31.09244533 28.94905567 29.68215706 31.12972167 30.61406561
 32.65183897 32.65805169 24.7554672  27.70651093 27.71893638 28.40854871
 28.04199801 28.42718688 29.09194831 29.20377734 31.01167992 30.32828032
 30.55193837 31.93116302 32.58971173 30.78802187 26.24652087 27.46421471
 27.76863817 27.75       28.01093439 29.10437376 28.89314115 30.86257455
 29.32803181 30.27857853 29.20377734 30.38419483 32.30392644 32.12997018
 24.50695825 24.47589463 25.55690855 27.60710736 28.74403579 28.55144135
 28.61978131 28.22837972 29.87475149 29.02360835 30.66998012 30.44632207
 31.63916501 31.36580517 32.49030815 26.4639662  25.31461233 25.62524851
 26.55094433 26.76838966 28.25323062 28.57629225 28.89935388 31.85661034
 31.44657058 31.82554672 31.72614314 32.26043738 33.72042744 25.51963221
 26.38941352 27.77485089 27.35859841 27.49527833 26.97340954 28.39612326
 30.1667495  29.18513917 31.44657058 29.51441352 31.09865805 31.23533797
 31.39686879 25.32703777 27.58225646 26.53851889 28.05442346 28.35884692
 28.99254473 28.98011928 28.19110338 30.99925447 29.0360338  31.23533797
 31.44035785 32.33499006 32.95626243 26.00422465 25.89860835 26.73732604
 27.34617296 27.9612326  27.79348907 28.34642147 28.68190855 30.03006958
 31.0862326  30.30964215 31.98086481 32.23558648 31.74478131 33.02460239
 25.44507952 25.81784294 27.19706759 27.44557654 29.42743539 27.01068588
 27.06038767 27.82455268 28.87450298 30.05492048 29.38394632 31.60810139
 32.12375746 32.72639165 26.20924453 26.04771372 27.78106362 27.99850895
 27.08523857 28.63841948 26.84294235 28.52659046 30.48359841 30.60785288
 30.25994036 31.43414513 33.43464215 32.18588469 24.64363817 27.48285288
 25.61282306 27.04796223 27.55740557 26.91128231 27.73136183 27.3834493
 30.23508946 29.39015905 30.73832008 31.82554672 31.0862326  33.39115308
 32.56486083 25.70601392]",67638.86371632919
2025-06-15 16:11:00+00:00,971,6433.84,9.0,29.16869166542289,28.985834990059644,34.062127236580515,"[27.50149105 26.79324056 25.69358847 28.5638668  29.00497018 29.0111829
 30.59542744 29.43364811 29.70079523 31.56461233 31.84418489 31.50869781
 33.6583002  26.07877734 27.55740557 26.86779324 25.93588469 30.11083499
 26.89885686 29.23484095 29.0111829  28.71297217 30.89985089 29.930666
 29.66973161 33.0805169  32.36605368 26.29622266 25.69358847 25.37673956
 27.84940358 27.28404573 28.44582505 28.60114314 30.90606362 30.15432406
 29.78156064 31.347167   31.57703777 31.57082505 31.93737575 25.34567594
 26.63170974 25.46371769 27.25919483 28.81237575 27.67544732 27.15979125
 28.36505964 30.37798211 29.75670974 30.24130219 31.81312127 31.82554672
 32.6332008  33.40357853 25.25248509 28.23459245 25.82405567 28.76267396
 28.29671968 29.64488072 29.30318091 27.6195328  29.78156064 30.45253479
 31.28503976 32.41575547 31.1110835  30.99925447 26.05392644 25.22142147
 26.58822068 27.61332008 27.9860835  27.79970179 28.29671968 28.94905567
 30.14811133 30.55193837 30.95576541 31.83175944 32.01192843 32.29771372
 25.63146123 25.01640159 27.63195825 25.81163022 27.06038767 27.82455268
 30.52087475 29.3528827  29.90581511 29.17271372 29.79398608 32.3722664
 31.82554672 31.91252485 33.85089463 26.68762425 24.84244533 27.3026839
 27.22813121 29.15407555 27.90531809 28.74403579 29.53926441 29.5082008
 31.14835984 30.24130219 29.83126243 32.3971173  31.61431412 25.37673956
 28.67569583 26.14090457 26.16575547 26.64413519 27.75       28.51416501
 29.57032803 29.80641153 30.43389662 31.78205765 31.22291252 31.14214712
 32.23558648 26.69383698 26.01043738 25.25869781 27.24676938 27.16600398
 27.56983101 29.10437376 27.52634195 27.76863817 28.91799205 31.02410537
 31.70750497 33.71421471 32.45303181 26.21545726 25.45129225 25.64388668
 27.52634195 26.85536779 26.85536779 29.66351889 29.18513917 29.01739563
 28.6694831  30.03006958 30.27236581 34.06212724 29.30939364 31.69507952
 25.2027833  26.11605368 26.88643141 26.48260437 27.70029821 27.56983101
 27.79348907 28.29671968 31.05516899 30.52087475 30.69483101 31.57082505
 31.18563618 29.90581511 24.91078529 24.45104374 25.87997018 28.9304175
 26.37698807 29.87475149 28.70675944 30.09219682 28.1973161  29.79398608
 29.28454274 30.46496024 30.96197813 31.2166998  26.11605368 26.69383698
 26.54473161 26.07877734 27.03553678 28.60114314 28.9055666  28.63220676
 30.09219682 31.18563618 30.75074553 30.0611332  31.93116302 32.83200795
 33.00596421 26.5695825 ]",67476.37483583883
2025-06-15 16:12:00+00:00,972,6437.1,9.0,29.177809836751834,28.995961729622262,34.838717693836976,"[26.86779324 25.79920477 28.83101392 27.50149105 28.14761431 30.62027833
 29.01739563 29.1167992  29.96172962 29.1167992  31.31610338 30.93712724
 31.40308151 25.70601392 27.65680915 26.55715706 27.38966203 27.94259443
 28.12897614 29.80019881 28.29671968 30.59542744 30.86257455 30.34070577
 31.76341948 32.39090457 31.47763419 24.68091451 25.60661034 25.44507952
 25.69358847 26.74975149 26.86158052 29.35909543 30.25994036 29.18513917
 30.85014911 31.60810139 31.22291252 33.17992048 31.72614314 25.20899602
 25.59418489 26.99204771 25.35188867 28.30914513 27.28404573 27.50149105
 29.47713718 31.95601392 29.3777336  30.62649105 30.76317097 31.50869781
 31.52112326 33.38494036 26.15333002 27.44557654 25.82405567 25.63146123
 29.23484095 28.32157058 29.78156064 28.91177932 30.07355865 30.31585487
 30.7693837  32.1361829  32.40954274 30.84393638 24.55044732 26.47639165
 26.9609841  28.01714712 28.91177932 27.43315109 29.78156064 30.45253479
 31.52733598 29.91202783 29.83747515 30.84393638 31.98707753 31.07380716
 26.17196819 26.5944334  26.39562624 26.45154076 29.22862823 30.37176938
 27.60710736 29.76292247 27.95501988 30.78802187 30.26615308 30.03006958
 31.77584493 30.09840954 34.83871769 25.94831014 26.40183897 26.22166998
 26.87400596 29.07331014 29.40879722 28.18489066 30.65134195 28.22837972
 28.97390656 31.36580517 29.90581511 32.61456262 30.27236581 26.02286282
 25.70601392 25.60661034 26.87400596 27.0666004  29.7194334  28.44582505
 29.19135189 29.41500994 30.21645129 32.30392644 31.49005964 30.85014911
 32.98111332 24.90457256 25.74329026 25.61903579 28.12276342 28.1165507
 28.02957256 29.09816103 27.81212724 27.66302187 30.58300199 30.04249503
 30.875      33.04945328 32.33499006 25.17171968 25.53205765 25.96073559
 26.20303181 27.93638171 27.65059642 29.29696819 28.78131213 30.32206759
 29.62002982 30.32828032 31.27882704 31.40308151 31.80690855 32.37847913
 28.71297217 27.78727634 25.83026839 27.43936382 28.84343936 27.66923459
 29.53926441 29.24105368 27.37723658 30.53951292 30.25994036 31.69507952
 30.75074553 33.04945328 25.75571571 25.35810139 26.61928429 27.95501988
 29.71322068 29.60760437 27.89910537 27.56983101 31.19184891 31.76963221
 30.54572565 30.37176938 30.6637674  32.59592445 25.28976143 25.62524851
 25.45750497 28.34020875 27.07281312 28.86829026 30.38419483 28.28429423
 28.12276342 29.42122266 29.71322068 32.21073559 31.15457256 30.68861829
 32.06784294 25.6749503 ]",67506.88058983693
2025-06-15 16:13:00+00:00,973,6455.06,9.0,29.230301560993695,29.05175198807157,33.54647117296223,"[26.30243539 25.50720676 27.33374751 26.4888171  27.70029821 30.39040755
 30.1916004  28.81237575 30.40904573 30.65134195 31.29746521 31.48384692
 32.04920477 25.68737575 25.74950298 27.10387674 25.76814115 27.25298211
 28.12276342 29.3528827  30.05492048 29.81883698 30.20402584 31.22291252
 30.60164016 31.62673956 32.81336978 25.55690855 26.05392644 27.40208748
 27.38966203 27.13494036 28.48310139 29.24105368 28.35884692 29.58275348
 30.65755467 31.30989066 31.30367793 31.52112326 31.40929423 24.90457256
 27.57604374 27.22191849 28.44582505 26.50745527 28.02335984 27.8804672
 28.75646123 28.58250497 30.0859841  31.39686879 31.21048708 30.27236581
 32.69532803 32.14860835 25.25869781 26.16575547 27.01068588 26.82430417
 26.54473161 27.94259443 29.09816103 29.47713718 29.63245527 30.21645129
 31.81312127 29.52062624 32.42196819 31.17942346 25.74329026 27.42693837
 25.85511928 29.06088469 27.25298211 28.24080517 28.88692843 29.55790258
 29.68215706 29.96172962 30.07355865 31.9000994  30.27857853 32.21073559
 25.3332505  23.67445328 27.05417495 25.40159046 27.49527833 27.58225646
 28.24701789 28.98633201 30.48359841 31.26018887 29.32803181 31.03031809
 30.75695825 33.09294235 31.71371769 24.44483101 26.27137177 26.42047714
 28.25323062 28.27808151 29.94309145 26.31486083 27.95501988 30.49602386
 30.0859841  31.38444334 30.96197813 32.10511928 31.16078529 26.47639165
 25.17793241 26.53230616 28.83101392 27.53255467 28.7999503  28.83101392
 30.14189861 30.99925447 30.53951292 31.27882704 31.819334   31.70750497
 32.79473161 24.56287276 26.58822068 27.68166004 27.61332008 28.63841948
 28.72539761 28.61356859 29.34045726 28.40233598 30.01143141 32.43439364
 31.47142147 33.54647117 32.27286282 26.42047714 28.42718688 25.49478131
 28.71297217 27.75621272 28.65084493 28.42718688 28.63841948 29.53305169
 29.36530815 27.47664016 31.24776342 31.97465209 32.09269384 33.0805169
 25.50099404 27.61332008 26.40183897 28.52037773 28.47688867 28.50173956
 29.47713718 29.30939364 29.23484095 29.05467197 31.31610338 31.57703777
 30.86878728 31.65159046 25.15929423 26.48260437 26.35213718 28.1973161
 27.79348907 27.89910537 29.59517893 30.48981113 30.61406561 31.6640159
 31.53354871 30.65134195 31.57703777 32.59592445 25.03503976 25.53827038
 26.61307157 27.07902584 26.58822068 29.30939364 29.8250497  29.46471173
 28.43961233 31.96843936 29.81883698 31.62052684 32.12375746 32.3971173
 32.34120278 25.55069583]",67682.49690246051
2025-06-15 16:14:00+00:00,974,6466.04,9.0,29.262188219608884,29.085859840954278,34.080765407554665,"[26.33349901 27.80591451 28.222167   27.07902584 27.91153082 28.97390656
 31.2166998  30.78802187 31.19184891 31.15457256 30.35934394 30.70725646
 31.98707753 26.53230616 25.15929423 26.89885686 25.22763419 25.46993042
 28.28429423 30.01143141 29.09816103 31.29746521 30.25994036 30.34070577
 31.3223161  29.92445328 32.70154076 25.55690855 25.51341948 27.40208748
 27.28404573 27.28404573 29.04224652 29.72564612 30.35934394 30.71968191
 31.04274354 31.12350895 30.36555666 33.04945328 31.29125249 26.18439364
 26.56336978 25.097167   28.19110338 28.03578529 26.44532803 28.44582505
 29.53926441 29.65109344 28.58250497 30.45253479 31.34095427 32.00571571
 33.15506958 34.08076541 26.55094433 27.63817097 25.59418489 27.20949304
 28.35263419 28.68812127 27.56361829 29.83126243 30.09840954 30.25372763
 28.97390656 31.61431412 31.30989066 31.10487078 26.75596421 26.40183897
 28.27808151 26.08499006 29.21620278 28.37127237 27.70651093 30.6637674
 28.89935388 30.80666004 31.93116302 32.3971173  31.54597416 31.83797217
 24.32057654 26.04771372 27.42072565 27.32753479 26.66277336 29.6945825
 28.93663022 29.30939364 28.78752485 28.47688867 30.32828032 29.32181909
 31.51491054 31.76963221 32.58971173 26.02907555 26.27137177 25.44507952
 27.3026839  28.222167   29.36530815 27.24055666 28.88071571 28.51416501
 31.88146123 31.77584493 30.42147117 31.64537773 32.58349901 26.81187873
 27.0417495  26.63792247 26.00422465 28.88692843 27.73136183 28.4333996
 30.09840954 30.84393638 30.32828032 31.94980119 32.09269384 31.52112326
 32.2417992  26.55715706 26.29000994 26.7249006  27.42072565 28.48310139
 28.15382704 28.68190855 27.79970179 30.5084493  29.36530815 29.78156064
 32.75745527 32.67668986 30.85636183 24.94184891 26.39562624 27.13494036
 27.71893638 28.06684891 29.33424453 28.70054672 28.98011928 28.58871769
 31.19806163 29.58275348 31.13593439 30.23508946 32.34741551 31.819334
 24.7306163  26.5695825  26.51366799 26.06635189 27.94259443 27.89910537
 30.1667495  29.84368787 30.52087475 31.86903579 31.12972167 32.67668986
 32.53379722 31.43414513 26.42668986 27.03553678 26.4888171  27.15979125
 27.75       26.51366799 28.58250497 28.25323062 29.15407555 31.09865805
 29.96794235 31.39686879 30.04870775 31.11729622 24.64363817 27.05417495
 26.62549702 27.42693837 27.24676938 28.49552684 28.24701789 28.63220676
 30.24751491 30.68861829 32.32256461 30.18538767 32.08648111 33.04945328
 32.66426441 26.24652087]",67789.17690752348
2025-06-15 16:15:00+00:00,975,6480.29,9.0,29.303718020727658,29.13012549701789,34.260934393638166,"[28.02335984 26.41426441 27.277833   27.88667992 29.54547714 29.22241551
 29.04224652 31.14214712 30.91848907 32.38469185 31.76341948 31.59567594
 32.10511928 26.78702783 27.8804672  27.52634195 26.40183897 29.16650099
 27.79348907 29.68836978 29.6945825  29.45228628 30.36555666 31.57703777
 32.30392644 31.71371769 31.96843936 27.62574553 28.76888668 28.58871769
 27.58225646 28.16003976 29.37152087 28.14140159 29.70079523 30.12947316
 30.16053678 29.79398608 30.25372763 33.20477137 32.29771372 25.9917992
 26.76838966 27.09145129 27.5387674  26.45775348 27.04796223 27.96744533
 29.06709742 31.32852883 29.62002982 31.09865805 31.70129225 30.47117296
 32.55864811 32.81336978 26.14090457 27.18464215 26.51988072 24.34542744
 26.56336978 28.85586481 28.24701789 28.81858847 31.18563618 30.04870775
 29.6945825  33.44085487 29.0111829  31.71993042 25.68737575 28.19110338
 26.63792247 28.40854871 27.8556163  28.40854871 30.65134195 28.74403579
 29.34666998 32.15482107 31.2166998  29.50198807 31.01167992 33.04324056
 22.04671968 24.78653082 24.61257455 25.58175944 28.12897614 27.69408549
 29.11058648 29.77534791 30.14189861 28.83722664 30.49602386 32.59592445
 30.23508946 34.26093439 32.94383698 25.569334   26.54473161 27.33996024
 28.16003976 27.66923459 28.36505964 27.37102386 29.33424453 29.80019881
 32.76988072 32.01814115 33.27932406 32.35984095 32.2666501  27.4083002
 27.11630219 27.68166004 27.14115308 28.35884692 30.64512922 28.17867793
 28.89935388 28.7999503  29.17271372 31.21048708 32.0554175  33.69557654
 33.21719682 24.42619284 25.31461233 27.40208748 26.63170974 27.90531809
 27.52634195 28.86207753 29.56411531 27.53255467 29.47713718 30.85014911
 31.57703777 32.27907555 32.63941352 27.24676938 28.04199801 26.9361332
 27.69408549 27.22191849 27.39587475 29.6945825  28.71918489 28.60114314
 30.21645129 30.01143141 29.55790258 30.28479125 31.89388668 32.16724652
 26.45154076 25.13444334 26.19681909 26.68762425 25.81163022 27.89910537
 28.37748509 27.75       31.03653082 30.99304175 32.93762425 31.58946322
 32.27907555 32.65805169 26.66898608 25.12201789 27.03553678 27.73136183
 27.22813121 27.3026839  28.26565606 28.46446322 29.22862823 29.36530815
 31.58946322 30.12326044 31.9000994  31.63295229 27.65680915 26.03528827
 27.73757455 26.90506958 26.49502982 29.13543738 29.75049702 27.07281312
 28.78131213 28.72539761 30.96819085 29.80019881 32.36605368 32.7139662
 31.06759443 24.42619284]",67928.11901014646
2025-06-15 16:16:00+00:00,976,6454.339999999999,9.0,29.226609103026682,29.049515407554672,34.54671968190854,"[26.92992048 27.70029821 27.88667992 29.47092445 29.45228628 29.60760437
 28.96769384 28.96769384 28.72539761 30.09219682 32.29771372 31.98086481
 33.24204771 24.61878728 25.97316103 25.94209742 26.90506958 27.86182903
 29.86232604 30.35313121 29.34666998 29.83126243 30.88742545 30.48981113
 31.76963221 31.36580517 29.78156064 24.65606362 27.54498012 26.88643141
 27.53255467 27.83697813 28.05442346 28.99254473 27.8556163  30.45253479
 30.34691849 32.38469185 30.33449304 32.34120278 32.2417992  24.78653082
 26.15954274 25.69980119 26.50745527 27.02311133 28.0916998  29.12922465
 29.36530815 29.52062624 30.03628231 30.20402584 31.43414513 32.32256461
 30.60164016 32.91898608 25.12823062 25.9110338  25.4140159  26.22166998
 27.29647117 29.5082008  30.41525845 30.66998012 30.73832008 30.12326044
 30.14811133 30.45253479 31.26018887 32.53379722 26.33349901 24.76789264
 26.53230616 28.04199801 27.35238569 27.23434394 29.16650099 29.28454274
 29.42122266 31.18563618 32.62698807 31.6888668  29.08573559 32.47166998
 26.23409543 25.66252485 27.6195328  27.47664016 26.805666   28.70675944
 29.42122266 28.81237575 29.43364811 28.07306163 30.78180915 31.71993042
 31.31610338 30.95576541 31.76341948 25.05367793 26.85536779 27.25298211
 28.72539761 27.52012922 28.37748509 28.12897614 28.71297217 29.08573559
 31.12350895 31.50248509 33.055666   32.19831014 33.50919483 25.04746521
 26.47639165 27.36481113 27.50770378 28.24080517 27.91153082 28.47688867
 27.66923459 29.75670974 29.40879722 30.99304175 31.3223161  32.02435388
 32.98111332 25.27733598 25.71843936 26.74353877 26.37698807 27.23434394
 29.13543738 29.78777336 29.2721173  28.94284294 30.51466203 30.1667495
 30.402833   31.50869781 31.03653082 24.97291252 24.47589463 26.06635189
 27.94259443 29.31560636 27.03553678 27.65059642 27.83697813 29.81883698
 29.05467197 30.88121272 31.16078529 31.37823062 31.9249503  34.54671968
 26.34592445 25.84269384 27.21570577 26.97962227 27.50770378 28.87450298
 30.6389165  29.29696819 31.04895626 30.98682903 31.12972167 31.06138171
 32.15482107 32.37847913 26.26515905 25.5444831  26.27758449 26.5695825
 28.07927435 27.63817097 29.02360835 27.62574553 29.12922465 30.70104374
 30.14189861 31.46520875 32.42818091 32.14860835 25.92967197 27.57604374
 27.77485089 26.94855865 28.30293241 29.34666998 26.2527336  30.30342942
 28.75646123 31.18563618 31.78827038 28.66327038 31.44657058 34.52808151
 31.39686879 25.37052684]",67670.14341508606
2025-06-15 16:17:00+00:00,977,6414.969999999999,9.0,29.109890427875918,28.92721794234592,34.01863817097416,"[27.16600398 26.79324056 27.07281312 28.55765408 27.29647117 28.50173956
 28.30914513 29.70079523 29.42743539 29.34666998 30.70725646 32.54000994
 33.01838966 25.40780318 25.98558648 28.24080517 27.72514911 26.34592445
 27.74378728 29.70700795 29.25969185 30.56436382 29.83747515 30.34070577
 30.83772366 30.84393638 30.47738569 26.49502982 26.06013917 26.57579523
 26.71247515 27.40208748 27.48906561 28.52659046 27.02311133 30.03006958
 30.94955268 30.21645129 29.86853877 30.22887674 30.99304175 25.61282306
 26.78081511 27.03553678 27.69408549 27.9612326  27.55119284 27.41451292
 28.82480119 27.32753479 29.94930417 31.18563618 30.44010934 31.22912525
 32.54000994 31.99329026 25.29597416 25.70601392 26.74975149 24.84865805
 26.77460239 27.61332008 27.91153082 29.39637177 29.66973161 28.91177932
 31.32852883 31.06759443 32.34120278 31.41550696 26.50745527 25.51963221
 26.61928429 26.73111332 28.59493042 28.57007952 28.35263419 28.40233598
 28.52659046 29.06088469 29.97415507 31.22291252 31.63916501 32.29771372
 27.29025845 27.78106362 25.60661034 26.53851889 28.30914513 28.98011928
 27.83697813 27.79348907 29.43364811 32.27286282 31.11729622 29.75670974
 30.83772366 32.2666501  33.07430417 23.60611332 26.50124254 27.58225646
 27.83697813 28.73782306 29.29696819 28.4582505  31.51491054 31.78205765
 29.81883698 32.06784294 30.37798211 31.45899602 32.1610338  25.00397614
 26.39562624 27.6195328  26.82430417 29.06088469 27.79348907 27.25919483
 29.3528827  28.62599404 30.73210736 31.5832505  31.94358847 31.90631213
 29.73807157 25.38295229 26.5695825  26.14090457 27.81833996 27.36481113
 29.05467197 29.63245527 28.52037773 30.47117296 30.14189861 30.90606362
 30.42147117 31.30367793 31.75720676 27.08523857 25.98558648 26.1222664
 26.13469185 26.71247515 27.24055666 26.81809145 29.10437376 29.67594433
 31.88146123 29.62002982 29.90581511 30.96197813 33.23583499 34.01863817
 26.18439364 26.30864811 26.79945328 29.42743539 27.24055666 27.25919483
 28.62599404 29.08573559 29.16650099 29.39637177 31.1110835  30.21023857
 33.03081511 32.45924453 26.37077535 26.18439364 27.91774354 26.54473161
 27.28404573 27.79970179 28.97390656 28.78131213 30.07355865 30.14189861
 31.22912525 31.9249503  30.56436382 30.7693837  28.20974155 27.61332008
 27.96744533 27.27162028 26.78081511 27.63817097 29.50198807 29.11058648
 29.93687873 31.37823062 29.94309145 31.11729622 31.30367793 30.875
 32.00571571 25.08474155]",67279.64941550168
2025-06-15 16:18:00+00:00,978,6411.16,9.0,29.098104127748034,28.915382703777333,33.73906560636183,"[25.59418489 26.2527336  28.91177932 27.68166004 27.50770378 29.9555169
 30.62649105 30.11704771 29.60760437 30.65134195 32.30392644 32.86928429
 33.3166004  25.28354871 26.07877734 26.75596421 28.04821074 28.4582505
 27.83076541 28.01714712 26.60685885 30.01143141 29.66973161 31.87524851
 29.46471173 31.347167   32.04299205 26.17818091 25.66873757 26.7249006
 28.20974155 27.73136183 29.0111829  29.02360835 29.19135189 31.01167992
 29.64488072 30.27857853 32.76988072 31.2415507  30.6637674  25.27733598
 25.87375746 27.48906561 26.04150099 26.71247515 27.65680915 28.66327038
 29.39015905 27.62574553 29.20999006 30.14189861 30.03628231 31.38444334
 33.14264414 32.68290258 26.10362823 25.91724652 27.0666004  27.89910537
 27.63195825 28.5638668  28.83101392 29.41500994 28.76267396 29.57654076
 29.91824056 32.3722664  32.47166998 32.47166998 26.63792247 27.35238569
 25.57554672 28.47688867 27.14736581 27.32753479 28.21595427 29.59517893
 29.73185885 30.39662028 29.54547714 33.14264414 31.19184891 33.73906561
 25.28976143 26.30864811 27.15979125 28.80616302 26.805666   28.28429423
 27.54498012 29.86232604 29.42122266 28.41476143 28.9304175  30.90606362
 30.13568588 32.49652087 31.37201789 25.3083996  25.81163022 26.02286282
 26.81809145 26.27758449 27.33374751 27.41451292 29.57032803 29.5889662
 29.7194334  31.19184891 31.26640159 32.87549702 32.65805169 26.16575547
 26.43290258 26.63170974 26.47639165 27.97987078 27.35859841 27.66302187
 28.98633201 29.44607356 30.68861829 31.40929423 29.83126243 30.34070577
 30.1667495  24.28951292 26.47639165 27.26540755 25.99801193 27.77485089
 29.1167992  27.08523857 28.76267396 29.6138171  30.29100398 30.51466203
 31.5583996  30.14811133 31.7944831  26.78081511 26.09741551 24.60014911
 25.29597416 27.76863817 27.82455268 27.56983101 28.65084493 29.19135189
 30.00521869 30.4276839  30.32828032 29.96172962 33.28553678 31.50869781
 25.87997018 26.9609841  25.70601392 27.56983101 29.12301193 28.07306163
 28.92420477 29.29696819 29.94309145 30.70104374 29.80019881 30.80666004
 30.71346918 33.12400596 25.61282306 26.45154076 28.63841948 27.68166004
 30.00521869 28.12276342 28.07306163 28.17867793 29.97415507 28.47067594
 31.62673956 30.47117296 31.21048708 33.27932406 24.88593439 27.83076541
 26.75596421 28.37748509 27.89910537 26.19060636 28.26565606 29.43986083
 29.98036779 30.77559642 30.85014911 30.78802187 32.07405567 30.78180915
 32.93762425 27.02311133]",67240.21716979382
2025-06-15 16:19:00+00:00,979,6391.26,9.0,29.038828803931878,28.85356610337972,34.341699801192846,"[24.97912525 26.68762425 25.08474155 28.51416501 28.86829026 28.45203777
 29.55790258 30.55193837 31.01167992 32.68290258 31.75720676 31.96222664
 32.49030815 25.79299205 25.92345924 27.70029821 27.80591451 27.43315109
 28.68812127 28.21595427 28.39612326 30.7693837  30.00521869 31.28503976
 31.83797217 33.38494036 32.01192843 26.61307157 27.53255467 26.24030815
 26.00422465 27.12872763 27.44557654 28.25944334 27.58225646 30.7445328
 28.82480119 30.35313121 30.96819085 32.55243539 32.25422465 26.65656064
 28.01093439 26.36456262 25.91724652 26.47017893 27.6195328  27.97987078
 28.29671968 28.36505964 29.42743539 30.53951292 30.62649105 30.89363817
 32.39090457 31.19806163 24.58151093 26.52609344 27.78106362 26.65656064
 28.09791252 28.60735586 30.57678926 30.33449304 28.58250497 30.36555666
 30.57057654 32.22316103 33.12400596 28.4333996  24.12176938 26.89264414
 25.91724652 26.76217694 29.12301193 27.88667992 28.34020875 29.98658052
 30.59542744 30.81287276 31.1110835  31.93737575 31.08001988 32.9500497
 25.35188867 25.25869781 26.68762425 26.5944334  27.0666004  28.05442346
 28.42718688 29.39015905 31.02410537 29.75049702 30.91227634 30.92470179
 32.60213718 32.35362823 32.57728628 26.71868787 26.5944334  25.58175944
 26.86158052 28.95526839 27.69408549 30.77559642 31.3223161  30.27857853
 28.73782306 29.63245527 32.24801193 31.89388668 30.68240557 24.52559642
 26.96719682 27.11008946 26.77460239 27.12251491 26.43911531 29.85611332
 29.51441352 28.40233598 29.62002982 30.88742545 31.50248509 30.73832008
 32.45924453 25.06610338 26.5944334  24.48832008 26.94855865 26.31486083
 28.48310139 29.89338966 28.37127237 29.07952286 28.91799205 30.41525845
 32.03677932 31.78827038 31.6888668  24.69955268 25.83026839 25.97316103
 25.93588469 28.47688867 27.68166004 28.96148111 28.34642147 29.52062624
 27.43936382 29.20377734 30.21023857 30.91848907 32.57728628 31.76963221
 24.8610835  25.84890656 25.48235586 28.07927435 27.08523857 29.08573559
 27.86804175 31.44035785 28.37127237 30.6389165  28.14140159 29.98658052
 31.70750497 32.32877734 25.48235586 26.04771372 26.82430417 26.8305169
 27.25298211 27.57604374 29.15407555 28.58250497 29.09194831 28.70675944
 31.52733598 29.91202783 29.97415507 32.0305666  24.99776342 26.00422465
 26.26515905 26.43290258 26.1471173  26.4639662  28.99875746 28.34642147
 30.52087475 28.86829026 30.97440358 30.34070577 32.01814115 32.1361829
 34.3416998  24.34542744]",67041.90564643449
2025-06-15 16:20:00+00:00,980,6425.76,9.0,29.14008353995177,28.960735586481114,33.97514910536779,"[28.66327038 26.42668986 28.24701789 28.9304175  28.66327038 28.55765408
 29.89960239 29.85611332 30.49602386 31.36580517 31.35959245 31.819334
 31.11729622 25.79299205 26.99826044 25.92967197 27.47042744 27.5139165
 26.79324056 30.13568588 29.89960239 29.62624254 28.70675944 31.14214712
 31.68265408 31.80690855 31.76963221 26.3832008  25.92967197 27.56983101
 26.18439364 29.17892644 27.36481113 28.66327038 28.99875746 28.12897614
 30.45874751 30.54572565 32.52758449 32.73260437 31.23533797 24.2584493
 26.78081511 26.99826044 26.18439364 26.39562624 28.83101392 26.65034791
 29.29696819 27.66923459 27.94259443 30.95576541 29.57032803 33.97514911
 33.04945328 33.61481113 24.74925447 25.2027833  28.01093439 26.3832008
 25.9110338  27.84319085 28.11033797 28.30914513 28.65084493 30.68861829
 29.98036779 31.49627237 33.0805169  31.30367793 26.51366799 27.37102386
 27.34617296 27.47042744 28.20974155 27.99229622 29.22241551 30.62649105
 29.99900596 29.57654076 30.36555666 31.01789264 31.89388668 30.90606362
 25.30218688 25.20899602 24.64985089 27.5387674  27.03553678 27.71272366
 29.2721173  29.86853877 30.48359841 32.12997018 29.12922465 31.72614314
 32.12997018 32.30392644 32.78230616 25.47614314 25.48235586 27.97365805
 28.43961233 28.42718688 28.25323062 27.89910537 29.66973161 30.36555666
 29.42122266 31.819334   30.96197813 31.75099404 31.12972167 26.34592445
 26.19060636 27.6195328  26.68762425 28.25944334 27.46421471 29.2721173
 28.694334   29.53926441 31.19806163 31.70129225 32.07405567 32.27907555
 31.38444334 25.40780318 27.41451292 25.92967197 27.29647117 27.70029821
 29.47092445 29.48956262 29.16650099 30.25994036 30.62027833 29.94309145
 31.31610338 31.83797217 32.7388171  23.92296223 25.84890656 25.01018887
 27.01068588 26.39562624 29.97415507 28.52659046 27.28404573 30.04249503
 28.87450298 31.83797217 28.89935388 31.39065606 31.4527833  32.04299205
 25.86133201 26.00422465 26.54473161 27.99229622 27.71272366 28.04199801
 27.79348907 29.35909543 27.83076541 30.61406561 32.64562624 31.65159046
 32.1361829  31.57082505 23.99130219 25.01640159 27.31510934 26.4639662
 28.34020875 28.0916998  29.22241551 29.72564612 31.12350895 29.53305169
 29.5082008  30.44632207 32.90034791 31.71371769 24.61257455 24.78031809
 25.76814115 27.47664016 28.71918489 28.30914513 27.91774354 27.29647117
 29.3777336  28.31535785 30.64512922 31.16699801 31.73856859 32.42818091
 30.05492048 27.25298211]",67380.66349126265
2025-06-15 16:21:00+00:00,981,6379.31,9.0,29.002444576517654,28.816445079522865,34.12425447316103,"[26.15333002 25.56312127 26.37698807 28.4333996  26.51988072 27.02311133
 29.39637177 29.16650099 30.57057654 30.83151093 30.91848907 32.80094433
 31.44035785 23.8359841  25.46993042 28.10412525 26.84915507 27.50770378
 27.07902584 29.40258449 28.96148111 30.0611332  30.40904573 30.53951292
 31.70750497 31.05516899 31.53354871 26.3832008  26.14090457 27.37723658
 26.73111332 26.26515905 27.63195825 31.3223161  27.75       28.35884692
 31.04895626 31.83797217 33.10536779 34.12425447 31.93737575 24.35164016
 25.76192843 27.71272366 28.64463221 28.6694831  25.40159046 27.55740557
 28.06684891 29.57032803 30.34070577 31.71993042 29.88096421 32.19831014
 31.63916501 31.84418489 26.07256461 27.19085487 26.71868787 26.47639165
 25.84269384 28.89935388 29.74428429 28.44582505 30.80044732 29.36530815
 32.02435388 31.3223161  32.30392644 30.68861829 25.01640159 26.92992048
 28.58871769 26.18439364 27.16600398 27.81212724 28.41476143 28.5638668
 29.56411531 30.60164016 30.94955268 30.45874751 30.85636183 32.59592445
 25.73086481 26.53230616 27.11630219 26.91749503 28.27808151 27.83076541
 27.18464215 28.18489066 30.42147117 28.81858847 31.04274354 31.33474155
 31.02410537 30.62027833 33.90059642 24.79895626 25.24627237 25.79920477
 26.17818091 28.694334   26.4639662  29.34045726 30.82529821 30.21023857
 30.98682903 31.94358847 32.90034791 32.3971173  31.29125249 26.55715706
 25.34567594 24.4137674  25.73086481 26.53851889 27.99229622 28.70054672
 30.28479125 29.34045726 31.04895626 30.47117296 31.33474155 32.75124254
 31.57082505 23.48185885 24.8610835  26.69383698 27.18464215 28.37748509
 27.73136183 27.28404573 29.24105368 29.8250497  29.5889662  30.80666004
 29.06709742 30.70104374 31.31610338 24.93563618 26.71868787 27.32132207
 25.92967197 26.38941352 27.23434394 28.31535785 28.65705765 28.23459245
 28.7750994  33.48434394 29.70079523 32.67047714 30.25994036 32.88792247
 25.74950298 24.34542744 26.33971173 26.31486083 27.55740557 28.83722664
 27.18464215 28.85586481 29.02360835 31.89388668 30.02385686 31.07380716
 31.82554672 30.86257455 24.8610835  25.28976143 27.0666004  26.805666
 26.17196819 28.55765408 27.83697813 28.87450298 30.77559642 31.16699801
 30.89363817 29.84368787 31.43414513 32.49652087 24.8362326  26.27137177
 26.42047714 27.73757455 27.277833   27.74378728 27.38966203 28.58871769
 29.53926441 28.3277833  30.68240557 30.97440358 32.62698807 32.09269384
 32.87549702 25.48856859]",66920.17857519745
2025-06-15 16:22:00+00:00,982,6381.81,9.0,29.009252505858804,28.824210984095426,34.509443339960235,"[28.88692843 26.36456262 26.06013917 26.33971173 26.60685885 27.95501988
 27.80591451 29.43364811 29.72564612 31.1110835  31.84418489 29.51441352
 30.78802187 26.29622266 25.59418489 27.67544732 27.71893638 26.45775348
 28.78752485 28.02335984 29.45849901 29.10437376 29.06088469 31.12972167
 33.01838966 31.16078529 33.71421471 25.22142147 26.20303181 28.00472167
 25.66252485 28.76888668 29.92445328 27.71893638 31.49005964 29.2721173
 29.63245527 28.28429423 28.75024851 30.94333996 31.76341948 24.09691849
 25.74329026 26.84915507 24.50074553 30.0859841  28.52037773 29.12922465
 28.83722664 29.96172962 29.77534791 30.31585487 30.56436382 31.26018887
 30.80666004 32.02435388 25.097167   26.57579523 26.07877734 26.43911531
 27.11630219 28.78131213 28.20352883 28.38369781 30.22887674 29.15407555
 29.05467197 30.35934394 30.4276839  31.0054672  24.66848907 24.5193837
 26.27137177 26.98583499 27.43315109 27.58225646 28.06063618 28.04199801
 29.68215706 30.36555666 29.91824056 30.09840954 31.01167992 31.91873757
 24.31436382 24.72440358 26.91128231 28.16625249 26.84915507 27.32132207
 27.27162028 28.88071571 29.06709742 28.35884692 32.35362823 30.78802187
 34.45974155 31.71993042 34.50944334 25.48856859 26.49502982 27.45800199
 28.42097416 29.33424453 27.12872763 28.00472167 29.26590457 29.49577535
 30.11083499 29.2472664  30.7693837  32.12375746 34.35412525 26.09741551
 26.22166998 26.57579523 26.99826044 27.49527833 26.97340954 28.86207753
 28.47067594 28.86207753 31.93116302 30.2972167  32.64562624 31.30367793
 32.53379722 25.4140159  25.53827038 26.19681909 26.68141153 27.21570577
 27.99229622 29.91202783 27.50770378 30.45253479 28.79373757 29.8499006
 31.83797217 32.55864811 31.98086481 25.0723161  26.00422465 26.65034791
 24.94184891 28.33399602 27.24676938 28.39612326 28.88692843 29.6138171
 29.65109344 30.28479125 30.73832008 32.02435388 32.49652087 32.46545726
 26.97340954 25.12823062 26.90506958 29.1167992  27.45178926 28.26565606
 27.70651093 28.94905567 29.39015905 29.78777336 30.4276839  31.1110835
 31.99329026 32.64562624 26.31486083 25.39537773 25.61282306 26.88643141
 27.69408549 29.09816103 29.07952286 29.3528827  30.30964215 30.45874751
 30.88742545 31.35959245 31.42171968 32.16724652 25.84890656 25.32703777
 27.88667992 26.40805169 28.27186879 28.73161034 27.54498012 29.27833002
 30.47117296 30.09840954 31.12972167 31.06759443 30.62649105 30.65134195
 32.94383698 26.05392644]",66942.95518360123
2025-06-15 16:23:00+00:00,983,6402.43,9.0,29.069526660391695,28.888264165009943,33.81361829025845,"[26.94855865 26.24652087 26.9361332  27.47664016 28.09791252 30.29100398
 28.84965209 29.930666   30.96819085 30.7445328  31.15457256 32.70775348
 32.42818091 25.87375746 25.55690855 26.20303181 27.92395626 29.3777336
 28.47067594 30.65134195 27.94880716 29.88717694 29.88096421 30.31585487
 31.46520875 31.80069583 31.30989066 24.39512922 26.92370775 26.78081511
 27.12872763 26.91128231 28.66327038 27.26540755 28.66327038 31.09865805
 28.84343936 30.28479125 30.31585487 30.86878728 31.99950298 25.24005964
 25.81784294 26.27758449 28.06063618 28.694334   25.46371769 29.13543738
 28.89314115 28.47688867 30.94333996 30.17917495 30.54572565 30.40904573
 31.9249503  32.80715706 26.04150099 27.9612326  28.03578529 26.61928429
 27.16600398 27.61332008 30.35313121 29.30318091 31.03031809 30.80666004
 30.75695825 32.1361829  30.33449304 33.04945328 24.89214712 24.59393638
 27.24676938 27.12251491 27.26540755 28.39612326 29.3528827  26.43911531
 28.44582505 29.31560636 31.57082505 31.9000994  30.54572565 31.23533797
 25.35810139 24.37027833 26.09120278 26.47639165 25.70601392 28.03578529
 27.0417495  28.75024851 30.0859841  30.33449304 30.11704771 32.66426441
 31.25397614 32.68911531 32.19209742 25.64388668 26.09741551 26.79324056
 25.66873757 28.32157058 28.222167   29.20999006 29.68836978 29.9555169
 29.67594433 31.55218688 29.5889662  31.347167   31.80690855 25.07852883
 25.76814115 26.28379722 27.44557654 27.73136183 27.83697813 29.81262425
 28.65084493 29.930666   28.97390656 31.59567594 30.60785288 31.7944831
 31.83797217 25.55069583 26.47639165 25.02882704 27.16600398 27.68166004
 27.18464215 30.5333002  30.6389165  29.99900596 28.96769384 30.81908549
 31.93737575 31.15457256 30.70725646 25.24005964 25.22763419 27.60089463
 26.20303181 29.20999006 28.26565606 28.37748509 29.5889662  31.04895626
 29.53305169 29.21620278 30.14189861 30.67619284 31.31610338 32.72017893
 25.07852883 26.53230616 26.85536779 28.24080517 27.92395626 27.24676938
 28.99875746 28.72539761 29.07331014 29.41500994 30.61406561 30.11704771
 33.81361829 32.61456262 25.45129225 26.63170974 26.74353877 26.56336978
 26.42668986 27.32132207 30.12326044 29.06088469 30.54572565 29.60760437
 31.12350895 30.91848907 31.98707753 33.6334493  26.17818091 26.1222664
 26.2527336  26.47017893 27.95501988 26.73111332 27.86182903 28.14140159
 30.15432406 28.75024851 30.27857853 30.7693837  32.6083499  32.01814115
 32.88792247 24.79895626]",67144.60839500645
2025-06-15 16:24:00+00:00,984,6352.63,9.0,28.921981638564677,28.733567345924456,33.85089463220676,"[25.76192843 28.60114314 28.4333996  28.84343936 28.32157058 28.5638668
 30.24130219 31.06138171 29.7194334  30.14811133 32.27907555 30.84393638
 31.20427435 25.25869781 25.24005964 23.02833002 27.24055666 26.42668986
 27.38966203 27.96744533 28.5390159  29.06709742 29.60760437 30.58300199
 31.35337972 30.36555666 31.12972167 26.00422465 26.15333002 27.68787276
 25.92967197 27.33374751 25.17793241 26.85536779 29.19135189 27.75621272
 29.22241551 31.24776342 29.71322068 32.26043738 31.0054672  25.57554672
 26.01043738 24.71197813 25.68116302 27.34617296 27.92395626 28.51416501
 29.49577535 30.37176938 30.1916004  29.76913519 30.73210736 29.34045726
 32.12997018 33.22340954 25.4140159  25.61282306 27.63817097 28.17246521
 29.75670974 27.52634195 27.17842942 29.30318091 29.13543738 31.35959245
 30.16053678 32.64562624 30.35934394 31.49627237 26.04771372 24.69333996
 25.58797217 25.36431412 26.22166998 27.10387674 29.70700795 29.0111829
 26.78702783 30.1667495  30.6637674  31.98707753 31.48384692 32.3971173
 25.14065606 24.02236581 26.42668986 26.96719682 26.78081511 27.4083002
 29.64488072 29.5082008  27.82455268 27.83076541 30.95576541 31.0862326
 32.8444334  31.17942346 32.67047714 26.21545726 26.02907555 27.75
 28.15382704 30.09840954 27.43315109 28.97390656 29.54547714 30.63270378
 30.11704771 32.44060636 32.34741551 30.18538767 33.85089463 23.87947316
 28.14761431 27.19706759 28.20352883 27.54498012 28.30914513 28.67569583
 28.5390159  28.25323062 29.5082008  29.75670974 33.17370775 31.71371769
 30.65134195 27.48906561 26.04150099 26.15333002 26.9361332  26.55715706
 28.27808151 29.90581511 28.70054672 28.51416501 30.81287276 30.39662028
 31.31610338 30.96197813 31.08001988 23.56262425 24.17147117 26.41426441
 27.38966203 24.69333996 28.3277833  28.40854871 28.694334   28.53280318
 31.21048708 29.68836978 30.59542744 30.55193837 32.42196819 30.80044732
 24.76167992 24.70576541 26.49502982 27.5139165  26.94855865 28.23459245
 29.67594433 31.48384692 28.35884692 31.05516899 29.45228628 31.62673956
 30.43389662 32.19209742 25.2027833  25.36431412 26.76217694 28.84343936
 28.04821074 26.89264414 28.19110338 27.37723658 29.47713718 29.15407555
 30.28479125 31.88767396 31.67644135 31.41550696 26.06635189 25.74329026
 25.44507952 27.73136183 26.61307157 27.92395626 27.59468191 29.33424453
 29.55790258 31.03653082 31.19806163 30.48359841 30.94333996 33.26689861
 30.45874751 26.81809145]",66650.981769982
2025-06-15 16:25:00+00:00,985,6363.039999999999,9.0,28.952112294917427,28.765904572564608,33.69557654075547,"[26.92370775 27.83697813 26.45775348 26.78702783 28.694334   28.89935388
 28.20352883 29.49577535 31.05516899 30.48981113 31.88767396 30.93091451
 31.65159046 25.9917992  24.81138171 25.53827038 25.46371769 27.50770378
 26.97962227 27.54498012 29.2721173  27.84319085 29.55790258 30.93091451
 31.35337972 32.86928429 31.35959245 24.71819085 26.47639165 26.09120278
 27.06038767 28.16625249 27.4083002  27.67544732 28.78131213 30.26615308
 29.04845924 30.66998012 31.45899602 31.6640159  31.48384692 25.96073559
 25.55069583 26.40183897 26.2278827  26.55715706 28.02957256 29.23484095
 29.29075547 28.17867793 27.82455268 28.89935388 31.9000994  31.99329026
 30.94955268 31.63916501 26.22166998 27.15357853 26.40183897 26.07256461
 26.99204771 28.49552684 28.55765408 30.07977137 28.33399602 29.11058648
 28.97390656 30.05492048 32.00571571 29.98658052 23.9416004  27.07281312
 26.1471173  26.67519881 26.9361332  28.95526839 27.58225646 28.84965209
 28.4582505  29.17271372 30.09219682 30.01143141 30.6389165  31.65159046
 27.40208748 28.21595427 27.49527833 27.81833996 27.83697813 27.83076541
 27.3834493  29.4833499  28.52037773 31.16699801 28.50795229 31.9000994
 31.55218688 32.57728628 32.6083499  26.28379722 25.47614314 26.61928429
 24.73682903 29.33424453 27.33996024 29.86232604 29.10437376 28.85586481
 29.09816103 31.75099404 30.64512922 31.45899602 32.96247515 26.13469185
 27.6443837  27.34617296 28.96769384 27.77485089 28.76888668 28.54522863
 28.9055666  29.2721173  28.28429423 29.70700795 33.50919483 31.73856859
 32.29771372 25.43265408 26.29622266 26.45154076 26.9609841  24.88593439
 28.43961233 29.46471173 28.47688867 30.20402584 30.00521869 30.01764414
 30.0611332  31.58946322 32.88792247 26.09120278 26.12847913 27.80591451
 26.74975149 27.28404573 28.58250497 28.1165507  27.77485089 30.62027833
 29.94930417 30.85014911 31.94980119 29.88096421 30.98682903 33.69557654
 25.66873757 25.84890656 25.83648111 26.57579523 27.87425447 27.35859841
 28.29671968 29.36530815 28.75024851 30.75074553 30.6637674  30.22887674
 29.75670974 31.83797217 24.37027833 25.19657058 24.97291252 25.84269384
 25.73086481 27.22191849 28.83722664 28.75024851 30.34070577 30.34070577
 31.87524851 32.94383698 32.19209742 32.2666501  25.55069583 26.82430417
 26.8305169  26.49502982 26.32728628 28.70054672 30.24751491 27.8556163
 30.37798211 28.78131213 31.6640159  31.47763419 31.75720676 31.67644135
 33.56510934 24.41998012]",66751.78689387575
2025-06-15 16:26:00+00:00,986,6325.84,9.0,28.84173710489187,28.65034791252485,34.12425447316103,"[25.08474155 26.66898608 26.07877734 27.99229622 27.91153082 29.04845924
 30.73832008 29.55790258 29.40879722 29.930666   31.12350895 32.88170974
 31.16078529 27.02311133 26.89264414 29.06088469 24.97912525 27.59468191
 27.25298211 28.47067594 28.99875746 30.01143141 29.97415507 31.48384692
 29.45849901 31.80690855 32.06163022 25.12201789 26.19060636 26.50124254
 29.27833002 26.30864811 28.73161034 27.36481113 26.68762425 29.35909543
 30.45253479 30.56436382 29.17271372 30.50223658 31.90631213 24.72440358
 27.48906561 24.89214712 27.11630219 25.42644135 27.70651093 28.20974155
 27.84940358 29.51441352 29.53926441 29.8499006  31.52112326 30.62649105
 32.29771372 32.23558648 26.94234592 27.33374751 26.26515905 27.82455268
 29.56411531 28.72539761 27.72514911 28.34020875 27.06038767 30.59542744
 30.60785288 31.2415507  31.47142147 33.13021869 23.48185885 26.37077535
 26.99826044 27.93638171 27.01068588 26.71868787 27.78106362 28.03578529
 29.10437376 28.42097416 29.0111829  29.76913519 29.94309145 30.75074553
 25.94831014 27.08523857 26.32728628 25.95452286 29.3777336  27.79348907
 29.54547714 29.30318091 28.51416501 28.01093439 29.60139165 31.38444334
 30.32206759 30.93091451 31.85661034 25.86754473 26.55094433 26.31486083
 27.01068588 27.74378728 27.4083002  27.99850895 28.72539761 29.32803181
 30.51466203 31.75720676 29.70700795 34.12425447 31.81312127 24.84865805
 27.01068588 25.86133201 26.65034791 27.61332008 27.91774354 28.74403579
 28.53280318 30.23508946 31.11729622 30.34691849 31.26018887 31.71371769
 30.16053678 24.86729622 26.54473161 24.73682903 28.80616302 27.24055666
 26.73732604 28.81237575 28.46446322 29.32803181 30.75695825 30.01764414
 29.21620278 30.79423459 31.26018887 23.61232604 25.32703777 26.68762425
 27.3026839  27.24676938 28.91177932 27.33374751 27.63195825 30.13568588
 30.86257455 30.78180915 30.402833   31.50248509 32.65183897 31.60810139
 26.86158052 25.32082505 27.53255467 26.94855865 27.30889662 28.07306163
 27.68166004 28.66327038 29.6945825  30.1667495  30.1667495  29.42743539
 29.60760437 32.06784294 26.34592445 26.3832008  26.92992048 28.21595427
 27.18464215 28.42718688 26.89885686 28.20974155 29.15407555 29.09194831
 30.18538767 32.58349901 33.34766402 31.83797217 27.32753479 24.05342942
 26.30864811 26.1471173  27.58225646 26.51366799 28.01093439 27.75
 29.45228628 27.9612326  29.21620278 29.68215706 31.51491054 30.48981113
 32.75745527 24.61257455]",66382.51565812624
2025-06-15 16:27:00+00:00,987,6331.4400000000005,9.0,28.857659944155994,28.667743538767397,33.88817097415507,"[25.7805666  26.33349901 28.1165507  27.91153082 28.9304175  28.65705765
 29.05467197 29.11058648 29.83126243 29.98036779 31.63916501 32.44681909
 33.39115308 25.46993042 25.23384692 25.50099404 23.98508946 28.31535785
 26.98583499 29.09816103 29.09816103 27.99850895 29.73807157 31.6888668
 31.62052684 31.26640159 32.27907555 24.76167992 25.56312127 25.22142147
 26.03528827 29.17892644 28.73161034 28.5390159  27.12251491 29.0111829
 30.66998012 30.59542744 31.84418489 30.60785288 29.85611332 25.14065606
 26.90506958 26.4639662  27.36481113 28.60735586 29.30318091 26.11605368
 28.42718688 28.71297217 30.11083499 28.55144135 30.03628231 33.40357853
 32.0305666  31.33474155 25.83648111 25.63146123 25.40159046 26.92992048
 28.13518887 29.30939364 28.02957256 28.09791252 28.70054672 29.0360338
 29.80641153 31.88767396 33.21719682 31.30989066 25.42644135 24.61257455
 25.89239563 28.41476143 26.47017893 27.72514911 27.34617296 28.22837972
 30.57057654 30.14811133 29.91202783 31.49005964 32.40333002 33.14264414
 24.78031809 26.47639165 27.20328032 28.31535785 28.14761431 26.15954274
 29.80641153 28.45203777 30.47117296 28.5390159  29.1416501  31.35959245
 29.24105368 30.95576541 31.49627237 25.74950298 24.68091451 27.71893638
 27.10387674 27.86804175 26.41426441 30.48359841 27.07902584 29.5082008
 30.44010934 29.70079523 29.18513917 30.80666004 33.58374751 25.32082505
 26.33349901 27.38966203 26.54473161 27.71893638 28.02957256 28.34020875
 28.28429423 28.9055666  30.59542744 30.32206759 32.67047714 31.76341948
 32.55243539 26.88021869 25.12201789 27.0666004  26.85536779 26.97340954
 26.39562624 28.86829026 29.30939364 30.05492048 29.44607356 30.2972167
 31.28503976 32.22937376 31.15457256 23.41973161 24.97912525 27.06038767
 26.51366799 26.27758449 28.58871769 27.97365805 30.18538767 27.39587475
 30.94333996 28.96148111 31.07380716 31.6888668  31.75099404 31.62673956
 24.73682903 25.48235586 28.1165507  26.51366799 26.81809145 27.65680915
 27.5139165  29.66351889 30.39662028 29.89960239 29.91824056 31.38444334
 30.0859841  32.2666501  27.17842942 24.43240557 28.35263419 26.1471173
 27.68166004 26.30864811 27.12872763 28.15382704 28.55765408 29.71322068
 29.80641153 31.06759443 30.75074553 31.53976143 25.3332505  25.5444831
 25.09095427 26.42668986 26.95477137 28.05442346 30.41525845 29.67594433
 28.70675944 28.73782306 29.17271372 31.47763419 31.08001988 31.06759443
 33.88817097 25.81163022]",66435.7871091683
2025-06-15 16:28:00+00:00,988,6354.61,9.0,28.925425990691167,28.739717942345923,33.97514910536779,"[24.94184891 25.83026839 26.06635189 28.45203777 28.76267396 28.20352883
 28.73161034 29.10437376 30.0611332  31.35337972 28.65084493 30.55193837
 33.47813121 25.02261431 26.54473161 25.99801193 26.3832008  27.68166004
 27.48906561 29.30939364 30.37176938 28.42718688 30.6389165  30.39662028
 28.7999503  31.80069583 32.75745527 24.24602386 25.96694831 26.76217694
 27.72514911 27.22191849 27.78106362 28.78752485 29.6138171  29.30318091
 29.78156064 30.73832008 29.88096421 32.29771372 31.7944831  26.36456262
 25.93588469 26.53851889 26.76217694 27.5387674  27.02932406 28.17246521
 28.7750994  28.5390159  30.53951292 30.01764414 30.78180915 31.74478131
 32.17967197 32.14860835 26.50745527 25.6500994  25.56312127 26.07256461
 28.14761431 27.93016899 28.00472167 30.59542744 30.09840954 30.71968191
 30.15432406 30.36555666 31.23533797 31.52112326 26.43290258 26.14090457
 25.87375746 26.71868787 27.59468191 27.12872763 29.25347913 28.9304175
 28.57629225 30.0859841  30.60164016 30.64512922 30.96197813 32.94383698
 25.40159046 27.25298211 27.90531809 26.31486083 28.06063618 27.65680915
 27.76242545 29.45849901 28.39612326 29.02982107 28.93663022 31.20427435
 30.63270378 31.90631213 32.83200795 23.4445825  26.7249006  26.48260437
 26.97962227 27.94880716 28.16625249 29.35909543 27.79970179 28.62599404
 30.60164016 30.96197813 32.80715706 30.89363817 30.52087475 25.71222664
 25.91724652 26.21545726 29.02360835 28.43961233 27.70029821 27.55119284
 28.76888668 28.7750994  30.09840954 29.78156064 31.73235586 30.36555666
 31.04895626 24.69955268 24.92942346 26.94234592 27.28404573 27.5139165
 28.11033797 28.70675944 29.25347913 29.43364811 28.73161034 29.38394632
 30.92470179 32.68911531 30.72589463 26.61307157 25.2027833  25.53827038
 26.97962227 28.00472167 27.93016899 28.58871769 28.13518887 28.27808151
 28.46446322 30.33449304 30.68861829 31.75720676 33.6334493  31.80690855
 27.79970179 23.75521869 27.19085487 27.29647117 26.71868787 28.52659046
 29.84368787 31.37823062 30.89363817 29.0360338  31.63916501 29.75049702
 33.04945328 33.055666   24.50695825 26.63170974 25.72465209 26.37698807
 27.32132207 27.84940358 28.06063618 28.7999503  29.22862823 30.78802187
 30.6389165  31.0862326  32.1610338  31.03653082 25.25869781 25.61903579
 25.81163022 27.45178926 26.63792247 26.61307157 27.07281312 30.48359841
 27.90531809 29.75670974 30.86878728 29.5889662  30.94333996 31.70129225
 33.97514911 26.39562624]",66662.50519445637
2025-06-15 16:29:00+00:00,989,6379.42,9.0,28.998025129364443,28.816786779324058,33.782554671968185,"[24.78031809 26.74353877 27.65680915 26.79945328 28.27808151 28.15382704
 28.59493042 28.80616302 29.57654076 31.40929423 30.24130219 30.57678926
 32.22316103 24.74925447 26.84915507 27.36481113 28.27808151 27.14736581
 28.50795229 29.26590457 29.39637177 30.04249503 29.66973161 31.10487078
 31.05516899 31.42171968 32.90034791 25.61903579 24.71197813 25.89239563
 28.46446322 26.89885686 28.33399602 27.94259443 28.04821074 30.06734592
 29.52683897 30.91227634 30.65134195 30.70104374 31.1110835  23.94781312
 24.56908549 24.8610835  25.95452286 27.75621272 28.30293241 29.66973161
 29.58275348 29.84368787 28.94905567 29.12301193 30.91227634 32.32877734
 33.78255467 30.83151093 26.04771372 27.02311133 26.78702783 27.54498012
 27.14115308 28.57629225 28.16003976 29.87475149 29.43986083 30.37798211
 30.24751491 31.17942346 31.30367793 31.28503976 25.75571571 27.09145129
 27.69408549 26.58822068 27.93638171 26.19060636 29.29075547 29.37152087
 29.60139165 30.62649105 31.09244533 32.6332008  31.49005964 31.87524851
 25.55069583 27.48906561 27.50770378 26.76838966 27.58846918 27.45800199
 29.02982107 30.13568588 29.81262425 29.71322068 30.21023857 30.63270378
 32.99975149 31.0862326  33.01838966 26.91749503 26.40183897 25.37052684
 27.69408549 28.51416501 28.78131213 30.07977137 28.51416501 29.7194334
 29.66973161 29.64488072 31.80690855 32.54622266 30.41525845 25.31461233
 24.07206759 25.14065606 27.33374751 27.06038767 27.40208748 28.51416501
 27.54498012 29.07952286 29.96172962 31.42171968 31.41550696 31.4527833
 31.87524851 26.31486083 24.25223658 26.24652087 26.81187873 27.35238569
 26.33349901 28.54522863 29.89960239 30.03628231 29.62624254 29.06088469
 32.60213718 30.88742545 31.83797217 25.24005964 25.37673956 26.54473161
 24.94806163 27.10387674 27.61332008 28.9304175  28.81858847 30.85636183
 30.99925447 30.70104374 31.26018887 31.63916501 32.1361829  32.65805169
 25.50720676 25.53827038 26.01043738 26.37698807 28.02957256 28.30914513
 28.38991054 31.09244533 28.04199801 29.81262425 31.85661034 30.72589463
 31.17321074 32.20452286 25.74329026 25.58175944 25.78677932 26.20924453
 27.68166004 27.73757455 29.19756461 28.94905567 29.43364811 31.06138171
 30.20402584 31.43414513 31.29746521 31.32852883 25.31461233 25.77435388
 27.12872763 24.02236581 26.43911531 27.91774354 28.88071571 29.42122266
 29.94930417 30.94333996 31.08001988 31.14835984 32.21694831 31.5583996
 31.9000994  24.53180915]",66905.39287280166
2025-06-15 16:30:00+00:00,990,6345.92,9.0,28.898542299840834,28.712723658051686,33.69557654075547,"[25.21520875 25.97937376 26.34592445 28.10412525 28.95526839 29.86853877
 29.08573559 29.39015905 30.60164016 31.13593439 31.62673956 31.49627237
 31.75720676 26.12847913 25.19657058 27.0666004  26.45775348 27.91153082
 28.42718688 28.99254473 26.63792247 30.69483101 30.81908549 30.44632207
 30.04870775 30.61406561 32.07405567 25.89239563 27.62574553 27.86182903
 27.02311133 26.10362823 27.56983101 29.94930417 28.84965209 31.83797217
 28.06063618 30.60164016 31.29125249 29.78156064 29.75049702 24.44483101
 25.68737575 26.47017893 26.82430417 26.1471173  26.76838966 27.87425447
 28.55144135 30.47738569 30.44632207 31.17321074 29.80019881 30.86257455
 31.05516899 33.69557654 26.3583499  27.12872763 24.9915507  28.27808151
 27.29025845 29.3528827  27.3026839  28.74403579 29.6945825  30.67619284
 31.86282306 31.40308151 30.47117296 31.54597416 25.25248509 25.93588469
 25.42644135 26.41426441 29.30318091 28.73782306 27.24055666 28.72539761
 28.52037773 30.89363817 30.85014911 30.27236581 32.40954274 31.98086481
 26.04771372 25.26491054 27.07902584 27.30889662 27.41451292 26.4639662
 29.39637177 29.49577535 30.37798211 30.55815109 31.86282306 28.97390656
 31.50869781 29.64488072 31.75099404 25.72465209 24.7306163  25.78677932
 25.5444831  27.69408549 27.95501988 28.92420477 29.83126243 30.86257455
 29.55790258 29.73185885 29.72564612 31.99950298 31.22912525 26.94855865
 26.3832008  27.13494036 27.63817097 27.91153082 28.08548708 27.5139165
 28.17246521 28.97390656 29.89338966 30.59542744 30.19781312 30.47738569
 31.96222664 25.8054175  25.85511928 26.30243539 25.71843936 28.58871769
 27.63195825 26.65034791 27.58225646 29.33424453 29.62624254 30.81287276
 29.8250497  31.0862326  31.26640159 25.25248509 24.85487078 24.03479125
 27.56983101 24.22117296 26.64413519 28.97390656 29.06709742 30.92470179
 30.21645129 30.6389165  28.95526839 31.44035785 32.16724652 30.39662028
 26.10362823 25.93588469 26.09120278 26.19681909 28.73782306 28.23459245
 28.67569583 29.23484095 29.90581511 29.98036779 32.22937376 30.75074553
 31.47763419 32.08648111 24.19632207 25.96073559 27.12872763 25.19035785
 27.58225646 28.15382704 29.34045726 30.98682903 30.01143141 28.87450298
 30.81908549 31.14835984 31.2166998  32.78851889 25.29597416 25.94831014
 26.01043738 25.95452286 27.03553678 29.06709742 29.43986083 28.55144135
 29.39015905 29.87475149 31.17942346 30.80666004 29.78156064 31.19184891
 32.54622266 25.03503976]",66572.5631183475
2025-06-15 16:31:00+00:00,991,6357.37,9.0,28.93170229032075,28.748291500994032,33.956510934393634,"[26.27137177 26.77460239 27.31510934 28.84965209 29.30939364 27.71272366
 29.74428429 29.80641153 28.65705765 30.57678926 32.68911531 31.60188867
 33.02460239 26.63792247 24.92321074 25.27112326 26.89885686 29.06088469
 28.83101392 28.44582505 28.45203777 30.53951292 29.52683897 29.49577535
 31.87524851 31.62673956 30.9806163  25.22763419 25.28976143 26.03528827
 27.58846918 28.55765408 26.805666   28.50173956 30.42147117 31.31610338
 30.17917495 29.12922465 30.57057654 32.50894632 32.66426441 26.31486083
 27.14736581 26.06635189 26.23409543 26.71247515 26.73111332 27.65059642
 29.0360338  28.86829026 29.86232604 29.5082008  30.67619284 30.84393638
 31.74478131 32.2417992  25.50720676 25.84269384 26.09120278 27.34617296
 28.08548708 29.60760437 29.79398608 27.79348907 30.00521869 29.66351889
 31.84418489 30.32828032 31.11729622 33.95651093 25.52584493 25.35188867
 25.24005964 27.42072565 27.56983101 27.34617296 28.27186879 28.20352883
 28.14140159 30.10462227 31.27261431 31.11729622 30.93091451 31.77584493
 25.10337972 24.89214712 26.92992048 27.38966203 27.49527833 27.14736581
 27.73136183 29.17271372 30.5084493  31.44657058 30.44632207 29.79398608
 31.60810139 30.26615308 32.37847913 23.97887674 26.16575547 26.19681909
 27.08523857 26.58200795 27.55740557 28.4333996  29.0360338  29.0360338
 29.93687873 30.27236581 31.38444334 30.98682903 31.96222664 27.35859841
 26.60685885 26.17196819 27.4083002  27.25919483 27.37102386 26.65034791
 30.30964215 28.98011928 28.35884692 32.47166998 31.44035785 31.347167
 32.90034791 24.66848907 26.19681909 26.47639165 27.55740557 29.19756461
 29.45228628 27.76863817 28.61356859 30.01764414 29.4833499  28.83722664
 28.96148111 31.5832505  32.3971173  24.19632207 25.89239563 25.77435388
 28.0916998  27.45178926 27.20328032 27.49527833 28.34020875 27.83076541
 30.70725646 30.11704771 30.76317097 31.14835984 31.30989066 30.99304175
 24.86729622 26.50124254 28.63220676 27.25298211 26.9361332  26.76838966
 29.24105368 27.27162028 28.33399602 28.57629225 28.97390656 31.2166998
 31.71371769 33.32902584 26.90506958 24.15904573 27.47664016 26.62549702
 27.70029821 28.15382704 26.61307157 28.44582505 28.94284294 29.59517893
 30.64512922 28.39612326 32.2666501  32.19831014 26.85536779 27.29647117
 26.95477137 27.23434394 24.24602386 27.70651093 28.28429423 29.70700795
 30.11704771 29.54547714 31.19184891 31.94358847 30.72589463 32.30392644
 32.52137177 26.61307157]",66683.5031824971
2025-06-15 16:32:00+00:00,992,6326.799999999999,9.0,28.840852838931344,28.65333001988072,34.1801689860835,"[27.08523857 26.4639662  27.89910537 27.8804672  28.62599404 29.97415507
 27.92395626 29.99279324 30.83772366 30.45253479 32.09890656 31.26640159
 31.85661034 27.15979125 25.14686879 25.05989066 25.28976143 26.92370775
 26.75596421 28.76888668 30.05492048 29.90581511 29.97415507 30.89363817
 30.53951292 32.47166998 30.6389165  25.87997018 26.74353877 26.49502982
 27.53255467 26.78702783 28.31535785 29.31560636 28.19110338 27.20949304
 30.12326044 30.56436382 31.97465209 28.694334   30.11704771 25.61903579
 25.73707753 26.50745527 26.02907555 27.20328032 29.42122266 26.50124254
 29.65109344 29.91824056 30.4276839  29.9555169  30.04249503 32.14860835
 31.16078529 34.18016899 24.96048708 25.93588469 26.03528827 27.76863817
 27.21570577 27.38966203 28.60114314 28.88071571 28.14140159 29.80641153
 29.5889662  30.65755467 31.76341948 31.70129225 25.98558648 26.86779324
 25.76192843 26.89264414 27.02311133 28.86207753 29.12922465 29.16650099
 27.83076541 29.1167992  30.06734592 31.44657058 32.11754473 31.9249503
 25.53827038 26.38941352 25.99801193 26.79945328 27.08523857 27.13494036
 27.32132207 28.9304175  28.60114314 28.78752485 32.12375746 29.78777336
 31.71371769 32.9749006  31.69507952 26.00422465 25.32703777 27.02932406
 25.74329026 25.79299205 26.04150099 29.35909543 28.73161034 29.90581511
 29.74428429 29.9555169  30.78180915 32.3971173  34.05591451 24.70576541
 24.4137674  26.87400596 27.9612326  29.27833002 28.52037773 29.57654076
 28.16625249 30.92470179 30.99304175 30.47738569 28.65705765 31.78827038
 31.93737575 25.69358847 24.2833002  27.90531809 27.73136183 28.57007952
 27.53255467 28.45203777 29.55790258 30.42147117 30.82529821 30.54572565
 30.78802187 31.77584493 31.38444334 23.45700795 25.6500994  25.81784294
 26.8305169  26.17196819 27.84319085 26.82430417 27.42693837 30.10462227
 30.7445328  29.46471173 28.42097416 30.29100398 32.54000994 32.09269384
 26.92370775 26.17196819 25.69980119 25.50720676 27.43315109 28.73782306
 27.47042744 28.4582505  28.81237575 28.87450298 31.63295229 30.44010934
 30.68861829 31.56461233 26.16575547 25.37673956 26.35213718 27.9860835
 26.76217694 27.58846918 29.2721173  30.36555666 27.23434394 28.61978131
 30.25372763 31.80069583 30.15432406 31.89388668 25.569334   25.35810139
 28.89314115 26.76217694 26.79945328 27.13494036 27.63195825 28.92420477
 29.66973161 28.75024851 27.76242545 30.43389662 30.76317097 31.65780318
 31.65780318 24.45725646]",66379.55725792871
2025-06-15 16:33:00+00:00,993,6299.469999999999,9.0,28.759558197344603,28.568433151093437,34.47837972166998,"[27.95501988 25.25248509 25.35810139 27.67544732 27.32132207 27.86804175
 30.27857853 28.55144135 30.17917495 30.54572565 30.85014911 30.04249503
 31.57082505 24.07206759 25.02261431 26.65034791 26.89885686 28.55765408
 28.1973161  27.60089463 29.35909543 29.18513917 29.72564612 29.86232604
 30.01143141 30.25372763 34.47837972 25.79920477 25.9110338  24.99776342
 27.02311133 27.07281312 28.55765408 27.83076541 27.93638171 29.58275348
 27.3026839  29.91202783 30.11704771 30.26615308 31.49627237 26.33349901
 25.17171968 26.37698807 26.86158052 27.66923459 27.31510934 28.02957256
 29.20999006 29.09194831 30.04249503 30.67619284 29.88096421 30.47117296
 30.7445328  31.20427435 23.82977137 25.87997018 27.30889662 26.18439364
 26.45154076 26.48260437 28.57007952 28.33399602 28.42718688 28.75024851
 30.28479125 32.3722664  30.85014911 31.70750497 24.23359841 25.22763419
 27.91153082 26.45775348 25.75571571 27.13494036 29.19756461 27.99229622
 28.83722664 27.99850895 29.34045726 29.98036779 31.85039761 29.75670974
 25.92967197 25.35810139 26.42668986 25.66252485 28.37748509 25.60661034
 28.7750994  29.75049702 30.47738569 27.29647117 30.12947316 30.55815109
 31.50869781 31.27882704 32.01814115 25.55690855 25.59418489 27.28404573
 27.78106362 28.04821074 29.33424453 29.35909543 29.49577535 28.14140159
 30.5333002  30.07355865 29.36530815 30.16053678 31.99329026 24.23981113
 25.37673956 25.22142147 27.96744533 25.96073559 27.27162028 30.34691849
 29.57032803 28.39612326 30.20402584 30.91848907 30.47738569 31.37823062
 32.23558648 25.83026839 26.20303181 25.68737575 27.00447316 27.52012922
 27.99229622 28.78131213 29.39637177 30.25372763 30.01143141 30.44010934
 30.47117296 30.81287276 33.32281312 26.73111332 25.19657058 26.07877734
 27.12251491 26.07256461 27.95501988 25.9110338  28.1165507  29.96794235
 29.17271372 31.29125249 30.03006958 31.21048708 32.43439364 33.07430417
 23.43215706 27.13494036 25.49478131 26.11605368 26.76838966 29.34666998
 27.44557654 28.51416501 27.68787276 31.76341948 31.73235586 31.22291252
 31.39686879 33.61481113 25.83648111 24.8610835  26.09741551 28.22837972
 27.14736581 27.96744533 28.82480119 30.63270378 29.86232604 29.34666998
 31.24776342 30.80666004 29.81883698 32.31013917 26.74975149 25.76814115
 26.65034791 26.86779324 27.58225646 27.91774354 27.73757455 29.39015905
 30.32206759 29.31560636 30.07355865 32.88170974 31.65159046 31.86903579
 30.86878728 24.53180915]",66107.57790503612
2025-06-15 16:34:00+00:00,994,6332.820000000001,9.0,28.8573263300813,28.67203031809145,34.583996023856855,"[25.62524851 27.4083002  25.71222664 26.38941352 29.23484095 28.9055666
 28.38991054 27.24676938 30.21023857 30.58921471 31.30989066 30.73210736
 32.38469185 23.51913519 25.32703777 25.25869781 26.79324056 28.01714712
 28.04199801 27.37102386 30.02385686 30.54572565 31.13593439 31.70129225
 31.99950298 31.34095427 31.98086481 25.22142147 25.05989066 26.21545726
 26.56336978 29.8250497  27.01068588 27.45800199 28.81858847 31.50248509
 30.07977137 30.81908549 30.54572565 30.54572565 31.01789264 24.35164016
 26.39562624 25.89239563 26.03528827 26.55715706 28.45203777 28.54522863
 29.73807157 29.94309145 30.71346918 31.44657058 30.99304175 32.98111332
 32.4778827  32.72017893 26.40805169 26.14090457 26.40805169 25.6500994
 27.37723658 28.48931412 27.77485089 28.95526839 28.61356859 29.80019881
 27.36481113 32.15482107 33.93166004 29.80641153 26.30243539 27.52012922
 26.2527336  25.18414513 26.56336978 28.24701789 28.41476143 28.61978131
 29.3528827  29.73807157 30.27236581 31.76963221 31.83175944 34.58399602
 25.94209742 26.83672962 24.9915507  25.08474155 25.53827038 27.44557654
 28.3277833  28.68190855 30.26615308 30.34070577 29.29696819 32.53379722
 31.86903579 33.43464215 32.65183897 24.9915507  26.35213718 27.82455268
 26.88643141 25.95452286 26.805666   27.45178926 28.06063618 27.73136183
 31.81312127 29.89960239 30.62027833 30.90606362 32.7139662  23.28926441
 27.0417495  27.01689861 27.72514911 27.99850895 26.52609344 29.19135189
 28.96148111 29.48956262 30.92470179 28.44582505 31.04895626 31.02410537
 32.31013917 25.84269384 24.10313121 27.3834493  26.94855865 27.20328032
 27.99850895 28.27186879 29.2472664  29.60139165 28.57629225 29.97415507
 32.14860835 31.03031809 30.0859841  25.77435388 25.73707753 25.92345924
 25.89239563 26.85536779 27.56361829 28.71297217 28.4582505  28.93663022
 29.48956262 29.62002982 29.29696819 33.04945328 32.80094433 31.82554672
 24.32057654 26.58822068 27.30889662 25.84890656 28.01714712 27.37102386
 28.50795229 29.2472664  29.4833499  28.55765408 31.82554672 29.43364811
 30.48359841 30.80044732 25.9110338  26.68762425 26.62549702 26.92370775
 26.76838966 28.00472167 28.08548708 29.86853877 29.12301193 29.78777336
 30.19781312 31.25397614 30.58921471 33.44706759 23.5999006  26.74975149
 26.31486083 28.75646123 27.71893638 27.9860835  28.11033797 26.66277336
 30.18538767 29.55168986 30.402833   29.04224652 30.65134195 31.0862326
 31.83797217 25.43265408]",66434.67096992
2025-06-15 16:35:00+00:00,995,6316.2300000000005,9.0,28.80771279125031,28.62049577534791,33.838469184890656,"[25.21520875 25.92967197 28.21595427 29.17892644 27.52012922 30.33449304
 28.48310139 29.37152087 30.62649105 30.72589463 31.24776342 30.18538767
 31.98086481 24.16525845 27.20328032 25.55690855 26.40805169 28.38991054
 29.02982107 27.92395626 28.55144135 29.07952286 30.14189861 30.65755467
 30.37176938 33.03702783 32.12375746 25.04746521 25.46993042 25.81163022
 25.4140159  26.75596421 30.03628231 28.85586481 29.07952286 29.22241551
 30.38419483 29.7194334  29.07331014 30.32206759 32.91277336 25.63767396
 25.6500994  24.68091451 26.22166998 28.31535785 27.07902584 26.82430417
 27.33996024 29.93687873 29.92445328 29.02982107 30.58300199 31.51491054
 32.8195825  31.90631213 25.92345924 26.73111332 25.59418489 28.04199801
 27.81212724 27.03553678 26.98583499 29.94309145 29.16650099 29.11058648
 30.02385686 30.42147117 33.83846918 31.87524851 26.30243539 25.6749503
 26.1222664  24.9915507  27.10387674 26.13469185 28.46446322 27.99229622
 29.65730616 29.64488072 29.80641153 30.80666004 32.16724652 31.22291252
 25.3332505  26.49502982 27.09766402 26.47017893 27.12872763 27.73757455
 26.42668986 28.59493042 29.01739563 30.9806163  29.99279324 29.51441352
 30.44632207 32.06163022 32.94383698 26.54473161 24.68712724 27.08523857
 28.55144135 26.90506958 27.55740557 28.27186879 28.71297217 30.27236581
 29.27833002 32.55864811 29.84368787 30.90606362 31.22291252 25.569334
 26.32728628 27.99850895 28.37748509 26.74353877 27.3026839  29.66973161
 28.1973161  28.75646123 30.07355865 29.04845924 30.43389662 30.45253479
 29.8499006  24.46346918 26.9361332  25.51341948 26.68141153 27.70029821
 27.32132207 27.25919483 30.21645129 30.47738569 27.6195328  30.76317097
 31.96222664 30.56436382 32.20452286 25.63767396 26.42047714 26.95477137
 26.9361332  28.19110338 29.44607356 29.21620278 27.91153082 29.12301193
 29.92445328 30.27236581 29.94309145 31.01167992 32.42818091 31.96843936
 25.24005964 26.14090457 26.7249006  26.98583499 26.33971173 27.28404573
 28.11033797 30.65134195 27.29025845 30.33449304 30.09840954 31.74478131
 29.87475149 30.25372763 26.50124254 26.19681909 27.07902584 26.51988072
 29.17892644 26.30243539 28.82480119 28.33399602 28.20974155 29.5082008
 30.75695825 31.63295229 31.42171968 30.38419483 25.49478131 25.82405567
 26.3832008  25.10959245 25.57554672 27.03553678 29.0360338  29.63866799
 29.76292247 30.39662028 30.45253479 30.97440358 29.19756461 31.42171968
 31.6888668  25.85511928]",66268.68391440703
2025-06-15 16:36:00+00:00,996,6250.74,9.0,28.613786678822734,28.41706013916501,33.005964214711724,"[26.74975149 28.25323062 26.30864811 25.68116302 28.55144135 29.70700795
 28.97390656 28.73782306 26.83672962 30.93712724 31.29125249 30.89985089
 30.44632207 25.42022863 26.45154076 26.08499006 25.83648111 27.91774354
 28.35263419 30.0859841  28.94284294 28.66327038 28.47688867 28.70675944
 31.26018887 32.25422465 31.70129225 24.43861829 25.17793241 26.42047714
 28.03578529 26.84915507 27.09145129 27.92395626 28.86207753 28.38991054
 30.09840954 31.08001988 29.83747515 30.60164016 33.00596421 24.87350895
 25.96073559 25.53827038 28.02335984 25.51963221 26.3832008  27.83076541
 28.08548708 28.6694831  29.32803181 30.17917495 31.6888668  30.30964215
 31.73856859 32.22937376 24.84244533 24.33300199 27.5387674  26.1471173
 26.83672962 28.28429423 27.96744533 28.61356859 30.62649105 28.57629225
 28.39612326 29.53926441 31.22912525 32.04920477 24.60636183 25.42022863
 26.17818091 25.46993042 27.24676938 28.42718688 27.83697813 29.02360835
 27.80591451 29.68215706 31.62052684 30.62649105 29.91202783 31.04895626
 24.94806163 25.96694831 25.51341948 27.69408549 27.65680915 26.60685885
 27.01689861 28.26565606 29.47713718 29.22862823 28.96148111 32.22937376
 30.35934394 31.54597416 32.85064612 25.69358847 25.15308151 26.66898608
 28.34020875 28.53280318 27.93016899 26.95477137 29.83126243 31.47142147
 29.44607356 30.0611332  30.98682903 32.27286282 31.03653082 25.4140159
 24.69333996 25.92967197 25.97316103 26.06635189 26.82430417 27.75
 28.02335984 27.58225646 29.52062624 29.31560636 29.12301193 29.75670974
 31.38444334 26.10362823 26.29622266 25.5444831  26.04771372 26.98583499
 29.52062624 29.10437376 30.04249503 28.4333996  30.10462227 30.80044732
 29.49577535 31.14835984 31.47763419 24.40134195 23.8111332  25.4388668
 25.84890656 26.99204771 26.43911531 27.67544732 27.86804175 29.0360338
 27.31510934 30.80666004 30.53951292 31.19806163 31.91873757 30.94333996
 25.87375746 25.58797217 26.20303181 27.83076541 26.55094433 28.18489066
 29.49577535 27.42693837 29.53926441 30.29100398 29.97415507 31.70750497
 32.00571571 30.76317097 25.8054175  26.32728628 25.92345924 26.65034791
 28.61978131 28.40854871 28.10412525 28.41476143 29.67594433 28.36505964
 29.40879722 31.29125249 31.71371769 31.19806163 24.8610835  24.69955268
 25.12823062 27.12251491 27.37102386 28.62599404 27.20949304 27.84940358
 28.81858847 29.08573559 31.42171968 29.70079523 30.4276839  32.92519881
 32.6083499  25.23384692]",65619.88471266933
2025-06-15 16:37:00+00:00,997,6336.57,9.0,28.86640598254419,28.6836791749503,34.05591451292246,"[27.3026839  25.45129225 28.25323062 26.02286282 28.4333996  28.97390656
 28.83722664 30.92470179 29.36530815 30.73832008 31.14214712 32.80094433
 31.19184891 24.63121272 26.63170974 26.47017893 27.07281312 25.17793241
 29.00497018 27.89289264 27.8556163  28.53280318 28.65705765 29.10437376
 32.65805169 31.5832505  30.85014911 26.06013917 26.67519881 26.1471173
 26.94234592 27.55740557 27.11008946 30.21645129 28.63220676 28.6694831
 31.1110835  31.93737575 30.78802187 31.16078529 31.06138171 23.73658052
 25.13444334 25.35188867 27.50149105 28.30914513 28.67569583 28.72539761
 29.00497018 29.80641153 30.61406561 29.99900596 28.9304175  30.00521869
 30.75074553 31.65780318 26.67519881 25.31461233 27.17842942 26.56336978
 25.99801193 27.48906561 28.75024851 27.5139165  28.03578529 30.14811133
 31.63916501 32.52758449 31.47763419 31.04274354 26.43911531 26.61928429
 26.10362823 27.5139165  27.30889662 29.16028827 29.45228628 28.63220676
 28.07927435 29.79398608 30.62027833 30.18538767 33.09294235 31.53354871
 24.18389662 25.04125249 25.78677932 24.89835984 26.92370775 27.0417495
 28.58250497 27.3026839  27.46421471 29.21620278 29.9555169  30.81908549
 30.402833   32.27286282 31.70129225 24.92321074 26.9361332  26.5944334
 27.42693837 27.86182903 27.09766402 28.1973161  28.71918489 29.12922465
 31.09244533 29.86232604 31.65159046 31.21048708 31.34095427 25.22763419
 27.25298211 28.08548708 25.53827038 28.15382704 26.71247515 27.59468191
 28.17867793 28.16003976 30.29100398 30.09840954 30.93091451 31.86903579
 31.98086481 28.25944334 25.92345924 27.76242545 26.29000994 27.16600398
 26.20924453 28.60735586 30.11083499 28.5390159  29.33424453 29.94930417
 31.9249503  30.53951292 33.04324056 24.20874751 24.68091451 26.61928429
 26.24652087 27.53255467 27.84319085 27.49527833 29.47713718 29.22862823
 27.94880716 30.7445328  29.54547714 33.08672962 32.2666501  32.12997018
 26.19681909 25.53827038 28.30293241 27.79348907 29.04845924 27.60089463
 27.50770378 29.11058648 28.62599404 30.85014911 30.52087475 30.45874751
 33.10536779 34.05591451 25.87997018 26.61307157 26.43911531 26.29000994
 27.01689861 28.7999503  29.48956262 28.99254473 30.34070577 28.4582505
 29.65730616 30.38419483 32.45924453 31.10487078 27.26540755 25.58797217
 28.0916998  26.54473161 26.24030815 26.19681909 28.48931412 27.15979125
 30.16053678 29.39637177 30.21023857 30.72589463 31.76963221 32.55864811
 31.72614314 24.82380716]",66465.04785519984
2025-06-15 16:38:00+00:00,998,6253.3,9.0,28.619997280753655,28.425012425447314,34.080765407554665,"[25.69358847 26.54473161 28.35263419 26.51366799 28.76267396 28.57007952
 27.91153082 28.6694831  29.60760437 30.15432406 30.96819085 30.39662028
 34.08076541 26.82430417 25.4388668  26.22166998 26.97340954 26.32107356
 28.65084493 27.38966203 28.93663022 29.38394632 29.51441352 30.51466203
 30.23508946 31.52112326 31.37823062 24.24602386 25.98558648 25.58175944
 26.28379722 28.60114314 27.14115308 28.26565606 27.35859841 29.12301193
 29.96172962 30.03006958 31.57703777 29.86232604 31.86903579 23.68687873
 23.89811133 28.27808151 28.40233598 26.81187873 25.8054175  26.27758449
 28.37127237 28.25323062 30.24130219 29.04845924 32.50894632 31.4527833
 31.58946322 31.39065606 25.53827038 27.0417495  26.06635189 26.97340954
 29.40258449 29.30318091 26.74975149 28.96148111 28.37127237 29.39637177
 30.70104374 29.39637177 31.50248509 32.21694831 25.56312127 26.71247515
 25.97937376 26.84294235 25.91724652 28.4333996  27.55119284 27.8804672
 29.52062624 29.19135189 29.45228628 30.85636183 30.73210736 30.93091451
 23.30168986 26.31486083 25.74950298 26.55715706 27.73757455 28.52037773
 27.86182903 28.94905567 30.01143141 30.37798211 31.01167992 30.68861829
 30.67619284 32.41575547 31.64537773 25.72465209 26.69383698 26.90506958
 26.4639662  26.7000497  27.27162028 27.277833   27.54498012 28.80616302
 29.18513917 31.53354871 30.28479125 30.02385686 31.88767396 26.28379722
 26.94855865 25.60039761 28.3277833  28.61356859 26.61928429 27.5387674
 27.8556163  28.58250497 29.07331014 29.92445328 30.30964215 30.98682903
 31.95601392 24.67470179 25.98558648 26.60685885 26.8305169  26.92992048
 27.9860835  27.24676938 29.84368787 29.96794235 29.81262425 28.88692843
 29.83747515 29.13543738 31.13593439 25.60039761 23.96023857 25.94831014
 27.00447316 26.20924453 28.42718688 28.16625249 29.17271372 29.31560636
 29.11058648 30.51466203 28.40233598 30.77559642 30.52708748 31.59567594
 23.86083499 25.36431412 27.81833996 29.20999006 27.63195825 27.25919483
 28.63220676 27.91774354 27.72514911 32.29771372 29.13543738 30.70725646
 29.74428429 33.44706759 26.88643141 22.7860338  25.63146123 27.3834493
 27.81212724 27.20949304 26.13469185 29.7194334  28.58871769 29.26590457
 30.00521869 29.73185885 31.65780318 32.40333002 25.51341948 25.10337972
 26.16575547 25.4388668  27.78727634 27.86182903 26.51366799 28.34020875
 29.50198807 27.89910537 29.98036779 30.00521869 29.6945825  30.94333996
 31.71371769 25.60039761]",65640.66290248942
2025-06-15 16:39:00+00:00,999,6290.49,9.0,28.729064810959756,28.540538021868787,33.29174950298211,"[25.75571571 24.41998012 27.52012922 27.59468191 28.26565606 27.89910537
 28.99254473 30.6637674  31.17942346 30.65134195 31.2415507  29.45228628
 30.81908549 26.28379722 25.35188867 28.52659046 26.89885686 27.13494036
 27.91153082 27.29025845 29.25347913 28.67569583 30.25372763 30.25372763
 29.73807157 32.03677932 31.2415507  24.78653082 26.40805169 27.45178926
 26.49502982 27.89289264 28.34020875 27.13494036 29.63245527 28.68812127
 30.03006958 30.1916004  30.47738569 31.24776342 31.26640159 25.9110338
 25.96073559 25.02261431 26.68762425 29.1416501  26.41426441 28.24080517
 26.79324056 28.72539761 29.64488072 29.31560636 30.70725646 30.85636183
 31.08001988 33.2917495  25.47614314 26.67519881 25.83026839 26.38941352
 25.74950298 27.47042744 28.18489066 28.97390656 29.22241551 29.38394632
 30.94333996 31.40308151 30.93712724 31.60188867 24.9666998  25.28976143
 25.61903579 26.86158052 26.33349901 28.15382704 28.63220676 28.57629225
 28.12276342 29.30939364 30.45874751 30.48981113 30.875      31.93737575
 25.60039761 24.52559642 25.95452286 25.60039761 27.89289264 26.42668986
 28.28429423 28.54522863 29.98036779 28.694334   29.83747515 31.70750497
 32.8444334  31.80069583 33.17370775 24.79274354 26.34592445 27.67544732
 27.66302187 26.60064612 26.95477137 30.34070577 29.07952286 29.96172962
 30.96197813 31.39065606 31.54597416 29.5082008  31.40929423 24.93563618
 25.27733598 27.34617296 24.92321074 27.33374751 27.68787276 27.57604374
 28.7999503  29.02360835 30.88742545 31.46520875 29.63245527 30.71968191
 32.1610338  26.16575547 24.03479125 29.09194831 27.19706759 28.26565606
 27.25298211 28.30914513 29.13543738 27.80591451 30.27857853 29.65109344
 30.98682903 31.01167992 31.48384692 24.68091451 25.57554672 25.74950298
 26.07256461 27.94259443 27.91153082 26.50745527 27.25298211 27.42072565
 29.36530815 28.48931412 31.36580517 30.31585487 31.33474155 32.41575547
 26.64413519 26.53851889 26.25894632 26.2527336  28.59493042 26.17818091
 25.68116302 29.22241551 28.94905567 29.63866799 30.875      28.81858847
 31.07380716 32.64562624 24.34542744 26.09741551 26.45775348 27.15979125
 26.50124254 28.57629225 28.83722664 28.1973161  28.41476143 30.53951292
 29.14786282 29.91824056 32.43439364 33.09915507 26.17196819 25.12201789
 25.26491054 27.0417495  26.62549702 27.93638171 28.75646123 28.51416501
 30.29100398 28.34020875 29.68215706 31.17942346 31.82554672 31.86282306
 33.10536779 26.33971173]",66005.55923154694
2025-06-15 16:40:00+00:00,1000,6270.72,9.0,28.670034406222243,28.479125248508943,33.22962226640159,"[26.38941352 26.29622266 25.75571571 28.14761431 28.55765408 29.6945825
 26.36456262 30.34691849 29.39015905 31.47142147 30.55815109 32.50894632
 30.72589463 25.33946322 25.51963221 26.41426441 26.10984095 25.9110338
 27.47042744 28.49552684 28.41476143 29.36530815 29.74428429 30.16053678
 31.347167   30.4276839  32.70154076 26.73111332 26.60685885 26.21545726
 27.21570577 26.37698807 25.81163022 28.5390159  28.37748509 28.37127237
 30.58300199 29.16650099 30.29100398 30.06734592 30.79423459 25.42022863
 25.79920477 27.14115308 25.17171968 29.05467197 26.95477137 25.86754473
 29.35909543 29.42743539 29.89960239 28.61978131 31.90631213 28.12276342
 31.09865805 31.14214712 24.89214712 24.95427435 24.91699801 26.9361332
 25.93588469 29.63245527 29.07331014 30.01764414 29.23484095 29.04224652
 30.80044732 29.57032803 29.76913519 31.90631213 26.49502982 26.10984095
 26.16575547 26.61928429 28.27186879 26.2527336  27.35859841 27.86804175
 28.81237575 29.56411531 30.38419483 30.5084493  31.59567594 31.77584493
 24.26466203 27.18464215 25.93588469 25.49478131 25.95452286 27.80591451
 29.22862823 29.55790258 29.07952286 29.98036779 30.46496024 31.22291252
 32.31013917 32.44681909 30.98682903 24.69955268 25.7805666  26.81187873
 26.41426441 26.91128231 26.42047714 27.26540755 30.44010934 28.60114314
 29.76913519 29.25347913 30.99925447 30.94955268 32.38469185 25.11580517
 26.45154076 26.49502982 28.35263419 25.70601392 28.42718688 27.57604374
 30.02385686 30.24130219 26.99204771 31.22912525 29.6138171  31.48384692
 31.16078529 26.55094433 25.83648111 27.24676938 26.43911531 28.51416501
 26.35213718 27.49527833 27.52634195 28.37748509 30.70104374 31.0862326
 30.5333002  30.5084493  31.40929423 23.78006958 24.9666998  26.35213718
 26.30864811 25.3332505  27.76863817 26.7249006  28.40233598 27.52012922
 29.04224652 29.07331014 31.73856859 31.29746521 32.78851889 32.67047714
 26.79945328 26.27758449 25.90482107 25.89860835 27.00447316 27.42072565
 28.92420477 26.25894632 29.2721173  30.15432406 29.18513917 30.26615308
 32.5027336  32.35362823 26.66898608 25.74950298 27.18464215 28.63220676
 27.69408549 27.70029821 29.96172962 28.29671968 28.88692843 30.35934394
 30.15432406 29.74428429 30.81287276 31.90631213 24.29572565 26.71868787
 26.49502982 26.17196819 27.99229622 28.5390159  28.52659046 28.45203777
 29.80019881 29.87475149 30.88742545 29.22862823 30.03006958 31.90631213
 33.22962227 23.64338966]",65808.06710945713
2025-06-15 16:41:00+00:00,1001,6278.18,9.0,28.69135445191119,28.502298707753475,33.01217693836978,"[26.78702783 26.35213718 27.75       27.36481113 28.71297217 28.29050696
 29.13543738 30.12947316 29.6945825  29.73807157 31.08001988 29.55790258
 32.59592445 26.85536779 24.84865805 27.10387674 27.09145129 27.56983101
 28.04199801 26.29622266 27.81833996 28.59493042 29.68215706 29.47713718
 33.01217694 31.50248509 31.37201789 26.35213718 26.43911531 24.86729622
 25.17171968 26.32728628 27.10387674 27.22191849 28.60114314 29.68215706
 29.40879722 30.24130219 30.51466203 31.07380716 31.60188867 24.8610835
 26.79324056 26.53230616 26.07256461 26.76217694 27.5139165  27.6443837
 27.97365805 28.53280318 28.82480119 28.0916998  30.11704771 31.22912525
 32.2417992  32.52137177 26.66277336 25.51963221 28.02957256 25.60039761
 28.89935388 27.75       29.07331014 28.89314115 29.2472664  29.64488072
 31.21048708 29.88717694 32.39090457 30.94955268 26.30243539 23.94781312
 24.61257455 28.04199801 26.24030815 29.36530815 29.53926441 28.61356859
 28.5390159  28.58250497 29.68836978 29.47713718 32.49030815 31.32852883
 26.0166501  25.81784294 26.30243539 26.45154076 26.05392644 28.88071571
 27.81833996 30.31585487 29.8250497  27.90531809 31.35959245 31.30989066
 31.53976143 30.33449304 31.65159046 24.65606362 25.59418489 25.46371769
 26.29000994 28.01093439 26.65656064 26.51988072 27.94259443 29.66351889
 30.30964215 30.36555666 29.32181909 31.28503976 32.53379722 24.8610835
 25.8054175  26.24652087 26.98583499 28.89935388 28.26565606 27.10387674
 28.58250497 29.25969185 29.83747515 30.6389165  31.27261431 31.37823062
 31.91252485 25.53205765 25.15929423 26.33349901 27.26540755 27.53255467
 27.22813121 27.0666004  29.52062624 28.62599404 28.91177932 29.90581511
 29.57032803 31.11729622 29.92445328 23.51913519 24.00372763 25.92345924
 25.68737575 26.13469185 28.30914513 28.27186879 28.73782306 30.27236581
 27.45178926 30.7445328  31.51491054 31.90631213 31.4527833  32.92519881
 24.5193837  26.43911531 27.40208748 26.40805169 28.47067594 27.44557654
 28.02335984 29.17271372 28.13518887 29.78156064 31.33474155 30.38419483
 32.1361829  32.55243539 24.79895626 24.45725646 25.05367793 26.31486083
 26.40805169 27.42693837 28.88071571 30.25994036 29.17892644 28.64463221
 29.930666   29.90581511 31.12350895 31.13593439 24.82380716 26.32728628
 26.74353877 28.02957256 28.07927435 26.76217694 27.45800199 30.02385686
 29.13543738 30.18538767 31.93116302 29.85611332 32.96868787 30.48981113
 31.73235586 25.09095427]",65879.39545431409
2025-06-15 16:42:00+00:00,1002,6294.87,9.0,28.73990617397712,28.554143886679917,33.59617296222664,"[25.13444334 25.18414513 26.30864811 27.13494036 27.00447316 27.32753479
 28.46446322 29.04845924 30.0859841  30.52708748 30.44010934 29.63866799
 31.75099404 25.27733598 27.70651093 26.37698807 28.48931412 27.60710736
 29.06709742 29.15407555 28.48931412 28.91799205 29.73807157 29.74428429
 29.92445328 31.37201789 33.22340954 24.92942346 24.58151093 26.43911531
 26.57579523 25.20899602 28.02335984 28.22837972 29.55790258 28.29050696
 30.44632207 29.72564612 30.48981113 32.21073559 30.89363817 23.00347913
 26.3832008  26.08499006 27.82455268 26.98583499 28.78131213 28.29671968
 28.73161034 29.54547714 29.62002982 30.52087475 30.78180915 30.7445328
 32.14239563 32.1361829  24.91699801 25.8054175  24.71197813 26.7000497
 27.87425447 27.76863817 30.54572565 29.89338966 29.22862823 28.66327038
 32.04920477 30.40904573 30.98682903 33.59617296 24.10313121 25.92345924
 25.69358847 25.10337972 28.27808151 27.48285288 29.9555169  27.69408549
 29.12301193 28.78752485 29.34666998 31.02410537 32.0305666  30.81908549
 25.35810139 27.22191849 25.25248509 26.5695825  26.04771372 28.16003976
 26.3832008  28.93663022 27.87425447 30.47738569 28.63841948 33.07430417
 30.04249503 32.35362823 33.08672962 24.86729622 26.01043738 26.38941352
 26.24652087 26.33971173 28.40854871 29.65109344 28.25944334 30.71968191
 30.52087475 29.16650099 30.88742545 30.59542744 31.7944831  25.90482107
 28.22837972 28.43961233 26.73111332 26.30243539 29.0111829  27.06038767
 28.38991054 29.60139165 30.09840954 31.2166998  32.07405567 32.0554175
 31.76963221 25.71843936 24.35164016 24.90457256 27.09145129 27.83697813
 25.87997018 28.39612326 30.17296223 28.61356859 29.59517893 30.58300199
 31.819334   31.53976143 32.75124254 25.27112326 26.02286282 25.28976143
 27.30889662 28.61356859 26.99826044 26.86779324 27.68787276 31.1110835
 30.55193837 30.42147117 29.99279324 29.18513917 30.65755467 31.22291252
 24.77410537 26.87400596 27.14115308 27.87425447 27.38966203 29.33424453
 28.81237575 28.88692843 30.45874751 29.01739563 28.76267396 29.39637177
 32.17967197 31.6640159  24.60636183 25.32082505 27.02932406 25.59418489
 26.14090457 28.4333996  25.96073559 28.5390159  29.7194334  30.37176938
 30.70104374 31.6640159  29.80019881 30.68861829 24.87350895 24.5193837
 25.73707753 26.15333002 28.12276342 27.92395626 26.18439364 28.17246521
 28.91799205 29.6945825  28.86207753 32.21694831 32.11754473 31.83175944
 32.55864811 24.29572565]",66041.83009565785
2025-06-15 16:43:00+00:00,1003,6298.12,9.0,28.748789424239014,28.564239562624252,33.34766401590457,"[25.27112326 26.95477137 25.8054175  28.21595427 27.97365805 28.14140159
 27.39587475 28.43961233 30.06734592 31.40929423 30.2972167  31.80690855
 32.9500497  24.7306163  23.75521869 26.31486083 26.30864811 28.13518887
 27.80591451 28.61356859 29.3528827  29.55790258 29.33424453 31.08001988
 30.65134195 29.68215706 32.68290258 25.49478131 24.58151093 28.61356859
 27.05417495 29.11058648 27.37102386 27.53255467 28.30293241 28.72539761
 29.28454274 30.53951292 30.71346918 30.5333002  30.46496024 24.68712724
 25.87375746 25.24627237 26.36456262 27.72514911 26.34592445 30.25372763
 28.40854871 29.30939364 29.70700795 30.14811133 30.69483101 30.89985089
 31.9249503  30.31585487 26.01043738 26.20303181 27.17842942 27.94259443
 26.41426441 27.36481113 29.52683897 28.9304175  29.6138171  28.58871769
 30.66998012 31.12972167 31.90631213 32.19831014 25.61282306 25.37052684
 27.02311133 26.09741551 26.92370775 29.27833002 28.07927435 29.78777336
 27.47042744 30.30342942 29.83126243 30.80666004 31.5832505  32.19209742
 24.65606362 25.24627237 26.76838966 28.94284294 26.30243539 28.64463221
 26.65034791 28.67569583 29.78156064 29.91202783 30.28479125 30.79423459
 29.06709742 32.21073559 32.78851889 25.83648111 25.04746521 27.81212724
 24.79274354 27.17842942 29.58275348 28.93663022 27.70029821 28.94284294
 30.40904573 30.68240557 30.39040755 30.60785288 31.99950298 23.62475149
 24.71197813 26.97962227 25.92345924 28.21595427 28.27808151 28.40233598
 29.16028827 29.55790258 30.12947316 30.04870775 29.62624254 31.71993042
 32.63941352 25.53205765 25.17793241 25.8054175  27.75621272 28.25323062
 27.57604374 26.54473161 29.66351889 28.63220676 28.23459245 29.8499006
 31.42171968 30.30964215 32.86307157 24.36406561 25.93588469 27.35859841
 26.24652087 25.569334   28.81858847 27.91774354 29.98658052 27.02932406
 28.89935388 30.35313121 30.30964215 29.18513917 30.73210736 32.04920477
 25.66873757 27.84940358 27.29025845 27.78727634 26.3832008  27.58846918
 27.95501988 28.43961233 30.35313121 28.7750994  31.86903579 32.6332008
 31.67022863 33.34766402 27.20328032 26.34592445 25.04746521 26.84915507
 25.55069583 27.27162028 28.34020875 27.37723658 29.52683897 29.55790258
 30.24751491 30.44010934 31.91873757 30.65134195 26.3832008  26.07256461
 25.83026839 27.86182903 27.14115308 29.35909543 27.71893638 28.81237575
 29.43364811 29.07952286 30.00521869 30.09840954 31.0862326  30.54572565
 30.67619284 23.76764414]",66071.54989773405
2025-06-15 16:44:00+00:00,1004,6293.41,9.0,28.734175935851255,28.54960859840954,33.32281312127236,"[25.65631213 26.47639165 27.10387674 27.94259443 28.04199801 28.08548708
 28.84343936 29.45228628 28.92420477 29.02982107 30.17917495 30.71346918
 31.67022863 24.89835984 24.87972167 25.68116302 27.84319085 27.63817097
 29.43364811 28.59493042 28.85586481 28.86207753 27.67544732 30.99925447
 30.02385686 30.0859841  33.32281312 25.63767396 23.76143141 24.03479125
 27.39587475 26.77460239 26.56336978 28.93663022 28.5390159  29.55790258
 29.37152087 30.49602386 29.98658052 31.819334   31.40929423 27.09145129
 26.54473161 26.81187873 26.07877734 26.7249006  28.41476143 27.42693837
 27.83076541 28.27808151 30.20402584 27.9612326  32.22937376 29.98658052
 31.04274354 32.79473161 26.84294235 24.63742545 27.23434394 29.63866799
 26.83672962 28.79373757 28.29671968 28.222167   29.60139165 32.35984095
 31.74478131 30.78180915 32.99975149 32.65805169 25.22142147 25.66252485
 26.99204771 27.13494036 28.62599404 26.79324056 27.57604374 27.66302187
 29.22241551 30.24751491 30.26615308 30.07977137 31.52112326 31.07380716
 24.91078529 25.66252485 26.02907555 26.14090457 26.49502982 28.98011928
 28.6694831  28.71297217 28.24701789 29.62624254 29.75670974 29.56411531
 31.60188867 29.70700795 31.93116302 24.1776839  25.46371769 25.45129225
 26.88021869 26.92370775 28.94284294 29.28454274 27.84319085 29.66351889
 29.73185885 29.41500994 31.819334   32.0305666  33.1861332  24.15904573
 24.69955268 26.66277336 26.7249006  27.24676938 27.9612326  27.20328032
 28.5638668  30.6637674  30.27236581 28.66327038 31.53354871 29.78156064
 31.60188867 25.35188867 27.88667992 26.18439364 28.12276342 27.0417495
 28.30293241 26.92992048 28.58250497 31.29746521 30.04870775 28.40854871
 32.2666501  30.18538767 30.68861829 24.61878728 26.8305169  26.85536779
 26.30864811 28.20352883 26.49502982 27.32132207 27.78106362 28.3277833
 30.80044732 29.92445328 31.62052684 31.70129225 31.30989066 32.75124254
 24.44483101 26.47017893 27.56361829 26.82430417 27.28404573 28.45203777
 27.55119284 28.98011928 29.66351889 30.13568588 30.40904573 30.1667495
 31.75720676 31.44035785 25.96694831 25.569334   26.95477137 26.32107356
 27.09145129 27.30889662 28.65084493 28.88692843 28.87450298 29.16650099
 28.9055666  30.09219682 30.61406561 30.93712724 24.83001988 25.96073559
 25.86133201 26.76838966 26.51988072 28.48931412 26.85536779 28.9055666
 29.22241551 30.37798211 30.83772366 29.98658052 30.5333002  31.35959245
 32.77609344 26.07256461]",66022.65901098395
2025-06-15 16:45:00+00:00,1005,6246.6900000000005,9.0,28.595582683144336,28.404479373757454,32.97490059642147,"[27.47042744 26.62549702 26.31486083 28.35884692 27.41451292 27.76242545
 29.18513917 28.28429423 30.62027833 29.93687873 30.73210736 30.70725646
 32.55864811 24.87972167 24.64985089 27.03553678 26.40183897 28.73782306
 27.3834493  29.12922465 29.34666998 29.68215706 29.38394632 30.84393638
 30.06734592 31.04274354 30.93712724 25.22763419 26.87400596 25.35810139
 27.01068588 26.86158052 27.08523857 27.50149105 27.80591451 27.02932406
 31.19806163 30.02385686 29.6138171  30.58300199 31.31610338 23.00347913
 25.05367793 24.55044732 27.34617296 27.59468191 28.68812127 28.44582505
 28.38991054 30.402833   31.19184891 29.34666998 30.68861829 30.81908549
 32.3971173  30.00521869 26.83672962 25.38916501 25.37052684 28.41476143
 25.42644135 28.52659046 25.9110338  30.10462227 28.76267396 30.09840954
 31.5832505  30.7445328  30.64512922 30.03628231 24.51317097 25.24627237
 25.96073559 25.02261431 27.12872763 26.92992048 27.45178926 30.25994036
 28.23459245 29.40258449 31.42171968 31.69507952 31.22912525 31.98086481
 25.65631213 26.63792247 25.8861829  27.09766402 28.37748509 27.74378728
 28.22837972 29.59517893 30.42147117 29.5082008  30.5333002  31.17321074
 30.83772366 31.98086481 30.52708748 26.7249006  26.88643141 26.84294235
 27.88667992 26.81187873 28.07927435 28.63841948 29.24105368 28.84965209
 29.97415507 30.34691849 31.44035785 30.71968191 32.9749006  25.12201789
 23.48185885 26.30864811 27.52012922 28.08548708 29.10437376 27.89289264
 27.48285288 28.42718688 30.50223658 30.39662028 30.28479125 31.98086481
 31.39686879 25.5444831  26.12847913 24.18389662 26.67519881 27.22813121
 27.53255467 30.04249503 27.55740557 29.25347913 29.83747515 30.55193837
 30.24130219 30.1916004  31.42171968 25.91724652 23.50670974 25.90482107
 26.06013917 26.29000994 26.71868787 26.57579523 28.71918489 28.89314115
 29.37152087 29.28454274 28.50173956 30.89363817 29.89960239 31.11729622
 25.28976143 24.34542744 24.42619284 27.60710736 27.70029821 27.48285288
 27.91774354 29.3528827  29.96172962 29.25347913 31.30989066 30.15432406
 31.52733598 31.54597416 24.07828032 26.51988072 26.76838966 26.83672962
 25.90482107 27.42693837 27.45800199 27.76242545 29.39637177 29.5889662
 30.04249503 30.30964215 29.78156064 31.48384692 25.66252485 25.61903579
 25.36431412 25.71843936 27.12872763 28.62599404 26.04150099 29.39015905
 28.87450298 29.1167992  29.36530815 30.9806163  28.21595427 30.1667495
 30.88742545 25.61903579]",65558.98142472771
2025-06-15 16:46:00+00:00,1006,6260.17,9.0,28.634635860252843,28.446353131212717,33.210984095427435,"[28.21595427 25.4388668  28.62599404 28.72539761 28.73161034 29.2472664
 29.1416501  28.30914513 30.70725646 28.63220676 30.02385686 30.27236581
 33.2109841  25.59418489 26.11605368 26.81187873 27.00447316 27.15979125
 28.55765408 28.47688867 28.37748509 30.40904573 29.27833002 31.40929423
 30.95576541 31.24776342 31.41550696 24.18389662 24.55044732 26.27758449
 24.65606362 26.86158052 27.03553678 26.58822068 28.76888668 28.40854871
 29.25347913 28.71918489 29.73185885 29.25347913 30.11083499 23.96645129
 25.9110338  27.70029821 26.71247515 27.87425447 27.89910537 29.08573559
 28.3277833  27.71272366 30.32828032 27.9612326  30.17917495 29.39015905
 30.92470179 30.82529821 26.40183897 26.37698807 25.82405567 27.30889662
 28.37748509 28.10412525 26.88021869 29.76292247 26.7249006  30.48981113
 30.12947316 30.35313121 31.14835984 31.86282306 25.96694831 27.21570577
 26.73111332 26.61307157 28.04199801 27.45178926 27.47664016 27.43936382
 30.47738569 29.30939364 29.45849901 29.90581511 30.48359841 30.85636183
 24.74304175 25.24627237 26.24652087 27.3026839  27.80591451 26.24030815
 27.45178926 27.0666004  30.97440358 29.46471173 29.93687873 29.99279324
 31.83175944 32.21073559 30.875      26.42668986 25.65631213 26.5944334
 27.47042744 27.16600398 28.45203777 28.36505964 27.10387674 29.86232604
 29.88717694 30.04249503 32.56486083 32.93762425 31.3223161  25.92345924
 25.5444831  25.42644135 26.26515905 28.32157058 28.06684891 27.91774354
 28.38369781 30.60164016 29.53926441 29.94309145 30.90606362 31.42171968
 32.83822068 24.68091451 25.64388668 24.64985089 27.02311133 25.22763419
 27.12251491 26.99204771 28.08548708 27.94259443 30.17917495 30.93712724
 29.89960239 30.34070577 31.78205765 24.23359841 27.86804175 26.31486083
 28.14140159 25.70601392 29.51441352 27.9612326  29.38394632 28.68812127
 28.55765408 29.39637177 29.57654076 31.78205765 31.21048708 31.12972167
 25.81784294 25.95452286 26.92992048 27.00447316 26.96719682 28.93663022
 27.56361829 28.14761431 27.83076541 29.87475149 31.04895626 30.97440358
 28.9304175  32.63941352 25.55069583 25.98558648 26.86779324 26.66898608
 28.61978131 29.88096421 28.00472167 28.65084493 28.67569583 30.58921471
 28.48931412 29.60139165 32.12997018 31.72614314 23.72415507 26.23409543
 25.48235586 25.77435388 27.32132207 28.12897614 28.9055666  27.66302187
 27.42072565 28.30293241 28.79373757 29.60760437 32.23558648 31.13593439
 31.96222664 25.73707753]",65689.63773406192
2025-06-15 16:47:00+00:00,1007,6241.57,9.0,28.57901316491238,28.388574801192846,33.565109343936385,"[25.38916501 26.2527336  27.31510934 26.82430417 27.4083002  27.33374751
 28.78752485 28.65705765 29.78156064 30.44010934 30.93712724 30.6637674
 31.6640159  25.52584493 26.08499006 25.61282306 25.53205765 28.17246521
 27.277833   27.66923459 27.29025845 29.32181909 31.73235586 29.91202783
 31.16078529 30.02385686 33.56510934 24.4137674  25.22142147 25.3332505
 26.0166501  28.46446322 26.70626243 26.85536779 27.96744533 27.59468191
 28.83722664 28.75646123 31.63295229 32.5027336  32.27907555 23.92917495
 25.15308151 27.19706759 27.78727634 29.04224652 27.9860835  28.18489066
 27.27162028 30.52708748 29.8250497  30.88121272 29.75670974 30.6637674
 30.20402584 32.22937376 25.74329026 24.94806163 26.33971173 28.12276342
 27.89910537 28.5390159  27.65680915 28.43961233 28.9055666  28.65084493
 28.51416501 32.09269384 31.35337972 30.30964215 23.27683897 25.48856859
 27.52012922 25.81784294 26.86158052 28.50173956 29.43986083 26.31486083
 28.89935388 29.8499006  29.57654076 30.80044732 32.69532803 30.55815109
 25.63146123 24.42619284 24.72440358 26.41426441 25.92345924 27.49527833
 27.41451292 29.15407555 28.24701789 28.48310139 29.57654076 30.50223658
 32.67668986 31.62052684 31.45899602 25.47614314 25.55690855 27.71893638
 25.81163022 27.95501988 27.19706759 28.30293241 26.91749503 28.71918489
 30.21023857 30.01143141 30.28479125 29.80641153 33.12400596 25.27733598
 24.45104374 28.3277833  29.16028827 26.64413519 27.6195328  29.47092445
 29.62624254 29.20377734 29.2721173  30.37176938 29.25969185 31.81312127
 30.22887674 25.12823062 26.33971173 26.74353877 25.74950298 25.32082505
 27.52634195 26.73111332 27.78106362 28.04199801 29.02360835 29.81262425
 29.00497018 31.347167   29.42122266 25.31461233 25.98558648 25.57554672
 25.16550696 26.53851889 27.23434394 26.4888171  27.24055666 28.47067594
 28.03578529 29.52683897 31.14835984 30.80666004 31.347167   32.78851889
 24.1776839  26.76838966 25.48856859 27.19706759 25.53827038 28.74403579
 29.73807157 29.51441352 29.43986083 29.52062624 29.99900596 31.39686879
 31.42171968 30.73210736 26.71247515 27.12872763 26.1222664  27.14115308
 28.5638668  27.71893638 28.47688867 29.09194831 28.87450298 29.8250497
 29.87475149 31.22912525 32.42818091 32.17345924 26.17818091 26.10362823
 25.22763419 25.20899602 27.13494036 27.63817097 28.86207753 27.71893638
 29.21620278 29.94930417 30.78180915 28.41476143 31.5583996  31.48384692
 32.12997018 27.19085487]",65503.546444530846
2025-06-15 16:48:00+00:00,1008,6285.71,9.0,28.70853257828038,28.52568961232604,33.4594930417495,"[26.19681909 27.26540755 27.72514911 26.55094433 28.5390159  28.82480119
 28.73161034 30.13568588 31.20427435 30.10462227 31.67022863 32.04920477
 31.29125249 25.08474155 26.94234592 24.56287276 27.32753479 28.13518887
 28.15382704 27.5387674  26.64413519 29.3528827  30.73832008 29.76292247
 30.39040755 31.12972167 30.92470179 25.86133201 25.45129225 24.87972167
 27.68166004 27.45178926 27.61332008 27.41451292 28.30293241 28.61978131
 29.40879722 30.55193837 31.46520875 31.76341948 31.08001988 24.90457256
 25.38295229 24.87972167 26.71247515 26.04150099 27.07281312 28.9304175
 27.74378728 28.03578529 28.57007952 31.58946322 29.51441352 29.9555169
 33.23583499 31.819334   24.97912525 24.14040755 26.53851889 26.67519881
 27.63195825 27.95501988 28.17867793 27.97987078 28.60114314 29.53926441
 31.24776342 31.72614314 30.47738569 31.18563618 27.50770378 25.71222664
 25.02882704 26.68762425 27.26540755 26.64413519 27.21570577 27.79348907
 29.88096421 30.6389165  29.15407555 30.96197813 31.17942346 33.45949304
 27.11008946 24.625      25.46993042 26.63792247 26.85536779 28.35263419
 26.82430417 29.43986083 29.12922465 27.08523857 29.0111829  29.67594433
 31.48384692 32.29150099 31.20427435 24.76167992 26.02286282 26.15333002
 27.09145129 25.9917992  28.33399602 29.27833002 29.91202783 30.30964215
 29.88096421 30.26615308 33.44085487 31.87524851 31.71993042 25.16550696
 25.37673956 25.18414513 25.45750497 26.65034791 27.99850895 29.56411531
 29.00497018 29.12301193 29.7194334  30.84393638 30.78180915 31.47763419
 31.44035785 24.38270378 25.64388668 25.56312127 25.38916501 26.60685885
 26.33349901 28.5390159  30.22266402 29.49577535 28.62599404 30.13568588
 29.72564612 30.83772366 32.16724652 25.92967197 25.05989066 25.37052684
 26.18439364 27.16600398 27.60710736 26.81187873 27.95501988 28.05442346
 30.1667495  30.68861829 32.16724652 30.94333996 30.73210736 33.24826044
 23.75521869 26.19060636 28.06684891 27.67544732 29.40258449 29.4833499
 28.41476143 30.04870775 30.17917495 29.66351889 31.1110835  31.22291252
 31.29746521 32.49652087 24.2833002  25.96694831 26.65034791 25.9110338
 25.79920477 27.52634195 28.72539761 28.34642147 29.22241551 29.88096421
 29.86853877 31.52112326 32.42196819 32.04299205 26.43911531 25.4140159
 26.24030815 28.26565606 26.81187873 26.37077535 27.41451292 27.66302187
 29.88096421 28.78131213 29.930666   31.38444334 30.76317097 31.76963221
 30.6389165  25.51963221]",65936.86659389484
2025-06-15 16:49:00+00:00,1009,6231.68,9.0,28.548341666625735,28.357852882703774,33.24826043737575,"[24.74304175 26.81809145 28.27808151 26.54473161 27.99229622 26.87400596
 29.87475149 30.41525845 31.86903579 28.95526839 30.78180915 29.70700795
 29.99279324 27.19085487 26.91128231 26.4639662  26.21545726 27.58225646
 26.05392644 28.81237575 27.47664016 28.81858847 29.75049702 28.4333996
 30.00521869 30.51466203 31.54597416 25.50099404 25.71222664 25.87375746
 26.73111332 27.88667992 28.1165507  28.40854871 29.30318091 30.17917495
 28.52037773 30.24130219 29.8499006  31.90631213 31.87524851 26.14090457
 25.69980119 26.45154076 27.44557654 27.71272366 27.97365805 26.99204771
 27.5387674  28.43961233 27.44557654 30.73832008 30.70725646 30.83151093
 28.88692843 31.75099404 24.61257455 25.92345924 25.85511928 27.93638171
 28.66327038 27.80591451 27.35238569 29.39637177 29.68836978 31.51491054
 29.34045726 29.81883698 31.04274354 31.61431412 25.76192843 27.17842942
 24.8610835  26.7000497  27.02311133 26.30864811 27.83076541 28.71297217
 30.23508946 30.20402584 29.3528827  29.5082008  31.0054672  29.75670974
 27.10387674 25.58175944 26.43290258 25.90482107 27.37723658 27.97987078
 27.83076541 30.21023857 29.1416501  29.930666   30.18538767 31.347167
 31.26640159 30.35313121 33.24826044 26.02286282 25.6749503  26.60685885
 24.48210736 28.37127237 28.60114314 29.2721173  29.57654076 27.91774354
 29.02982107 28.84965209 30.85014911 31.01167992 31.12350895 28.16003976
 26.83672962 26.36456262 26.90506958 27.34617296 25.69980119 27.86804175
 27.70029821 30.89985089 31.1110835  30.39040755 29.86853877 30.55193837
 31.22291252 24.22738569 21.77335984 25.97937376 26.82430417 26.91749503
 27.94880716 26.34592445 28.49552684 30.44632207 30.61406561 29.78156064
 30.34070577 29.64488072 30.14189861 22.66177932 24.27087475 25.27112326
 26.50745527 27.70651093 27.77485089 27.43936382 28.3277833  29.50198807
 29.73807157 30.30964215 29.45228628 31.30367793 30.95576541 32.14239563
 25.69980119 25.92967197 26.33349901 27.90531809 26.40183897 27.65680915
 28.222167   28.61978131 27.73136183 29.83126243 30.06734592 30.49602386
 30.01764414 31.2166998  24.4945328  27.06038767 24.97291252 26.10984095
 25.22763419 27.50149105 27.73136183 29.39637177 29.05467197 28.12897614
 29.08573559 31.10487078 31.99950298 29.77534791 25.097167   24.00372763
 24.33300199 25.79920477 27.94259443 27.9860835  27.42072565 28.38369781
 30.66998012 30.13568588 29.35909543 29.85611332 29.91824056 31.31610338
 32.40333002 25.63146123]",65400.93187986307
2025-06-15 16:50:00+00:00,1010,6250.56,9.0,28.60330500677583,28.416500994035783,33.2544731610338,"[27.93638171 25.01018887 26.90506958 24.80516899 27.14115308 25.72465209
 31.07380716 29.0111829  30.56436382 30.47117296 30.402833   31.56461233
 30.17296223 25.32082505 25.87997018 26.66898608 26.51366799 25.4388668
 28.0916998  27.86804175 28.73782306 29.62624254 31.24776342 29.91824056
 29.56411531 31.76963221 32.0305666  26.13469185 25.51341948 28.24080517
 26.22166998 25.86754473 27.28404573 26.85536779 29.35909543 28.11033797
 30.00521869 30.65134195 30.12947316 32.27286282 30.96819085 24.44483101
 26.30864811 26.19681909 26.37077535 27.43936382 27.20328032 27.04796223
 28.64463221 29.02982107 29.83747515 29.97415507 29.57654076 30.79423459
 30.16053678 31.80069583 26.61928429 27.4083002  26.52609344 26.78081511
 26.42668986 28.73161034 27.32753479 29.68215706 28.21595427 28.97390656
 29.00497018 30.64512922 30.24751491 32.53379722 25.46371769 26.07256461
 25.36431412 25.94831014 28.25944334 25.8054175  27.07281312 28.04199801
 29.89338966 28.35884692 30.58921471 31.76963221 28.29050696 31.05516899
 26.73111332 25.16550696 25.47614314 27.12872763 29.34045726 27.29647117
 29.08573559 26.09120278 28.78752485 28.9055666  29.88717694 30.81908549
 30.72589463 31.29125249 32.31635189 26.17818091 25.87997018 26.30243539
 25.84269384 27.42693837 27.3834493  27.79970179 29.98658052 29.75670974
 28.70675944 30.96819085 28.61356859 31.34095427 31.99950298 24.11555666
 24.66227634 27.07281312 26.09741551 27.58846918 28.07927435 29.02982107
 28.58250497 27.24055666 29.24105368 30.58300199 32.27907555 28.64463221
 30.99925447 25.73707753 25.38295229 26.51988072 27.55740557 27.08523857
 27.66923459 28.08548708 28.64463221 29.53305169 28.9055666  29.75049702
 30.65755467 31.347167   30.70725646 25.87375746 24.53802187 25.94209742
 26.73732604 26.13469185 28.37748509 27.1722167  28.70054672 28.61356859
 30.10462227 28.30293241 31.38444334 31.26018887 30.75695825 30.63270378
 26.4639662  26.70626243 27.25919483 28.17246521 27.00447316 27.23434394
 29.04845924 29.00497018 30.34070577 30.875      30.30342942 30.81908549
 32.45303181 29.28454274 26.30243539 25.45129225 27.19085487 27.09145129
 28.09791252 26.84915507 27.68166004 27.79348907 28.02335984 29.5082008
 31.05516899 31.12350895 31.35959245 29.23484095 26.41426441 26.33349901
 25.59418489 26.29622266 26.45154076 26.58200795 27.73136183 29.52062624
 28.30914513 29.45849901 29.56411531 31.31610338 33.25447316 30.54572565
 30.53951292 27.07902584]",65584.81723066921
2025-06-15 16:51:00+00:00,1011,6202.879999999999,9.0,28.46184054297508,28.26838966202783,33.037027833001986,"[25.48856859 25.70601392 26.33971173 25.38295229 27.91153082 27.68166004
 26.36456262 30.35313121 28.35884692 30.96197813 29.77534791 31.47142147
 31.347167   23.30790258 25.37052684 26.37698807 25.20899602 27.12251491
 27.86182903 26.60685885 27.93638171 29.52683897 27.52012922 30.6637674
 29.19135189 31.07380716 30.51466203 26.45775348 26.81187873 25.02261431
 25.79299205 28.36505964 29.02982107 27.09766402 28.01093439 28.42097416
 27.73757455 29.930666   29.7194334  31.09865805 32.10511928 25.81163022
 27.09766402 25.92967197 26.41426441 28.15382704 25.42644135 28.35884692
 27.43315109 29.08573559 28.60735586 31.35959245 29.92445328 29.19756461
 31.5583996  30.29100398 24.8362326  26.37077535 27.00447316 25.72465209
 27.00447316 27.12251491 29.37152087 28.52037773 28.1973161  29.17271372
 28.52037773 30.57057654 31.17321074 31.06759443 25.02882704 24.28951292
 24.87972167 27.22191849 26.63170974 29.41500994 27.24055666 28.41476143
 30.14811133 27.14736581 29.62002982 29.64488072 30.85014911 32.68290258
 24.43240557 27.20949304 24.52559642 27.67544732 26.18439364 26.04150099
 27.25919483 29.30939364 29.56411531 27.9612326  29.76913519 33.03702783
 31.93737575 28.97390656 31.65780318 26.17196819 26.15333002 26.10984095
 27.92395626 28.12897614 28.06063618 28.70054672 28.76267396 27.32132207
 31.36580517 30.44010934 30.875      30.58921471 32.40954274 25.49478131
 25.2027833  24.64363817 26.78702783 27.02932406 28.21595427 28.73161034
 28.92420477 27.32753479 30.66998012 30.70725646 29.09816103 30.41525845
 32.09890656 26.20303181 24.60014911 26.21545726 26.13469185 26.58200795
 26.20924453 27.66302187 28.63841948 31.42793241 29.98036779 30.60164016
 31.28503976 30.15432406 32.62698807 24.90457256 24.19632207 26.43911531
 26.23409543 28.61356859 27.99850895 28.01093439 29.30318091 28.80616302
 29.80019881 29.70079523 31.09865805 29.68215706 31.68265408 31.20427435
 23.01590457 26.3832008  25.97316103 27.58225646 27.17842942 28.4582505
 28.91177932 27.83076541 28.24080517 30.47738569 30.05492048 29.71322068
 31.20427435 30.54572565 24.47589463 26.50745527 27.43936382 26.20924453
 26.04150099 27.70029821 25.69358847 29.36530815 28.71918489 27.29025845
 29.74428429 29.98036779 31.46520875 30.73832008 24.94184891 25.26491054
 26.89885686 26.49502982 27.48285288 27.07281312 27.76242545 29.16028827
 29.75670974 29.67594433 29.38394632 30.02385686 31.50869781 30.43389662
 31.96222664 25.46993042]",65111.533720577434
2025-06-15 16:52:00+00:00,1012,6225.95,9.0,28.52915610527438,28.340053429423456,33.35387673956262,"[24.92942346 27.70029821 25.97937376 27.55119284 28.48310139 25.35188867
 28.35884692 30.24130219 30.33449304 31.38444334 28.89314115 32.67047714
 33.1861332  24.4137674  26.71868787 26.63170974 26.08499006 27.61332008
 27.40208748 26.7000497  27.91153082 28.71297217 29.18513917 29.52683897
 30.70104374 30.44632207 31.87524851 25.38295229 24.7554672  25.70601392
 26.43290258 27.14115308 28.01714712 28.81858847 29.20999006 29.58275348
 28.76267396 30.0611332  29.02982107 31.0862326  30.29100398 24.65606362
 26.91749503 25.62524851 25.58797217 25.9917992  28.29050696 28.68812127
 28.92420477 29.99279324 29.25347913 29.79398608 28.60735586 28.89935388
 31.0862326  30.69483101 25.97937376 24.68712724 25.48235586 26.4639662
 28.96148111 27.91774354 27.25298211 27.06038767 29.62624254 29.11058648
 29.12301193 28.85586481 32.11133201 32.26043738 25.02882704 27.06038767
 26.57579523 27.52012922 27.79348907 27.52634195 27.67544732 28.06684891
 27.73136183 29.11058648 29.62002982 29.70700795 30.4276839  31.18563618
 24.46968191 27.12872763 26.84294235 27.09145129 26.90506958 26.42668986
 27.57604374 29.930666   29.25347913 29.30939364 29.87475149 29.52683897
 32.27907555 31.41550696 31.36580517 24.45725646 26.04771372 25.69980119
 27.76242545 29.99900596 28.222167   27.68787276 28.36505964 28.78752485
 29.98658052 30.03006958 31.57082505 30.91848907 30.06734592 24.67470179
 22.96620278 24.24602386 27.33374751 27.99229622 26.92370775 29.5889662
 28.10412525 29.84368787 28.34020875 31.62052684 29.92445328 31.73235586
 31.81312127 26.83672962 25.3083996  25.31461233 25.78677932 26.20924453
 27.24676938 29.17892644 29.83747515 28.13518887 29.22862823 29.17892644
 30.5333002  29.47092445 32.45924453 24.9915507  25.60661034 24.96048708
 25.7805666  26.1471173  25.89239563 26.81187873 28.39612326 28.39612326
 29.62624254 30.14189861 31.1110835  33.35387674 30.17296223 30.99304175
 24.64363817 26.38941352 27.67544732 26.36456262 28.98633201 28.57629225
 27.26540755 28.57629225 30.27857853 28.4582505  29.4833499  30.89985089
 31.95601392 31.91252485 24.47589463 25.15929423 26.44532803 26.22166998
 26.52609344 28.89314115 26.86779324 28.76267396 28.30914513 30.38419483
 31.70129225 30.51466203 30.64512922 31.15457256 27.05417495 25.51341948
 26.37077535 26.69383698 26.06013917 28.99254473 28.68812127 26.92370775
 30.35934394 29.22862823 30.81287276 30.97440358 29.22862823 30.0611332
 31.34095427 24.77410537]",65336.74466580598
2025-06-15 16:53:00+00:00,1013,6211.0599999999995,9.0,28.484443743526818,28.29379970178926,33.2544731610338,"[25.38916501 25.94831014 27.02932406 27.01068588 27.81212724 27.33996024
 31.0862326  28.5390159  28.33399602 29.97415507 31.0862326  31.63295229
 31.94980119 24.33300199 24.83001988 24.24602386 26.52609344 26.30243539
 26.81187873 27.32132207 29.34666998 28.05442346 28.7750994  28.70054672
 30.11083499 31.17942346 31.40308151 24.27087475 25.94209742 26.78702783
 25.46371769 25.42644135 28.16625249 28.99254473 30.1916004  29.0111829
 29.33424453 30.7693837  29.52683897 29.90581511 30.96197813 25.11580517
 25.55690855 23.03454274 26.4639662  27.71272366 26.43290258 27.83697813
 29.06709742 27.15357853 29.88096421 31.25397614 31.78205765 31.85039761
 33.25447316 31.57703777 25.08474155 27.36481113 26.24652087 26.05392644
 28.64463221 28.25944334 29.0360338  28.86207753 29.98658052 30.76317097
 31.89388668 30.91848907 30.57057654 32.73260437 25.55690855 25.20899602
 24.59393638 25.66252485 25.51341948 28.14761431 27.40208748 28.60735586
 28.89314115 29.80641153 28.25323062 30.75074553 32.20452286 32.42818091
 25.46993042 25.38916501 25.11580517 27.88667992 25.89239563 28.67569583
 27.57604374 27.58225646 29.70700795 29.42743539 30.18538767 29.88096421
 32.2666501  30.9806163  31.50869781 25.20899602 25.72465209 27.09766402
 26.02907555 26.58822068 26.71247515 28.18489066 27.94880716 28.32157058
 29.39015905 30.36555666 32.79473161 30.75074553 31.19184891 25.76814115
 25.93588469 25.59418489 27.11008946 28.65705765 26.14090457 28.55765408
 29.70700795 28.48931412 29.71322068 29.98036779 30.95576541 30.6637674
 30.11704771 25.22763419 26.50745527 27.81212724 26.0166501  27.48906561
 28.41476143 28.60735586 29.12922465 27.55740557 28.45203777 30.11704771
 31.01789264 29.80019881 30.57678926 24.65606362 24.45104374 25.64388668
 26.06635189 25.85511928 26.53851889 27.68787276 27.99850895 29.78156064
 27.14736581 27.73136183 31.02410537 30.53951292 30.90606362 31.51491054
 26.29622266 25.64388668 28.27186879 27.0666004  28.0916998  26.74975149
 27.70651093 27.9860835  29.83126243 28.73782306 31.12972167 30.50223658
 30.25372763 30.17296223 25.62524851 26.29000994 26.61307157 26.06635189
 25.51963221 26.75596421 29.7194334  28.89935388 29.99900596 30.14189861
 28.88071571 30.0859841  31.24776342 30.71346918 22.7611829  25.31461233
 25.93588469 27.06038767 27.35859841 28.00472167 28.10412525 28.34020875
 27.8804672  29.14786282 30.35934394 28.7999503  30.73210736 32.09890656
 29.86853877 23.23956262]",65187.154988343325
2025-06-15 16:54:00+00:00,1014,6203.8099999999995,9.0,28.46227106685062,28.271278578528825,32.37226640159045,"[25.53827038 26.47639165 26.02286282 27.94259443 27.99850895 28.34642147
 27.5139165  30.20402584 29.3528827  29.97415507 29.84368787 31.03653082
 31.52733598 26.03528827 26.19060636 25.19035785 26.61307157 27.36481113
 27.15979125 27.99229622 29.17271372 29.29075547 28.94905567 30.71346918
 30.84393638 30.05492048 30.37176938 25.87375746 23.90432406 24.76167992
 25.94831014 26.39562624 28.60114314 27.21570577 27.97987078 28.29671968
 28.47067594 29.89338966 30.39662028 29.70700795 30.49602386 24.19632207
 25.60661034 24.9915507  26.00422465 27.65680915 27.29647117 27.15979125
 28.67569583 27.19706759 31.26640159 29.67594433 30.71968191 30.11083499
 31.12972167 30.94955268 25.22763419 25.37052684 27.22191849 27.8556163
 27.94880716 26.54473161 28.84965209 28.22837972 28.694334   28.04199801
 29.47092445 31.67644135 30.7693837  32.17967197 24.61257455 27.50770378
 25.84269384 27.20949304 26.14090457 26.21545726 29.3528827  28.22837972
 29.930666   30.5084493  29.06088469 29.78156064 31.64537773 30.4276839
 25.58797217 26.22166998 27.56983101 26.19681909 26.63792247 28.5390159
 28.01714712 27.17842942 27.95501988 29.59517893 29.7194334  31.40308151
 29.60139165 30.64512922 32.03677932 25.35188867 24.23359841 25.50720676
 26.99204771 25.3332505  26.86779324 29.22241551 28.46446322 29.40258449
 29.70700795 30.15432406 31.39686879 32.17967197 31.84418489 25.00397614
 25.3332505  26.10984095 27.5139165  26.17818091 27.08523857 29.3528827
 27.47664016 29.37152087 29.86232604 31.72614314 30.2972167  31.14835984
 30.48981113 25.59418489 26.75596421 25.91724652 27.26540755 25.02261431
 28.12897614 28.04821074 26.8305169  29.18513917 30.13568588 29.75049702
 30.4276839  29.42122266 30.44010934 26.05392644 27.11008946 25.66252485
 26.28379722 27.97987078 26.60685885 25.46371769 29.76913519 27.91153082
 30.92470179 28.17867793 30.44632207 29.25347913 31.63916501 32.14239563
 27.19706759 24.25223658 27.55119284 26.07256461 27.04796223 27.55740557
 27.84940358 28.46446322 27.9860835  29.38394632 31.5583996  31.75099404
 30.90606362 31.71371769 25.05367793 24.99776342 25.6500994  25.28354871
 27.24055666 27.99850895 27.08523857 30.66998012 29.33424453 29.41500994
 31.70750497 29.52062624 29.19135189 30.44010934 25.42022863 23.52534791
 26.9361332  28.73782306 27.52012922 27.74378728 26.54473161 28.75646123
 29.65109344 28.26565606 29.75049702 29.68836978 30.01764414 32.3722664
 30.2972167  24.44483101]",65112.97408125542
2025-06-15 16:55:00+00:00,1015,6207.639999999999,9.0,28.472789680507613,28.283175944333994,33.17370775347912,"[25.40780318 24.22117296 26.5695825  26.92992048 27.55740557 26.15954274
 28.83101392 28.48931412 29.98658052 29.81883698 31.82554672 31.31610338
 31.86282306 23.99130219 25.50099404 25.73086481 26.83672962 26.10362823
 27.5139165  28.20974155 28.9055666  28.7750994  29.11058648 30.10462227
 30.10462227 31.02410537 31.91873757 25.43265408 23.38245527 26.88021869
 26.86158052 27.11630219 27.29647117 28.18489066 27.26540755 28.78131213
 29.86853877 29.66973161 29.79398608 30.10462227 31.06138171 25.34567594
 25.55690855 25.78677932 24.22117296 26.71247515 27.79970179 29.44607356
 29.55168986 29.09816103 31.19806163 28.04821074 29.40258449 32.46545726
 30.39040755 31.21048708 23.89189861 26.02907555 26.3583499  27.56983101
 25.9917992  28.68190855 27.23434394 28.57629225 29.63866799 28.57629225
 29.24105368 31.12350895 31.08001988 32.78851889 25.58797217 25.06610338
 25.44507952 27.14736581 27.15979125 28.67569583 27.91153082 27.23434394
 28.80616302 29.22862823 30.37798211 30.97440358 31.99329026 31.53976143
 25.33946322 25.51963221 26.48260437 26.94855865 27.48285288 26.33349901
 28.38991054 27.0666004  30.67619284 29.58275348 29.930666   29.65730616
 31.42171968 30.54572565 30.26615308 25.17171968 27.00447316 26.4888171
 26.85536779 28.58250497 24.23981113 27.72514911 28.92420477 29.98658052
 29.98036779 29.83747515 29.12301193 31.37823062 31.9249503  24.55044732
 24.8362326  24.8362326  27.54498012 27.9860835  26.86779324 28.60735586
 27.65059642 31.0054672  30.95576541 30.93091451 29.19135189 32.1361829
 31.15457256 25.14686879 25.98558648 25.9917992  24.78031809 26.85536779
 26.33349901 27.21570577 29.42122266 30.35313121 30.02385686 30.24751491
 29.32803181 30.46496024 33.17370775 25.32082505 24.46968191 25.97937376
 25.55690855 26.60685885 27.65059642 28.43961233 27.277833   29.55790258
 26.53230616 30.44632207 29.47713718 30.00521869 30.14189861 30.27236581
 25.85511928 24.70576541 26.68141153 26.44532803 28.60735586 27.91153082
 27.96744533 29.98036779 30.55193837 29.90581511 29.21620278 31.48384692
 31.71371769 32.44681909 25.08474155 25.89860835 25.14065606 28.60114314
 26.03528827 28.10412525 27.70029821 27.52012922 29.75049702 28.49552684
 30.71346918 29.97415507 31.53354871 29.98036779 24.90457256 25.33946322
 25.89860835 27.53255467 27.39587475 26.45154076 28.02957256 28.73161034
 27.8804672  30.7693837  29.30318091 30.58300199 30.89985089 30.11704771
 30.32828032 25.61903579]",65148.16515510627
2025-06-15 16:56:00+00:00,1016,6168.95,9.0,28.35782365508781,28.162990805168985,33.02460238568588,"[27.09145129 26.94234592 25.64388668 25.9917992  27.34617296 27.78727634
 28.03578529 29.28454274 28.73782306 29.33424453 30.35313121 31.17942346
 30.79423459 23.93538767 24.96048708 26.51988072 25.37052684 27.25919483
 27.13494036 28.67569583 28.20352883 29.16028827 32.43439364 30.5084493
 30.75074553 31.11729622 30.15432406 23.76764414 25.69358847 24.63742545
 26.86779324 27.5139165  26.5944334  28.57629225 29.25347913 29.47713718
 29.62002982 27.57604374 31.18563618 31.08001988 32.76366799 26.24030815
 25.2027833  26.9361332  27.00447316 26.2278827  27.00447316 27.19706759
 27.25298211 25.71222664 28.15382704 30.02385686 30.19781312 31.19184891
 31.57703777 30.93091451 24.84865805 24.7554672  25.19035785 28.27808151
 26.61307157 27.20328032 27.86182903 28.222167   29.12301193 29.11058648
 30.01143141 30.46496024 30.60164016 29.16028827 24.05964215 26.65034791
 24.5193837  25.34567594 26.61928429 25.9110338  29.11058648 30.18538767
 29.0360338  28.75646123 26.67519881 30.71346918 30.15432406 30.31585487
 24.68091451 23.96645129 24.87972167 25.58175944 26.71247515 27.18464215
 29.38394632 26.15954274 29.62002982 28.88071571 28.94905567 29.43364811
 29.43986083 30.66998012 32.08648111 23.90432406 25.26491054 27.04796223
 26.55715706 27.81212724 26.97340954 28.64463221 28.0916998  29.32803181
 29.34666998 30.85014911 29.90581511 31.61431412 32.43439364 24.61257455
 24.59393638 26.13469185 27.55119284 26.60064612 27.59468191 27.25919483
 28.68812127 30.04870775 29.50198807 29.70700795 28.29050696 30.62649105
 30.49602386 25.28976143 25.50720676 26.82430417 27.45178926 25.68737575
 27.86804175 27.92395626 28.12276342 28.4582505  30.55193837 28.98633201
 31.53354871 30.93091451 31.83797217 24.53180915 24.64985089 27.277833
 26.06635189 25.55069583 27.38966203 30.18538767 28.11033797 29.4833499
 29.46471173 29.57032803 29.7194334  29.47713718 30.73210736 31.99329026
 23.82977137 26.03528827 26.45775348 25.91724652 25.77435388 26.06635189
 26.85536779 27.52634195 28.75646123 30.61406561 32.04920477 29.91824056
 30.23508946 31.50248509 25.14686879 26.31486083 25.48235586 27.41451292
 26.84294235 27.91774354 27.22813121 29.1416501  26.49502982 31.03031809
 32.01814115 29.63866799 30.61406561 32.8195825  24.86729622 24.63742545
 25.92345924 26.97340954 26.74975149 28.06063618 28.54522863 29.68836978
 30.72589463 28.38369781 28.24701789 31.1110835  33.02460239 31.90631213
 32.52137177 23.63717694]",64763.534820461784
2025-06-15 16:57:00+00:00,1017,6198.84,9.0,28.44523396487894,28.255839960238568,32.91898608349901,"[26.64413519 26.06013917 27.43936382 28.12276342 28.05442346 27.75
 29.12301193 28.88692843 29.41500994 29.99279324 30.30342942 31.23533797
 30.58921471 26.14090457 24.27708748 25.68116302 25.4388668  27.08523857
 28.694334   27.13494036 27.81212724 29.3777336  28.92420477 29.04224652
 29.93687873 29.77534791 30.70725646 25.25869781 25.83648111 27.11008946
 26.89264414 26.69383698 28.48931412 28.61978131 27.45800199 31.11729622
 30.23508946 29.62002982 30.78180915 29.91824056 31.86903579 23.8111332
 25.79299205 24.2833002  25.68737575 27.76863817 26.25894632 28.07927435
 27.90531809 29.6945825  30.21645129 30.01764414 29.8250497  29.930666
 30.49602386 31.60188867 24.17147117 27.46421471 25.86754473 27.15979125
 26.33349901 27.49527833 29.14786282 28.02957256 29.89338966 27.54498012
 29.66351889 29.51441352 32.29150099 32.80715706 24.30193837 25.28976143
 24.84244533 27.83697813 26.64413519 28.4333996  28.42718688 28.29050696
 28.58250497 29.66973161 31.26640159 29.87475149 31.10487078 32.91898608
 25.98558648 25.92345924 23.94781312 26.98583499 28.27808151 28.48931412
 29.0360338  27.86182903 27.55740557 28.27808151 30.55815109 29.29075547
 30.09219682 31.76963221 30.7693837  25.48856859 25.51341948 27.48906561
 28.07927435 27.79970179 29.65730616 27.63817097 28.66327038 28.29671968
 28.66327038 29.22862823 31.47142147 32.08026839 29.62002982 26.01043738
 25.09095427 25.45750497 26.48260437 25.43265408 28.43961233 28.14140159
 28.42718688 27.6443837  30.11704771 29.4833499  31.14835984 32.52758449
 31.27882704 24.20874751 24.64985089 26.22166998 25.87375746 26.67519881
 27.43936382 29.58275348 28.12897614 30.47117296 28.63841948 30.875
 29.20999006 29.99900596 30.12326044 26.37077535 23.92296223 25.38916501
 26.58822068 27.71272366 26.89885686 25.98558648 28.95526839 28.21595427
 29.55168986 28.57007952 31.19184891 30.01764414 31.56461233 32.63941352
 26.39562624 25.07852883 25.34567594 25.94209742 25.35188867 25.17171968
 26.91749503 29.07331014 29.6945825  29.53926441 29.97415507 30.55193837
 30.65134195 31.84418489 26.09120278 26.09120278 26.74975149 26.89264414
 27.57604374 27.75621272 26.68762425 27.81212724 29.35909543 29.40879722
 30.85014911 28.67569583 29.51441352 31.47142147 26.66277336 24.15904573
 26.45154076 27.05417495 27.31510934 26.33971173 26.11605368 28.44582505
 28.65084493 28.33399602 28.222167   32.08648111 30.5333002  31.5832505
 32.82579523 24.27087475]",65055.974752898976
2025-06-15 16:58:00+00:00,1018,6181.3099999999995,9.0,28.392699551484416,28.201385437375748,33.086729622266404,"[25.17171968 25.22142147 29.41500994 26.21545726 26.43911531 27.31510934
 28.25944334 28.25944334 29.75670974 30.24751491 31.12972167 30.27236581
 32.80715706 26.07256461 25.35188867 24.28951292 27.02311133 26.70626243
 28.28429423 27.23434394 27.08523857 29.50198807 29.0111829  29.47713718
 30.7693837  30.64512922 32.21694831 25.71222664 25.20899602 26.18439364
 25.48235586 27.09145129 27.13494036 27.66302187 27.45800199 28.75646123
 28.68812127 29.27833002 29.8499006  30.72589463 31.15457256 24.46968191
 26.81809145 25.52584493 26.02286282 25.83648111 26.48260437 27.45800199
 28.57629225 29.40879722 29.8250497  27.92395626 29.52062624 30.73832008
 30.17917495 33.08672962 26.34592445 24.09070577 26.40805169 25.86133201
 27.01689861 27.38966203 27.70651093 29.97415507 28.0916998  30.99304175
 28.57007952 28.49552684 29.33424453 32.10511928 26.3583499  23.08424453
 25.91724652 27.66923459 27.93016899 27.86182903 27.00447316 28.4582505
 28.73782306 30.30342942 31.52733598 30.60164016 32.01192843 30.28479125
 24.92942346 26.2527336  25.5444831  27.56983101 25.2027833  27.50149105
 29.4833499  30.45253479 29.04845924 29.72564612 29.29696819 30.89985089
 30.34691849 30.98682903 31.39065606 24.90457256 25.98558648 25.22763419
 27.01689861 26.47639165 27.45178926 26.68762425 29.47092445 27.80591451
 29.34666998 30.70725646 29.66351889 30.97440358 30.60164016 25.01018887
 25.48235586 25.6500994  24.40755467 28.86207753 27.68787276 29.01739563
 28.34642147 27.20328032 28.16625249 30.875      31.01789264 29.99279324
 32.33499006 25.5444831  24.88593439 24.44483101 27.10387674 26.91128231
 26.68762425 27.27162028 27.77485089 29.54547714 28.19110338 30.4276839
 29.89960239 29.6945825  30.68861829 27.68166004 26.07256461 25.0723161
 26.2527336  27.11008946 27.39587475 27.60089463 27.47042744 28.16625249
 30.1667495  30.03006958 29.62002982 31.45899602 32.29150099 31.24776342
 27.11008946 25.61903579 26.00422465 25.37052684 27.42693837 26.28379722
 28.68812127 29.19135189 29.44607356 29.29696819 30.19781312 30.61406561
 32.11133201 31.88146123 25.47614314 26.09120278 26.44532803 25.78677932
 25.46371769 27.36481113 29.02360835 27.94880716 28.24701789 30.14189861
 29.65109344 29.52062624 30.83151093 32.12375746 25.12823062 26.25894632
 26.20924453 24.78653082 26.06013917 26.68762425 28.17867793 28.68812127
 29.14786282 28.06684891 29.42743539 29.68215706 29.89960239 31.48384692
 32.82579523 26.09741551]",64880.21561944627
2025-06-15 16:59:00+00:00,1019,6162.860000000001,9.0,28.337443963982135,28.144073061630216,32.56486083499006,"[25.66252485 25.74329026 26.3832008  27.90531809 28.65705765 28.92420477
 28.83101392 28.80616302 29.77534791 30.32206759 30.04870775 31.08001988
 30.30342942 22.89786282 24.69333996 25.37673956 27.32753479 26.71868787
 26.16575547 27.02311133 29.02982107 28.88071571 28.9055666  28.71918489
 29.66973161 31.88767396 31.16699801 25.18414513 26.27137177 27.17842942
 28.04199801 28.26565606 27.73136183 28.89314115 28.5390159  29.14786282
 30.30964215 30.55193837 31.45899602 28.98633201 30.67619284 24.89214712
 25.34567594 27.22813121 26.31486083 27.69408549 26.55715706 28.27186879
 26.99826044 28.43961233 28.9055666  30.34070577 30.96197813 30.75695825
 29.88096421 32.16724652 25.49478131 23.39488072 27.3834493  26.91749503
 27.16600398 27.84940358 27.62574553 28.9055666  28.55144135 26.82430417
 31.71371769 31.04895626 30.22266402 30.57057654 23.74279324 25.569334
 25.23384692 25.84269384 26.63792247 29.73807157 27.21570577 27.91153082
 27.45178926 28.48310139 30.65134195 28.7999503  30.63270378 32.56486083
 25.76814115 26.15333002 26.81809145 26.55094433 25.76192843 27.55740557
 26.56336978 27.95501988 27.90531809 30.13568588 30.41525845 28.25944334
 30.91848907 30.77559642 31.49005964 25.35188867 25.81163022 24.93563618
 27.4083002  28.70054672 27.99229622 27.14736581 26.86158052 28.70054672
 30.21023857 29.78156064 30.06734592 30.0859841  31.42171968 23.97887674
 26.44532803 25.92345924 27.03553678 26.9361332  26.90506958 27.47664016
 27.55119284 28.70675944 27.93016899 28.61356859 29.76913519 30.83772366
 32.08026839 23.69309145 25.75571571 24.8610835  26.22166998 26.84915507
 26.32728628 25.51963221 28.16625249 28.88692843 28.86829026 29.25969185
 30.83772366 29.99279324 31.3223161  24.625      25.69980119 25.9110338
 26.91128231 24.76789264 27.6195328  27.38966203 28.4333996  29.70079523
 29.72564612 29.49577535 29.7194334  28.55765408 30.85636183 30.65755467
 24.59393638 25.02882704 27.58846918 27.3026839  27.03553678 29.02982107
 28.76888668 28.20974155 28.06063618 29.22862823 29.14786282 30.55193837
 31.67022863 31.86903579 26.45775348 25.31461233 23.78006958 28.06063618
 27.3026839  27.94259443 27.78106362 28.83101392 28.22837972 30.7445328
 27.79348907 28.92420477 30.70725646 30.5084493  24.86729622 25.58175944
 24.90457256 26.66277336 27.97365805 26.78081511 27.30889662 29.23484095
 29.83747515 29.99900596 28.49552684 30.27857853 31.39686879 30.53951292
 31.65780318 27.46421471]",64695.35252589863
2025-06-15 17:00:00+00:00,1020,6126.89,9.0,28.230479891727313,28.032337226640156,32.63941351888668,"[24.69955268 25.74950298 25.04125249 26.26515905 27.94259443 28.20352883
 28.04821074 29.06088469 28.694334   30.57057654 31.20427435 31.76963221
 32.32877734 24.97291252 25.3332505  24.19632207 26.5695825  27.70651093
 25.86754473 28.43961233 26.88021869 26.86779324 31.45899602 29.02982107
 30.40904573 30.25994036 30.48359841 25.77435388 26.13469185 25.84269384
 25.96694831 26.45775348 27.60710736 26.4888171  28.02957256 27.46421471
 28.83722664 29.89960239 31.42793241 30.33449304 30.75695825 24.61878728
 25.7805666  24.52559642 27.29647117 26.84294235 27.53255467 28.43961233
 28.73161034 27.18464215 30.03628231 30.52087475 29.09816103 29.91202783
 31.73856859 30.09219682 24.68091451 25.15308151 25.63146123 25.08474155
 27.31510934 27.47042744 28.04821074 28.86207753 28.63220676 29.78156064
 29.75670974 30.12326044 29.78777336 29.19756461 24.37027833 25.4388668
 26.3583499  25.50099404 26.04771372 25.48856859 27.48285288 27.69408549
 30.24130219 30.44632207 28.53280318 30.20402584 30.91227634 30.30342942
 23.71172962 23.31411531 25.76814115 27.50149105 26.20303181 27.03553678
 27.09145129 29.91824056 28.06684891 29.8250497  30.15432406 30.66998012
 29.930666   32.58971173 32.54000994 25.04746521 26.33349901 26.63170974
 26.33349901 26.74353877 27.11008946 28.37748509 27.38966203 27.81212724
 29.96794235 29.01739563 28.35884692 31.68265408 29.89338966 23.01590457
 27.70029821 27.09145129 26.65034791 27.02932406 27.68166004 28.09791252
 28.89935388 28.38369781 26.75596421 28.34642147 29.85611332 32.19209742
 31.37823062 25.43265408 23.86083499 26.23409543 27.53255467 25.89239563
 27.19085487 26.78081511 26.38941352 29.53926441 29.6138171  29.88717694
 31.44657058 30.89985089 29.89960239 25.49478131 24.82380716 24.45725646
 26.04771372 25.62524851 28.35884692 28.17867793 28.57629225 27.45800199
 28.88692843 29.44607356 29.34666998 30.11083499 32.12997018 32.63941352
 25.52584493 25.83648111 24.88593439 26.9361332  27.65059642 27.53255467
 26.0166501  28.63220676 29.48956262 29.16028827 29.20999006 29.47713718
 31.26640159 32.03677932 23.61853877 27.29647117 24.94184891 29.07331014
 27.0417495  27.69408549 26.79324056 28.35884692 29.50198807 30.14811133
 29.45228628 29.930666   30.58300199 30.68861829 24.47589463 24.55666004
 26.16575547 27.47664016 26.96719682 25.81784294 28.17246521 28.70675944
 29.40879722 28.78131213 29.07331014 30.01764414 29.39015905 31.26640159
 32.06163022 25.097167  ]",64337.4935257629
2025-06-15 17:01:00+00:00,1021,6157.36,9.0,28.319576982443696,28.126988071570576,32.465457256461235,"[26.21545726 25.74950298 26.3583499  26.43290258 27.66302187 28.48310139
 27.47042744 28.43961233 28.15382704 30.83772366 31.30989066 31.87524851
 30.67619284 24.32057654 25.9917992  27.31510934 26.25894632 26.83672962
 26.04771372 26.7000497  28.82480119 27.43315109 28.59493042 31.69507952
 30.22266402 30.37176938 30.75695825 24.83001988 26.52609344 27.23434394
 25.03503976 26.51366799 26.4639662  29.2721173  27.76242545 29.05467197
 28.83101392 29.00497018 31.5583996  30.73210736 29.96172962 26.65656064
 26.15333002 26.32107356 25.76814115 26.68141153 25.70601392 26.45154076
 29.64488072 28.60735586 28.82480119 29.91824056 29.06088469 30.12326044
 31.23533797 31.19184891 26.14090457 25.99801193 24.50074553 26.79324056
 28.13518887 27.67544732 28.18489066 27.48285288 27.48285288 27.68787276
 30.71346918 30.17917495 30.02385686 30.19781312 25.6500994  26.61928429
 25.00397614 26.97340954 27.56983101 27.47664016 26.65656064 27.81212724
 27.99229622 29.12922465 30.93712724 29.3528827  31.23533797 31.63295229
 24.16525845 24.8362326  26.86158052 26.5944334  27.37723658 29.42743539
 29.27833002 27.93016899 28.20974155 27.32132207 31.19184891 29.89338966
 30.99304175 31.35337972 32.46545726 25.65631213 25.22763419 26.79945328
 25.68737575 27.15979125 25.83648111 28.98011928 28.57629225 30.05492048
 30.03628231 31.0054672  30.71346918 31.75099404 30.32206759 25.38295229
 24.22117296 26.01043738 28.29050696 26.1471173  27.3026839  27.40208748
 27.83076541 29.5082008  28.52037773 29.92445328 30.88121272 30.29100398
 30.39040755 25.63767396 27.20949304 25.85511928 28.52659046 25.58797217
 28.35263419 28.12897614 28.65084493 29.52062624 29.23484095 29.5082008
 29.45849901 31.06138171 31.40308151 24.61878728 24.67470179 24.54423459
 26.56336978 25.38295229 25.00397614 27.95501988 29.25347913 28.29050696
 30.1667495  30.01764414 30.21023857 32.35984095 31.31610338 32.01814115
 24.04100398 24.42619284 25.99801193 26.53230616 27.07281312 27.44557654
 27.45800199 27.58846918 29.53926441 27.25298211 29.78777336 30.47738569
 30.7693837  32.20452286 22.60586481 24.22117296 25.97937376 27.14736581
 27.77485089 28.10412525 26.9609841  27.71272366 28.07306163 29.75049702
 29.8250497  29.64488072 29.88717694 30.89985089 23.82355865 25.569334
 26.21545726 25.93588469 25.97316103 28.58250497 27.82455268 27.31510934
 28.71918489 29.15407555 29.47092445 31.47763419 29.57032803 30.73832008
 31.13593439 24.9915507 ]",64635.57675246363
2025-06-15 17:02:00+00:00,1022,6186.0199999999995,9.0,28.403326516676508,28.216016401590455,32.55243538767395,"[25.70601392 26.18439364 27.17842942 27.28404573 27.49527833 29.48956262
 27.46421471 31.12350895 30.62649105 29.930666   31.88146123 31.67022863
 31.48384692 24.23981113 25.04746521 27.02932406 26.15954274 27.14115308
 27.66923459 27.50149105 28.30914513 28.75646123 29.73807157 30.57057654
 29.73807157 30.62649105 31.44657058 25.89860835 26.32107356 25.50720676
 26.23409543 28.22837972 25.84890656 26.60685885 27.50149105 29.27833002
 29.73185885 29.86232604 31.42793241 30.18538767 31.88146123 24.09070577
 24.69955268 26.35213718 25.86754473 27.29647117 28.45203777 27.26540755
 26.78702783 28.21595427 30.14811133 30.52087475 29.71322068 30.01143141
 30.85014911 30.83772366 24.1776839  26.03528827 26.81809145 27.15979125
 27.65680915 27.59468191 28.81237575 27.35859841 28.36505964 28.50173956
 31.85039761 28.91177932 30.39040755 29.3528827  25.89860835 26.49502982
 25.63767396 25.59418489 26.97340954 28.01093439 26.1471173  28.12276342
 27.96744533 31.30989066 30.67619284 30.76317097 30.95576541 30.96197813
 25.20899602 24.54423459 25.65631213 25.83026839 26.70626243 29.40879722
 27.4083002  27.70651093 29.36530815 29.58275348 29.7194334  29.34666998
 30.29100398 30.03628231 31.19184891 25.56312127 26.42668986 26.23409543
 26.74353877 27.65680915 26.70626243 28.14761431 27.50770378 29.17892644
 30.02385686 28.80616302 29.28454274 31.9249503  32.55243539 24.55044732
 25.94831014 26.51988072 27.03553678 27.08523857 28.08548708 28.75024851
 29.18513917 28.16625249 29.30939364 30.48981113 31.91873757 29.40258449
 30.81287276 25.61903579 25.94209742 26.04150099 27.20328032 26.39562624
 26.35213718 27.81833996 29.75049702 30.33449304 28.47067594 32.03677932
 30.9806163  31.01789264 30.68240557 25.64388668 24.97912525 25.24627237
 25.69980119 26.11605368 27.67544732 26.68141153 27.22813121 27.95501988
 30.27857853 30.06734592 30.81287276 30.1667495  31.27882704 31.819334
 24.89214712 24.67470179 26.1222664  26.13469185 27.15979125 28.02957256
 28.4582505  27.06038767 27.70651093 30.26615308 29.1416501  30.10462227
 31.65780318 31.04274354 24.78031809 24.71819085 24.94184891 26.78081511
 26.3832008  26.73111332 26.89264414 27.39587475 30.44632207 30.25994036
 29.63245527 32.01814115 30.56436382 32.06784294 23.84219682 26.68762425
 26.4639662  26.74353877 25.53205765 28.27186879 27.73136183 28.83722664
 27.68166004 28.05442346 28.88071571 29.55790258 29.83747515 30.0611332
 31.88767396 25.14065606]",64915.769194192915
2025-06-15 17:03:00+00:00,1023,6119.54,9.0,28.20630759815002,28.009505467196817,33.136431411530815,"[25.66873757 26.3583499  28.27808151 26.73111332 28.48931412 27.16600398
 30.1916004  29.34045726 27.09145129 29.34666998 29.5082008  31.29746521
 30.65755467 24.80516899 25.23384692 26.32728628 26.31486083 26.76217694
 25.39537773 27.71272366 28.18489066 29.2721173  28.52659046 29.20999006
 30.80666004 29.85611332 29.71322068 25.53205765 26.09120278 25.22142147
 26.2527336  25.27112326 27.19706759 26.71868787 27.76242545 29.85611332
 29.38394632 29.30939364 29.50198807 30.70725646 30.0859841  23.5750497
 24.70576541 25.01018887 24.38270378 27.05417495 28.18489066 25.51963221
 25.63146123 28.40233598 29.34666998 29.30318091 29.77534791 30.61406561
 31.44035785 30.80044732 24.36406561 25.57554672 24.10313121 27.84940358
 27.38966203 27.14736581 27.79348907 28.82480119 29.49577535 28.62599404
 30.60164016 29.79398608 30.77559642 31.88767396 26.2278827  25.9110338
 25.50720676 25.12201789 27.42072565 25.40159046 27.25298211 29.28454274
 27.40208748 30.09840954 27.89910537 29.48956262 30.07977137 30.70104374
 25.3083996  23.82977137 24.61257455 26.03528827 27.79348907 25.87997018
 27.75       27.69408549 27.26540755 28.07927435 29.33424453 29.60760437
 30.75695825 30.50223658 31.28503976 25.34567594 26.05392644 25.91724652
 26.85536779 28.1973161  25.20899602 27.01068588 29.2472664  27.55740557
 30.96197813 29.4833499  31.17942346 29.97415507 30.62649105 26.65656064
 25.097167   26.92992048 26.43290258 27.73136183 28.71918489 28.04199801
 29.63866799 27.3026839  28.694334   29.28454274 30.19781312 31.78205765
 30.26615308 23.82977137 25.17171968 26.75596421 25.62524851 26.89885686
 27.34617296 26.95477137 27.08523857 30.09219682 29.14786282 28.58871769
 29.11058648 32.40954274 30.73210736 26.64413519 26.02286282 26.87400596
 26.53230616 26.20303181 25.92967197 28.35263419 29.93687873 28.30914513
 28.70054672 29.33424453 29.20377734 30.82529821 31.76341948 30.55815109
 24.50695825 24.43861829 26.65656064 26.13469185 27.27162028 27.73136183
 26.48260437 29.05467197 28.3277833  30.36555666 31.47763419 32.19209742
 31.09244533 32.52758449 24.625      25.16550696 27.56361829 27.00447316
 27.5139165  26.19060636 27.88667992 28.21595427 29.0360338  27.94880716
 30.21023857 31.75099404 28.93663022 30.93712724 24.58772366 25.07852883
 25.3332505  27.01689861 27.05417495 26.24030815 26.79945328 27.13494036
 28.34642147 30.18538767 28.96148111 30.39662028 31.09244533 33.13643141
 31.17942346 24.13419483]",64256.6227003707
2025-06-15 17:04:00+00:00,1024,6142.299999999999,9.0,28.27263368706747,28.080206262425445,33.16749502982107,"[26.29000994 25.3332505  27.82455268 26.7249006  28.40854871 25.28976143
 28.17246521 30.28479125 28.5390159  30.35934394 30.64512922 31.69507952
 31.33474155 23.00969185 25.69358847 26.71247515 26.14090457 26.4888171
 26.78081511 29.40258449 27.55740557 29.59517893 28.20352883 29.76913519
 31.16078529 31.33474155 30.44010934 23.32032803 26.05392644 26.1471173
 26.71868787 26.48260437 28.50795229 27.86804175 28.30914513 27.92395626
 29.80641153 29.10437376 29.02360835 30.23508946 30.59542744 25.97937376
 25.78677932 26.20924453 25.79299205 26.09120278 25.74329026 26.89885686
 28.18489066 29.31560636 28.04821074 30.85636183 30.70725646 30.54572565
 31.26018887 31.69507952 24.69333996 25.3083996  25.2027833  28.38991054
 27.47664016 26.33971173 28.00472167 26.61307157 28.21595427 28.29671968
 29.34666998 32.01192843 30.04870775 30.03006958 26.4888171  26.17196819
 27.03553678 26.25894632 25.48235586 28.06684891 27.40208748 26.91128231
 28.71918489 29.04845924 29.32181909 29.26590457 31.14835984 31.0054672
 25.10959245 27.29025845 25.36431412 25.85511928 27.37723658 26.92992048
 28.4582505  28.75646123 28.24080517 28.96148111 30.88742545 29.93687873
 29.4833499  30.57057654 30.57678926 24.03479125 25.13444334 26.37077535
 26.75596421 27.75621272 27.94259443 28.04199801 27.66302187 29.71322068
 29.48956262 30.37798211 29.07331014 31.91252485 33.16749503 26.87400596
 24.94184891 25.49478131 26.40805169 26.30864811 27.47042744 28.59493042
 26.87400596 28.17246521 29.72564612 30.10462227 29.7194334  30.93091451
 30.69483101 26.32728628 26.32107356 24.20253479 26.98583499 25.21520875
 25.49478131 27.29647117 28.59493042 28.28429423 31.2166998  31.3223161
 28.78752485 29.75670974 30.86257455 24.52559642 25.58797217 26.68762425
 25.9110338  26.40805169 25.86754473 25.16550696 28.20352883 27.58225646
 31.09865805 29.0111829  29.94930417 30.1667495  31.50869781 30.72589463
 25.46993042 27.4083002  25.27112326 26.12847913 27.04796223 25.92967197
 29.35909543 28.96769384 28.4582505  30.20402584 29.2721173  30.05492048
 29.75670974 31.12972167 24.40755467 26.01043738 25.66252485 25.45750497
 27.73136183 30.07977137 27.09766402 29.3528827  29.51441352 29.98658052
 26.67519881 30.27236581 30.57678926 30.39662028 24.88593439 24.97912525
 25.05367793 25.9110338  26.44532803 26.88643141 27.68787276 28.99875746
 28.47067594 28.26565606 29.90581511 29.59517893 31.94980119 31.74478131
 32.0305666  24.22738569]",64478.52326345292
2025-06-15 17:05:00+00:00,1025,6120.71,9.0,28.20807486651229,28.01313991053678,32.81958250497018,"[26.37077535 24.32678926 26.9361332  26.04771372 26.17818091 27.55740557
 29.04845924 29.86853877 29.09816103 30.31585487 28.5390159  30.37798211
 29.50198807 25.19657058 24.73682903 25.22142147 26.19060636 25.73086481
 27.68166004 27.78106362 28.17867793 29.78777336 29.49577535 30.01764414
 29.55790258 31.08001988 31.40308151 24.93563618 23.41973161 25.14065606
 26.25894632 27.14736581 26.99826044 26.5695825  28.14761431 29.97415507
 30.02385686 30.02385686 30.01143141 29.34045726 31.17942346 25.92967197
 25.40780318 26.65656064 28.09791252 26.12847913 28.13518887 28.39612326
 26.15333002 29.16650099 26.79945328 30.58921471 29.70700795 29.32181909
 30.69483101 32.54622266 25.8054175  26.44532803 24.45725646 25.76192843
 26.19060636 27.0417495  27.0417495  27.89910537 26.99204771 30.37798211
 30.73210736 30.81287276 30.01143141 32.15482107 24.22117296 24.57529821
 25.58797217 27.55119284 26.19681909 27.4083002  27.93016899 28.99875746
 28.46446322 29.91202783 31.45899602 30.43389662 29.60760437 32.21073559
 25.71222664 25.37052684 27.48285288 26.89885686 26.06013917 26.17196819
 28.12276342 28.57007952 27.84940358 29.42743539 29.07331014 29.25969185
 31.36580517 28.89935388 31.95601392 24.47589463 26.06635189 25.569334
 24.97912525 26.42047714 27.6443837  27.54498012 27.72514911 27.86182903
 29.7194334  29.930666   29.99900596 30.54572565 30.45874751 25.78677932
 25.97316103 25.097167   24.47589463 27.277833   28.25944334 28.73782306
 28.38991054 28.1165507  28.65705765 29.47713718 30.49602386 30.2972167
 30.47738569 23.87947316 25.9110338  24.87972167 26.45154076 26.8305169
 28.52659046 28.12897614 26.33971173 29.83747515 28.68812127 29.09194831
 28.76267396 29.83126243 30.96819085 23.7055169  24.66227634 27.01689861
 25.96694831 25.94831014 27.45800199 28.59493042 27.94259443 30.37176938
 29.75670974 28.55144135 29.11058648 30.11704771 29.65730616 30.00521869
 25.66252485 25.15308151 25.47614314 27.90531809 25.61903579 26.53851889
 28.14140159 27.56983101 30.26615308 30.18538767 29.98658052 28.40233598
 29.40879722 31.60188867 25.66252485 25.01018887 27.5387674  25.89860835
 27.02932406 26.47017893 28.88692843 29.91824056 28.50795229 29.91824056
 32.8195825  31.28503976 31.65159046 29.07952286 24.81138171 24.69333996
 27.4083002  28.71297217 26.48260437 26.99204771 27.52012922 28.63220676
 28.9304175  29.07331014 29.53305169 29.17892644 29.80019881 29.78156064
 30.25994036 24.14040755]",64262.535273403526
2025-06-15 17:06:00+00:00,1026,6133.76,9.0,28.245734097418072,28.053677932405563,32.81958250497018,"[25.9110338  25.71222664 26.53851889 27.26540755 29.10437376 29.20999006
 27.78727634 29.04845924 29.85611332 30.09840954 30.88121272 31.82554672
 31.81312127 24.66848907 24.45725646 24.89214712 26.4888171  27.56361829
 26.28379722 27.84940358 27.47042744 29.33424453 29.20999006 29.2721173
 30.45874751 30.99304175 30.45874751 26.49502982 24.96048708 25.92345924
 25.6749503  26.53851889 27.49527833 27.11630219 28.01714712 28.59493042
 29.33424453 27.68166004 28.1165507  31.37201789 31.31610338 23.99751491
 25.14686879 25.45129225 25.3083996  25.33946322 27.06038767 27.75621272
 28.07306163 28.70054672 28.04821074 30.60164016 30.45874751 29.07952286
 29.06088469 31.31610338 24.36406561 26.99826044 27.15979125 25.69980119
 28.60735586 27.76863817 27.81833996 29.14786282 27.71272366 29.62624254
 28.84343936 30.03628231 32.11754473 31.91873757 27.18464215 25.96694831
 26.06635189 26.03528827 24.89835984 27.82455268 27.24055666 28.02335984
 29.33424453 30.22266402 29.75049702 28.30293241 30.402833   31.83175944
 25.87375746 27.76242545 24.94184891 25.71843936 27.18464215 27.00447316
 27.89289264 28.48931412 28.91177932 28.3277833  28.50173956 29.13543738
 30.04249503 30.68861829 31.30367793 25.13444334 26.00422465 25.25248509
 27.68166004 26.76217694 26.13469185 28.35263419 29.42122266 28.26565606
 29.47092445 29.99900596 30.12326044 29.09194831 32.17967197 26.63792247
 26.4888171  24.74304175 26.31486083 26.23409543 28.04199801 28.3277833
 29.39015905 30.0859841  28.88692843 27.39587475 29.5889662  29.66973161
 31.98086481 24.53180915 23.63717694 23.4694334  25.38295229 26.49502982
 27.65059642 28.41476143 27.20328032 30.30964215 28.79373757 30.56436382
 30.9806163  31.10487078 30.24751491 23.97266402 24.20253479 24.37027833
 25.13444334 26.55715706 27.72514911 27.73757455 27.43936382 29.39637177
 28.60735586 29.42743539 28.70054672 27.78106362 30.11083499 29.930666
 25.70601392 25.22763419 27.277833   27.45800199 27.02932406 27.24676938
 28.58250497 30.95576541 28.75024851 30.20402584 30.21023857 30.63270378
 29.91202783 30.44632207 24.9666998  25.71222664 24.9666998  26.04771372
 27.78106362 26.35213718 28.10412525 28.61978131 29.38394632 29.3528827
 28.74403579 31.04274354 31.12972167 31.9249503  24.28951292 26.39562624
 24.55666004 26.40805169 24.95427435 26.66898608 27.43315109 28.21595427
 28.10412525 29.72564612 30.40904573 32.8195825  30.59542744 31.19184891
 31.43414513 25.05367793]",64388.5279963219
2025-06-15 17:07:00+00:00,1027,6076.630000000001,9.0,28.07628299143099,27.876211481113323,32.5462226640159,"[24.91078529 25.46371769 25.55690855 27.13494036 26.4888171  28.03578529
 28.27186879 29.10437376 30.79423459 30.48359841 30.21645129 32.45303181
 30.48359841 24.69955268 25.53827038 25.28354871 26.58200795 27.79348907
 28.89935388 28.88071571 27.88667992 27.73757455 30.11083499 29.14786282
 31.25397614 30.42147117 31.4527833  23.89189861 23.74900596 24.91078529
 25.98558648 26.37698807 27.49527833 27.32753479 27.50770378 27.8556163
 29.45849901 29.33424453 29.45228628 31.03653082 31.50248509 24.98533797
 24.59393638 25.39537773 28.04821074 25.86754473 26.89264414 27.16600398
 27.79348907 28.73161034 29.34666998 29.70700795 30.17296223 30.10462227
 31.40929423 30.07977137 24.48832008 27.65680915 25.94831014 26.29000994
 27.39587475 29.0111829  26.24652087 28.05442346 27.5139165  29.96794235
 29.20377734 30.95576541 31.09244533 29.65109344 24.07828032 23.54398608
 25.45129225 26.16575547 27.81212724 26.89264414 27.55119284 30.31585487
 28.57629225 30.5084493  29.75670974 30.06734592 30.88742545 31.2415507
 24.71197813 25.92345924 25.02882704 25.93588469 25.21520875 26.12847913
 29.22862823 27.77485089 28.50795229 27.38966203 30.65755467 30.402833
 31.10487078 30.0611332  30.7693837  24.67470179 23.85462227 25.49478131
 26.7000497  28.00472167 27.91774354 27.07281312 28.29671968 28.60114314
 28.27808151 28.87450298 30.49602386 30.89363817 30.94955268 24.10934394
 26.10984095 24.69955268 26.27137177 27.44557654 27.19706759 28.7750994
 27.10387674 29.63866799 29.40879722 29.18513917 29.94930417 29.39015905
 30.52708748 24.67470179 25.27733598 26.00422465 26.54473161 27.37102386
 26.54473161 27.29647117 28.08548708 29.66973161 26.78702783 29.72564612
 32.06784294 30.01143141 31.01789264 24.97912525 24.43861829 24.5193837
 25.93588469 25.85511928 28.34642147 29.55790258 27.77485089 28.02335984
 28.27186879 29.67594433 28.85586481 30.04870775 29.8499006  30.70104374
 25.85511928 25.48856859 25.33946322 25.0723161  26.70626243 24.4945328
 26.81809145 26.49502982 27.9860835  29.1416501  31.08001988 30.57678926
 29.88717694 32.54622266 24.37649105 25.35188867 24.625      26.32107356
 25.6500994  28.04821074 28.65084493 27.63817097 26.40183897 28.4333996
 29.55790258 30.63270378 31.04895626 30.5084493  23.55019881 25.26491054
 24.69955268 24.42619284 27.90531809 27.18464215 28.02335984 28.14761431
 28.4333996  28.02957256 29.02360835 29.90581511 28.86207753 30.19781312
 29.12301193 23.4694334 ]",63821.61237613152
2025-06-15 17:08:00+00:00,1028,6122.66,9.0,28.21125548635687,28.019197316103376,32.79473161033797,"[25.05989066 26.4639662  27.02311133 26.4639662  27.27162028 28.43961233
 27.45800199 28.78752485 30.73832008 30.33449304 29.53305169 31.01789264
 31.40929423 24.98533797 24.54423459 27.20328032 26.65656064 26.3832008
 28.5390159  27.87425447 28.20974155 28.47688867 30.10462227 28.06684891
 28.88071571 29.7194334  32.79473161 25.17171968 25.03503976 27.35859841
 26.52609344 24.52559642 27.33374751 29.27833002 28.50173956 28.73161034
 29.64488072 30.5333002  30.19781312 29.92445328 29.86853877 24.18389662
 25.06610338 26.10984095 26.09741551 26.88021869 26.77460239 27.92395626
 27.27162028 28.06063618 30.16053678 30.57057654 29.89960239 29.7194334
 31.03653082 30.04249503 24.1776839  25.78677932 25.48235586 27.32753479
 26.84294235 27.60089463 25.68116302 28.30914513 28.34642147 28.73782306
 28.60114314 29.29696819 30.54572565 32.66426441 25.10337972 25.89239563
 25.60661034 24.45725646 25.89239563 27.02311133 27.66923459 29.15407555
 27.56983101 28.03578529 30.75074553 29.42122266 32.07405567 31.58946322
 25.24005964 25.76192843 24.76789264 22.95999006 26.71247515 28.31535785
 29.66351889 25.68116302 27.8556163  29.80641153 31.97465209 29.65109344
 31.87524851 32.17967197 31.06759443 25.04125249 26.68141153 27.58225646
 25.83026839 27.55740557 26.95477137 29.73807157 27.91153082 29.02360835
 27.6195328  28.84965209 30.95576541 31.91252485 30.21645129 25.12823062
 25.22142147 24.2833002  25.25869781 26.89264414 28.35884692 27.24676938
 29.22862823 27.97365805 29.93687873 29.16028827 30.14811133 31.6640159
 32.15482107 24.14662028 25.63767396 26.47639165 25.31461233 26.04771372
 28.07927435 28.16003976 29.8250497  27.68787276 30.17296223 30.79423459
 31.02410537 32.22316103 31.28503976 27.22813121 26.44532803 24.59393638
 25.20899602 27.04796223 27.20328032 25.77435388 28.222167   27.11630219
 29.27833002 28.86829026 28.50795229 28.94284294 28.5638668  31.17942346
 24.9666998  25.72465209 25.39537773 26.65656064 27.33374751 27.95501988
 27.55119284 28.07306163 30.30964215 28.70054672 29.88096421 29.42122266
 30.01764414 28.694334   25.4388668  23.61232604 24.625      25.89860835
 27.9860835  29.30939364 27.70029821 27.33374751 28.96769384 29.83126243
 28.79373757 28.41476143 30.55193837 31.42171968 26.07877734 24.57529821
 24.4945328  26.84915507 27.02311133 26.55094433 26.67519881 28.74403579
 28.34020875 30.06734592 29.27833002 31.14835984 29.57654076 30.65755467
 31.52112326 24.08449304]",64273.176355155534
2025-06-15 17:09:00+00:00,1029,6093.17,9.0,28.123359103616124,27.927590705765407,32.47788270377733,"[23.76764414 27.24055666 26.04150099 26.07256461 27.92395626 26.84915507
 28.57007952 29.17892644 29.17271372 30.47117296 28.63841948 30.34070577
 30.91227634 24.97291252 25.46371769 27.26540755 25.3083996  26.84294235
 26.02286282 28.14140159 27.66923459 29.57032803 30.99925447 29.8499006
 28.222167   30.50223658 31.58946322 24.16525845 25.8054175  25.31461233
 26.60064612 26.75596421 27.19085487 28.86829026 27.82455268 29.45228628
 28.91799205 29.39637177 29.39015905 29.2721173  30.32206759 24.84244533
 24.73682903 24.43240557 26.94234592 26.92992048 26.7249006  28.1973161
 26.06635189 27.54498012 29.43986083 28.03578529 29.19135189 31.4527833
 31.85661034 30.92470179 24.8362326  26.01043738 25.53827038 24.99776342
 28.06063618 26.90506958 27.3834493  28.42718688 28.78131213 28.51416501
 28.76888668 31.64537773 29.96794235 32.4778827  24.4137674  25.18414513
 25.24005964 24.85487078 26.97340954 27.16600398 27.81212724 29.86853877
 28.50173956 28.60114314 28.74403579 29.63245527 29.62624254 30.84393638
 23.97266402 25.77435388 25.25869781 26.10984095 26.74975149 26.81187873
 28.96148111 27.18464215 29.25969185 30.11704771 28.48931412 29.68215706
 29.76913519 29.31560636 30.55193837 24.4945328  24.625      26.805666
 25.15308151 26.9609841  28.85586481 30.80044732 27.86804175 28.04199801
 30.35313121 30.30964215 30.72589463 31.07380716 31.34095427 24.74925447
 25.10337972 24.69333996 27.76863817 27.73757455 28.68812127 27.95501988
 27.48285288 27.1722167  29.0360338  29.59517893 29.71322068 29.73185885
 30.73210736 24.81138171 25.69980119 25.55690855 26.57579523 25.99801193
 26.04771372 27.54498012 28.62599404 28.52037773 28.36505964 29.94930417
 28.55144135 29.34666998 27.89289264 24.83001988 25.569334   24.5193837
 27.39587475 25.8861829  25.77435388 27.49527833 28.21595427 29.70700795
 27.76863817 30.37176938 30.27236581 31.85039761 30.67619284 30.34691849
 25.04125249 24.40134195 24.10934394 24.25223658 27.12872763 29.26590457
 29.45228628 28.34642147 28.10412525 29.06709742 29.04224652 30.22887674
 30.04249503 30.6637674  25.2027833  25.15929423 26.88021869 27.09766402
 26.55715706 30.27857853 28.81237575 27.95501988 29.38394632 29.5889662
 30.18538767 29.55790258 30.48359841 30.17917495 24.53802187 25.25248509
 25.63146123 25.6749503  26.3583499  25.70601392 28.47688867 29.80019881
 27.43936382 30.22266402 30.12947316 30.83772366 29.40258449 28.96148111
 31.6640159  25.24005964]",63979.1102170581
2025-06-15 17:10:00+00:00,1030,6108.209999999999,9.0,28.166866660470088,27.97431038767396,32.31013916500994,"[24.81759443 25.3332505  26.04150099 26.53230616 26.5944334  27.0417495
 28.05442346 30.80666004 29.41500994 28.88071571 32.21694831 30.89363817
 31.62673956 23.85462227 25.58797217 25.13444334 25.73707753 26.16575547
 27.14736581 29.3528827  27.32132207 28.17246521 29.86853877 29.65109344
 29.71322068 29.51441352 31.19184891 24.00994036 25.45129225 26.63792247
 26.40805169 27.44557654 27.46421471 28.49552684 26.89264414 28.65084493
 29.76913519 29.20999006 31.01789264 30.85014911 31.96222664 24.74304175
 24.43240557 26.8305169  25.28976143 26.29000994 27.99850895 27.01689861
 28.17246521 28.84965209 30.52708748 29.57654076 28.80616302 29.75049702
 30.81287276 31.40308151 26.39562624 27.11008946 25.71843936 27.29025845
 24.79274354 28.0916998  26.16575547 27.86804175 28.222167   31.15457256
 28.88692843 29.16028827 30.26615308 31.40308151 24.83001988 25.22142147
 26.17818091 27.78106362 26.2527336  26.62549702 26.17196819 27.91153082
 28.22837972 28.5638668  29.87475149 30.65755467 30.04870775 30.7445328
 22.80467197 25.86133201 26.02907555 25.21520875 25.87375746 28.10412525
 27.97365805 27.52012922 27.61332008 29.76913519 30.25372763 31.01789264
 31.47763419 29.31560636 32.14860835 24.44483101 26.41426441 25.09095427
 26.86158052 27.15357853 27.82455268 28.06063618 28.12276342 29.09816103
 29.28454274 30.52708748 29.07952286 30.75695825 30.10462227 25.05989066
 24.04100398 27.71893638 25.00397614 27.43936382 27.46421471 26.7249006
 27.99850895 29.00497018 27.5139165  30.90606362 29.5889662  30.07355865
 31.6888668  23.31411531 26.73111332 25.19657058 25.77435388 26.47639165
 27.52012922 27.72514911 27.74378728 28.16003976 29.73807157 28.41476143
 30.86257455 31.01789264 31.93116302 25.05989066 25.84890656 26.2527336
 26.41426441 26.90506958 28.27808151 26.95477137 27.81833996 27.72514911
 27.07902584 30.21645129 28.80616302 32.31013917 32.08648111 31.76963221
 24.78653082 24.97291252 25.71222664 27.19706759 25.95452286 27.65059642
 28.86829026 27.36481113 27.32753479 28.13518887 29.73807157 28.73782306
 30.27857853 29.96794235 24.5193837  26.13469185 24.56287276 25.9110338
 26.48260437 27.60089463 28.20352883 28.10412525 28.58871769 29.96794235
 29.38394632 30.49602386 31.07380716 31.59567594 25.94209742 26.1471173
 25.72465209 26.12847913 26.98583499 26.97962227 27.48285288 29.55168986
 28.9055666  27.89910537 28.9304175  28.86829026 28.53280318 30.89985089
 31.44035785 23.9167495 ]",64124.66909926873
2025-06-15 17:11:00+00:00,1031,6125.45,9.0,28.21686049218769,28.027864065606362,33.47813121272365,"[26.33971173 25.33946322 26.15333002 25.01018887 27.9860835  26.89264414
 27.97987078 29.56411531 29.22241551 30.4276839  31.51491054 31.43414513
 30.56436382 25.097167   25.55690855 26.07256461 27.1722167  27.09145129
 26.64413519 27.25919483 28.44582505 28.01714712 29.81883698 28.78752485
 29.86853877 29.60760437 32.11754473 25.32703777 26.27137177 25.86754473
 25.33946322 27.32132207 28.51416501 29.0111829  28.02335984 30.02385686
 28.16003976 30.06734592 29.5889662  29.96172962 29.19756461 23.58747515
 24.39512922 26.13469185 26.66898608 25.73086481 25.11580517 27.77485089
 27.97987078 30.04249503 28.222167   30.62027833 31.24776342 31.30367793
 31.01789264 30.7445328  24.25223658 24.46346918 26.09120278 26.77460239
 25.08474155 27.43315109 28.72539761 29.16650099 26.98583499 28.60114314
 31.85661034 29.8499006  28.57629225 31.07380716 27.35859841 23.51913519
 24.45725646 26.22166998 25.59418489 27.61332008 26.20924453 27.76863817
 29.6138171  29.26590457 28.72539761 30.01143141 32.01814115 31.47142147
 25.2027833  25.60039761 25.90482107 26.1471173  27.19706759 27.94880716
 27.60089463 26.52609344 28.83101392 29.44607356 29.68836978 29.89338966
 29.16028827 30.75695825 32.46545726 26.09741551 24.30815109 26.54473161
 26.81187873 27.43936382 27.84940358 26.5695825  26.75596421 29.22862823
 28.45203777 29.51441352 29.8250497  31.10487078 31.88146123 24.26466203
 24.81759443 26.63170974 28.78752485 27.42693837 25.9917992  28.48310139
 28.74403579 29.16028827 29.0360338  28.31535785 29.50198807 29.98036779
 31.30367793 25.06610338 26.1222664  25.79299205 25.04125249 28.83722664
 26.70626243 25.89860835 28.39612326 29.52062624 27.91153082 29.32803181
 30.30342942 31.60188867 30.41525845 25.46993042 24.95427435 24.01615308
 25.75571571 27.31510934 28.23459245 27.21570577 28.65705765 29.43364811
 28.48931412 30.875      28.04199801 30.17917495 32.02435388 30.80044732
 24.22117296 27.20328032 25.01640159 27.4083002  27.76863817 27.36481113
 26.51366799 29.19135189 27.02311133 27.83697813 28.98633201 31.83797217
 30.78802187 30.52708748 24.42619284 27.47664016 27.277833   27.12872763
 26.40183897 27.97365805 27.00447316 25.55690855 29.74428429 30.69483101
 30.62027833 30.32828032 28.70675944 31.63916501 24.4945328  25.36431412
 27.23434394 23.96645129 27.60710736 26.65656064 29.06088469 28.39612326
 28.12276342 28.70675944 28.63841948 29.60139165 29.98036779 30.57057654
 33.47813121 25.39537773]",64291.92846266313
2025-06-15 17:12:00+00:00,1032,6083.5,9.0,28.092176040514325,27.897552186878723,33.31038767395626,"[25.0723161  26.04150099 27.32753479 26.30864811 27.42072565 27.99850895
 26.92992048 28.6694831  29.47713718 29.16028827 28.7750994  30.44010934
 29.19135189 24.8362326  26.32107356 25.569334   25.82405567 26.09741551
 27.09145129 27.62574553 28.64463221 28.36505964 29.09194831 31.09865805
 30.50223658 32.25422465 30.6637674  23.14637177 25.82405567 26.9361332
 25.73086481 25.83026839 25.84890656 28.23459245 27.45178926 28.02335984
 28.57629225 29.2721173  29.40258449 30.25372763 31.02410537 25.14686879
 24.59393638 25.13444334 27.79970179 25.47614314 28.07306163 25.76814115
 29.79398608 28.87450298 29.29696819 28.96769384 28.9304175  30.75074553
 30.90606362 32.57728628 25.90482107 25.71222664 25.14686879 27.28404573
 26.81187873 26.37698807 27.18464215 27.83697813 28.32157058 28.45203777
 27.99229622 28.68190855 29.32803181 30.96819085 24.86729622 25.8861829
 24.94184891 25.49478131 25.46993042 25.40159046 25.38916501 28.14761431
 28.88692843 29.39015905 28.39612326 29.67594433 29.63245527 31.03653082
 26.805666   22.444334   25.51963221 26.27137177 26.5695825  28.38369781
 28.29050696 27.13494036 28.57007952 30.25372763 30.11704771 30.18538767
 29.76292247 30.98682903 31.45899602 24.17147117 24.85487078 25.49478131
 26.26515905 25.19035785 27.33374751 28.02957256 29.05467197 30.88121272
 29.73185885 29.3777336  31.08001988 28.87450298 30.37798211 24.56908549
 24.77410537 26.41426441 26.13469185 27.67544732 27.4083002  26.69383698
 28.73782306 28.32157058 30.1916004  28.97390656 30.34691849 30.86257455
 29.10437376 25.92967197 25.84269384 26.45775348 26.15954274 25.83648111
 27.55119284 26.37698807 27.24676938 27.0417495  30.23508946 28.07927435
 29.20999006 29.53926441 31.03653082 25.52584493 24.57529821 26.06013917
 28.13518887 26.24652087 26.33971173 27.07902584 29.10437376 29.43986083
 27.48906561 28.9304175  29.32181909 28.07306163 29.6945825  30.72589463
 24.78031809 25.84269384 25.04746521 27.91774354 27.56361829 26.07256461
 27.88667992 27.29025845 28.52659046 29.04845924 28.89935388 30.28479125
 31.67644135 33.31038767 25.6500994  27.22813121 26.71868787 25.81163022
 26.71247515 27.45178926 27.48285288 27.80591451 28.38991054 29.80641153
 30.16053678 31.30367793 32.14860835 29.43364811 26.53851889 25.19657058
 27.65680915 27.70029821 26.805666   27.50149105 26.54473161 26.76838966
 28.57007952 29.62002982 28.81858847 30.03628231 29.37152087 32.00571571
 30.94955268 25.14686879]",63874.78416114472
2025-06-15 17:13:00+00:00,1033,6073.58,9.0,28.06200753210096,27.86673707753479,32.70154075546719,"[26.06013917 26.43911531 27.26540755 27.02311133 26.47639165 28.18489066
 28.01093439 26.99826044 29.17271372 28.66327038 30.41525845 30.48359841
 30.17917495 24.0472167  24.41998012 26.27758449 25.25869781 25.4388668
 27.02932406 26.09120278 28.35263419 30.35313121 27.83697813 29.02360835
 30.47117296 30.00521869 31.90631213 25.69358847 24.25223658 24.26466203
 24.82380716 26.78702783 25.64388668 28.61978131 27.58225646 29.89338966
 28.32157058 28.89935388 29.76292247 30.89985089 28.52659046 25.38295229
 24.4137674  25.64388668 25.37673956 25.83026839 27.25298211 26.97962227
 27.11630219 29.06709742 29.32803181 28.1165507  28.57629225 30.68861829
 31.53976143 31.17942346 25.71222664 24.74304175 25.87375746 25.10959245
 26.40183897 28.31535785 27.52012922 29.20999006 28.39612326 28.63841948
 30.01143141 28.89935388 30.64512922 30.44632207 24.71819085 27.13494036
 27.33374751 24.76789264 26.02286282 27.15357853 27.92395626 28.73161034
 28.3277833  27.35859841 29.40258449 30.32828032 31.61431412 30.6637674
 23.3389662  24.91699801 24.50074553 25.46371769 26.78702783 26.09741551
 28.30914513 29.22241551 28.82480119 29.50198807 29.87475149 26.99204771
 30.78802187 32.17967197 29.75049702 24.43861829 26.20303181 26.12847913
 25.52584493 25.66252485 25.86133201 27.02932406 27.76242545 30.47738569
 29.66351889 29.86853877 30.52087475 31.37823062 31.62673956 23.01590457
 24.69333996 25.8054175  25.66252485 25.51341948 27.52012922 26.81187873
 28.37748509 30.11704771 31.96843936 28.79373757 29.38394632 28.80616302
 31.14835984 24.56908549 24.10313121 27.11008946 25.96694831 27.23434394
 27.43936382 26.98583499 28.01714712 29.76292247 29.2472664  28.93663022
 30.30964215 30.58921471 31.68265408 24.55666004 26.99204771 23.76764414
 25.74950298 25.48235586 24.18389662 26.37077535 29.10437376 26.90506958
 29.06088469 29.70700795 29.96794235 30.57057654 29.66351889 31.89388668
 25.3083996  25.37673956 26.19681909 23.11530815 26.61928429 28.5638668
 26.88021869 28.78752485 29.16028827 30.02385686 30.32206759 29.24105368
 30.30342942 29.92445328 23.5999006  24.60014911 27.55119284 28.80616302
 27.97365805 28.60114314 28.38991054 28.17867793 27.29647117 28.34642147
 29.68215706 28.88692843 31.59567594 32.70154076 26.9609841  26.1222664
 26.84915507 25.19035785 26.74975149 27.75       26.83672962 27.16600398
 28.94905567 30.01764414 28.45203777 30.6637674  30.50223658 30.06734592
 31.5583996  27.48285288]",63773.85239939697
2025-06-15 17:14:00+00:00,1034,6087.0,9.0,28.100710413891488,27.908424453280315,32.12375745526839,"[26.30864811 23.99130219 27.15357853 26.8305169  26.92370775 28.222167
 28.22837972 26.74353877 31.68265408 30.4276839  31.12972167 30.95576541
 30.65134195 25.10959245 24.53180915 26.10984095 25.76192843 27.19706759
 27.19706759 27.57604374 27.22191849 28.52659046 29.24105368 29.26590457
 28.1973161  30.24130219 31.53976143 25.27733598 27.22191849 24.87972167
 25.25248509 25.5444831  27.35859841 27.73757455 28.55144135 29.35909543
 29.70079523 29.29075547 30.57678926 31.50248509 31.70750497 25.79299205
 25.47614314 27.36481113 26.17196819 25.22142147 26.47639165 27.19085487
 25.28976143 28.29050696 28.74403579 28.60114314 29.01739563 30.94955268
 30.38419483 29.81883698 24.22117296 25.78677932 25.71222664 26.73111332
 28.4333996  28.37127237 28.13518887 27.89289264 27.0417495  30.35934394
 30.402833   29.25969185 29.5889662  31.45899602 24.92321074 26.33971173
 25.13444334 25.45129225 27.277833   28.13518887 29.09816103 28.37127237
 28.20352883 30.12947316 30.76317097 27.77485089 29.29696819 30.23508946
 25.45750497 24.45725646 23.97887674 26.06013917 27.23434394 26.16575547
 28.42718688 28.0916998  28.16003976 29.1167992  28.91177932 30.03628231
 29.55790258 28.74403579 30.57057654 25.32703777 26.10362823 25.86133201
 26.03528827 27.93638171 27.97365805 26.24652087 29.15407555 26.9609841
 28.36505964 29.22241551 31.27882704 30.5084493  30.04870775 25.25869781
 27.14736581 25.36431412 26.00422465 28.04821074 26.94855865 27.22813121
 27.75621272 28.59493042 29.60139165 29.60760437 30.02385686 29.29696819
 32.12375746 25.12201789 23.96645129 25.65631213 27.07281312 26.8305169
 27.88667992 26.84294235 27.76863817 28.16625249 27.92395626 30.45253479
 29.10437376 29.55168986 31.78205765 22.77982107 23.07181909 27.28404573
 27.19085487 26.28379722 27.88667992 28.36505964 29.30939364 28.11033797
 29.63866799 29.46471173 30.99304175 31.57082505 30.99925447 31.61431412
 24.67470179 26.58822068 24.7306163  26.69383698 27.25298211 27.54498012
 27.22191849 28.38991054 28.29050696 30.01143141 29.12922465 31.03031809
 30.53951292 30.86878728 24.5193837  24.35785288 24.55044732 24.97912525
 27.00447316 28.47688867 27.02311133 29.02982107 28.70675944 28.99875746
 27.97987078 29.79398608 29.32181909 31.19184891 25.24627237 23.89189861
 25.28976143 26.40805169 27.07902584 25.68737575 28.91799205 27.70651093
 27.22191849 28.6694831  29.65109344 29.39015905 29.9555169  30.42147117
 31.39686879 23.9167495 ]",63903.33676071536
2025-06-15 17:15:00+00:00,1035,6074.48,9.0,28.06285726763532,27.86953280318091,32.90034791252485,"[23.16500994 25.86133201 25.62524851 27.45178926 26.96719682 28.87450298
 28.33399602 29.76913519 29.8499006  29.08573559 29.68836978 30.33449304
 30.67619284 24.56287276 26.71247515 24.89214712 25.46993042 24.90457256
 26.30243539 27.9612326  29.70079523 28.88071571 28.62599404 31.01167992
 30.58921471 29.01739563 30.0611332  24.81138171 24.8610835  25.7805666
 27.13494036 27.27162028 28.01714712 28.24080517 28.58871769 28.19110338
 28.94284294 29.20999006 29.4833499  29.92445328 30.6637674  25.13444334
 23.61853877 26.76217694 25.15929423 27.32753479 26.60685885 26.55715706
 29.10437376 29.70700795 29.89338966 29.34045726 27.66302187 30.28479125
 30.51466203 30.4276839  24.14662028 24.27708748 25.83648111 26.17818091
 27.38966203 27.11630219 27.27162028 29.33424453 29.51441352 29.06088469
 29.43986083 31.11729622 30.17917495 32.90034791 25.38916501 26.81187873
 24.19632207 26.79324056 25.97937376 27.22813121 26.38941352 27.78727634
 27.22191849 28.63841948 30.78802187 29.75049702 30.62649105 32.12375746
 25.44507952 25.31461233 25.30218688 25.61282306 26.8305169  26.84294235
 26.50745527 28.86829026 27.80591451 30.07977137 28.71918489 29.50198807
 31.15457256 30.45874751 31.42171968 24.36406561 23.32654076 25.92967197
 24.91078529 26.38941352 27.41451292 27.19706759 29.07331014 27.94259443
 29.20377734 30.32206759 29.29075547 31.53976143 32.32877734 24.11555666
 23.53777336 25.98558648 27.25298211 27.28404573 26.27758449 27.75621272
 27.95501988 29.0360338  28.99875746 29.3528827  29.65730616 29.23484095
 30.25994036 25.32082505 25.95452286 25.45129225 27.27162028 26.94855865
 27.33996024 28.61978131 27.3026839  28.694334   27.19085487 29.20999006
 29.4833499  31.29125249 32.16724652 24.07828032 24.0472167  25.92967197
 25.08474155 27.69408549 26.38941352 25.92345924 28.4582505  27.63195825
 29.19756461 27.9612326  30.55815109 29.84368787 31.08001988 32.51515905
 25.17793241 26.88021869 25.14065606 25.93588469 25.95452286 26.58822068
 26.78081511 27.0417495  29.40879722 29.20377734 29.29696819 29.79398608
 32.34120278 29.9555169  24.16525845 26.63792247 24.66227634 26.45154076
 26.27758449 26.33971173 28.01093439 30.37176938 27.43936382 28.46446322
 28.38991054 29.98658052 31.83175944 30.14811133 24.90457256 25.0723161
 24.91699801 26.20924453 27.84319085 26.98583499 26.16575547 28.82480119
 27.6443837  29.88717694 30.80044732 29.9555169  29.55168986 30.17296223
 30.07355865 24.69333996]",63776.69527460073
2025-06-15 17:16:00+00:00,1036,6054.900000000001,9.0,28.0041638163483,27.808710238568583,32.93141153081511,"[24.2584493  25.84269384 24.15904573 27.16600398 25.09095427 27.38966203
 28.79373757 29.57032803 29.50198807 30.64512922 30.58300199 30.44632207
 32.93141153 25.22763419 25.83648111 24.91699801 25.7805666  26.24652087
 26.81809145 27.49527833 28.27808151 28.94905567 28.07306163 30.53951292
 30.91227634 30.58921471 31.91252485 24.05342942 25.62524851 26.49502982
 26.78702783 26.43290258 26.21545726 27.90531809 26.87400596 29.07331014
 28.28429423 29.19756461 30.28479125 31.50248509 31.73235586 25.78677932
 24.69955268 23.89811133 24.40755467 25.81784294 27.61332008 26.58200795
 27.75       28.30914513 27.68166004 28.68190855 30.14811133 31.71371769
 30.81287276 32.0305666  24.76167992 23.65581511 26.63792247 25.7805666
 26.53851889 26.38941352 27.84319085 29.55168986 29.09194831 29.57654076
 28.16003976 28.68190855 32.28528827 29.40879722 25.48856859 27.6195328
 25.73707753 24.93563618 26.03528827 25.53827038 28.36505964 28.16003976
 28.6694831  29.32181909 29.88096421 29.75670974 30.13568588 31.69507952
 24.84865805 26.22166998 24.89214712 27.10387674 25.25248509 27.65680915
 28.48931412 27.21570577 28.27808151 28.73161034 28.75024851 28.96148111
 30.63270378 30.875      32.47166998 24.53802187 26.31486083 24.50695825
 26.27758449 28.30914513 28.65705765 28.25323062 27.92395626 27.26540755
 29.11058648 29.30939364 29.89338966 30.12326044 32.32877734 24.91078529
 23.79249503 25.87997018 26.58822068 27.96744533 25.98558648 27.22191849
 28.44582505 28.79373757 28.71297217 30.86257455 30.04870775 30.57057654
 30.17296223 25.78677932 23.46322068 24.06585487 26.00422465 25.53205765
 26.40805169 27.76242545 27.37102386 28.04199801 28.9055666  30.7445328
 29.14786282 30.89985089 31.49005964 23.84840954 23.98508946 25.60039761
 27.20949304 24.2833002  25.12823062 26.64413519 27.55740557 29.2721173
 29.9555169  28.3277833  29.50198807 29.33424453 32.16724652 30.35934394
 23.11530815 25.04746521 26.06013917 27.60089463 27.33996024 27.45800199
 27.73136183 28.02957256 29.75670974 28.64463221 28.99254473 29.76913519
 30.34070577 31.16699801 23.87326044 24.79274354 26.83672962 26.02286282
 26.78081511 26.86779324 27.20949304 27.8556163  26.40183897 28.1973161
 29.24105368 28.84965209 30.43389662 31.71993042 24.40134195 24.96048708
 24.89214712 25.40159046 26.30243539 26.20303181 27.78106362 27.89910537
 28.35263419 29.28454274 29.89338966 29.06709742 29.53926441 29.9555169
 30.14189861 25.53205765]",63580.33046397486
2025-06-15 17:17:00+00:00,1037,6067.04,9.0,28.039071553537006,27.846421471172963,33.42842942345924,"[25.22142147 27.65680915 25.83026839 26.85536779 28.14140159 29.42122266
 28.21595427 28.22837972 29.02982107 28.81858847 30.23508946 29.81883698
 31.93737575 24.58772366 24.99776342 26.84915507 26.42047714 26.24030815
 28.05442346 28.57629225 28.40233598 29.30939364 30.06734592 28.66327038
 29.66973161 30.76317097 30.85014911 24.23359841 25.33946322 25.31461233
 26.76838966 25.58175944 29.44607356 28.3277833  27.11008946 28.1165507
 27.97365805 30.24130219 27.89910537 30.09219682 28.85586481 25.32703777
 24.48210736 25.83648111 25.4388668  28.74403579 27.8804672  26.88021869
 27.0417495  28.40854871 29.06088469 29.43364811 29.0111829  29.60139165
 30.20402584 30.78802187 24.2833002  25.61903579 26.66277336 27.35859841
 26.74353877 27.91774354 28.34020875 27.76863817 29.32181909 30.45874751
 28.694334   30.1916004  30.33449304 30.93091451 24.98533797 24.19010934
 27.50149105 25.94209742 26.29622266 25.8054175  26.65656064 28.99254473
 28.17246521 28.11033797 29.52062624 28.62599404 29.45849901 30.07977137
 25.00397614 25.87997018 25.37673956 25.36431412 25.83026839 26.79324056
 26.60064612 27.49527833 28.28429423 26.65656064 31.0862326  30.71968191
 30.71346918 29.99900596 31.03653082 25.05989066 25.37673956 25.70601392
 25.44507952 22.84816103 27.5139165  26.88021869 29.02982107 29.25347913
 29.20999006 31.0054672  31.96843936 28.5390159  30.4276839  23.63096421
 25.84890656 27.0417495  26.45775348 26.55715706 26.81187873 27.44557654
 27.20328032 28.65084493 28.4582505  30.70725646 31.17942346 30.25994036
 31.03653082 24.78653082 25.24005964 25.87375746 26.805666   27.24676938
 26.4639662  26.19681909 26.2527336  28.12276342 29.68836978 29.46471173
 29.72564612 31.24776342 31.05516899 25.51341948 26.10362823 25.8054175
 25.97937376 24.12798211 27.27162028 27.04796223 28.46446322 28.31535785
 29.32803181 29.65109344 29.52683897 29.42743539 28.5638668  32.01814115
 25.66873757 25.35188867 23.4694334  27.61332008 27.14115308 28.12897614
 28.74403579 28.65084493 30.89363817 28.02335984 30.18538767 29.36530815
 29.97415507 31.96843936 24.40134195 25.35188867 26.02907555 25.27112326
 28.61978131 27.63817097 28.60114314 26.79324056 28.39612326 28.97390656
 27.50149105 29.59517893 29.88096421 30.28479125 23.17743539 24.97912525
 26.51988072 26.69383698 27.43936382 26.02907555 27.8556163  26.79324056
 27.06038767 26.92992048 27.76863817 29.12301193 29.70700795 30.92470179
 33.42842942 25.36431412]",63697.1177895134
2025-06-15 17:18:00+00:00,1038,6049.54,9.0,27.986504452940014,27.79206013916501,32.15482107355865,"[26.65034791 24.76167992 26.92992048 26.20924453 29.56411531 26.40183897
 27.86804175 28.36505964 29.53926441 28.83101392 28.48310139 30.61406561
 31.68265408 25.78677932 26.4888171  25.89239563 24.94806163 25.53205765
 27.56983101 28.75024851 27.99850895 26.98583499 28.47688867 29.41500994
 30.27857853 30.73210736 31.32852883 25.27733598 26.04150099 26.07256461
 27.09145129 26.82430417 26.3583499  27.60089463 28.49552684 28.91799205
 26.8305169  30.21023857 29.60760437 29.89960239 31.76963221 24.21496024
 26.01043738 24.52559642 25.90482107 25.6500994  27.23434394 26.51988072
 26.43290258 27.3026839  29.05467197 29.83747515 28.46446322 29.75670974
 31.39065606 30.98682903 24.0472167  26.96719682 25.44507952 25.04746521
 26.04150099 26.14090457 28.85586481 26.73111332 29.27833002 29.8499006
 29.35909543 29.51441352 30.85014911 30.71346918 24.34542744 25.43265408
 24.5193837  27.63817097 26.06013917 26.30243539 28.78752485 28.41476143
 28.9055666  28.58250497 29.09194831 31.16699801 31.30989066 31.44657058
 23.12152087 25.18414513 26.06013917 25.98558648 26.58200795 27.14115308
 27.9612326  29.39637177 27.33374751 27.93638171 30.1667495  30.45874751
 29.76292247 28.78131213 31.04274354 22.72390656 24.27708748 25.96073559
 25.81784294 27.48285288 27.75621272 28.44582505 26.84915507 27.86804175
 29.78156064 30.20402584 31.07380716 29.52683897 32.15482107 25.09095427
 25.31461233 26.14090457 26.55094433 25.81163022 26.37077535 28.70054672
 29.31560636 26.78702783 29.07952286 27.76863817 30.65134195 30.99925447
 31.15457256 24.99776342 26.17818091 25.63146123 27.01689861 27.52634195
 28.36505964 28.12276342 26.04771372 26.51988072 28.5638668  30.07977137
 28.30914513 31.5583996  29.74428429 24.18389662 23.61232604 25.9917992
 27.70651093 24.97291252 27.66302187 26.65034791 28.48931412 27.20949304
 29.08573559 28.72539761 29.60139165 30.96819085 30.17917495 31.06138171
 25.84890656 25.46371769 24.58151093 27.15357853 26.22166998 27.78727634
 30.25372763 28.25944334 28.20352883 29.51441352 29.73185885 30.14189861
 30.04870775 29.7194334  23.71172962 25.76814115 26.44532803 26.64413519
 25.5444831  26.84915507 27.84319085 27.72514911 27.81833996 28.23459245
 28.75024851 29.64488072 28.4582505  31.51491054 25.3332505  24.31436382
 25.76192843 25.16550696 27.56983101 27.3026839  26.94855865 27.18464215
 27.47042744 28.17246521 29.39015905 29.96794235 30.44010934 30.48359841
 30.96819085 21.50621272]",63521.249297756105
2025-06-15 17:19:00+00:00,1039,6057.16,9.0,28.008061687215392,27.81573061630218,32.63941351888668,"[25.90482107 24.61257455 26.60685885 26.38941352 28.04199801 27.0417495
 28.28429423 30.09219682 27.81212724 29.24105368 30.12947316 31.85039761
 32.17967197 24.07828032 24.30193837 26.7249006  26.71247515 26.08499006
 28.87450298 26.61928429 28.03578529 27.71893638 27.55740557 30.11083499
 30.24130219 30.02385686 30.45874751 22.73633201 25.20899602 25.93588469
 25.97316103 26.73111332 27.10387674 27.72514911 27.75       28.37748509
 30.93091451 28.71918489 30.79423459 29.40258449 30.64512922 24.34542744
 24.45104374 27.11630219 26.10984095 25.28354871 25.62524851 27.75621272
 25.37673956 28.89314115 27.75       27.83697813 29.40258449 29.89338966
 30.48981113 29.83747515 24.89214712 26.22166998 26.66277336 27.63195825
 26.33971173 28.14140159 27.46421471 27.3834493  28.10412525 28.55765408
 29.3528827  29.77534791 30.78180915 30.73832008 23.53777336 23.67445328
 24.47589463 26.16575547 27.56361829 26.37698807 27.54498012 30.04870775
 30.27857853 28.7750994  28.20352883 30.37176938 29.34045726 28.33399602
 23.69309145 24.76167992 26.96719682 25.98558648 26.24030815 26.97962227
 26.61307157 27.42693837 27.97365805 31.26640159 29.29696819 30.39662028
 31.14214712 31.27261431 29.57654076 24.05342942 25.16550696 25.97316103
 26.94855865 28.10412525 27.33996024 27.76242545 28.47688867 28.17246521
 30.25994036 30.58300199 29.45228628 30.77559642 30.67619284 22.71769384
 25.58797217 25.36431412 25.83026839 27.94880716 26.16575547 27.20949304
 28.17867793 27.42072565 28.30293241 30.07355865 30.83151093 32.59592445
 32.09269384 24.25223658 24.96048708 24.93563618 26.32728628 26.54473161
 27.83076541 28.14761431 27.73136183 28.4333996  27.17842942 29.21620278
 29.3777336  31.40929423 30.34691849 23.30168986 24.09691849 25.20899602
 26.25894632 27.35859841 26.40183897 28.5390159  25.62524851 27.80591451
 29.94930417 28.14140159 28.94284294 29.87475149 31.61431412 31.10487078
 26.63170974 26.56336978 27.17842942 25.94209742 26.17818091 26.67519881
 28.63841948 26.3832008  28.43961233 29.2721173  29.99900596 29.47713718
 29.78777336 31.99950298 24.33300199 24.39512922 25.7805666  26.92370775
 27.42072565 28.20974155 28.34642147 29.0360338  28.62599404 28.63220676
 30.06734592 27.8556163  30.34070577 29.78156064 24.90457256 24.32678926
 24.74925447 26.66277336 26.10362823 26.1471173  27.00447316 26.70626243
 28.23459245 30.26615308 29.7194334  31.70129225 30.48981113 32.63941352
 32.01814115 23.31411531]",63593.37118074781
2025-06-15 17:20:00+00:00,1040,5995.5599999999995,9.0,27.825341807860855,27.624378727634195,31.918737574552683,"[24.63121272 25.57554672 26.09120278 27.40208748 28.21595427 27.82455268
 28.47688867 31.6640159  27.42072565 31.38444334 30.60164016 31.09244533
 31.06138171 23.43836978 25.76192843 24.7554672  27.1722167  26.7249006
 28.31535785 28.30914513 25.66252485 27.60710736 29.1167992  28.9304175
 27.97987078 30.05492048 30.52087475 22.68663022 24.63742545 25.03503976
 26.08499006 27.11008946 27.06038767 26.60064612 26.68762425 28.07306163
 28.04199801 30.00521869 29.43364811 30.48981113 30.17917495 23.90432406
 23.16500994 24.56287276 25.81784294 25.40159046 26.81809145 26.60685885
 28.4333996  26.52609344 27.09145129 29.40879722 29.6945825  31.819334
 30.51466203 29.88096421 25.24005964 24.15904573 27.48285288 25.91724652
 27.33374751 26.38941352 26.73111332 27.96744533 28.57007952 28.02335984
 29.83126243 31.91873757 29.86232604 30.55193837 23.53156064 26.0166501
 25.7805666  24.64985089 26.57579523 26.71247515 27.81833996 27.77485089
 29.53926441 27.55740557 30.57678926 29.52683897 29.67594433 29.5082008
 23.25198807 24.1776839  24.73682903 25.75571571 27.36481113 26.17818091
 26.88021869 25.98558648 27.84319085 29.98036779 30.70104374 29.36530815
 30.73210736 30.38419483 31.0054672  24.19632207 25.28976143 26.20924453
 28.222167   26.88643141 26.94234592 29.16650099 28.65705765 28.25323062
 28.50173956 28.12897614 30.5084493  30.09840954 31.80690855 23.69309145
 24.94806163 25.27112326 24.97912525 26.55715706 26.87400596 27.76242545
 27.52012922 28.89935388 28.694334   29.34045726 30.60164016 31.81312127
 29.0111829  25.01018887 26.17818091 24.92942346 26.805666   27.15357853
 27.24055666 24.98533797 26.07256461 27.56983101 28.73782306 30.1916004
 29.54547714 29.70079523 31.01789264 23.45700795 23.17122266 23.54398608
 24.60014911 25.31461233 26.61928429 27.20949304 26.01043738 27.76242545
 27.79348907 29.6138171  29.38394632 28.6694831  28.70675944 30.75695825
 24.22738569 25.25248509 24.61257455 25.5444831  28.70675944 26.50124254
 29.1167992  28.93663022 28.65084493 28.98633201 30.76317097 28.79373757
 31.35337972 30.73832008 23.9167495  23.77385686 24.7306163  24.41998012
 25.66873757 27.22813121 29.40258449 27.15357853 29.86232604 27.1722167
 29.91824056 30.53951292 29.89960239 30.96819085 22.91650099 25.84269384
 23.9416004  26.71247515 26.43911531 28.4333996  27.71893638 27.11630219
 30.6637674  29.55790258 29.30939364 30.52087475 29.3777336  30.76317097
 30.12326044 24.88593439]",62982.06355237927
2025-06-15 17:21:00+00:00,1041,6012.379999999999,9.0,27.874036930104115,27.67662773359841,32.40333001988071,"[25.16550696 26.02907555 25.96073559 26.9361332  28.03578529 26.4639662
 26.30864811 28.58871769 28.40233598 29.37152087 29.76913519 30.73210736
 29.22241551 26.83672962 23.40109344 25.59418489 25.24627237 27.45178926
 27.0417495  29.91202783 26.9361332  27.52012922 28.89935388 27.65059642
 28.57629225 30.49602386 31.09865805 25.14065606 25.47614314 27.35859841
 24.74925447 25.75571571 27.5139165  26.09741551 27.44557654 27.23434394
 29.05467197 27.71893638 29.99900596 29.0111829  29.93687873 25.50720676
 23.74900596 26.44532803 24.97291252 26.07256461 26.54473161 26.43290258
 27.54498012 29.17271372 29.53305169 29.11058648 29.4833499  30.58300199
 30.03006958 30.07977137 25.47614314 26.21545726 24.30815109 26.51988072
 27.22813121 26.68141153 28.09791252 26.33971173 27.71272366 30.09219682
 27.277833   29.1167992  29.96172962 32.14239563 24.46346918 25.76814115
 26.3832008  26.43290258 26.76217694 26.85536779 27.11008946 26.86779324
 27.82455268 27.81833996 28.67569583 29.40879722 29.58275348 29.91202783
 24.76789264 25.51341948 26.29622266 24.4945328  25.10959245 24.64363817
 28.86207753 27.95501988 29.30318091 27.02932406 29.09194831 29.51441352
 30.45874751 32.40333002 32.20452286 24.11555666 24.85487078 24.19010934
 26.52609344 26.63792247 26.43911531 27.47664016 26.91749503 28.35884692
 28.85586481 29.80019881 29.72564612 31.20427435 31.48384692 25.22142147
 25.83648111 26.33971173 25.02882704 27.63817097 27.61332008 26.5944334
 27.56983101 29.02360835 28.00472167 29.81262425 29.70079523 29.45228628
 30.6389165  23.58747515 26.26515905 23.45700795 23.90432406 26.91749503
 27.72514911 28.02957256 27.277833   28.38991054 30.16053678 30.09219682
 29.32181909 30.27857853 31.67644135 24.58151093 25.17793241 26.47639165
 24.89835984 25.63146123 26.01043738 27.26540755 28.4333996  27.71272366
 29.52062624 28.99875746 29.20377734 30.47738569 31.89388668 29.45849901
 24.34542744 26.99826044 26.40805169 27.17842942 25.38295229 26.78081511
 28.38991054 29.33424453 28.222167   28.16003976 29.64488072 30.39662028
 31.40308151 30.86257455 25.51341948 26.90506958 24.30815109 26.00422465
 26.29622266 26.74975149 27.55740557 28.60114314 29.2721173  29.85611332
 28.58250497 28.41476143 29.29075547 31.5832505  23.98508946 24.98533797
 26.97962227 25.3083996  28.76888668 26.44532803 27.5387674  26.70626243
 27.42693837 28.37127237 29.01739563 29.65730616 29.60760437 30.73832008
 31.99329026 23.38245527]",63144.97795335633
2025-06-15 17:22:00+00:00,1042,5979.5199999999995,9.0,27.77611836908541,27.574552683896616,32.19209741550696,"[24.65606362 26.07256461 25.69358847 27.50149105 26.63170974 27.19085487
 28.24080517 29.41500994 30.59542744 29.34045726 29.20999006 30.48359841
 30.42147117 25.17171968 24.84244533 26.39562624 26.28379722 26.28379722
 27.45800199 29.32803181 27.35238569 27.25298211 27.59468191 29.12922465
 28.5390159  30.34070577 31.32852883 23.77385686 24.12798211 26.51988072
 27.58846918 27.70029821 26.60064612 27.32753479 28.12897614 28.48310139
 28.53280318 29.45228628 29.22862823 29.12301193 30.73210736 22.9972664
 23.93538767 24.31436382 25.22142147 27.01068588 27.43315109 26.58200795
 28.222167   28.11033797 28.55144135 29.33424453 27.45800199 30.12326044
 29.98036779 30.7693837  25.40780318 24.48210736 24.47589463 25.79299205
 26.69383698 26.67519881 26.2527336  28.89935388 28.45203777 29.70700795
 28.07306163 30.11704771 29.76913519 31.16699801 25.70601392 25.92345924
 26.21545726 26.10362823 26.34592445 26.24030815 26.77460239 27.06038767
 27.74378728 28.16003976 30.7445328  30.44632207 32.19209742 29.76913519
 23.10909543 25.6500994  26.89264414 27.02311133 25.60039761 26.75596421
 27.52634195 27.86182903 27.65059642 27.74378728 28.1165507  28.9304175
 28.73782306 28.89935388 31.62673956 23.09045726 25.097167   25.10959245
 26.0166501  25.77435388 27.12251491 27.49527833 27.07902584 28.68812127
 29.57654076 28.78131213 29.76913519 30.99925447 29.33424453 24.2833002
 25.59418489 26.61928429 25.46371769 25.61903579 27.24055666 27.07902584
 28.84965209 27.70651093 28.35263419 29.02360835 28.29671968 30.16053678
 30.91227634 24.96048708 23.99751491 25.06610338 26.4639662  26.30243539
 26.55715706 25.07852883 28.89314115 28.06684891 26.64413519 27.63817097
 29.8250497  29.96794235 31.29746521 25.14686879 25.02882704 25.32703777
 26.84915507 24.81138171 27.15979125 27.79970179 27.4083002  28.32157058
 27.76863817 29.91824056 29.12922465 29.16650099 30.12947316 31.04274354
 23.20849901 25.12201789 26.61928429 26.99204771 27.97365805 27.12872763
 26.96719682 27.40208748 27.89910537 28.40233598 28.94905567 29.66973161
 31.44035785 29.19756461 24.9666998  24.40134195 25.10337972 25.87375746
 25.69358847 27.38966203 27.65680915 28.53280318 27.52012922 27.06038767
 28.23459245 29.83126243 29.28454274 31.65159046 23.03454274 25.6749503
 23.8359841  27.31510934 26.38941352 25.86133201 25.97937376 28.85586481
 28.76267396 28.11033797 28.71918489 30.14811133 30.66998012 31.26018887
 32.01192843 25.57554672]",62817.38161561215
2025-06-15 17:23:00+00:00,1043,5988.77,9.0,27.802462447511232,27.603286530815108,32.17967196819085,"[26.10984095 24.96048708 26.42047714 26.43911531 26.3583499  26.47017893
 28.30293241 28.65084493 28.86829026 29.57032803 31.05516899 30.33449304
 30.44010934 24.19632207 24.88593439 25.55069583 24.78031809 26.24030815
 26.10362823 29.28454274 26.76838966 29.2721173  29.24105368 29.40258449
 29.59517893 28.49552684 31.17942346 24.17147117 23.87326044 23.96023857
 27.52012922 28.79373757 28.24701789 27.37723658 28.01093439 27.02932406
 29.57654076 29.47713718 28.65084493 27.70029821 30.82529821 22.79845924
 24.59393638 24.55666004 26.9609841  25.56312127 27.26540755 28.45203777
 27.8804672  27.73757455 28.34020875 30.83151093 28.34020875 31.29125249
 28.78752485 30.70725646 25.10337972 25.69980119 26.19060636 25.38916501
 25.83026839 28.4582505  27.25919483 26.99204771 28.71918489 29.19756461
 31.23533797 30.55193837 30.93091451 32.17967197 25.45129225 24.36406561
 24.48210736 26.23409543 26.65034791 26.06013917 27.06038767 27.91153082
 27.55119284 27.68787276 28.89314115 27.84940358 29.73185885 29.55168986
 25.50720676 24.53180915 26.10362823 26.00422465 25.96073559 26.16575547
 27.76863817 28.15382704 28.68812127 30.14811133 31.12350895 28.73782306
 29.55168986 31.26018887 30.2972167  25.89239563 25.75571571 24.26466203
 26.68141153 25.57554672 26.65656064 26.1222664  27.40208748 28.98011928
 28.99254473 29.8499006  29.86232604 29.68836978 31.02410537 24.46346918
 24.45725646 25.07852883 25.92345924 27.99229622 28.01093439 24.53802187
 26.85536779 27.91774354 30.04870775 28.83101392 28.3277833  28.57629225
 29.97415507 24.34542744 24.23359841 24.86729622 25.51963221 25.25869781
 26.99204771 27.48906561 28.7999503  28.67569583 28.72539761 28.87450298
 29.83126243 30.35313121 30.45874751 25.55690855 24.8362326  23.98508946
 26.40805169 25.28354871 25.9110338  27.24055666 28.40233598 28.89935388
 28.73161034 29.00497018 30.03006958 28.65705765 30.7693837  30.15432406
 24.63742545 25.62524851 24.64363817 26.53851889 26.61928429 27.52012922
 25.73086481 26.33971173 27.66302187 29.22862823 29.56411531 31.01789264
 29.50198807 31.2415507  23.78628231 25.15308151 25.40780318 27.94880716
 26.89885686 25.90482107 28.3277833  27.19706759 28.30914513 29.1167992
 30.35313121 30.37176938 30.35313121 29.77534791 24.69333996 26.05392644
 25.61282306 25.22142147 25.20899602 25.36431412 26.04771372 28.08548708
 27.01689861 28.80616302 30.09840954 30.94955268 29.09816103 28.88692843
 31.56461233 25.61903579]",62905.51836439359
2025-06-15 17:24:00+00:00,1044,6024.99,9.0,27.908390381339903,27.715798956262425,32.912773359840955,"[26.02286282 26.47639165 26.27758449 28.16003976 26.73732604 27.83076541
 28.30914513 29.30939364 28.07306163 29.07331014 30.88121272 32.49030815
 31.0862326  24.60014911 25.68737575 26.63170974 26.00422465 25.25869781
 26.53230616 29.70700795 26.62549702 28.7999503  27.10387674 28.5638668
 28.83101392 30.32206759 32.91277336 23.19607356 26.86158052 27.13494036
 25.31461233 25.45129225 27.79348907 27.27162028 27.37102386 27.60710736
 30.20402584 29.68836978 29.44607356 30.52708748 31.15457256 24.16525845
 24.16525845 24.86729622 25.48235586 27.43315109 25.36431412 26.67519881
 28.20352883 28.24080517 29.15407555 28.80616302 30.1667495  30.84393638
 30.37176938 31.11729622 23.4694334  25.42644135 26.42668986 25.71843936
 25.23384692 27.24676938 27.24055666 28.49552684 26.8305169  28.27186879
 28.50173956 31.30367793 29.96172962 30.99925447 23.93538767 26.56336978
 23.87326044 25.76192843 26.02907555 27.54498012 27.78727634 26.51366799
 27.58846918 28.5638668  30.4276839  28.94905567 29.68215706 30.62027833
 26.04150099 24.64363817 25.13444334 26.48260437 25.66873757 25.21520875
 28.60114314 27.15979125 28.3277833  30.11704771 30.59542744 28.81237575
 29.83747515 30.57057654 30.19781312 24.81759443 24.7554672  25.097167
 28.14140159 26.29000994 27.29025845 26.83672962 27.32753479 27.80591451
 28.19110338 29.57032803 31.76341948 29.94930417 28.60735586 25.76192843
 26.21545726 26.92370775 25.42644135 26.85536779 28.85586481 28.39612326
 27.24676938 27.24055666 29.07331014 31.56461233 29.63866799 30.42147117
 30.44010934 24.3889165  23.42594433 25.15929423 25.3332505  26.31486083
 27.12872763 27.06038767 28.51416501 29.52683897 27.16600398 28.59493042
 29.91202783 30.18538767 30.02385686 23.93538767 24.80516899 25.32703777
 25.56312127 27.17842942 25.27733598 27.24055666 28.12897614 28.47067594
 28.35263419 29.47713718 29.41500994 29.8250497  31.30989066 30.61406561
 26.10362823 24.26466203 26.81809145 26.19060636 27.66302187 25.32082505
 27.01689861 28.81237575 28.19110338 29.85611332 28.86207753 29.98036779
 29.41500994 32.34741551 24.94806163 26.45154076 25.98558648 26.1222664
 25.63146123 27.19085487 29.29696819 27.57604374 27.26540755 29.81262425
 28.65084493 31.80690855 30.11083499 29.47092445 24.65606362 24.11555666
 23.5999006  25.68737575 25.9110338  25.92345924 28.10412525 27.75621272
 28.01714712 26.99826044 28.05442346 29.53305169 30.22266402 30.60785288
 30.89363817 24.99776342]",63259.91085981079
2025-06-15 17:25:00+00:00,1045,5983.79,9.0,27.785842733061536,27.58781684890656,31.53354870775348,"[26.0166501  25.61903579 26.4888171  27.76863817 26.71868787 26.94234592
 28.30293241 28.33399602 29.00497018 29.22862823 29.54547714 30.85636183
 29.83747515 25.06610338 26.09741551 26.69383698 27.44557654 27.97365805
 26.82430417 26.25894632 28.52037773 26.89264414 28.92420477 28.61978131
 29.70079523 28.44582505 31.35959245 24.39512922 24.56908549 25.99801193
 26.64413519 25.30218688 26.74975149 27.25919483 28.34020875 28.07927435
 27.86804175 28.57007952 30.24130219 29.2721173  28.88071571 24.45104374
 26.37077535 25.25869781 26.32728628 25.64388668 24.92321074 26.4888171
 26.4888171  27.01689861 28.50795229 29.25969185 30.22887674 29.40258449
 30.9806163  30.65755467 25.73086481 24.45104374 27.02311133 27.32753479
 25.66873757 26.24030815 28.11033797 27.75621272 28.84343936 27.89289264
 27.78106362 30.54572565 30.24751491 30.81287276 25.55690855 24.13419483
 26.73111332 25.74950298 25.71222664 26.67519881 26.27137177 28.11033797
 29.43986083 29.0360338  28.68812127 28.63220676 29.18513917 30.83151093
 23.48807157 24.42619284 25.46993042 25.55069583 24.80516899 24.44483101
 26.36456262 27.97365805 28.04199801 28.11033797 28.9055666  29.4833499
 30.01143141 29.47092445 31.50869781 25.70601392 25.68737575 26.65656064
 25.34567594 24.84244533 27.03553678 26.5944334  28.24080517 28.70675944
 29.09194831 29.40258449 29.65109344 29.63866799 31.53354871 24.23359841
 26.88021869 25.14686879 26.17196819 25.47614314 25.569334   27.93016899
 26.56336978 27.20328032 29.2472664  29.60760437 29.04224652 30.86878728
 31.22291252 23.7055169  26.68141153 24.85487078 26.27137177 26.37077535
 25.76192843 26.41426441 27.76863817 30.27857853 27.80591451 30.47117296
 29.43364811 30.81908549 28.60735586 24.68091451 25.31461233 26.23409543
 26.25894632 25.24005964 25.49478131 25.74329026 29.47092445 28.60114314
 29.39015905 28.24080517 29.57032803 28.86829026 30.95576541 31.49005964
 24.03479125 24.92942346 28.22837972 26.84294235 27.63195825 26.89264414
 28.84343936 27.43936382 29.62002982 28.85586481 29.31560636 28.97390656
 29.11058648 29.07952286 24.3889165  23.63717694 25.85511928 24.2833002
 25.89239563 28.24701789 26.66277336 26.31486083 28.3277833  29.91202783
 29.70079523 29.7194334  29.85611332 30.07355865 24.09070577 24.83001988
 25.04746521 26.20924453 25.92345924 28.50173956 27.63195825 29.80019881
 27.49527833 27.26540755 28.64463221 29.42743539 29.43986083 31.40929423
 30.43389662 25.74329026]",62849.91544773069
2025-06-15 17:26:00+00:00,1046,5989.62,9.0,27.80207691418274,27.605926938369777,33.42842942345924,"[25.08474155 25.84890656 26.79945328 27.35859841 27.13494036 26.92992048
 29.02360835 27.79970179 28.12897614 27.63195825 29.80019881 30.97440358
 31.38444334 24.83001988 25.30218688 24.16525845 27.09766402 26.56336978
 27.20328032 26.89885686 27.81212724 29.38394632 31.16699801 27.61332008
 29.77534791 29.07331014 31.30989066 25.70601392 23.64960239 26.43911531
 25.48856859 26.32728628 27.02932406 27.47664016 27.43315109 27.55740557
 28.28429423 29.43364811 27.77485089 30.73832008 30.25372763 23.29547714
 25.40780318 24.02236581 24.78031809 27.32132207 26.42047714 27.00447316
 26.75596421 29.54547714 28.37748509 28.88692843 29.93687873 28.43961233
 29.76292247 31.347167   23.55019881 22.56858847 26.09741551 24.92321074
 25.04746521 27.68166004 27.37723658 28.16625249 29.24105368 28.99875746
 29.79398608 30.17917495 30.89985089 30.75695825 24.12176938 25.90482107
 25.8861829  28.24701789 27.24055666 27.41451292 26.48260437 28.31535785
 29.71322068 28.65705765 28.34020875 28.14140159 29.65730616 29.98036779
 23.63096421 24.38270378 23.81734592 24.91699801 25.72465209 26.05392644
 25.51963221 28.04821074 28.41476143 29.7194334  30.09219682 29.52062624
 29.57654076 29.42743539 30.83772366 25.19035785 25.95452286 25.81163022
 27.38966203 27.55119284 27.58225646 27.21570577 28.57629225 27.46421471
 29.3777336  29.19756461 30.04249503 31.17321074 33.42842942 25.70601392
 26.68141153 23.81734592 24.89835984 27.65680915 26.37077535 27.37102386
 27.79970179 29.21620278 27.4083002  28.94284294 29.72564612 30.05492048
 30.01764414 23.78628231 26.43911531 25.79299205 25.69358847 26.30864811
 27.14736581 28.30914513 26.4888171  27.83697813 28.40233598 30.81908549
 29.2472664  28.61978131 31.25397614 22.33250497 23.81734592 23.62475149
 24.68091451 26.00422465 26.55094433 27.46421471 26.60064612 29.06709742
 28.16625249 28.73161034 29.6945825  29.47713718 30.67619284 30.80044732
 24.14040755 23.53156064 26.45154076 26.66898608 25.24005964 27.29025845
 27.75       27.68166004 28.20974155 29.00497018 31.40929423 29.51441352
 31.82554672 30.83151093 23.66824056 24.8362326  24.8610835  26.63792247
 27.66923459 28.71918489 27.63195825 27.72514911 28.16625249 29.42743539
 30.56436382 29.86232604 29.14786282 30.86257455 24.71819085 25.17793241
 24.10934394 24.61878728 25.40780318 28.87450298 28.222167   27.61332008
 27.86182903 29.34666998 27.79970179 28.61978131 28.7999503  30.93091451
 29.22862823 25.01018887]",62904.22852408979
2025-06-15 17:27:00+00:00,1047,5979.88,9.0,27.772357605206462,27.57567097415507,32.136182902584494,"[26.04150099 25.16550696 26.34592445 26.78081511 29.20377734 29.04845924
 27.91774354 28.62599404 28.694334   30.69483101 29.5889662  30.83151093
 30.92470179 25.00397614 23.80492048 24.64363817 26.3583499  26.81187873
 26.3583499  27.11630219 28.31535785 27.25919483 28.00472167 27.59468191
 29.47713718 30.66998012 30.81287276 24.8362326  25.00397614 25.10959245
 25.53205765 24.63121272 26.75596421 26.43290258 28.51416501 27.81833996
 27.55740557 28.34642147 29.92445328 30.85636183 30.28479125 25.69980119
 24.53180915 24.34542744 26.27758449 26.07256461 27.8556163  27.80591451
 26.1222664  28.19110338 27.83697813 27.05417495 29.57032803 29.50198807
 30.32828032 29.96794235 25.51341948 24.91078529 25.00397614 25.95452286
 25.95452286 26.73732604 26.33971173 29.48956262 26.25894632 29.71322068
 30.9806163  28.54522863 30.31585487 29.63866799 24.152833   24.43240557
 24.19632207 25.03503976 25.3083996  27.29647117 28.25323062 29.46471173
 27.59468191 27.93638171 29.11058648 29.85611332 30.5084493  30.71968191
 23.15879722 24.14040755 24.65606362 26.41426441 26.10984095 26.99204771
 28.40854871 27.49527833 27.14115308 29.34666998 29.67594433 28.68190855
 30.54572565 30.57678926 29.78777336 25.14065606 25.22142147 25.01640159
 24.45725646 27.82455268 26.16575547 27.79970179 28.38991054 28.13518887
 30.30964215 28.34642147 31.78827038 31.76341948 29.6945825  23.58747515
 26.67519881 26.27758449 24.14662028 25.13444334 26.45775348 26.02286282
 28.84343936 28.34642147 28.68812127 28.28429423 29.16028827 32.1361829
 30.27857853 23.30168986 25.98558648 24.68712724 25.24627237 27.58225646
 28.63841948 28.12276342 27.02932406 27.24055666 29.43364811 28.60114314
 29.89960239 30.35313121 29.99279324 25.7805666  24.55044732 25.03503976
 26.00422465 25.69980119 27.19085487 26.02286282 27.1722167  28.42097416
 30.11704771 29.59517893 29.49577535 29.3528827  29.11058648 30.23508946
 24.76789264 24.78031809 24.97291252 27.89910537 26.79324056 25.71843936
 28.68190855 28.11033797 28.02957256 28.06063618 29.18513917 30.01764414
 30.31585487 30.23508946 25.48235586 24.79274354 25.25869781 24.78653082
 26.88021869 27.10387674 29.14786282 28.02957256 29.1167992  28.50795229
 27.11008946 29.80019881 29.68215706 28.6694831  24.99776342 23.55641153
 27.00447316 25.15308151 26.39562624 26.51988072 26.71868787 28.79373757
 28.60735586 30.33449304 30.35313121 28.78752485 30.84393638 28.86829026
 30.55193837 24.50695825]",62804.79960397873
2025-06-15 17:28:00+00:00,1048,5940.02,9.0,27.653747138335326,27.4518513916501,31.66401590457256,"[25.28354871 25.6500994  26.25894632 24.88593439 26.94234592 26.71247515
 27.35859841 26.78081511 29.2472664  29.38394632 29.47713718 29.88096421
 29.68215706 25.00397614 25.73086481 27.29647117 25.20899602 25.92967197
 27.40208748 27.52634195 28.46446322 28.7999503  28.9055666  28.61356859
 28.27186879 29.39637177 31.03031809 23.96645129 23.50670974 25.79299205
 25.55069583 24.07828032 26.74353877 27.32753479 29.31560636 28.15382704
 27.42072565 29.86232604 29.93687873 29.4833499  29.99900596 24.24602386
 25.03503976 26.10984095 26.97340954 26.30864811 26.52609344 27.07281312
 28.12276342 28.71297217 29.3777336  28.78752485 29.02982107 29.54547714
 30.52087475 31.21048708 25.31461233 25.08474155 25.73086481 24.60014911
 26.2527336  26.04771372 27.76863817 26.68141153 29.62002982 27.87425447
 28.35263419 30.89985089 28.62599404 30.25372763 24.50695825 25.55069583
 25.097167   24.3889165  26.52609344 26.76838966 28.60114314 28.1165507
 28.58250497 28.27186879 28.16625249 27.75621272 29.33424453 31.40308151
 25.24005964 24.17147117 25.79299205 27.16600398 25.79920477 24.81759443
 27.46421471 28.35884692 28.05442346 27.25919483 28.23459245 29.0360338
 31.33474155 30.85014911 30.16053678 24.74925447 26.25894632 25.63767396
 24.60636183 27.21570577 27.88667992 25.40780318 28.54522863 28.87450298
 28.34020875 29.21620278 30.60785288 30.13568588 29.3528827  25.26491054
 24.33300199 25.35188867 26.67519881 27.78727634 27.23434394 27.06038767
 28.38991054 25.96694831 28.4333996  29.34666998 29.19756461 28.86829026
 30.59542744 23.89811133 24.16525845 24.15904573 25.87997018 25.77435388
 25.97937376 28.75024851 27.01068588 27.88667992 28.81858847 30.27236581
 29.57032803 29.52683897 28.01093439 24.77410537 24.4945328  24.04100398
 26.78702783 25.69358847 26.55715706 27.65059642 27.66923459 26.78702783
 27.73136183 27.36481113 29.99900596 30.66998012 30.14189861 30.99925447
 22.8916501  25.73086481 26.28379722 27.00447316 25.29597416 28.51416501
 27.28404573 25.96694831 28.63841948 28.44582505 29.6945825  27.59468191
 31.6640159  29.17892644 25.43265408 24.17147117 25.19657058 24.56908549
 26.19060636 26.23409543 27.37723658 27.77485089 27.84319085 27.6195328
 28.47067594 30.57678926 30.05492048 28.52659046 23.40109344 25.36431412
 24.03479125 25.71222664 25.18414513 27.63817097 27.5139165  27.01689861
 30.06734592 29.68215706 28.79373757 30.11704771 29.84368787 29.32181909
 31.43414513 24.85487078]",62407.97642601468
2025-06-15 17:29:00+00:00,1049,5989.87,9.0,27.799869103336164,27.606703528827037,32.011928429423456,"[26.92370775 25.40159046 24.56287276 25.73707753 25.87375746 27.01689861
 27.79348907 27.36481113 28.35884692 29.20377734 29.48956262 30.77559642
 31.91252485 23.66824056 24.91078529 24.89835984 25.49478131 24.05964215
 26.90506958 27.61332008 29.17271372 28.43961233 26.5695825  29.63866799
 29.0111829  29.6945825  30.17296223 25.96694831 23.78628231 26.98583499
 25.29597416 26.18439364 27.24055666 26.03528827 27.73757455 29.51441352
 29.3528827  30.12947316 28.34020875 32.01192843 30.46496024 25.08474155
 25.62524851 25.64388668 24.91078529 27.10387674 26.97340954 26.92992048
 28.60114314 28.89935388 28.73782306 28.75646123 30.33449304 29.96794235
 28.80616302 30.875      25.3332505  25.16550696 25.12201789 25.8054175
 27.15357853 27.50770378 25.40159046 27.73136183 27.56361829 29.12301193
 29.21620278 29.73185885 29.79398608 31.23533797 24.72440358 24.64985089
 25.27733598 26.44532803 26.14090457 27.03553678 28.57007952 27.83076541
 27.22191849 28.07306163 29.66973161 29.99279324 31.0862326  31.73856859
 23.03454274 24.56287276 25.78677932 25.61903579 26.34592445 25.60039761
 27.60089463 27.14736581 28.22837972 27.91153082 30.35934394 28.80616302
 31.70750497 30.1667495  30.34070577 26.27758449 25.15929423 24.99776342
 25.58175944 26.2527336  28.26565606 26.78702783 27.63817097 28.38369781
 28.75646123 29.52062624 28.44582505 31.07380716 30.83772366 24.2584493
 24.53180915 25.45750497 26.1222664  27.0417495  25.96073559 26.53230616
 28.1973161  29.85611332 28.17867793 28.1165507  29.32181909 29.87475149
 30.44010934 23.64338966 26.54473161 25.42644135 25.92967197 26.92992048
 27.12251491 27.82455268 27.53255467 28.94284294 29.8250497  29.44607356
 28.89314115 30.5333002  29.55168986 23.19607356 25.71843936 25.92345924
 24.66848907 26.56336978 26.86779324 27.19085487 29.68836978 26.17196819
 28.20974155 29.71322068 28.01714712 29.43986083 30.46496024 29.83747515
 22.74875746 24.68712724 25.32703777 25.35810139 26.34592445 26.60064612
 27.91153082 27.66923459 28.40854871 30.7693837  29.16650099 29.28454274
 30.70104374 30.22266402 24.73682903 26.8305169  24.5193837  25.04746521
 26.71868787 26.40805169 27.09145129 27.99229622 29.22241551 28.07927435
 28.94905567 28.86207753 31.14214712 30.59542744 25.04746521 24.45104374
 25.73086481 25.38295229 27.33374751 27.01068588 27.23434394 29.1416501
 28.81237575 28.16625249 27.92395626 29.76292247 30.5084493  30.31585487
 31.19806163 25.71843936]",62896.84207212148
2025-06-15 17:30:00+00:00,1050,5942.55,9.0,27.65923246533287,27.459710487077533,31.79448310139165,"[26.30864811 25.21520875 25.26491054 24.66848907 27.37723658 28.06684891
 28.96148111 26.77460239 29.25969185 29.55168986 29.92445328 29.30939364
 30.18538767 24.46968191 26.09741551 25.82405567 24.94806163 27.78727634
 28.22837972 27.75       27.91153082 28.38369781 28.15382704 26.7000497
 30.24130219 29.90581511 30.19781312 23.74279324 25.8054175  25.16550696
 25.58175944 25.66873757 26.3583499  27.19085487 27.90531809 26.71247515
 29.34666998 28.60114314 30.402833   29.74428429 30.7445328  24.46968191
 25.19657058 26.47017893 25.62524851 27.11630219 25.51341948 26.04150099
 28.33399602 28.14140159 28.65705765 28.13518887 28.76267396 29.23484095
 29.25969185 29.29075547 23.02833002 25.24005964 25.65631213 24.55666004
 26.10362823 27.86804175 27.65059642 27.28404573 29.12301193 28.55144135
 29.45228628 30.35313121 30.28479125 30.83772366 25.38916501 25.51341948
 23.51913519 25.77435388 26.11605368 26.69383698 26.04771372 28.24080517
 28.34642147 30.66998012 28.08548708 30.03628231 31.32852883 29.34666998
 25.38916501 26.69383698 26.12847913 26.84915507 27.11008946 27.86182903
 27.63817097 27.5387674  28.78131213 26.83672962 27.53255467 28.60114314
 29.86232604 29.56411531 30.30342942 23.91053678 25.31461233 24.79895626
 25.06610338 26.60685885 26.1471173  26.81809145 26.66277336 27.81833996
 29.29696819 27.81212724 28.07927435 29.85611332 29.8499006  23.21471173
 24.03479125 25.70601392 26.10984095 27.65680915 26.78702783 27.41451292
 29.25969185 27.91153082 28.84965209 29.930666   29.80019881 31.7944831
 31.05516899 23.84219682 23.68687873 23.48185885 25.9110338  26.73732604
 26.16575547 26.17818091 25.8861829  27.96744533 29.04845924 29.99279324
 28.04199801 30.48981113 31.22912525 25.55690855 24.76789264 24.92942346
 25.17793241 26.79945328 26.05392644 26.7249006  27.83076541 26.44532803
 27.8556163  28.76267396 28.68190855 29.81883698 31.26640159 31.36580517
 24.20253479 24.35164016 25.48235586 25.12201789 27.6195328  26.51988072
 28.76888668 27.25919483 27.76242545 28.09791252 30.18538767 29.1416501
 31.01789264 29.66973161 26.04150099 25.14065606 26.20924453 26.27758449
 25.42022863 26.7000497  26.3832008  27.5139165  24.32057654 29.06709742
 28.68812127 28.93663022 30.55193837 31.48384692 22.95999006 25.66252485
 24.98533797 26.53230616 25.04746521 26.38941352 27.15979125 28.4333996
 26.61928429 29.07952286 30.18538767 30.41525845 29.92445328 29.80019881
 30.01764414 24.05964215]",62426.32813601765
2025-06-15 17:31:00+00:00,1051,5966.73,9.0,27.729589790452152,27.534822316103384,31.83175944333996,"[24.45725646 23.76764414 24.98533797 25.2027833  25.58175944 26.62549702
 26.86779324 29.23484095 28.32157058 28.33399602 28.68812127 29.87475149
 31.83175944 25.77435388 25.11580517 24.93563618 26.0166501  26.24652087
 27.01689861 27.41451292 26.68141153 28.86829026 29.33424453 28.59493042
 28.47067594 30.11704771 30.6637674  24.61257455 25.89239563 24.7306163
 27.29647117 25.84890656 25.79299205 28.4333996  28.40854871 27.06038767
 29.23484095 27.54498012 31.21048708 30.28479125 30.10462227 23.04075547
 25.38916501 25.61903579 24.60636183 24.46346918 25.99801193 28.57629225
 26.09741551 28.34642147 27.75621272 29.06088469 28.48931412 28.27186879
 29.8499006  29.28454274 25.63146123 25.63146123 25.05989066 26.19060636
 26.97962227 28.57629225 27.02932406 27.78727634 29.30939364 27.50149105
 28.96148111 29.88096421 28.96769384 30.39040755 24.63121272 25.02882704
 26.47017893 26.31486083 26.58200795 26.3832008  27.79348907 27.94259443
 27.99850895 28.25323062 31.21048708 28.66327038 30.53951292 28.83722664
 24.26466203 25.49478131 25.25248509 24.84244533 27.09766402 25.48856859
 28.78752485 27.93016899 27.09145129 27.62574553 29.39015905 30.34691849
 30.44010934 31.04274354 30.80044732 24.61257455 25.15308151 26.27137177
 26.02907555 26.05392644 26.45775348 26.78702783 27.84319085 26.69383698
 30.59542744 29.08573559 29.91202783 30.91227634 29.88096421 24.22738569
 25.61903579 24.8610835  27.14736581 25.10959245 27.34617296 27.66923459
 27.46421471 27.43315109 29.71322068 28.40233598 29.52062624 30.28479125
 31.3223161  24.12176938 26.8305169  25.18414513 25.56312127 27.00447316
 26.805666   25.69358847 26.85536779 26.71868787 28.03578529 29.98658052
 30.12947316 30.91848907 29.92445328 25.68737575 24.08449304 24.02857853
 25.43265408 27.02311133 27.42693837 27.71893638 26.84294235 29.83126243
 28.70054672 28.89314115 30.58300199 30.7693837  29.96172962 29.49577535
 25.64388668 24.98533797 26.09741551 26.18439364 26.58200795 25.8054175
 26.2527336  26.805666   27.6195328  28.86207753 27.42693837 31.6888668
 30.39662028 30.71346918 25.60661034 24.83001988 26.10362823 25.57554672
 27.79348907 27.55740557 26.3583499  26.28379722 27.16600398 29.12301193
 27.44557654 30.85636183 31.0054672  31.48384692 23.88568588 26.18439364
 25.32082505 29.07331014 25.27112326 25.71843936 27.0417495  26.63792247
 28.29050696 29.2721173  29.86853877 29.40879722 29.92445328 30.40904573
 31.46520875 23.50670974]",62661.7156029367
2025-06-15 17:32:00+00:00,1052,5963.48,9.0,27.718994340753618,27.52472664015904,32.5462226640159,"[23.85462227 26.18439364 26.0166501  26.55715706 27.58225646 29.53305169
 28.81237575 28.73161034 28.21595427 29.52683897 29.9555169  30.61406561
 29.34666998 24.97291252 25.569334   24.33300199 26.22166998 26.01043738
 27.37102386 27.36481113 26.9609841  28.32157058 28.44582505 29.66973161
 29.84368787 30.07977137 29.80641153 24.51317097 26.29000994 25.69358847
 25.51341948 25.94831014 27.79970179 26.47639165 27.21570577 28.73782306
 27.8804672  28.16625249 29.25969185 30.88121272 30.37798211 23.47564612
 25.53205765 24.76167992 24.59393638 26.24030815 25.96694831 27.54498012
 28.38369781 28.78752485 28.04821074 29.29075547 29.86232604 28.98633201
 30.27857853 30.99304175 24.77410537 26.03528827 24.63742545 26.74353877
 27.81212724 27.0417495  28.08548708 28.47688867 29.34045726 27.93016899
 31.60188867 28.70675944 29.76292247 31.36580517 23.17122266 24.46968191
 24.89214712 28.12276342 26.02286282 25.70601392 26.61307157 27.58225646
 28.53280318 28.222167   29.16028827 29.86232604 30.43389662 31.51491054
 23.05939364 24.54423459 25.81163022 24.45104374 26.9609841  27.80591451
 27.42693837 28.67569583 28.57629225 29.06088469 27.53255467 29.50198807
 28.81237575 30.7445328  30.19781312 25.77435388 25.50720676 25.51341948
 26.20303181 27.52634195 26.30243539 26.23409543 26.9609841  27.71272366
 29.60760437 28.39612326 29.27833002 30.45253479 30.91848907 25.02882704
 26.805666   22.96620278 25.24627237 25.21520875 26.79324056 26.74353877
 28.58871769 27.93016899 28.29050696 30.30342942 29.40879722 31.62052684
 32.17345924 23.45079523 27.09145129 23.63096421 26.62549702 25.91724652
 26.2527336  25.79299205 26.06635189 28.15382704 26.47639165 29.04845924
 29.6138171  30.84393638 29.5889662  23.93538767 25.39537773 25.71843936
 24.95427435 25.25248509 25.12201789 27.15979125 25.94831014 26.54473161
 30.21645129 28.58250497 30.24751491 29.80019881 28.81237575 31.43414513
 25.097167   25.63767396 24.9915507  26.02286282 25.10337972 26.67519881
 27.11630219 28.75646123 27.12872763 27.20328032 28.58871769 29.46471173
 29.34045726 30.04249503 25.74950298 23.74279324 25.4140159  25.53827038
 25.30218688 25.87375746 27.36481113 29.39637177 27.31510934 27.54498012
 28.57629225 30.39662028 27.94880716 32.54622266 24.55044732 24.00372763
 26.20924453 27.07902584 25.68116302 28.08548708 28.84343936 27.69408549
 28.84965209 29.60760437 28.47067594 28.6694831  30.73210736 29.30318091
 30.56436382 24.35785288]",62626.2674664253
2025-06-15 17:33:00+00:00,1053,5919.459999999999,9.0,27.58807921190334,27.387984592445328,32.334990059642145,"[24.29572565 25.53827038 24.9666998  25.79299205 27.09145129 29.1416501
 28.16003976 27.86804175 28.99875746 28.65705765 29.13543738 31.35959245
 29.98036779 24.42619284 25.10959245 24.40134195 25.14686879 26.86158052
 26.30864811 26.47017893 26.98583499 26.94234592 29.28454274 26.86779324
 30.03628231 28.94284294 30.51466203 24.72440358 27.02932406 25.18414513
 25.05989066 28.35884692 25.31461233 28.59493042 29.5889662  27.19085487
 29.10437376 30.14189861 30.33449304 29.93687873 29.91824056 24.59393638
 24.58772366 25.76814115 25.76192843 24.3889165  26.88021869 27.14115308
 27.57604374 27.78727634 29.11058648 26.65034791 29.65730616 29.26590457
 30.38419483 31.04895626 24.52559642 24.19632207 26.09741551 26.20303181
 25.01640159 26.4888171  28.04199801 27.20949304 27.59468191 28.74403579
 28.58871769 31.80069583 30.94333996 30.60785288 24.67470179 22.74875746
 24.26466203 25.12201789 26.04771372 27.24676938 27.25919483 26.36456262
 28.16625249 28.52659046 29.20377734 30.93712724 28.76888668 30.12947316
 23.85462227 25.62524851 25.30218688 26.1471173  25.73086481 26.25894632
 26.10362823 27.45178926 27.43936382 27.8804672  27.84940358 30.69483101
 31.69507952 30.96819085 30.41525845 24.30815109 25.81163022 25.28976143
 25.02882704 26.42668986 26.17196819 27.91153082 28.86207753 28.46446322
 29.13543738 29.19756461 27.76242545 28.91177932 32.33499006 23.84840954
 24.52559642 25.569334   24.32057654 24.56287276 27.73757455 27.47042744
 27.40208748 27.19085487 27.66302187 28.98633201 28.73782306 29.57032803
 30.70104374 24.27708748 23.89189861 25.02882704 27.26540755 26.45775348
 27.59468191 26.66277336 28.70054672 29.0111829  28.55144135 28.25323062
 29.62002982 30.34070577 28.21595427 24.29572565 24.78653082 25.36431412
 26.06635189 26.36456262 26.2527336  27.35238569 25.45129225 28.83101392
 28.05442346 28.68190855 29.86853877 27.75       30.21023857 31.93116302
 23.14637177 24.7554672  24.88593439 24.55666004 25.97316103 26.83672962
 27.19706759 28.41476143 27.75621272 29.68215706 28.35884692 29.00497018
 29.39015905 31.36580517 23.65581511 22.43190855 25.20899602 25.01640159
 25.0723161  27.62574553 26.06013917 27.95501988 28.86207753 29.3528827
 29.15407555 29.34666998 29.88717694 30.44632207 24.97291252 25.0723161
 25.65631213 25.57554672 25.29597416 26.96719682 27.9860835  26.83672962
 28.97390656 28.73782306 27.6195328  29.76292247 29.43986083 29.52683897
 30.89985089 24.53180915]",62188.27781134382
2025-06-15 17:34:00+00:00,1054,5969.23,9.0,27.7339368684618,27.542588220675942,31.94980119284294,"[25.51963221 25.63146123 25.22763419 26.49502982 27.89910537 27.15979125
 29.30318091 28.36505964 27.66302187 29.32803181 28.22837972 31.0862326
 30.88121272 23.93538767 25.10959245 24.85487078 26.73111332 27.38966203
 28.5638668  27.66302187 27.86182903 28.14761431 28.20352883 28.47688867
 29.07331014 30.55193837 30.36555666 25.6500994  23.69309145 27.42693837
 26.16575547 25.21520875 27.79970179 27.14115308 27.0666004  28.36505964
 29.07952286 29.25347913 28.22837972 28.37127237 31.44657058 23.76143141
 24.97912525 26.42668986 24.97291252 28.01093439 25.84890656 28.06063618
 27.32132207 28.222167   29.9555169  26.91128231 29.62002982 27.78106362
 31.03653082 31.10487078 24.68712724 24.79274354 25.37673956 26.62549702
 26.14090457 27.75       27.75       27.43315109 26.97340954 26.61928429
 28.66327038 29.88096421 31.55218688 27.5139165  23.87947316 26.20924453
 26.63792247 25.83026839 28.06684891 25.9110338  27.00447316 28.98633201
 28.72539761 27.73757455 28.25944334 29.96172962 29.70700795 30.98682903
 23.68687873 25.87997018 24.39512922 24.44483101 26.76838966 25.57554672
 26.7249006  28.04821074 27.70651093 27.70029821 28.10412525 31.2166998
 28.694334   31.1110835  30.48981113 24.22738569 24.8362326  24.31436382
 25.48235586 27.33374751 27.96744533 26.20924453 28.46446322 27.68787276
 28.92420477 29.66973161 30.00521869 28.76888668 30.05492048 26.30864811
 26.1222664  26.37077535 26.15954274 26.19681909 27.277833   27.61332008
 29.07952286 27.22813121 29.56411531 29.15407555 30.14811133 31.12350895
 31.03653082 25.37673956 24.76167992 25.59418489 24.64985089 26.42047714
 25.91724652 27.84319085 26.03528827 28.02335984 29.2472664  30.21023857
 29.70700795 30.14189861 28.87450298 23.3389662  24.91078529 24.23981113
 24.40134195 26.44532803 25.19035785 26.75596421 27.78106362 29.89338966
 28.15382704 27.17842942 28.39612326 31.30367793 28.85586481 30.55193837
 25.61903579 23.82977137 26.28379722 25.15308151 27.20949304 26.96719682
 26.2278827  25.74950298 27.46421471 28.48931412 29.52062624 27.70651093
 29.65109344 30.71346918 24.152833   25.76192843 25.08474155 25.51963221
 26.9361332  28.71297217 29.7194334  27.36481113 28.03578529 27.9860835
 29.54547714 28.86829026 31.40929423 29.91824056 25.39537773 24.84244533
 26.1222664  25.8054175  26.81809145 28.00472167 27.48285288 26.00422465
 26.91749503 29.68836978 29.3777336  30.16053678 29.13543738 29.75049702
 31.94980119 25.09095427]",62676.2591871258
2025-06-15 17:35:00+00:00,1055,5933.83,9.0,27.628448542491842,27.432623011928428,32.51515904572564,"[25.62524851 24.89835984 27.88667992 26.17196819 25.63767396 25.46371769
 28.15382704 28.34642147 29.32181909 27.71893638 29.30318091 29.32181909
 29.81262425 24.72440358 25.2027833  24.43861829 25.61903579 25.46993042
 27.59468191 28.78131213 27.3026839  27.277833   26.50124254 28.51416501
 31.51491054 30.99925447 28.29671968 24.50074553 24.56287276 25.20899602
 25.96073559 26.90506958 26.94234592 26.63792247 27.89910537 28.03578529
 28.03578529 27.90531809 28.98011928 29.40258449 30.81287276 24.69955268
 25.50720676 25.57554672 26.65034791 26.15954274 26.19681909 26.8305169
 26.78702783 27.79348907 28.53280318 30.07355865 29.75049702 29.78777336
 29.62624254 30.81908549 24.80516899 23.72415507 25.77435388 25.77435388
 26.22166998 26.12847913 27.24676938 27.22191849 29.5889662  27.60710736
 29.74428429 28.06063618 29.49577535 31.43414513 25.40159046 24.2584493
 25.53827038 26.34592445 26.5944334  26.20303181 25.19657058 27.14736581
 28.0916998  27.76242545 29.53305169 29.16028827 30.26615308 31.09244533
 23.73036779 25.89860835 26.09120278 25.7805666  26.09741551 27.3834493
 26.45154076 26.40183897 27.01068588 27.63195825 29.32181909 29.89338966
 29.09816103 28.36505964 29.72564612 24.86729622 23.71172962 26.20303181
 26.24030815 27.59468191 25.61282306 26.20924453 26.99826044 29.20377734
 29.35909543 30.37798211 29.8250497  29.36530815 30.35934394 22.93513917
 23.0221173  24.65606362 26.10984095 27.0417495  26.7249006  24.82380716
 28.06684891 27.73136183 28.16003976 30.17917495 30.37176938 29.66973161
 29.63245527 23.53156064 25.50720676 24.16525845 25.38916501 26.85536779
 26.71247515 26.27758449 27.14736581 29.10437376 29.38394632 30.07355865
 29.1167992  32.30392644 30.93712724 24.83001988 24.72440358 25.39537773
 25.60039761 25.42644135 26.18439364 27.47042744 29.54547714 26.88021869
 29.66351889 29.8250497  30.13568588 29.91824056 29.81883698 32.01192843
 26.19681909 24.89835984 25.65631213 27.44557654 27.277833   27.39587475
 25.94209742 27.41451292 28.17867793 28.24701789 27.3026839  29.37152087
 29.60760437 31.15457256 23.48185885 26.13469185 25.86754473 24.58772366
 25.7805666  26.69383698 26.03528827 28.67569583 29.02982107 27.60710736
 29.38394632 28.20974155 32.51515905 30.86878728 22.92892644 25.78677932
 24.69955268 24.55666004 25.34567594 27.65059642 28.49552684 27.8804672
 26.70626243 27.84940358 30.21645129 27.97987078 31.84418489 29.6138171
 28.81237575 25.42644135]",62323.3374437607
2025-06-15 17:36:00+00:00,1056,5896.21,9.0,27.51640333147082,27.315761679920477,31.788270377733596,"[25.82405567 25.22763419 26.37077535 26.09741551 27.66923459 26.73111332
 28.4582505  27.00447316 28.51416501 29.47713718 28.7750994  29.75049702
 30.07355865 23.48185885 25.52584493 25.12823062 24.91699801 26.04150099
 25.97937376 27.57604374 26.84294235 27.50149105 27.89289264 29.40258449
 29.41500994 31.12972167 30.75074553 22.93513917 25.91724652 25.58175944
 23.91053678 27.01689861 24.92321074 27.24055666 26.7000497  27.68166004
 28.12897614 28.7999503  28.96148111 30.1916004  31.78827038 24.67470179
 25.05989066 26.02286282 26.37077535 25.63146123 25.73086481 27.71893638
 27.76863817 27.80591451 27.70651093 28.45203777 28.27808151 29.42122266
 31.28503976 30.90606362 24.36406561 24.4945328  25.82405567 27.74378728
 24.83001988 27.37102386 27.8556163  27.8804672  29.44607356 30.46496024
 28.16003976 29.45228628 30.44632207 30.57678926 24.02857853 23.86083499
 25.86754473 25.22763419 25.36431412 27.43936382 26.91749503 27.18464215
 28.01093439 29.30939364 28.14761431 29.78777336 28.86207753 29.25969185
 23.95402584 25.71222664 24.68091451 25.79920477 25.36431412 26.13469185
 25.99801193 27.04796223 28.20974155 29.34045726 28.23459245 29.6138171
 29.5082008  30.28479125 28.84343936 24.98533797 25.58175944 25.27112326
 25.0723161  24.2584493  28.48931412 26.74353877 27.49527833 27.33996024
 30.58921471 29.28454274 30.64512922 30.20402584 30.30342942 24.04100398
 24.625      25.64388668 27.20328032 25.6749503  25.35810139 27.42693837
 28.37127237 27.5139165  28.61978131 29.02360835 28.51416501 29.21620278
 30.35313121 23.17122266 25.35810139 25.94209742 26.43911531 25.79920477
 25.97937376 28.70054672 26.53230616 28.59493042 29.68215706 29.76913519
 28.91177932 29.92445328 29.81262425 23.76143141 26.45775348 25.14065606
 25.46371769 25.99801193 26.22166998 27.77485089 26.62549702 27.66923459
 26.74353877 27.73136183 28.96769384 30.25372763 30.57678926 30.26615308
 23.51292247 23.45079523 24.85487078 25.87997018 26.19060636 25.56312127
 26.76838966 26.94234592 27.55740557 27.277833   30.25994036 30.70725646
 29.56411531 29.78777336 24.22738569 24.56908549 24.7306163  23.92296223
 25.81784294 27.75       26.99204771 26.53851889 27.86804175 28.50795229
 28.10412525 27.88667992 31.22912525 30.14811133 22.81088469 26.33971173
 25.43265408 24.46968191 25.95452286 26.71247515 25.81163022 26.47017893
 26.2278827  29.16028827 30.78802187 30.30342942 28.94284294 30.61406561
 29.32181909 23.99130219]",61948.478985768765
2025-06-15 17:37:00+00:00,1057,5932.99,9.0,27.623910226123265,27.430013667992043,32.59592445328032,"[25.25248509 27.18464215 26.50124254 27.0417495  27.02311133 27.30889662
 28.16625249 28.99875746 29.930666   29.98658052 29.27833002 29.27833002
 29.65109344 24.2584493  25.84890656 25.66252485 26.60064612 27.28404573
 27.56361829 26.86779324 26.47017893 28.11033797 27.99850895 28.30914513
 29.66973161 28.84343936 30.38419483 25.2027833  25.07852883 24.01615308
 25.097167   26.37077535 27.42072565 27.10387674 26.33349901 27.3026839
 30.22887674 30.21023857 29.80019881 28.55144135 28.26565606 24.54423459
 23.89811133 24.28951292 24.42619284 28.24080517 26.3583499  28.11033797
 28.21595427 27.99229622 28.35884692 28.68190855 29.12301193 29.72564612
 30.42147117 30.02385686 24.14040755 26.43290258 24.71819085 26.12847913
 25.66252485 27.58846918 27.90531809 27.43936382 28.38991054 28.01093439
 30.07355865 29.36530815 29.83747515 30.22266402 25.27733598 24.47589463
 24.91699801 26.53230616 26.17818091 26.24030815 27.1722167  29.67594433
 26.32107356 27.20949304 29.89960239 29.79398608 28.36505964 30.04870775
 23.9416004  23.87947316 25.55690855 25.95452286 25.43265408 26.40805169
 26.68762425 26.29622266 27.75621272 28.99875746 28.88071571 30.40904573
 27.45178926 28.5390159  32.59592445 25.07852883 24.04100398 25.48235586
 24.79274354 27.48285288 25.94209742 25.8861829  26.83672962 27.37723658
 27.92395626 28.27808151 30.54572565 29.94930417 29.01739563 23.41351889
 24.97912525 25.37673956 25.25248509 26.65656064 25.48235586 28.06684891
 27.47664016 27.52012922 29.65109344 30.70725646 30.11704771 28.41476143
 30.65134195 23.94781312 25.43265408 25.71222664 24.33300199 26.37077535
 26.67519881 28.40854871 28.78752485 28.39612326 28.39612326 29.07331014
 28.81237575 29.40258449 29.94930417 23.55641153 24.46346918 26.1471173
 25.5444831  25.53827038 27.36481113 29.45228628 28.73161034 26.97340954
 28.42718688 29.76292247 29.29075547 30.01764414 30.94955268 30.44010934
 25.96694831 23.73658052 24.9666998  26.70626243 26.07877734 27.67544732
 29.86853877 28.27186879 27.93638171 28.16003976 29.89338966 28.89314115
 30.80044732 29.80019881 25.14686879 24.09691849 25.01640159 25.93588469
 26.23409543 26.90506958 25.63767396 28.47688867 27.55740557 29.23484095
 28.29050696 28.4582505  30.80666004 31.38444334 25.50720676 25.61282306
 24.85487078 25.68737575 25.92345924 24.91078529 25.19035785 27.11008946
 28.19110338 28.02335984 29.1167992  28.04821074 28.52659046 29.28454274
 29.96172962 25.68116302]",62308.154052517995
2025-06-15 17:38:00+00:00,1058,5878.860000000001,9.0,27.463132205847927,27.261866302186878,32.738817097415506,"[25.24627237 24.55666004 25.84269384 27.25919483 25.25248509 26.7000497
 27.5387674  30.29100398 28.14140159 30.09840954 29.2472664  30.5333002
 30.24130219 22.83573559 24.0472167  25.6500994  26.06635189 26.41426441
 25.3332505  28.48310139 26.12847913 27.74378728 28.24701789 27.39587475
 29.02360835 30.21645129 30.12947316 25.4140159  25.98558648 24.64363817
 25.17171968 25.49478131 25.71222664 27.70029821 24.35785288 27.33374751
 27.81833996 28.84965209 26.74975149 28.73782306 29.16650099 24.32057654
 24.7554672  24.78031809 24.91699801 25.77435388 28.28429423 28.23459245
 26.14090457 28.58871769 26.71247515 28.86829026 29.47713718 30.93712724
 29.93687873 29.38394632 24.89214712 25.27733598 24.3889165  25.15308151
 26.07256461 28.18489066 28.87450298 27.39587475 28.40233598 27.75621272
 28.73782306 29.27833002 30.96819085 30.04870775 25.81784294 25.71843936
 24.32057654 24.91078529 25.97937376 27.8556163  28.00472167 29.79398608
 27.04796223 28.7999503  28.98633201 28.28429423 27.89910537 31.96222664
 25.38916501 24.2833002  26.14090457 25.94209742 27.01689861 27.0666004
 25.13444334 26.40183897 27.92395626 28.4333996  29.41500994 28.27186879
 29.41500994 30.89985089 29.1167992  23.40109344 25.35810139 24.93563618
 26.89885686 26.84294235 25.4140159  26.74975149 28.13518887 27.48285288
 27.1722167  29.96794235 29.10437376 29.91824056 30.85636183 25.51963221
 25.71843936 24.57529821 24.60014911 24.23981113 27.05417495 25.94831014
 26.54473161 27.84940358 29.07331014 27.75       29.3528827  29.8250497
 30.1916004  22.69905567 22.32629225 25.01018887 25.19657058 26.66277336
 25.13444334 27.99229622 28.16003976 27.32132207 29.29075547 29.20377734
 31.89388668 28.55765408 30.70725646 25.25869781 24.79895626 24.66227634
 25.71843936 25.94831014 26.61928429 25.53205765 27.94259443 27.50770378
 30.38419483 28.7999503  28.12897614 30.84393638 29.1167992  29.73807157
 24.35785288 25.86133201 26.99826044 26.03528827 26.63792247 24.82380716
 28.99254473 27.82455268 27.70651093 25.71222664 28.13518887 29.12922465
 28.16625249 29.11058648 24.74304175 24.57529821 23.85462227 26.4639662
 26.09120278 25.30218688 27.65059642 28.92420477 27.25919483 28.06063618
 29.80641153 29.07952286 31.06138171 30.79423459 24.95427435 24.73682903
 22.76739563 23.96645129 24.50695825 27.19706759 25.7805666  28.80616302
 26.73732604 28.10412525 29.14786282 29.14786282 29.26590457 30.55815109
 32.7388171  24.58772366]",61770.25510788483
2025-06-15 17:39:00+00:00,1059,5875.43,9.0,27.4519665940852,27.25121148111332,31.626739562624252,"[26.0166501  26.86158052 26.17196819 26.73111332 28.35263419 27.35859841
 27.12251491 28.55144135 27.31510934 28.48931412 28.59493042 28.35884692
 30.17917495 25.6749503  22.90407555 25.33946322 26.97962227 26.78081511
 27.59468191 28.39612326 28.15382704 27.36481113 29.30939364 28.60114314
 29.42743539 28.07927435 30.81908549 24.56287276 25.39537773 25.71222664
 25.96073559 26.29000994 26.02907555 27.29647117 27.02311133 28.09791252
 27.47042744 26.92992048 29.65109344 30.61406561 30.27236581 23.59368787
 25.07852883 25.04746521 24.57529821 25.83026839 26.5695825  27.44557654
 25.85511928 27.55740557 26.63792247 28.87450298 28.88071571 28.80616302
 28.99254473 29.76913519 24.73682903 24.89214712 25.27733598 24.20253479
 24.94184891 25.71222664 27.68787276 28.89935388 26.7249006  28.62599404
 29.68836978 29.07331014 31.347167   31.62673956 25.07852883 23.72415507
 24.60636183 25.96073559 26.40805169 27.95501988 26.41426441 26.73111332
 26.66898608 25.8861829  28.95526839 29.19135189 29.02360835 29.86853877
 23.99751491 25.32703777 24.00994036 25.43265408 26.43290258 27.69408549
 25.98558648 28.35884692 28.53280318 28.57007952 29.25347913 28.61978131
 29.99279324 29.66973161 31.04274354 24.91078529 25.19035785 25.92967197
 27.277833   26.05392644 25.84890656 27.29647117 27.49527833 27.04796223
 30.0859841  28.6694831  29.66973161 30.1916004  30.52708748 24.92942346
 24.03479125 24.625      26.49502982 26.9609841  26.23409543 27.23434394
 29.91202783 25.50099404 27.5139165  30.01764414 29.37152087 29.40258449
 28.28429423 25.89239563 26.40805169 25.58797217 25.19657058 25.70601392
 26.84294235 28.37748509 25.97316103 27.34617296 27.80591451 28.41476143
 28.75024851 29.20377734 30.35313121 24.81759443 23.55019881 24.69333996
 26.06635189 25.6500994  27.76242545 25.60039761 26.24652087 27.09766402
 28.60735586 26.73732604 29.94930417 27.71272366 29.84368787 30.11083499
 23.97266402 24.20874751 25.22142147 23.89189861 26.19060636 28.13518887
 27.61332008 27.29647117 28.1165507  27.68166004 28.17246521 29.14786282
 29.02360835 30.32828032 25.22142147 24.35785288 24.37649105 24.28951292
 26.40183897 26.92370775 26.71868787 26.88021869 27.86182903 29.0111829
 27.50149105 28.14761431 29.39637177 30.58921471 23.87326044 23.89189861
 24.8610835  26.0166501  26.1471173  25.46993042 26.79945328 26.32107356
 30.11704771 29.80641153 28.98633201 29.8499006  29.06709742 31.06138171
 30.14189861 24.96048708]",61732.89943717144
2025-06-15 17:40:00+00:00,1060,5887.790000000001,9.0,27.48739247382369,27.28960611332008,32.37226640159045,"[25.60661034 25.83648111 26.16575547 26.77460239 27.63195825 26.17818091
 29.56411531 28.81237575 28.1973161  29.01739563 30.71346918 31.01789264
 30.27857853 24.56287276 24.79895626 26.30243539 25.51341948 26.26515905
 27.70651093 26.61307157 27.9860835  27.23434394 28.0916998  26.99204771
 29.80019881 30.6637674  30.80044732 24.84244533 23.60611332 23.56262425
 26.85536779 24.80516899 26.99204771 27.48285288 28.70054672 26.86779324
 28.68812127 27.42072565 29.43364811 30.01143141 31.19184891 22.95999006
 25.56312127 26.88021869 24.13419483 24.84244533 25.97937376 26.55715706
 25.53205765 28.29671968 28.57629225 28.50173956 28.39612326 29.05467197
 29.48956262 29.43364811 24.33300199 24.91078529 23.76764414 24.9915507
 25.18414513 28.05442346 26.32728628 28.63220676 28.47067594 28.09791252
 28.96148111 28.34020875 30.15432406 28.79373757 24.69955268 24.0472167
 25.39537773 25.2027833  26.24652087 26.95477137 28.3277833  27.8556163
 29.63245527 28.41476143 27.60089463 30.14189861 31.29746521 30.55815109
 23.64960239 25.17793241 25.19035785 26.35213718 25.63767396 26.53851889
 27.65059642 27.32753479 27.53255467 27.0417495  28.34020875 28.99875746
 27.08523857 29.25347913 32.03677932 23.41351889 24.8610835  23.86083499
 25.45750497 27.41451292 25.51341948 28.1973161  27.16600398 27.43936382
 27.48906561 28.97390656 28.72539761 30.77559642 31.22912525 23.76143141
 23.43836978 26.82430417 24.43240557 26.05392644 25.04746521 26.24652087
 26.805666   28.63220676 28.31535785 28.76267396 30.63270378 30.05492048
 30.43389662 25.87997018 23.7055169  24.35164016 23.9416004  26.98583499
 26.57579523 28.29671968 26.95477137 27.48285288 26.88021869 28.37748509
 30.21023857 28.57629225 28.91799205 25.27733598 22.2082505  25.87997018
 26.85536779 26.55715706 27.95501988 26.65034791 26.47017893 26.84294235
 28.07306163 28.47067594 29.34666998 30.29100398 29.52062624 32.3722664
 23.32032803 24.98533797 26.30243539 26.13469185 26.58822068 27.65680915
 27.72514911 25.01640159 27.96744533 29.43364811 29.3528827  29.12922465
 30.32206759 31.47142147 23.26441352 25.22763419 25.55069583 26.02286282
 26.15333002 25.7805666  27.60089463 28.17867793 27.1722167  29.38394632
 27.59468191 29.3528827  28.38369781 30.60164016 23.59368787 24.20874751
 24.13419483 26.27758449 27.96744533 26.36456262 27.34617296 27.60089463
 28.50795229 29.5889662  27.01689861 29.0111829  28.42718688 29.81883698
 29.83747515 25.68737575]",61851.42026042454
2025-06-15 17:41:00+00:00,1061,5872.96,9.0,27.44257400519429,27.243538767395627,31.73856858846918,"[25.94831014 24.43240557 25.55690855 26.09120278 27.19706759 26.78081511
 26.88021869 27.37102386 29.3777336  30.60164016 29.15407555 30.19781312
 31.61431412 23.14015905 25.33946322 25.04746521 26.28379722 26.32728628
 26.86158052 26.65656064 24.97291252 26.62549702 27.49527833 29.43364811
 29.83126243 28.82480119 31.17321074 25.29597416 24.48832008 25.16550696
 25.79920477 25.76814115 25.68737575 26.30864811 27.16600398 29.48956262
 28.02335984 27.71272366 28.222167   29.94930417 28.52037773 23.01590457
 25.05367793 24.48210736 26.51988072 25.46371769 26.10362823 27.0417495
 28.24701789 27.20949304 27.45800199 28.23459245 28.25944334 29.89960239
 30.32206759 31.4527833  24.25223658 23.88568588 23.67445328 25.53205765
 25.83026839 25.01018887 27.15979125 26.02286282 28.01093439 28.9055666
 28.83101392 29.1416501  31.53354871 29.98036779 24.21496024 24.04100398
 24.29572565 25.50099404 27.14115308 26.27758449 26.33349901 26.67519881
 27.88667992 28.34020875 28.04821074 29.04224652 30.32206759 30.0859841
 25.89860835 26.14090457 23.05318091 25.81163022 25.28976143 26.15333002
 25.87997018 28.59493042 28.4333996  28.96769384 31.15457256 29.81883698
 28.20974155 29.77534791 30.41525845 25.14686879 24.46968191 25.17171968
 24.73682903 26.94855865 26.61928429 28.27186879 27.81833996 29.14786282
 29.05467197 30.67619284 30.35313121 27.48906561 31.04895626 23.68687873
 26.49502982 24.74925447 25.35188867 25.86754473 26.3832008  26.10362823
 28.28429423 29.07331014 27.93638171 27.6195328  28.81237575 28.0916998
 29.32181909 22.84816103 25.47614314 26.2278827  26.64413519 25.22763419
 25.98558648 28.5390159  28.34642147 28.42718688 27.60089463 28.5390159
 30.60785288 27.22191849 30.22266402 25.19657058 23.3389662  26.04771372
 26.08499006 24.4945328  26.43290258 25.94831014 27.0417495  28.1165507
 28.14140159 29.20999006 29.77534791 29.14786282 28.25944334 31.41550696
 26.78081511 26.42047714 24.55044732 27.43936382 25.11580517 26.60685885
 28.12276342 27.54498012 28.04199801 29.930666   28.30914513 29.5082008
 28.74403579 29.64488072 23.38866799 23.95402584 25.68116302 26.35213718
 25.42644135 25.42644135 26.19060636 26.39562624 28.80616302 29.91824056
 27.42693837 29.13543738 30.56436382 29.71322068 24.55044732 24.43861829
 24.14040755 25.70601392 25.63146123 25.69980119 27.52012922 25.91724652
 26.44532803 29.08573559 30.19781312 29.50198807 27.84319085 31.73856859
 30.35313121 24.35164016]",61701.47559177801
2025-06-15 17:42:00+00:00,1062,5859.24,9.0,27.401025746046336,27.200919483101387,31.76341948310139,"[27.68787276 25.27733598 25.60661034 26.7000497  26.96719682 25.75571571
 29.27833002 27.4083002  27.86182903 28.28429423 28.222167   28.75646123
 30.47117296 25.50720676 24.07206759 24.53180915 24.78653082 25.96073559
 25.90482107 26.96719682 28.07306163 26.3583499  28.11033797 29.40258449
 27.73757455 27.94880716 29.94930417 23.64338966 24.12176938 25.8054175
 23.73658052 23.29547714 24.65606362 26.4888171  26.78081511 27.3026839
 28.39612326 29.20377734 28.52037773 27.93016899 29.7194334  23.33275348
 24.78031809 25.63146123 28.00472167 26.17818091 28.02335984 26.1222664
 26.32728628 28.45203777 28.75646123 28.58871769 28.222167   29.55168986
 29.43986083 30.9806163  24.82380716 25.6749503  24.30193837 25.51963221
 26.7249006  26.89885686 26.8305169  27.49527833 28.29671968 27.90531809
 27.68166004 28.33399602 28.89935388 31.0054672  24.23981113 24.40134195
 25.0723161  25.86754473 26.19681909 26.18439364 27.79348907 26.4888171
 28.09791252 27.87425447 28.14761431 29.65109344 28.98633201 31.46520875
 25.06610338 26.26515905 24.9666998  24.1776839  25.83648111 26.2278827
 25.60661034 27.80591451 26.75596421 28.75646123 26.40183897 29.32181909
 29.76913519 30.07355865 31.01167992 23.04075547 25.22142147 25.60661034
 26.67519881 26.19060636 23.88568588 26.44532803 26.65034791 28.88071571
 25.92345924 28.36505964 28.15382704 30.88121272 29.41500994 25.00397614
 25.74329026 26.81187873 25.8054175  25.48856859 27.33996024 28.14761431
 27.87425447 27.68166004 28.98011928 29.99900596 28.49552684 30.86257455
 30.50223658 24.40134195 24.82380716 26.57579523 26.29000994 26.70626243
 28.75024851 27.80591451 28.89314115 27.93016899 29.89338966 29.68215706
 29.13543738 28.58250497 29.27833002 23.85462227 22.33250497 25.10337972
 25.99801193 25.18414513 26.83672962 26.85536779 28.68190855 30.25372763
 27.26540755 29.20999006 28.07306163 29.73807157 28.5638668  29.58275348
 22.92271372 24.37649105 23.73658052 27.76863817 27.68166004 25.569334
 26.50745527 28.95526839 27.96744533 26.74353877 29.22862823 28.35884692
 31.76341948 29.6138171  25.84269384 22.66177932 24.82380716 25.19035785
 26.04150099 25.22142147 26.71868787 27.0666004  28.71297217 28.43961233
 29.04224652 29.86232604 29.02360835 31.44657058 23.15258449 24.53802187
 24.98533797 26.45154076 26.24030815 26.28379722 27.9860835  27.01689861
 26.88021869 28.21595427 30.61406561 29.43986083 30.34691849 29.20377734
 29.52683897 23.17743539]",61562.47173597262
2025-06-15 17:43:00+00:00,1063,5844.6900000000005,9.0,27.35702269170863,27.155721918489068,32.11754473161034,"[23.04075547 25.01640159 26.49502982 25.98558648 26.41426441 28.40854871
 27.65059642 28.40854871 28.1165507  29.10437376 29.88717694 31.73856859
 29.6945825  25.32082505 25.097167   25.79920477 24.96048708 24.68712724
 27.277833   26.87400596 26.78702783 28.83722664 28.60735586 28.96769384
 29.17271372 30.14189861 30.71346918 24.20253479 25.39537773 25.25248509
 24.8362326  24.8610835  24.07828032 27.50770378 28.222167   28.15382704
 27.83697813 30.68861829 28.35884692 29.43986083 29.6945825  23.25198807
 23.93538767 23.76143141 26.07256461 25.89239563 26.29622266 25.81784294
 27.29025845 26.3583499  28.54522863 29.34045726 29.06088469 28.83101392
 29.63866799 29.84368787 26.04771372 24.22738569 24.02236581 27.25298211
 25.87997018 26.23409543 28.43961233 27.97987078 27.277833   28.87450298
 29.63245527 29.0111829  29.52062624 30.01143141 24.53180915 24.68091451
 25.02882704 25.48235586 27.45800199 27.60710736 25.63146123 27.61332008
 28.67569583 27.16600398 26.82430417 30.34691849 27.86804175 30.03628231
 26.0166501  24.4945328  24.60014911 27.47042744 25.569334   26.18439364
 25.44507952 28.06063618 28.35884692 29.0111829  28.47688867 28.48931412
 29.88096421 29.1167992  29.80019881 24.71819085 25.60661034 25.20899602
 24.83001988 25.6749503  27.42072565 28.16625249 27.58846918 27.14736581
 26.85536779 28.25944334 28.97390656 29.54547714 31.44035785 24.02236581
 24.10313121 24.84244533 25.79299205 26.3583499  26.53851889 25.79920477
 27.09766402 27.97365805 28.26565606 30.24751491 29.09194831 30.67619284
 29.60760437 22.27037773 24.84244533 26.51988072 25.40780318 24.74304175
 26.10984095 26.74353877 28.64463221 26.45154076 27.20949304 29.16028827
 29.48956262 28.55144135 30.27857853 23.69930417 24.7306163  23.79870775
 25.48856859 25.86133201 26.57579523 26.86158052 25.76814115 27.86804175
 28.70675944 27.97987078 28.70675944 29.46471173 29.83747515 32.11754473
 22.99105368 25.15308151 25.86754473 24.05342942 27.52012922 26.02286282
 26.88021869 29.5082008  27.68166004 27.78727634 28.0916998  28.91799205
 28.30293241 31.22291252 23.84840954 26.15333002 23.27062624 24.0472167
 25.49478131 25.28976143 27.277833   27.61332008 28.22837972 29.00497018
 29.05467197 28.67569583 30.14189861 29.06709742 23.99751491 24.55666004
 25.40159046 24.05342942 24.80516899 26.53230616 25.66252485 27.77485089
 26.20303181 28.20974155 28.57629225 30.24130219 28.40233598 28.83101392
 30.80044732 24.1776839 ]",61415.255117380395
2025-06-15 17:44:00+00:00,1064,5870.95,9.0,27.433446323696856,27.237294980119287,31.713717693836976,"[27.47042744 26.55715706 26.03528827 26.79324056 26.88021869 26.33971173
 26.76217694 27.59468191 28.30914513 29.02982107 29.29696819 29.8250497
 31.22291252 22.46297217 23.03454274 24.46346918 23.96023857 25.99801193
 26.60685885 28.47067594 29.20377734 27.36481113 29.39637177 29.58275348
 28.25944334 29.53305169 30.27236581 22.5250994  24.65606362 24.16525845
 24.97912525 25.12823062 27.42693837 26.86779324 27.00447316 27.77485089
 27.11630219 29.56411531 29.77534791 29.60139165 29.83126243 22.6555666
 25.14065606 25.58797217 25.02882704 25.22763419 27.40208748 26.36456262
 25.43265408 26.90506958 28.70054672 28.63220676 29.45228628 29.53305169
 29.81262425 31.29125249 24.51317097 24.02857853 26.12847913 26.91128231
 25.53205765 28.16003976 26.74975149 27.80591451 27.33374751 26.50124254
 28.82480119 29.34045726 30.65134195 30.78180915 23.62475149 25.569334
 25.61282306 24.23981113 26.08499006 26.21545726 26.61307157 25.75571571
 28.65084493 28.32157058 27.54498012 28.6694831  30.11083499 31.01167992
 24.152833   25.05367793 24.65606362 24.82380716 25.49478131 26.32728628
 27.58225646 29.04845924 27.0666004  27.56361829 27.01068588 30.37798211
 28.28429423 30.16053678 29.36530815 23.86083499 25.3083996  26.42047714
 27.5387674  25.01640159 28.24701789 26.66277336 28.21595427 28.48931412
 28.91177932 27.27162028 27.60710736 30.65755467 29.53926441 24.76167992
 25.097167   25.0723161  24.87350895 27.30889662 24.84244533 26.18439364
 27.24676938 27.91153082 29.68215706 28.87450298 29.75670974 29.17892644
 29.20999006 24.20874751 23.07181909 26.50745527 24.95427435 26.09120278
 27.09145129 26.29622266 27.22813121 29.63866799 28.36505964 27.76242545
 27.91774354 31.71371769 31.19184891 24.4945328  23.89811133 26.84294235
 25.12201789 27.09145129 26.15954274 27.13494036 27.22813121 28.68812127
 26.73111332 28.86829026 29.63866799 29.25347913 29.14786282 30.17296223
 25.3332505  23.99751491 26.66277336 26.04150099 26.94855865 26.97340954
 25.68737575 26.24652087 27.17842942 28.74403579 29.51441352 30.47117296
 29.30318091 30.45874751 24.02857853 24.94806163 24.10313121 24.91078529
 27.07902584 26.92992048 25.63767396 26.58822068 29.29696819 27.92395626
 28.99254473 29.12301193 29.05467197 29.30318091 25.26491054 24.68712724
 26.43911531 26.13469185 26.02286282 27.69408549 27.45800199 25.92967197
 28.04199801 28.55144135 27.79970179 29.70700795 29.36530815 30.27857853
 29.39637177 24.38270378]",61670.93802056021
2025-06-15 17:45:00+00:00,1065,5831.11,9.0,27.314800576412964,27.113537524850894,32.32256461232604,"[24.61257455 24.80516899 25.16550696 26.71868787 26.05392644 28.27808151
 29.07331014 28.5390159  28.68812127 28.57007952 29.91202783 30.93712724
 31.26018887 24.48210736 23.18986083 23.96023857 25.63146123 25.85511928
 25.4388668  26.58822068 28.84343936 28.14140159 27.96744533 27.40208748
 30.25372763 28.51416501 30.38419483 24.29572565 25.91724652 25.9917992
 24.32678926 27.35238569 25.22763419 25.89860835 27.4083002  28.34020875
 26.45154076 27.4083002  28.45203777 31.42171968 30.88121272 23.68687873
 24.63121272 26.11605368 23.82977137 23.87947316 26.70626243 26.58200795
 26.40183897 27.11008946 29.39637177 27.59468191 29.8250497  29.30318091
 28.55144135 31.14835984 24.67470179 25.09095427 24.07828032 25.79299205
 26.73111332 25.40780318 28.97390656 26.32728628 27.76863817 28.53280318
 28.89935388 30.03006958 29.5889662  30.75695825 25.49478131 24.63742545
 24.94184891 25.18414513 25.96694831 26.81809145 26.74975149 25.85511928
 27.9860835  26.74353877 28.02957256 30.40904573 28.80616302 30.44632207
 24.91078529 25.46993042 24.45725646 25.26491054 25.51341948 26.31486083
 26.76838966 27.14115308 27.75621272 27.90531809 29.0111829  29.05467197
 30.27236581 30.43389662 32.32256461 25.20899602 24.8610835  24.89835984
 26.66277336 25.34567594 26.85536779 28.01093439 27.74378728 28.08548708
 28.61356859 28.43961233 29.27833002 29.10437376 30.05492048 24.68091451
 24.625      25.97316103 24.85487078 24.2584493  25.4140159  26.41426441
 27.99229622 27.17842942 29.86853877 28.99254473 28.06063618 29.34045726
 29.66351889 23.93538767 25.83648111 24.24602386 26.52609344 26.2278827
 26.67519881 25.58797217 25.68737575 26.86158052 28.31535785 28.02335984
 28.71918489 28.24080517 29.98658052 23.63717694 24.18389662 24.0472167
 25.40780318 24.79274354 24.86729622 26.61307157 25.93588469 28.7750994
 28.97390656 27.75621272 29.0360338  30.1667495  28.694334   28.88692843
 24.91078529 24.84244533 25.53205765 24.08449304 26.53851889 26.27758449
 25.59418489 28.34642147 29.20999006 29.2472664  28.86207753 28.92420477
 30.14189861 30.21023857 25.097167   24.03479125 26.12847913 24.8362326
 26.76838966 26.19060636 26.7000497  27.95501988 27.91153082 28.6694831
 28.13518887 28.03578529 29.90581511 28.12276342 23.85462227 24.69955268
 24.21496024 25.27733598 24.8610835  24.81759443 27.63817097 28.20974155
 26.30864811 27.70029821 28.40233598 27.3834493  31.82554672 27.68166004
 31.50248509 23.27062624]",61273.99680844722
2025-06-15 17:46:00+00:00,1066,5836.1,9.0,27.32844475215472,27.129038270377734,31.887673956262425,"[24.4945328  25.68737575 25.95452286 25.04125249 27.55740557 25.16550696
 27.16600398 27.95501988 29.21620278 30.13568588 30.45874751 30.12326044
 29.05467197 24.93563618 24.5193837  24.04100398 25.35188867 25.65631213
 25.84269384 26.92370775 27.68166004 26.45775348 28.04199801 29.57032803
 30.57057654 28.48310139 30.96819085 24.8362326  23.63717694 25.79920477
 25.19035785 27.45178926 25.38916501 27.70651093 28.14761431 28.72539761
 27.77485089 27.43315109 28.12897614 31.06759443 30.0611332  24.08449304
 25.89239563 25.8861829  25.92967197 25.69980119 26.25894632 26.02286282
 27.28404573 28.76888668 27.63195825 28.23459245 29.89960239 28.4582505
 31.88767396 29.11058648 24.22738569 25.56312127 25.94831014 25.45750497
 25.83026839 26.74353877 27.33374751 28.85586481 26.49502982 29.40258449
 28.94905567 27.93638171 30.55815109 30.02385686 24.8610835  23.27062624
 25.27112326 24.26466203 25.4140159  25.42644135 25.38916501 27.11630219
 27.75       29.83747515 27.8804672  28.98011928 30.85636183 31.73235586
 22.70526839 24.98533797 23.2582008  25.86754473 26.16575547 25.86754473
 25.569334   27.02311133 27.19706759 27.71272366 26.2278827  30.00521869
 29.1416501  29.13543738 30.04249503 25.13444334 24.4137674  25.22142147
 25.83026839 27.93016899 29.1416501  28.3277833  26.96719682 28.81237575
 28.92420477 29.39637177 28.57007952 28.91799205 30.96819085 23.86083499
 26.10362823 25.50720676 25.78677932 25.74950298 25.86133201 26.71247515
 29.0360338  28.40854871 27.89910537 28.96148111 30.44010934 29.90581511
 29.59517893 23.63717694 24.55044732 24.5193837  26.63170974 24.97291252
 26.805666   26.23409543 27.65680915 29.11058648 27.16600398 30.48981113
 27.52634195 28.32157058 30.30342942 23.40730616 23.99751491 22.63692843
 25.79920477 24.55666004 24.74304175 27.09145129 26.92992048 26.81187873
 28.05442346 28.43961233 30.85014911 30.34691849 30.64512922 30.79423459
 23.37624254 23.2333499  23.32032803 25.01640159 25.33946322 25.11580517
 26.02286282 29.0360338  28.71918489 28.02335984 26.78702783 28.89935388
 30.11083499 29.42743539 25.37052684 24.84244533 25.12823062 26.00422465
 27.12872763 24.92321074 26.33349901 27.12251491 27.75621272 28.34020875
 29.07331014 31.0862326  29.19756461 28.13518887 23.92917495 23.51292247
 24.45104374 23.17122266 24.96048708 24.76789264 26.51366799 26.89885686
 27.57604374 26.88021869 28.07927435 28.52659046 30.6389165  30.15432406
 30.26615308 25.46371769]",61319.644762808835
2025-06-15 17:47:00+00:00,1067,5818.04,9.0,27.274062022606387,27.072937375745525,32.26665009940358,"[25.30218688 25.91724652 23.81734592 24.26466203 26.83672962 27.37723658
 28.49552684 27.40208748 29.65109344 28.29050696 30.35934394 29.76913519
 29.42122266 23.0221173  24.71819085 26.79324056 25.10959245 26.84915507
 27.40208748 27.69408549 27.11008946 25.90482107 26.34592445 29.3777336
 27.86182903 29.76292247 29.20377734 23.25198807 24.27087475 25.68116302
 26.63170974 25.19035785 27.12872763 26.2278827  26.8305169  28.32157058
 28.71918489 28.14140159 29.75670974 29.19135189 29.93687873 24.12798211
 24.20253479 24.03479125 25.55690855 26.71247515 24.74925447 27.0666004
 26.24652087 26.77460239 27.34617296 27.9612326  27.70651093 31.01789264
 27.24676938 29.40258449 22.84816103 24.98533797 25.43265408 25.17171968
 26.86779324 28.222167   26.32107356 26.85536779 27.87425447 27.9612326
 28.35263419 29.0111829  31.40929423 30.51466203 25.24627237 23.97887674
 24.27087475 26.07256461 26.06013917 27.01068588 27.8804672  26.10984095
 27.49527833 28.92420477 28.67569583 28.32157058 28.89935388 30.7445328
 24.66227634 25.42022863 24.22738569 27.25919483 23.97887674 26.08499006
 26.73111332 27.66923459 27.94259443 28.33399602 29.20999006 28.81858847
 29.15407555 30.30964215 30.70104374 24.35164016 26.04771372 25.05367793
 24.7306163  25.17171968 26.15954274 27.25298211 26.99826044 26.87400596
 29.20999006 28.57629225 28.14140159 30.69483101 30.70725646 24.09070577
 23.50670974 25.69980119 24.77410537 26.40805169 25.34567594 28.36505964
 28.1973161  29.29075547 27.02932406 27.18464215 28.71297217 29.12922465
 30.46496024 23.62475149 23.28305169 25.38916501 25.50720676 26.83672962
 26.79945328 26.42668986 27.60089463 26.91128231 28.02335984 28.44582505
 29.99900596 31.57703777 30.89363817 23.9416004  25.12823062 23.17122266
 24.69333996 25.76192843 25.35188867 26.99204771 26.17818091 27.69408549
 28.01093439 27.66302187 26.9361332  28.61356859 28.52659046 32.2666501
 22.92271372 25.75571571 24.12176938 25.15308151 25.83648111 26.37698807
 26.50124254 25.66252485 27.41451292 30.41525845 29.79398608 28.55144135
 29.2721173  30.12326044 23.07803181 24.92942346 25.45129225 24.06585487
 26.14090457 25.43265408 27.72514911 26.84294235 28.73782306 28.72539761
 27.96744533 29.1416501  27.97365805 31.32852883 24.92321074 24.20253479
 24.57529821 24.53802187 27.45800199 25.15929423 27.61332008 27.84319085
 28.17246521 27.58225646 28.03578529 29.54547714 27.71272366 29.53305169
 31.6640159  24.65606362]",61137.701902831934
2025-06-15 17:48:00+00:00,1068,5827.66,9.0,27.301358857267736,27.102820576540758,31.639165009940356,"[24.30815109 23.94781312 25.86133201 26.14090457 26.4639662  28.30293241
 27.93016899 26.26515905 29.06709742 28.78131213 28.5390159  30.45253479
 29.78777336 23.37624254 23.90432406 24.68091451 23.80492048 25.60039761
 25.68737575 27.59468191 25.38295229 27.78106362 26.15954274 29.89960239
 27.57604374 30.2972167  30.14189861 24.52559642 25.61903579 23.61232604
 25.73707753 26.26515905 27.4083002  27.56361829 27.03553678 28.53280318
 29.70700795 28.23459245 28.5638668  29.1416501  30.76317097 23.87947316
 22.91028827 25.19657058 25.42644135 26.76217694 26.56336978 26.69383698
 25.0723161  27.80591451 28.96769384 26.62549702 26.58200795 30.68861829
 29.42122266 31.57703777 26.13469185 23.87947316 24.81138171 25.25869781
 25.8054175  25.30218688 25.87375746 28.1165507  27.71893638 27.15979125
 28.34642147 26.99826044 29.40879722 29.43986083 24.60636183 23.00347913
 25.46993042 25.83648111 25.69980119 26.33971173 26.24030815 29.47713718
 27.57604374 28.1165507  27.38966203 29.76292247 30.45253479 28.07306163
 24.89835984 24.91078529 25.70601392 25.5444831  24.40755467 26.69383698
 29.29696819 28.29050696 27.18464215 27.92395626 28.7999503  27.72514911
 29.72564612 30.03006958 31.27261431 23.93538767 24.59393638 25.52584493
 26.10984095 25.19035785 27.06038767 28.34642147 28.57007952 28.05442346
 26.61928429 30.07977137 30.28479125 29.68836978 30.24751491 24.47589463
 23.3638171  26.1222664  25.35188867 27.01068588 26.39562624 25.37673956
 27.66923459 26.88021869 30.41525845 28.26565606 28.78131213 31.45899602
 31.63916501 24.07206759 26.25894632 25.7805666  27.01068588 23.5750497
 26.0166501  26.84915507 25.89860835 28.16625249 27.71272366 28.1165507
 28.41476143 30.72589463 30.34070577 23.42594433 24.36406561 23.26441352
 25.53827038 25.64388668 25.96694831 26.25894632 26.12847913 27.11630219
 28.73782306 27.16600398 29.62624254 28.5638668  29.66351889 30.97440358
 25.46993042 25.61903579 24.07828032 24.35785288 25.89239563 24.76789264
 26.88021869 27.09766402 27.4083002  27.76863817 29.85611332 30.49602386
 28.3277833  29.06088469 25.45750497 25.08474155 25.60661034 24.78031809
 26.94855865 27.88667992 25.22142147 28.14140159 29.53926441 27.78106362
 28.63220676 29.2472664  29.38394632 30.30964215 25.23384692 25.22142147
 24.22738569 24.22738569 26.27137177 25.61282306 25.3332505  26.27758449
 28.43961233 28.29050696 29.6945825  28.89935388 29.930666   28.55144135
 31.37823062 23.65581511]",61229.02619287494
2025-06-15 17:49:00+00:00,1069,5784.01,9.0,27.171448286376148,26.967227882703774,31.69507952286282,"[24.79895626 24.63742545 25.42022863 24.46346918 25.73086481 26.37077535
 26.92992048 29.04845924 27.76863817 28.44582505 28.44582505 30.11083499
 30.52087475 23.16500994 26.3583499  24.65606362 26.0166501  25.94831014
 26.88643141 27.66923459 28.70054672 26.98583499 26.18439364 28.26565606
 28.07306163 28.54522863 28.94905567 24.15904573 23.41351889 26.02286282
 25.74329026 25.61903579 26.28379722 26.55715706 28.07306163 26.61928429
 26.39562624 28.97390656 28.98633201 29.88717694 31.69507952 24.68712724
 23.61853877 25.34567594 26.74353877 25.61282306 25.98558648 27.25919483
 24.9666998  27.60089463 27.18464215 27.91153082 30.67619284 30.875
 30.75074553 28.42718688 24.59393638 23.62475149 25.10959245 25.48856859
 24.92942346 26.32107356 28.86829026 28.09791252 28.19110338 27.52012922
 30.09840954 30.04249503 28.23459245 31.15457256 23.89189861 23.92296223
 24.45104374 24.33921471 25.2027833  26.39562624 25.35188867 27.54498012
 26.0166501  27.83076541 30.22266402 28.91177932 27.22813121 29.48956262
 24.00372763 23.90432406 25.90482107 24.79274354 26.66898608 27.16600398
 27.9612326  28.04821074 28.60735586 28.4333996  29.11058648 28.81858847
 29.08573559 30.85636183 28.94905567 23.99130219 26.07256461 25.45129225
 25.58175944 25.64388668 27.32753479 26.84294235 27.91153082 28.98011928
 28.98011928 28.76267396 28.20352883 29.11058648 30.32828032 23.54398608
 23.76143141 24.47589463 25.46993042 25.36431412 24.74925447 29.41500994
 27.31510934 28.12276342 27.97987078 29.05467197 27.99229622 29.99279324
 30.48359841 22.93513917 22.15233598 25.13444334 26.03528827 27.45178926
 25.58797217 27.52012922 27.87425447 28.65084493 26.74353877 27.6443837
 30.22266402 29.81883698 28.60735586 23.51292247 23.71794235 24.18389662
 25.58175944 25.83648111 25.95452286 24.37027833 25.94209742 26.41426441
 28.01093439 29.50198807 28.98011928 26.71868787 29.34666998 28.86207753
 24.152833   25.84890656 24.55666004 26.94855865 25.89860835 25.27733598
 25.8861829  27.73136183 27.56983101 28.38369781 29.67594433 28.80616302
 29.33424453 31.47763419 22.56237575 24.05964215 25.00397614 23.86704771
 26.53230616 26.66277336 25.74950298 25.97316103 26.65656064 27.79970179
 27.47664016 27.47042744 30.66998012 28.35263419 23.97266402 25.4140159
 24.12176938 24.68712724 24.79895626 25.92345924 23.71794235 26.88021869
 28.11033797 27.79348907 29.06088469 28.75024851 28.94905567 30.9806163
 30.39040755 24.7306163 ]",60794.39738690005
2025-06-15 17:50:00+00:00,1070,5792.219999999999,9.0,27.19457355895787,26.99273111332008,31.94980119284294,"[23.63096421 24.3889165  26.38941352 25.51341948 26.57579523 25.76814115
 27.52012922 27.73136183 27.76863817 29.29696819 29.41500994 28.45203777
 30.01764414 22.67420477 24.15904573 24.74304175 25.56312127 26.47017893
 26.73111332 27.47664016 27.99850895 26.8305169  27.27162028 28.62599404
 28.21595427 28.29050696 30.1667495  22.92892644 24.02857853 24.51317097
 25.13444334 25.66873757 25.66252485 26.09741551 27.94880716 25.57554672
 28.02335984 28.41476143 28.78752485 28.63220676 30.30964215 24.01615308
 24.50074553 24.17147117 25.63767396 25.79920477 25.73707753 26.84915507
 25.94209742 28.30293241 27.66923459 29.04224652 30.89985089 28.97390656
 29.93687873 31.64537773 22.91650099 24.70576541 27.65680915 26.29000994
 27.66923459 26.70626243 27.11008946 25.94209742 28.45203777 30.71346918
 27.32132207 28.94284294 28.63220676 30.83772366 25.04746521 23.32032803
 24.86729622 24.02857853 25.42644135 24.37649105 26.79945328 26.27137177
 26.35213718 27.33374751 29.58275348 27.41451292 29.05467197 29.68836978
 23.18364811 24.1776839  25.27733598 23.71794235 24.52559642 28.92420477
 28.03578529 27.99229622 28.22837972 28.1973161  27.60710736 30.88121272
 29.67594433 29.49577535 30.07977137 24.38270378 24.27087475 27.90531809
 26.68141153 26.14090457 26.34592445 27.35859841 28.22837972 27.07902584
 26.2527336  28.12897614 28.3277833  29.99279324 30.42147117 23.79249503
 26.17818091 23.9167495  25.17793241 26.42668986 25.69980119 28.20352883
 28.06063618 26.65034791 28.96148111 26.65034791 28.76888668 29.02360835
 30.95576541 23.64338966 23.97266402 23.40730616 26.06013917 26.27758449
 26.89264414 25.70601392 28.20974155 27.25919483 27.44557654 28.16625249
 29.94930417 30.1916004  30.14811133 22.82331014 23.76143141 25.43265408
 26.09120278 26.07877734 26.12847913 26.21545726 25.44507952 27.04796223
 26.06013917 28.19110338 29.99900596 30.45253479 29.57032803 29.43364811
 22.26416501 25.6749503  24.05964215 24.625      25.25869781 27.73757455
 28.01093439 26.81187873 28.38369781 28.61978131 27.31510934 28.72539761
 29.60139165 31.94980119 23.76764414 24.73682903 25.17793241 27.95501988
 24.15904573 27.97365805 26.2278827  26.9361332  26.62549702 27.4083002
 29.62624254 28.29671968 29.85611332 29.73185885 23.98508946 23.8111332
 25.48235586 25.4388668  25.91724652 26.83672962 25.69358847 26.66277336
 28.21595427 27.00447316 29.19756461 29.49577535 28.38991054 29.05467197
 30.12326044 23.680666  ]",60871.765298849445
2025-06-15 17:51:00+00:00,1071,5817.169999999999,9.0,27.26709403994494,27.07023484095427,31.129721669980118,"[25.3332505  25.79299205 24.8362326  26.06013917 26.37698807 27.19706759
 27.15979125 28.27186879 28.222167   30.42147117 29.86853877 29.53305169
 30.41525845 25.51963221 25.5444831  25.4140159  25.09095427 25.09095427
 27.1722167  26.39562624 26.8305169  28.71918489 28.82480119 30.66998012
 28.32157058 29.77534791 28.96148111 24.07828032 24.9915507  24.15904573
 25.61282306 26.47639165 25.68737575 27.14115308 27.79348907 25.94831014
 26.9609841  29.45849901 28.13518887 28.65705765 30.47117296 25.17171968
 23.51913519 23.48807157 24.94806163 25.93588469 26.4639662  26.82430417
 27.42693837 27.92395626 26.7249006  26.60685885 27.22191849 28.49552684
 29.08573559 28.91177932 24.94806163 23.54398608 24.12176938 26.67519881
 26.24030815 27.0417495  26.60064612 26.98583499 26.81187873 28.26565606
 30.5333002  30.7445328  28.44582505 29.78777336 24.34542744 24.03479125
 25.84269384 25.86754473 26.53851889 25.097167   28.01093439 27.73757455
 27.35238569 28.08548708 27.76863817 28.97390656 29.88096421 30.29100398
 23.17743539 25.37673956 26.66277336 24.33300199 27.5387674  26.78702783
 26.16575547 27.80591451 27.65680915 29.18513917 25.35810139 27.59468191
 29.40258449 29.97415507 30.81908549 25.66252485 23.99130219 25.3332505
 24.95427435 24.43240557 27.3834493  27.37723658 28.25323062 25.18414513
 27.22191849 30.35313121 31.09865805 31.12972167 28.5638668  23.56262425
 25.22142147 23.60611332 24.95427435 25.75571571 27.41451292 25.64388668
 27.79970179 28.51416501 27.93638171 29.53305169 30.57057654 29.78777336
 30.52708748 25.10959245 24.00994036 25.37673956 25.07852883 24.98533797
 26.81187873 26.06013917 27.94259443 26.73111332 28.16625249 29.17271372
 28.26565606 27.67544732 30.12326044 23.13394632 23.38245527 23.43215706
 27.62574553 25.48235586 27.16600398 25.35810139 26.97962227 26.10362823
 28.0916998  28.35884692 29.19135189 29.52683897 29.55790258 30.91227634
 22.8667992  23.96023857 25.9110338  24.77410537 27.28404573 26.24030815
 26.25894632 26.99826044 28.38369781 29.14786282 28.96148111 30.63270378
 30.1916004  29.46471173 24.26466203 23.04075547 24.72440358 23.69309145
 25.74950298 26.91128231 26.58822068 26.94234592 29.0111829  26.1471173
 28.96148111 28.97390656 30.63270378 30.15432406 23.63717694 22.91650099
 24.95427435 26.66898608 25.01018887 26.44532803 26.08499006 27.70651093
 28.45203777 25.81784294 28.1973161  29.8250497  29.02982107 30.06734592
 30.75074553 25.48235586]",61114.389820039796
2025-06-15 17:52:00+00:00,1072,5788.129999999999,9.0,27.180282426874584,26.980026093439363,31.64537773359841,"[24.23359841 23.82977137 27.01068588 24.89835984 25.92967197 25.92967197
 28.18489066 26.35213718 29.08573559 28.59493042 30.04870775 30.27236581
 30.17296223 23.45700795 23.12152087 22.4194831  26.61307157 25.20899602
 27.25919483 26.60685885 26.56336978 26.4888171  30.07977137 28.73782306
 29.28454274 29.04224652 28.55144135 23.82977137 24.27087475 24.97912525
 24.55666004 25.53205765 25.569334   26.71247515 27.45178926 27.33374751
 27.12251491 28.12276342 27.8556163  29.65730616 27.81833996 22.8916501
 23.20228628 23.67445328 25.81784294 26.50745527 25.83026839 28.32157058
 26.11605368 25.74950298 28.32157058 28.94284294 27.76242545 30.0859841
 30.19781312 30.65134195 24.44483101 24.91699801 24.29572565 26.28379722
 25.9917992  24.50074553 26.53851889 27.22813121 26.63170974 28.42097416
 27.58846918 27.62574553 28.40854871 29.1416501  24.67470179 24.63742545
 26.53230616 25.65631213 26.27758449 27.22191849 27.05417495 26.02907555
 27.95501988 27.93016899 28.14140159 28.37127237 28.85586481 31.0862326
 23.88568588 24.60014911 24.55044732 26.18439364 27.58846918 26.3583499
 28.16625249 25.8054175  27.22813121 28.93663022 27.72514911 28.95526839
 30.40904573 29.74428429 29.71322068 23.49428429 26.02907555 25.24627237
 25.75571571 26.00422465 26.09120278 25.87997018 27.39587475 28.0916998
 26.8305169  29.0111829  28.4582505  29.97415507 29.98036779 23.82355865
 24.23359841 24.87972167 24.3889165  26.9609841  26.50745527 25.24005964
 27.8804672  26.95477137 27.6443837  30.17296223 29.0360338  28.35263419
 29.3777336  23.86083499 24.79274354 24.35164016 27.0417495  25.24005964
 25.45750497 25.5444831  26.8305169  26.47017893 26.63170974 27.92395626
 30.22266402 29.12301193 29.45228628 23.34517893 24.63121272 23.8359841
 26.66898608 26.99826044 26.33349901 26.92992048 27.79970179 28.68812127
 28.74403579 26.78081511 27.79348907 29.37152087 30.34691849 29.80019881
 24.43240557 24.91699801 24.91699801 26.77460239 25.81784294 26.85536779
 28.02335984 26.53230616 28.39612326 27.52634195 28.6694831  27.84319085
 28.73161034 31.64537773 25.10337972 24.7554672  25.60661034 24.57529821
 26.71868787 27.34617296 27.84940358 26.76838966 27.96744533 28.78131213
 28.97390656 30.44632207 30.27857853 29.83747515 23.16500994 24.00372763
 24.7306163  24.56908549 24.43240557 27.52634195 26.10984095 26.51366799
 28.11033797 28.4333996  29.47092445 29.89338966 29.39637177 29.53926441
 29.89960239 24.2584493 ]",60823.952887351596
2025-06-15 17:53:00+00:00,1073,5801.900000000001,9.0,27.219799774739695,27.022800695825048,31.85039761431411,"[26.02907555 26.52609344 26.06635189 26.17196819 27.75621272 26.40805169
 26.53851889 27.17842942 27.26540755 28.7999503  29.06088469 29.02982107
 30.51466203 25.05367793 25.53205765 24.1776839  24.8362326  24.01615308
 25.04125249 28.15382704 25.4388668  27.86182903 28.34642147 29.07952286
 28.5638668  28.92420477 30.34691849 22.39463221 25.50099404 24.76167992
 26.4888171  23.72415507 25.58797217 26.16575547 28.54522863 28.222167
 28.17246521 28.26565606 29.25969185 28.91799205 31.61431412 25.18414513
 23.7055169  24.72440358 24.02857853 26.19681909 27.48906561 27.18464215
 26.55715706 28.24701789 26.81809145 28.63220676 28.63220676 26.94855865
 30.7693837  31.30367793 22.92271372 24.73682903 25.21520875 23.74900596
 26.27137177 24.98533797 26.1471173  26.33971173 27.70651093 28.52037773
 29.83126243 28.31535785 29.22862823 30.13568588 24.35164016 24.54423459
 25.91724652 26.06635189 25.00397614 27.93016899 26.90506958 26.50745527
 27.1722167  28.94905567 28.22837972 29.08573559 31.02410537 29.05467197
 24.27708748 23.2582008  25.90482107 25.08474155 26.45775348 26.20924453
 26.91749503 28.5390159  26.81187873 26.43290258 27.30889662 28.96769384
 29.53305169 29.76292247 31.85039761 24.8610835  25.17793241 24.50074553
 24.34542744 25.62524851 24.99776342 26.81187873 26.30243539 27.97987078
 27.84940358 27.9860835  30.58300199 29.57654076 29.60139165 24.55666004
 24.58772366 24.88593439 25.3332505  26.37698807 26.49502982 28.92420477
 26.06013917 28.97390656 28.81858847 27.22191849 29.70079523 28.28429423
 30.0859841  23.59368787 23.02833002 25.89239563 24.35164016 26.42668986
 25.60039761 26.14090457 27.20328032 28.17246521 28.53280318 27.11008946
 28.43961233 29.96172962 30.55193837 22.82952286 24.12798211 25.097167
 23.87947316 26.77460239 25.14065606 25.96694831 26.65656064 27.6443837
 30.35313121 28.60114314 28.76267396 29.62624254 29.20999006 30.37176938
 23.24577535 25.61282306 24.92321074 23.7055169  24.24602386 25.3083996
 27.19706759 28.04199801 26.98583499 28.14140159 28.19110338 28.76267396
 29.48956262 30.19781312 24.78653082 25.25248509 25.56312127 25.61282306
 26.22166998 25.57554672 25.13444334 27.8556163  27.52634195 28.66327038
 28.9055666  29.81883698 30.81908549 30.12326044 24.30815109 24.32678926
 26.805666   25.48856859 25.40780318 25.65631213 27.4083002  27.55740557
 25.61903579 28.75024851 27.95501988 28.9055666  30.67619284 28.75024851
 31.39686879 24.16525845]",60956.162126369134
2025-06-15 17:54:00+00:00,1074,5770.08,9.0,27.124773838433782,26.923956262425445,31.11108349900596,"[23.73658052 25.07852883 26.03528827 26.65034791 28.23459245 27.37102386
 28.20352883 29.1416501  28.29671968 29.20377734 30.26615308 29.8250497
 30.66998012 23.18986083 24.90457256 25.56312127 27.15357853 25.04746521
 24.58151093 26.7249006  27.55740557 28.00472167 27.75621272 27.63817097
 28.61356859 29.65109344 28.80616302 24.78031809 26.09741551 26.91128231
 25.34567594 25.57554672 25.08474155 27.01068588 26.76838966 28.15382704
 26.88643141 28.18489066 26.78081511 29.5889662  29.81262425 23.28305169
 22.39463221 24.47589463 26.85536779 24.26466203 26.24030815 27.02932406
 27.75621272 26.79324056 27.20949304 27.60710736 29.18513917 27.93016899
 29.23484095 30.29100398 24.42619284 24.96048708 24.33300199 25.0723161
 27.1722167  25.62524851 28.07306163 26.60064612 28.48310139 29.08573559
 27.4083002  28.14140159 29.09194831 28.48310139 22.92892644 23.75521869
 25.04746521 24.68091451 26.11605368 26.5695825  24.43240557 26.16575547
 29.6945825  28.17246521 25.42022863 30.28479125 30.60164016 29.47092445
 22.42569583 23.61232604 24.68712724 26.01043738 27.29025845 26.58822068
 25.66873757 26.07256461 27.28404573 28.25323062 27.73757455 29.2721173
 29.22862823 29.00497018 29.52683897 23.90432406 24.84244533 24.45104374
 26.33349901 25.72465209 26.65034791 26.73111332 26.77460239 27.9860835
 27.96744533 28.96148111 29.13543738 27.76242545 30.56436382 24.51317097
 25.93588469 26.66277336 26.63792247 26.76217694 27.33374751 25.84269384
 26.57579523 26.84294235 28.05442346 28.20974155 30.2972167  29.10437376
 30.64512922 23.48185885 24.60636183 24.152833   24.15904573 27.11630219
 26.28379722 26.42668986 27.12872763 27.02311133 27.72514911 28.04821074
 27.78106362 27.67544732 29.62002982 23.3638171  24.73682903 23.99130219
 24.70576541 25.28976143 27.47042744 28.24080517 30.44632207 27.32132207
 26.18439364 26.19681909 27.14115308 28.54522863 28.29050696 29.83126243
 23.3638171  25.31461233 24.90457256 25.52584493 26.36456262 25.5444831
 28.3277833  27.08523857 27.71893638 27.94880716 28.02957256 27.75621272
 28.85586481 29.76292247 23.16500994 23.88568588 25.73707753 24.28951292
 27.1722167  25.42022863 27.6195328  28.1165507  27.63817097 26.89885686
 28.07927435 28.694334   29.07952286 28.03578529 24.31436382 23.78628231
 25.53827038 25.08474155 26.17818091 25.84890656 27.40208748 26.90506958
 28.25323062 28.34020875 26.86779324 29.40258449 30.55193837 30.02385686
 31.1110835  22.25795229]",60638.24335386406
2025-06-15 17:55:00+00:00,1075,5745.76,9.0,27.05187555137877,26.848409542743536,31.452783300198806,"[25.87375746 26.74353877 23.98508946 26.13469185 26.51988072 27.52634195
 28.18489066 26.88643141 27.5387674  28.93663022 28.65084493 29.27833002
 31.01167992 24.8362326  23.95402584 25.68737575 24.74304175 27.83076541
 25.71843936 25.35188867 29.25347913 26.35213718 27.66302187 29.45228628
 28.73161034 27.66923459 28.57629225 24.69333996 23.22092445 22.83573559
 25.49478131 24.8362326  25.19035785 26.25894632 27.37723658 26.98583499
 27.10387674 26.32728628 28.91177932 28.86829026 29.74428429 22.62450298
 23.84219682 25.17171968 24.21496024 25.28354871 25.66252485 26.42047714
 26.97962227 26.86779324 28.12897614 28.1165507  27.71272366 27.74378728
 29.35909543 29.18513917 24.42619284 24.63742545 23.80492048 26.01043738
 25.58175944 26.30864811 26.2527336  26.81187873 25.51963221 27.5139165
 28.17867793 28.48931412 29.27833002 28.83722664 23.14637177 25.17793241
 25.35188867 25.63767396 24.40755467 25.16550696 27.41451292 27.02932406
 28.14761431 26.37698807 28.30914513 27.60089463 29.40879722 29.75049702
 22.64935388 22.40084493 25.28976143 24.07828032 26.01043738 25.22763419
 26.99204771 27.44557654 27.21570577 29.23484095 29.71322068 28.84965209
 28.91177932 29.36530815 28.31535785 23.47564612 24.48210736 24.00372763
 25.06610338 24.84865805 28.49552684 27.05417495 27.69408549 26.56336978
 29.63245527 28.40854871 28.42718688 28.06063618 29.96794235 22.43812127
 24.25223658 24.33921471 24.97912525 26.03528827 26.79324056 28.52659046
 26.3832008  25.66873757 27.44557654 27.99850895 27.91153082 30.68240557
 29.55168986 23.58126243 24.35164016 24.65606362 25.10959245 27.22191849
 26.51366799 26.19060636 27.81833996 28.86829026 28.98633201 28.91177932
 28.25323062 29.73807157 30.402833   23.88568588 25.4388668  25.46993042
 24.64985089 27.95501988 25.14686879 26.4639662  28.47688867 27.67544732
 26.55715706 29.25347913 28.89935388 28.71918489 30.17917495 31.4527833
 24.91078529 24.4945328  24.15904573 24.3889165  23.66824056 24.50074553
 25.95452286 26.43911531 28.36505964 27.03553678 27.91153082 29.44607356
 29.40879722 30.07977137 25.20899602 23.680666   25.32082505 24.14040755
 25.51341948 27.14115308 27.58225646 25.9110338  28.80616302 27.32132207
 26.99826044 30.0859841  30.03628231 29.47713718 24.16525845 25.2027833
 25.56312127 25.93588469 25.6500994  26.17818091 27.27162028 27.32753479
 27.34617296 27.95501988 28.7999503  29.96794235 30.07355865 30.61406561
 29.94930417 25.15308151]",60394.3548446928
2025-06-15 17:56:00+00:00,1076,5771.42,9.0,27.126465273039514,26.928118787276343,31.552186878727632,"[23.96645129 25.10959245 25.40780318 26.68141153 27.29025845 26.92992048
 27.08523857 28.6694831  27.56361829 27.14736581 30.48359841 29.68215706
 30.11083499 24.79895626 25.50099404 25.66873757 26.31486083 25.6500994
 25.97316103 26.85536779 27.43315109 28.05442346 28.27808151 27.88667992
 28.45203777 28.01093439 31.09865805 23.32654076 23.38866799 23.60611332
 26.12847913 26.12847913 25.50720676 27.99229622 27.34617296 26.73111332
 27.65680915 28.08548708 29.83747515 29.64488072 27.82455268 22.37599404
 23.97266402 25.33946322 25.56312127 23.89189861 26.79945328 25.89239563
 27.18464215 27.53255467 28.00472167 27.49527833 27.57604374 28.71297217
 29.07952286 28.25323062 24.03479125 23.73036779 26.05392644 23.66824056
 25.17171968 26.51366799 26.5944334  27.71893638 28.04199801 28.23459245
 29.42743539 28.4333996  30.28479125 29.78777336 24.03479125 25.35188867
 24.05964215 25.29597416 25.91724652 24.8362326  27.07902584 28.02335984
 29.52062624 29.40258449 28.43961233 28.45203777 29.68215706 30.01764414
 23.76764414 24.32057654 24.65606362 26.04150099 26.55094433 25.10959245
 26.1222664  27.58846918 27.23434394 27.9612326  28.55144135 28.47688867
 29.94930417 29.45849901 28.63220676 22.85437376 24.79895626 25.37052684
 23.55641153 25.15308151 27.35859841 26.56336978 27.83076541 28.40854871
 28.65705765 27.9612326  30.03006958 29.11058648 29.5889662  23.99751491
 25.46993042 25.38916501 26.53851889 27.13494036 27.60089463 27.12251491
 25.33946322 28.19110338 28.34642147 27.22813121 27.94880716 29.22241551
 31.55218688 23.58747515 22.41327038 23.19607356 26.33349901 24.97912525
 27.75621272 26.54473161 26.33349901 26.84915507 27.37723658 28.61356859
 28.00472167 29.56411531 30.1916004  24.20874751 24.91699801 23.58747515
 27.13494036 24.22117296 27.34617296 26.53851889 24.78031809 26.43290258
 26.92992048 27.02932406 28.00472167 28.48310139 30.12947316 31.06138171
 23.28305169 23.92917495 25.62524851 25.99801193 27.09145129 26.45775348
 27.91774354 26.67519881 27.92395626 27.75621272 30.02385686 26.64413519
 29.57032803 31.26640159 24.28951292 23.61853877 25.31461233 24.79274354
 26.51988072 26.19060636 27.05417495 27.21570577 27.78727634 25.71843936
 29.29075547 29.16028827 29.00497018 29.19756461 24.39512922 23.0221173
 26.06013917 24.95427435 26.37698807 25.60661034 26.9609841  27.91153082
 27.73757455 27.91774354 27.50149105 28.15382704 29.53305169 30.05492048
 30.60785288 23.42594433]",60643.90221748101
2025-06-15 17:57:00+00:00,1077,5743.0599999999995,9.0,27.041634476299155,26.840022365805172,30.906063618290258,"[24.95427435 23.00969185 24.94184891 25.53205765 25.56312127 26.42668986
 26.91749503 28.04199801 28.51416501 28.12276342 29.13543738 30.09219682
 29.19756461 23.56883698 24.2833002  22.2082505  24.32678926 26.64413519
 25.33946322 27.6195328  27.09145129 29.58275348 27.82455268 29.80019881
 29.90581511 28.03578529 28.07927435 24.23359841 22.80467197 23.15879722
 24.30815109 26.43290258 26.69383698 27.66302187 27.60710736 27.61332008
 27.32753479 26.15333002 28.11033797 27.32753479 26.55715706 24.57529821
 22.30765408 24.02236581 25.19035785 25.23384692 25.51963221 26.92370775
 26.65034791 27.5139165  26.94855865 27.4083002  29.62002982 29.55790258
 29.24105368 30.80666004 24.5193837  22.95999006 25.34567594 24.09070577
 25.94209742 28.3277833  25.63767396 26.27758449 26.43290258 26.49502982
 30.17296223 28.28429423 29.65730616 29.98658052 23.46322068 24.21496024
 23.95402584 25.66873757 25.45750497 27.8804672  28.7750994  25.91724652
 27.9860835  27.24676938 28.80616302 28.97390656 28.86207753 29.930666
 23.38866799 23.87947316 26.00422465 24.43240557 26.17818091 25.46371769
 26.88643141 27.23434394 26.76838966 27.60710736 30.56436382 27.83076541
 28.222167   29.37152087 29.7194334  24.92942346 24.36406561 24.9915507
 25.48235586 25.38916501 25.83026839 28.52659046 26.95477137 27.96744533
 28.23459245 29.05467197 29.1416501  27.14736581 29.72564612 24.17147117
 23.78628231 24.9915507  25.18414513 24.92321074 27.15357853 27.96744533
 26.77460239 28.45203777 26.66898608 28.57007952 28.42718688 30.05492048
 30.17296223 23.56262425 24.44483101 25.72465209 24.48832008 25.66252485
 25.57554672 25.22142147 28.37127237 27.45800199 27.37102386 29.19135189
 29.34045726 30.65755467 30.23508946 22.94135189 23.86704771 23.61232604
 24.26466203 26.38941352 24.35785288 27.05417495 26.63170974 28.42097416
 27.26540755 28.4582505  28.3277833  30.5333002  29.22862823 29.78777336
 24.31436382 25.61282306 23.87947316 24.95427435 26.94855865 26.04150099
 25.17793241 27.37723658 25.69358847 27.87425447 27.86182903 29.52683897
 29.39015905 30.90606362 22.38841948 23.62475149 26.24652087 24.97291252
 25.39537773 25.46371769 26.86158052 28.55765408 27.58846918 28.20352883
 27.43936382 28.68190855 29.58275348 28.38369781 24.14040755 26.48260437
 24.40134195 25.6500994  26.95477137 27.41451292 27.39587475 28.37127237
 28.55144135 29.25969185 27.34617296 29.93687873 28.86829026 29.6138171
 28.79373757 25.30218688]",60360.09230390645
2025-06-15 17:58:00+00:00,1078,5734.0599999999995,9.0,27.013930772309557,26.812065109343933,31.142147117296222,"[26.3583499  25.17793241 25.71843936 26.37698807 26.55094433 26.06635189
 27.27162028 28.1165507  28.44582505 27.29025845 28.7750994  28.94284294
 30.32828032 24.77410537 22.59965209 25.19657058 26.2278827  26.10984095
 25.55069583 28.222167   26.86158052 26.61307157 29.20377734 29.07331014
 29.25347913 29.90581511 29.60760437 24.24602386 24.50074553 24.92321074
 25.83026839 25.10337972 26.20924453 27.82455268 25.42644135 28.65705765
 26.94234592 28.1165507  28.96148111 29.07331014 29.47713718 24.14040755
 24.64985089 23.92917495 23.61232604 26.12847913 25.9110338  24.9915507
 27.45178926 27.79348907 26.44532803 27.76863817 28.19110338 30.17296223
 29.50198807 29.93687873 22.83573559 25.03503976 24.71819085 25.38295229
 26.84915507 24.10934394 25.58175944 26.78081511 25.95452286 28.4333996
 27.13494036 29.81883698 27.58846918 29.19756461 22.87922465 23.64338966
 24.27087475 24.55044732 25.36431412 26.91128231 26.17818091 27.15357853
 25.77435388 26.67519881 27.01689861 28.57007952 28.99875746 29.17271372
 23.68687873 23.80492048 23.31411531 25.56312127 24.43861829 26.84294235
 26.9361332  26.17818091 27.29025845 27.60089463 27.90531809 28.84343936
 29.47092445 30.09840954 31.14214712 26.61307157 23.82355865 24.06585487
 23.31411531 24.60636183 27.61332008 27.20328032 26.77460239 28.37127237
 27.43315109 29.2472664  30.2972167  28.10412525 28.34020875 23.30168986
 26.25894632 24.72440358 27.15357853 24.94184891 27.01068588 26.08499006
 25.14686879 27.43936382 28.79373757 27.65680915 29.65730616 29.94930417
 29.80641153 24.29572565 27.20328032 23.9167495  24.39512922 26.65034791
 25.31461233 27.91774354 26.16575547 27.45800199 27.11008946 29.00497018
 27.4083002  27.22191849 30.5333002  27.15979125 23.50049702 23.86083499
 25.87375746 24.13419483 25.81784294 25.86754473 26.44532803 25.89860835
 27.29025845 29.52062624 27.19706759 29.30318091 29.84368787 29.32803181
 24.28951292 23.82355865 24.72440358 26.08499006 26.60064612 26.39562624
 27.53255467 25.72465209 26.88021869 26.35213718 27.48906561 28.37127237
 28.94284294 29.58275348 24.8610835  25.25248509 26.34592445 26.3832008
 26.39562624 26.2278827  25.23384692 26.36456262 27.0666004  28.68812127
 28.34020875 29.55168986 30.52087475 30.24130219 24.9666998  24.21496024
 24.93563618 26.13469185 24.70576541 28.05442346 25.01018887 27.61332008
 27.81833996 26.22166998 27.48906561 28.98633201 29.53305169 29.0360338
 29.36530815 24.45725646]",60267.406791838854
2025-06-15 17:59:00+00:00,1079,5707.2,9.0,26.93351633494422,26.728628230616305,31.83175944333996,"[23.81734592 24.41998012 25.28976143 25.63767396 25.69358847 27.20328032
 26.43911531 28.82480119 28.83101392 27.63195825 28.28429423 29.06709742
 29.02982107 23.50049702 25.0723161  24.74925447 24.89835984 25.30218688
 25.9917992  26.16575547 29.09194831 27.72514911 25.95452286 27.75
 27.87425447 29.58275348 29.13543738 22.56858847 21.91003976 24.92942346
 23.63096421 26.38941352 27.93016899 26.99826044 25.55069583 28.44582505
 27.4083002  26.54473161 26.90506958 27.17842942 29.63245527 24.152833
 24.84865805 25.37052684 25.94209742 24.88593439 24.91078529 26.9609841
 26.41426441 26.86779324 26.54473161 28.83722664 30.65755467 28.64463221
 30.48359841 30.60785288 22.56237575 23.82977137 24.72440358 26.57579523
 26.20303181 25.43265408 27.83076541 25.84269384 27.45800199 27.70029821
 29.24105368 30.37798211 27.75       28.28429423 23.92917495 25.18414513
 25.0723161  24.23359841 24.03479125 26.0166501  27.14115308 26.7000497
 27.24055666 26.98583499 27.9860835  29.0111829  28.74403579 31.4527833
 22.68663022 23.38245527 23.25198807 25.26491054 24.50074553 26.35213718
 26.52609344 25.35188867 28.42097416 29.30939364 27.17842942 29.43364811
 28.13518887 29.66973161 31.56461233 23.89189861 25.13444334 26.33971173
 25.44507952 24.7306163  26.20924453 27.21570577 27.02932406 29.41500994
 27.25298211 28.71918489 27.35859841 27.6195328  30.60785288 23.63717694
 23.9416004  25.58175944 24.92942346 25.68737575 24.53802187 27.68787276
 27.19085487 27.1722167  27.37102386 26.75596421 28.27808151 29.07331014
 28.98633201 22.35735586 24.91078529 23.82977137 25.56312127 26.30243539
 26.23409543 26.9361332  27.14115308 27.79348907 28.67569583 27.8804672
 28.57629225 28.68190855 31.83175944 22.63692843 22.66799205 23.73036779
 24.06585487 24.80516899 25.73707753 25.10337972 26.61307157 26.47639165
 27.57604374 27.66923459 28.27808151 29.27833002 29.25347913 30.32206759
 22.43190855 23.58126243 25.92967197 26.63170974 26.30864811 26.45775348
 26.14090457 27.68166004 28.22837972 26.77460239 29.08573559 28.65084493
 28.63841948 30.13568588 24.32057654 23.32032803 25.44507952 25.097167
 26.60064612 26.44532803 27.13494036 28.48931412 27.45800199 27.40208748
 28.25944334 27.33374751 29.77534791 29.39637177 23.17743539 24.48210736
 25.92967197 25.15929423 25.14065606 25.42022863 27.25298211 28.63220676
 27.36481113 27.93638171 27.81212724 28.65705765 30.88742545 29.7194334
 29.0111829  23.56883698]",59998.37225018937
2025-06-15 18:00:00+00:00,1080,5697.52,9.0,26.903795758650723,26.69855864811133,31.07380715705765,"[25.98558648 26.21545726 24.00372763 26.02286282 25.62524851 26.94855865
 28.34020875 27.01689861 30.15432406 29.16650099 27.66923459 27.52634195
 30.81287276 24.43861829 22.22067594 25.62524851 24.77410537 27.06038767
 26.71868787 27.66302187 27.89910537 26.38941352 27.70651093 28.09791252
 28.58250497 29.94930417 29.45228628 24.65606362 24.98533797 25.83026839
 24.58772366 24.66227634 25.52584493 25.70601392 28.89935388 26.76217694
 27.50770378 28.42097416 27.75621272 28.91799205 27.11008946 23.56883698
 24.89835984 24.35785288 23.58747515 25.64388668 24.01615308 25.35810139
 26.92370775 27.50770378 27.3834493  26.27137177 25.74950298 28.34020875
 30.1916004  29.47092445 25.28354871 23.55641153 25.26491054 23.90432406
 24.86729622 26.50124254 26.42668986 28.34642147 26.78702783 26.19060636
 29.11058648 27.40208748 30.9806163  28.58871769 23.43836978 23.94781312
 26.28379722 25.097167   22.89786282 25.84890656 25.86754473 27.44557654
 26.91128231 28.55765408 28.83101392 28.71297217 27.99850895 29.86232604
 24.04100398 24.39512922 23.89189861 22.67420477 27.26540755 27.67544732
 26.50745527 26.37077535 26.8305169  26.84294235 26.43290258 27.74378728
 27.76863817 28.34642147 30.88742545 24.5193837  26.15954274 25.53827038
 24.97912525 27.41451292 27.92395626 27.44557654 27.38966203 27.59468191
 27.19706759 26.16575547 29.17271372 28.42718688 28.84965209 23.97266402
 23.51292247 22.82952286 25.87375746 26.03528827 27.70029821 27.58225646
 24.152833   26.85536779 29.99279324 26.1222664  29.20999006 28.52037773
 29.73807157 23.21471173 24.66848907 24.2833002  24.5193837  24.76789264
 25.40780318 26.10362823 27.18464215 26.9609841  28.08548708 27.52634195
 29.07952286 28.84343936 28.68190855 23.06560636 25.569334   23.14015905
 25.71222664 24.04100398 27.5387674  24.32678926 27.14736581 26.82430417
 26.78702783 29.32181909 28.12276342 28.30914513 29.55790258 31.07380716
 23.91053678 23.54398608 25.03503976 25.76814115 26.55094433 26.56336978
 27.42693837 28.20974155 27.86182903 28.23459245 28.58871769 29.18513917
 30.34070577 29.96794235 23.39488072 24.8362326  26.2527336  26.42047714
 23.63717694 26.1222664  27.9612326  27.88667992 25.10959245 26.66898608
 29.65730616 28.38369781 29.76913519 29.55790258 24.23359841 23.2333499
 25.40780318 25.25869781 23.86083499 25.569334   25.12823062 26.63170974
 27.06038767 27.43936382 28.1165507  28.04821074 28.22837972 29.99900596
 29.98658052 24.67470179]",59898.93909014186
2025-06-15 18:01:00+00:00,1081,5755.389999999999,9.0,27.07341313847019,26.878323807157052,31.83797216699801,"[24.04100398 23.34517893 25.38295229 26.10362823 26.81187873 25.48235586
 26.95477137 26.43911531 27.91774354 28.07927435 27.00447316 30.09840954
 28.96769384 25.66252485 24.40755467 26.88643141 23.98508946 26.15333002
 26.23409543 26.39562624 27.19706759 28.37127237 28.06684891 27.33374751
 29.43364811 28.21595427 29.18513917 24.625      25.14065606 25.35188867
 24.74925447 25.45129225 25.57554672 26.07877734 27.42072565 28.82480119
 29.30318091 29.17271372 29.28454274 28.49552684 31.03031809 24.41998012
 25.94209742 24.37649105 25.33946322 25.81163022 25.4388668  26.57579523
 24.08449304 28.62599404 27.20328032 28.50795229 27.81212724 28.71297217
 29.59517893 30.06734592 22.34493042 22.84816103 26.04150099 24.95427435
 24.93563618 27.14115308 26.65034791 25.22763419 27.56361829 28.01714712
 28.40233598 28.1165507  29.80019881 30.65134195 23.30168986 23.41973161
 24.7306163  25.16550696 25.65631213 26.37698807 26.62549702 25.93588469
 28.06684891 28.70054672 28.4582505  28.53280318 27.56983101 29.73807157
 23.58126243 23.78628231 24.38270378 26.05392644 25.46371769 26.30864811
 23.49428429 27.84319085 29.0111829  27.95501988 27.83076541 27.75
 26.76838966 30.0611332  31.83797217 24.82380716 25.28354871 24.27087475
 25.08474155 26.40183897 27.3026839  26.32107356 27.29647117 27.76863817
 29.19756461 28.27808151 30.02385686 28.26565606 28.60735586 24.51317097
 25.39537773 25.12823062 25.86133201 26.99204771 25.73086481 27.26540755
 26.45775348 28.37748509 28.33399602 27.14115308 31.13593439 27.91774354
 30.38419483 23.04696819 24.53180915 24.35164016 26.21545726 24.99776342
 26.63792247 26.02286282 26.39562624 28.19110338 28.37748509 29.35909543
 30.90606362 30.60164016 31.83175944 23.93538767 23.99751491 27.277833
 24.33300199 23.71794235 27.07281312 27.24055666 27.5387674  26.5695825
 27.95501988 28.42097416 28.65084493 28.60114314 31.47142147 31.26018887
 23.52534791 23.35760437 24.23981113 24.94806163 25.39537773 25.76814115
 27.99850895 25.50099404 27.29647117 25.9917992  28.51416501 27.01068588
 30.60164016 29.63245527 23.61232604 25.04746521 24.79274354 26.04771372
 26.3583499  25.92345924 25.93588469 26.4888171  27.95501988 30.03006958
 27.54498012 29.83747515 27.54498012 30.12326044 24.94184891 23.8359841
 24.40755467 24.44483101 24.94184891 26.2527336  26.87400596 27.89289264
 26.805666   27.52634195 26.20924453 28.66327038 28.27186879 30.57057654
 30.21645129 23.43836978]",60466.41099606587
2025-06-15 18:02:00+00:00,1082,5746.52,9.0,27.04607283295936,26.850770377733596,30.719681908548704,"[25.38916501 25.6749503  25.22142147 26.27137177 26.73111332 26.66898608
 27.12872763 26.58200795 29.3528827  28.20352883 28.22837972 29.81883698
 29.1416501  23.09666998 25.9917992  24.36406561 24.79274354 26.06635189
 26.53851889 27.35238569 28.04199801 27.21570577 27.78727634 26.61928429
 28.78752485 30.71968191 28.30914513 25.62524851 25.47614314 24.7554672
 27.35238569 26.90506958 26.3832008  26.19681909 27.68166004 27.82455268
 28.01714712 26.73111332 28.37127237 28.10412525 28.03578529 25.08474155
 24.53802187 24.06585487 24.97291252 26.61928429 26.45775348 26.05392644
 27.89289264 27.14115308 28.79373757 28.24080517 29.29075547 27.47042744
 29.21620278 30.34070577 24.39512922 24.14662028 25.33946322 26.11605368
 24.58151093 25.94209742 26.73732604 25.66873757 27.27162028 27.65680915
 29.81262425 30.32828032 30.47738569 29.73807157 24.58151093 25.097167
 26.16575547 25.02882704 25.96073559 25.73086481 26.55715706 25.68116302
 27.88667992 28.55765408 28.01093439 30.05492048 28.55144135 29.8499006
 23.47564612 24.09691849 23.18986083 27.42693837 25.79299205 24.70576541
 26.31486083 25.78677932 26.92992048 28.62599404 27.43936382 28.22837972
 28.33399602 28.68812127 29.6138171  23.46322068 25.02882704 26.70626243
 24.84244533 26.73111332 25.28354871 26.26515905 26.78081511 28.61978131
 28.57007952 29.47713718 29.43986083 29.40879722 28.63841948 23.49428429
 24.32678926 24.12176938 25.84269384 25.46371769 25.90482107 26.00422465
 28.73161034 26.98583499 29.46471173 29.19135189 27.4083002  27.05417495
 28.98633201 24.18389662 24.25223658 25.14686879 25.99801193 26.18439364
 27.10387674 27.60089463 26.30243539 26.12847913 27.12872763 27.74378728
 28.51416501 29.09816103 30.66998012 23.14015905 24.2584493  23.56883698
 24.33921471 26.09120278 26.1471173  26.76217694 26.86158052 27.53255467
 26.86158052 26.0166501  27.97987078 30.39040755 27.69408549 29.24105368
 22.95377734 24.66227634 24.63742545 25.32703777 25.58797217 25.19035785
 25.83648111 28.06684891 27.41451292 28.02957256 27.43315109 27.17842942
 27.35859841 29.62002982 25.14065606 25.27112326 25.51963221 25.32703777
 24.74304175 25.96694831 27.14736581 28.22837972 27.3834493  29.24105368
 28.60114314 27.35238569 29.930666   29.06088469 24.45725646 24.53802187
 24.92321074 25.68737575 24.30193837 25.8861829  27.89910537 26.82430417
 27.45800199 28.57629225 28.62599404 28.03578529 28.58250497 29.3528827
 29.66351889 23.64338966]",60374.94126994884
2025-06-15 18:03:00+00:00,1083,5699.3,9.0,26.905554995999278,26.704087972167,31.65159045725646,"[24.05342942 25.25248509 26.95477137 25.10337972 26.60685885 25.27733598
 26.84294235 26.41426441 28.21595427 28.04821074 29.50198807 31.01789264
 30.39662028 23.8111332  23.42594433 24.47589463 24.32057654 25.70601392
 26.45775348 27.29647117 28.84965209 26.52609344 27.44557654 27.84940358
 29.4833499  26.85536779 29.70700795 23.4445825  24.7306163  24.45725646
 23.09666998 24.78031809 24.99776342 26.07256461 25.11580517 26.87400596
 28.35263419 27.68787276 27.99229622 30.23508946 31.07380716 24.26466203
 22.55616302 24.89835984 24.8610835  25.01018887 24.30815109 26.29622266
 26.94234592 28.37748509 28.50795229 27.24676938 27.63817097 29.13543738
 30.7445328  29.59517893 24.09070577 24.33921471 24.33921471 24.31436382
 25.40780318 26.15333002 26.91128231 26.83672962 26.37077535 27.66302187
 27.20328032 30.37176938 30.41525845 29.29696819 23.81734592 22.87301193
 25.68116302 25.71843936 25.9917992  26.19060636 26.95477137 26.2278827
 26.49502982 27.6195328  27.77485089 28.32157058 29.16650099 30.65755467
 23.74279324 24.8610835  24.03479125 24.94184891 26.77460239 26.49502982
 26.97962227 27.46421471 28.222167   27.32753479 28.67569583 28.27186879
 28.02957256 30.93712724 31.65159046 23.08424453 24.19010934 24.8610835
 25.03503976 25.74950298 26.09741551 27.58846918 28.07306163 26.33971173
 29.50198807 30.90606362 30.30342942 28.35263419 29.53926441 24.45104374
 24.26466203 25.01018887 25.53827038 25.81784294 25.44507952 24.63121272
 25.14686879 28.35884692 27.84940358 27.6195328  28.47067594 28.32157058
 29.96794235 22.69905567 25.43265408 25.89860835 24.13419483 24.59393638
 25.12201789 26.97340954 26.54473161 26.23409543 27.54498012 28.02957256
 27.84319085 29.05467197 30.32828032 23.99130219 23.87326044 24.48832008
 25.57554672 27.08523857 23.99751491 26.63170974 27.10387674 26.92992048
 27.57604374 27.52634195 28.31535785 28.91177932 29.63245527 28.66327038
 22.64935388 26.21545726 24.8610835  25.72465209 23.05939364 25.04125249
 24.25223658 26.27758449 28.40854871 28.37127237 27.02311133 29.04224652
 30.27236581 28.99254473 22.84816103 24.17147117 26.30864811 26.60064612
 24.11555666 26.26515905 24.07206759 25.87997018 27.83697813 26.79324056
 27.69408549 28.53280318 27.17842942 31.10487078 25.26491054 23.4694334
 23.87326044 27.30889662 24.28951292 25.9917992  27.24055666 25.9917992
 27.20328032 27.25919483 29.27833002 29.09194831 30.33449304 28.5638668
 30.14811133 23.86083499]",59904.82479461518
2025-06-15 18:04:00+00:00,1084,5711.040000000001,9.0,26.9390257159599,26.74055666003976,32.10511928429423,"[22.54373757 24.44483101 26.31486083 26.25894632 26.81809145 25.96073559
 27.68166004 26.45154076 28.12276342 28.11033797 29.29696819 28.694334
 31.02410537 24.00994036 25.64388668 26.73111332 26.65034791 24.1776839
 25.56312127 28.09791252 26.42047714 26.47017893 29.0360338  28.26565606
 29.79398608 28.38369781 31.2166998  23.58747515 23.66824056 26.32107356
 25.69980119 25.87375746 26.12847913 26.32107356 27.96744533 26.58200795
 27.90531809 26.69383698 27.65059642 28.72539761 29.37152087 23.18986083
 24.31436382 25.52584493 26.2278827  24.7306163  24.81138171 26.40805169
 28.09791252 27.3834493  27.29025845 27.44557654 28.47067594 28.58871769
 27.97987078 30.16053678 23.2582008  23.76764414 22.99105368 26.74975149
 26.52609344 27.29647117 25.87997018 26.21545726 27.49527833 27.45178926
 27.14115308 27.66302187 28.57629225 29.94309145 23.2333499  25.89860835
 25.05989066 24.17147117 25.84269384 25.6500994  24.85487078 25.68737575
 27.60710736 28.83722664 28.49552684 27.9860835  30.11704771 30.0611332
 22.39463221 23.59368787 24.59393638 25.42644135 26.31486083 25.097167
 26.79945328 27.07281312 27.58225646 27.42072565 28.78752485 27.46421471
 29.85611332 29.23484095 32.10511928 23.18986083 24.84865805 24.42619284
 25.60661034 25.04125249 24.89214712 28.222167   27.56361829 26.84915507
 27.58225646 28.32157058 27.49527833 27.52012922 28.74403579 22.99105368
 24.92942346 25.3083996  25.69358847 28.01714712 27.65059642 27.36481113
 27.78106362 27.50149105 27.06038767 28.02335984 30.20402584 30.30964215
 30.07355865 22.22688867 24.68091451 24.05342942 25.4388668  24.48210736
 24.7306163  25.08474155 27.32753479 27.33374751 26.89264414 28.47688867
 28.63841948 28.85586481 28.83101392 22.43190855 22.76739563 24.71197813
 26.75596421 25.45129225 25.35810139 26.15954274 25.51341948 27.43315109
 28.27808151 28.62599404 27.62574553 28.97390656 28.95526839 29.77534791
 24.09070577 24.89835984 24.8362326  24.78031809 25.23384692 24.36406561
 26.32728628 27.5387674  29.12922465 27.24676938 28.88071571 29.88096421
 28.46446322 29.53926441 24.30815109 23.72415507 25.53827038 25.15308151
 25.83026839 25.7805666  26.32107356 26.9609841  25.47614314 28.54522863
 27.73136183 30.14189861 28.26565606 30.18538767 23.23956262 24.66227634
 22.96620278 24.84244533 26.08499006 26.45775348 27.70029821 26.47639165
 27.20949304 26.3832008  25.95452286 29.25347913 29.0111829  30.05492048
 31.45899602 24.59393638]",60016.80443531544
2025-06-15 18:05:00+00:00,1085,5709.07,9.0,26.9320326667931,26.73443712723658,31.303677932405563,"[25.7805666  25.19657058 25.13444334 25.18414513 26.65034791 26.97340954
 27.50149105 28.37127237 27.81833996 26.61928429 27.69408549 29.30939364
 29.29075547 24.73682903 24.33300199 26.1471173  26.36456262 26.06635189
 25.95452286 27.48906561 25.93588469 26.45775348 28.36505964 27.13494036
 28.17867793 29.20377734 27.88667992 24.45104374 23.5750497  24.22738569
 25.20899602 25.97937376 26.96719682 26.27758449 24.22738569 26.99826044
 27.05417495 28.93663022 28.37127237 28.39612326 28.78752485 25.21520875
 24.45104374 24.5193837  26.9361332  25.83026839 26.30243539 27.18464215
 27.37723658 27.55740557 27.16600398 27.12251491 27.8804672  30.0859841
 28.9055666  28.23459245 22.32007952 23.93538767 25.59418489 25.18414513
 26.03528827 24.48832008 25.83026839 25.35810139 26.39562624 27.3834493
 26.8305169  28.80616302 28.94905567 30.60164016 25.0723161  25.02882704
 25.14686879 24.68091451 26.20924453 26.32107356 27.84940358 28.71297217
 28.50795229 26.45154076 28.45203777 27.18464215 28.1973161  29.55168986
 25.55069583 23.40109344 24.86729622 25.74950298 25.08474155 24.87972167
 25.58175944 26.03528827 26.53230616 26.76838966 26.84915507 28.89314115
 28.78752485 29.70079523 30.88742545 23.50670974 24.51317097 25.50720676
 23.2333499  24.45725646 25.05989066 27.37723658 26.20303181 28.30293241
 26.97340954 29.04845924 29.62002982 29.52683897 29.60139165 24.47589463
 23.53156064 24.44483101 25.33946322 25.97316103 26.31486083 28.04199801
 26.84915507 26.98583499 27.93638171 28.04199801 29.87475149 29.75049702
 29.8250497  22.18961233 23.93538767 26.77460239 25.43265408 25.38916501
 25.32082505 25.50099404 28.53280318 27.86182903 28.67569583 29.70079523
 28.30293241 29.25969185 30.33449304 21.64910537 24.02857853 25.92345924
 23.69930417 25.81784294 26.40805169 26.79324056 27.56983101 25.71843936
 28.76267396 28.09791252 29.1167992  28.60114314 28.94905567 30.56436382
 24.84865805 25.38916501 25.96073559 24.46968191 25.28976143 26.29000994
 25.79920477 26.65656064 27.50149105 27.29025845 28.58871769 29.16028827
 29.94309145 30.62027833 22.85437376 24.27087475 24.40134195 26.65034791
 26.83672962 24.96048708 26.00422465 25.02261431 26.26515905 27.86804175
 28.62599404 28.18489066 29.16028827 31.30367793 23.41973161 24.56287276
 24.31436382 24.16525845 23.87326044 24.25223658 26.81809145 27.70651093
 27.22813121 27.79970179 27.66923459 28.70675944 29.2472664  29.17892644
 29.88717694 23.96023857]",59993.408490023
2025-06-15 18:06:00+00:00,1086,5664.450000000001,9.0,26.79917266518933,26.595831262425445,31.179423459244532,"[23.75521869 25.00397614 25.13444334 25.38295229 26.51366799 27.22813121
 29.01739563 26.68762425 27.65059642 27.35859841 27.20949304 29.76913519
 30.04870775 23.62475149 23.91053678 24.20253479 26.37077535 25.90482107
 25.87375746 26.0166501  26.79324056 27.26540755 28.16003976 28.46446322
 27.13494036 27.27162028 28.35263419 23.87326044 24.67470179 24.77410537
 25.32703777 25.53205765 27.01689861 24.94806163 26.73111332 28.86207753
 28.20352883 28.98633201 28.74403579 28.24080517 30.27236581 22.58722664
 23.51292247 25.6500994  25.58175944 25.05989066 25.79299205 27.8804672
 27.11008946 26.62549702 28.24701789 27.3834493  27.89910537 28.53280318
 30.04249503 30.52708748 22.27037773 25.81163022 24.19010934 26.35213718
 26.31486083 26.60685885 26.17818091 27.14115308 26.13469185 28.14761431
 28.02335984 27.68787276 28.68812127 31.17942346 22.73633201 23.65581511
 23.53777336 25.19035785 24.57529821 27.277833   25.66873757 25.6500994
 27.55740557 27.89910537 28.17246521 27.69408549 28.40233598 29.79398608
 23.43836978 24.19632207 23.35139165 25.39537773 26.66277336 26.42668986
 26.16575547 26.68762425 28.04821074 28.24701789 27.99229622 29.47092445
 28.9304175  30.62027833 28.55765408 24.28951292 24.00372763 25.48235586
 25.04746521 25.48856859 27.6443837  26.95477137 27.73136183 27.39587475
 29.00497018 26.95477137 27.78727634 29.52062624 28.78131213 24.78031809
 24.7306163  24.89214712 25.39537773 24.35785288 26.90506958 25.19657058
 25.19035785 27.27162028 26.73111332 27.24676938 27.76863817 27.55740557
 29.43986083 22.69905567 22.54373757 24.27708748 24.64363817 23.93538767
 25.85511928 27.05417495 26.02286282 26.97962227 26.32107356 27.93016899
 27.6443837  29.99900596 28.20974155 23.60611332 24.32678926 25.74950298
 24.79274354 26.48260437 26.32107356 24.7554672  26.97962227 27.26540755
 26.28379722 28.04199801 28.73782306 29.33424453 28.82480119 28.86207753
 25.05989066 22.36978131 25.04125249 27.31510934 26.0166501  26.13469185
 25.96073559 26.02907555 26.3583499  29.3777336  26.78702783 29.78777336
 30.1667495  29.81883698 22.86058648 24.54423459 23.87947316 25.569334
 24.83001988 26.9361332  25.89860835 27.29647117 27.21570577 26.89264414
 27.90531809 28.40233598 28.98011928 28.91177932 21.027833   23.73036779
 23.43836978 26.03528827 25.92967197 24.51317097 25.71222664 26.08499006
 27.92395626 27.46421471 27.89910537 27.29025845 29.52062624 27.77485089
 30.45253479 24.53802187]",59548.91206865743
2025-06-15 18:07:00+00:00,1087,5713.56,9.0,26.942909078628844,26.748384691848905,31.198061630218685,"[21.85412525 24.25223658 25.28976143 26.17196819 26.47639165 26.16575547
 27.58225646 27.79970179 28.57629225 29.0360338  28.80616302 29.02982107
 30.16053678 24.74304175 25.22763419 25.17171968 24.80516899 25.3083996
 27.01068588 25.38295229 25.7805666  27.09766402 28.48931412 29.18513917
 30.01143141 29.2472664  30.39040755 24.35785288 23.76143141 25.04125249
 24.07828032 24.23981113 24.87350895 26.79324056 26.94234592 26.39562624
 27.30889662 29.4833499  29.42743539 28.34642147 30.24751491 22.84194831
 25.29597416 24.73682903 24.23359841 27.20328032 24.2833002  24.78031809
 26.76838966 25.56312127 26.99826044 27.87425447 27.25919483 28.25323062
 30.70725646 30.82529821 24.0472167  26.0166501  24.29572565 26.58200795
 25.19657058 25.15308151 26.60685885 26.56336978 27.24676938 28.79373757
 29.85611332 28.9304175  28.87450298 30.17296223 23.53156064 23.84219682
 24.06585487 24.40134195 25.36431412 27.08523857 25.4388668  25.83026839
 27.20328032 24.48832008 27.91774354 27.45178926 28.71918489 29.83747515
 23.73658052 22.96620278 23.55641153 25.04125249 27.05417495 27.65059642
 25.01018887 28.03578529 26.89885686 26.45775348 27.56983101 30.73210736
 28.66327038 29.16650099 28.93663022 25.0723161  24.5193837  25.84890656
 23.61232604 25.38295229 25.89860835 26.13469185 25.55069583 28.19110338
 29.25347913 28.58250497 27.81833996 27.33996024 28.29671968 23.60611332
 25.78677932 26.18439364 24.87972167 25.8054175  25.75571571 27.06038767
 28.12897614 29.20377734 26.03528827 29.36530815 30.09840954 27.47664016
 29.48956262 22.81088469 23.8359841  23.9167495  24.97912525 25.89239563
 26.66277336 24.68091451 28.67569583 27.46421471 28.07306163 28.25944334
 29.08573559 29.54547714 29.30939364 24.46968191 22.53752485 24.07206759
 24.73682903 26.60064612 26.49502982 25.68737575 27.83697813 26.44532803
 27.53255467 28.54522863 29.81262425 27.81212724 31.19806163 29.8250497
 23.80492048 23.64960239 24.35785288 24.55666004 25.01640159 27.06038767
 25.82405567 28.20974155 27.86182903 27.35859841 29.32181909 28.67569583
 29.48956262 28.94905567 24.60636183 23.67445328 25.83648111 23.91053678
 25.6749503  27.25919483 27.06038767 26.68762425 27.56983101 26.75596421
 29.91824056 28.37748509 28.5390159  30.62027833 22.5499503  24.57529821
 23.56262425 25.74329026 24.17147117 26.10984095 28.04199801 27.21570577
 28.07927435 28.34642147 27.37102386 30.37798211 29.32181909 30.62027833
 29.59517893 23.22713718]",60029.79661346066
2025-06-15 18:08:00+00:00,1088,5639.0,9.0,26.721685021206337,26.51677435387674,31.222912524850894,"[25.01640159 24.17147117 25.66252485 25.71222664 26.47017893 25.75571571
 27.45178926 26.90506958 29.66351889 28.25323062 28.38991054 29.2472664
 28.222167   23.27683897 22.73011928 24.7306163  25.33946322 24.55044732
 27.29025845 26.63170974 28.55765408 28.09791252 25.86754473 29.51441352
 28.91177932 31.10487078 28.47067594 23.74279324 24.13419483 25.04125249
 23.29547714 24.64363817 25.55069583 26.30864811 27.01068588 29.26590457
 27.79970179 27.5387674  28.55765408 27.20949304 29.87475149 22.66799205
 22.94756461 24.10313121 25.50720676 24.89214712 24.84244533 26.89885686
 26.70626243 26.23409543 27.53255467 27.87425447 29.07331014 27.56361829
 28.75024851 30.21645129 23.8359841  22.5499503  23.04696819 25.4140159
 25.38916501 24.7554672  24.22738569 26.98583499 28.24701789 27.90531809
 29.46471173 28.12276342 28.97390656 29.47092445 23.0221173  22.13369781
 22.61829026 26.5695825  25.63767396 27.86804175 25.75571571 26.92992048
 26.97962227 27.40208748 28.65705765 27.30889662 27.99850895 29.04845924
 23.00969185 21.99080517 24.66848907 23.45079523 25.97316103 26.07256461
 25.91724652 26.17818091 26.38941352 26.43911531 25.64388668 26.78081511
 29.14786282 29.49577535 28.70675944 24.43861829 24.3889165  24.91078529
 24.35164016 25.62524851 26.84294235 26.42047714 26.74353877 27.11008946
 27.83076541 28.91799205 27.14115308 28.38369781 31.22291252 23.79870775
 23.21471173 24.9915507  24.84244533 25.15929423 26.45775348 25.47614314
 27.60710736 27.99229622 26.84294235 30.35934394 28.05442346 29.47713718
 29.35909543 24.27087475 23.64960239 25.46993042 24.152833   25.74950298
 25.22763419 25.81784294 24.71819085 26.19681909 27.33374751 27.79970179
 27.5139165  29.39015905 28.73782306 24.14662028 23.73658052 23.96645129
 24.59393638 25.3332505  25.58797217 26.73732604 24.87972167 26.40805169
 27.94259443 26.9609841  28.04199801 28.71918489 29.07331014 28.93663022
 24.77410537 24.10934394 23.67445328 24.78031809 25.94209742 26.66898608
 25.68116302 26.91749503 28.20352883 27.78106362 28.64463221 29.70700795
 27.49527833 31.09244533 23.15879722 26.47639165 24.43861829 25.01018887
 26.19060636 25.03503976 26.13469185 25.48235586 27.71893638 28.06684891
 27.6195328  29.41500994 31.04895626 27.43936382 24.3889165  24.45725646
 26.0166501  25.19035785 25.82405567 26.24030815 26.26515905 27.12872763
 27.08523857 27.33374751 27.61332008 28.55144135 29.22862823 28.49552684
 28.95526839 24.85487078]",59289.66940694791
2025-06-15 18:09:00+00:00,1089,5674.53,9.0,26.825336499753778,26.627143389662027,32.409542743538765,"[26.37077535 23.33275348 25.14686879 26.88021869 25.45129225 26.33349901
 25.62524851 27.49527833 28.07306163 28.60114314 27.4083002  29.74428429
 29.02982107 24.12176938 25.81163022 23.51292247 25.60661034 24.84244533
 25.51341948 26.26515905 25.40780318 26.47639165 26.82430417 28.44582505
 28.99875746 28.17867793 29.25969185 24.06585487 23.79870775 25.04746521
 24.10934394 26.27137177 25.76814115 25.13444334 27.31510934 26.78081511
 28.5390159  27.09145129 28.40233598 27.66923459 30.94955268 23.40730616
 25.72465209 23.74279324 25.93588469 25.05989066 27.20328032 26.99204771
 25.38295229 26.04150099 27.57604374 27.35238569 27.34617296 32.40954274
 28.53280318 28.81858847 24.66848907 24.89835984 23.97266402 24.68091451
 25.84890656 25.25248509 27.0666004  25.58175944 28.07306163 27.4083002
 29.0360338  29.6945825  29.8250497  28.41476143 22.64935388 23.25198807
 24.90457256 24.54423459 26.61307157 26.42047714 26.79324056 26.2278827
 28.88692843 27.84940358 28.1165507  28.24080517 28.26565606 30.37176938
 22.10884692 23.40109344 24.89214712 26.23409543 24.77410537 25.35810139
 26.01043738 27.62574553 25.92345924 28.21595427 27.66923459 27.31510934
 30.15432406 30.09219682 29.74428429 23.43215706 25.79299205 24.92321074
 24.34542744 26.79324056 26.27137177 27.45178926 27.17842942 25.45129225
 28.19110338 28.30914513 27.61332008 28.38991054 29.80641153 22.81709742
 25.25869781 24.39512922 25.33946322 24.99776342 27.24676938 26.81809145
 26.66898608 27.99850895 27.42072565 27.12251491 28.73161034 28.27808151
 28.99254473 23.8359841  23.84840954 25.25248509 25.14686879 23.67445328
 26.06635189 27.63195825 27.48906561 28.60735586 26.07256461 27.79970179
 29.07331014 27.96744533 29.43364811 25.82405567 24.47589463 22.98484095
 25.8861829  25.58175944 25.32082505 24.85487078 25.46371769 26.17818091
 29.42743539 28.6694831  26.67519881 29.6945825  28.37127237 29.3777336
 22.98484095 22.94135189 23.67445328 25.94209742 26.65656064 25.71222664
 26.52609344 27.74378728 27.13494036 28.11033797 29.22862823 28.5390159
 29.99279324 29.16650099 23.17743539 25.51963221 25.9917992  26.21545726
 25.19035785 24.94184891 24.86729622 25.81163022 28.00472167 27.62574553
 28.64463221 28.78752485 30.1667495  28.50173956 22.70526839 25.30218688
 24.78031809 25.37673956 24.16525845 25.63767396 27.04796223 27.84940358
 27.24055666 27.79970179 27.14736581 27.13494036 28.68190855 29.42743539
 29.25347913 23.05318091]",59636.44579357623
2025-06-15 18:10:00+00:00,1090,5672.860000000001,9.0,26.819204304993047,26.621955765407552,31.129721669980118,"[24.48832008 23.67445328 25.50720676 26.20924453 26.17818091 29.22862823
 25.24005964 27.96744533 28.16625249 29.04224652 29.75670974 28.50795229
 30.5084493  22.45675944 24.2584493  24.76789264 24.76167992 26.53851889
 26.19060636 25.097167   27.20328032 26.86779324 26.50745527 28.07306163
 28.11033797 27.8556163  28.70675944 24.65606362 23.01590457 25.17171968
 24.67470179 26.63792247 25.8861829  25.63146123 26.61307157 28.1165507
 27.3026839  28.60114314 26.8305169  28.61356859 28.29050696 22.2082505
 23.58747515 24.4945328  25.98558648 26.38941352 26.47639165 26.87400596
 28.50795229 27.5139165  26.02286282 27.19706759 28.24701789 29.16028827
 28.30914513 30.97440358 23.9416004  24.53802187 25.94831014 25.25869781
 24.38270378 27.27162028 26.28379722 26.31486083 26.97962227 27.03553678
 28.11033797 28.76888668 29.63245527 30.40904573 22.79224652 24.5193837
 26.66898608 25.71222664 26.86779324 27.71893638 26.42668986 27.6195328
 29.79398608 26.90506958 29.42743539 29.46471173 28.74403579 28.86207753
 23.33275348 24.18389662 23.78006958 23.99130219 24.97912525 24.88593439
 26.65656064 27.16600398 27.29647117 27.02932406 27.45178926 29.57654076
 29.59517893 30.44632207 31.12972167 24.4945328  24.96048708 25.73086481
 26.08499006 24.94184891 25.4388668  27.53255467 26.25894632 26.61928429
 27.61332008 26.79945328 27.89910537 29.70700795 28.65705765 22.57480119
 24.77410537 26.20303181 23.8359841  24.55044732 25.8054175  26.64413519
 26.51988072 26.3583499  27.1722167  28.30293241 28.23459245 28.86207753
 29.20377734 25.09095427 24.38270378 25.47614314 24.87350895 25.43265408
 25.14686879 25.95452286 26.21545726 26.45775348 27.03553678 28.31535785
 28.09791252 28.81237575 28.01714712 22.72390656 23.49428429 23.5999006
 25.01018887 26.69383698 24.27708748 25.17171968 27.07902584 27.59468191
 26.70626243 27.42693837 28.38369781 29.30318091 30.52087475 29.7194334
 23.82977137 24.22738569 23.99130219 25.70601392 24.82380716 25.04125249
 25.09095427 26.3832008  28.4333996  26.78081511 27.96744533 26.53230616
 29.34666998 28.55144135 23.48807157 23.04075547 24.18389662 25.48235586
 26.97340954 26.32107356 26.4888171  26.37077535 27.97987078 28.18489066
 28.12276342 28.16625249 26.85536779 29.17271372 23.77385686 23.30790258
 24.00372763 26.45154076 25.64388668 25.9917992  26.49502982 27.78727634
 27.15979125 27.58846918 27.99850895 28.09791252 28.52659046 29.83747515
 29.48956262 24.14662028]",59615.92992278474
2025-06-15 18:11:00+00:00,1091,5633.32,9.0,26.70131126054148,26.49913021868787,30.70104373757455,"[23.41351889 23.97266402 24.74925447 24.94806163 25.48856859 27.49527833
 27.15979125 27.52634195 27.33374751 27.71893638 28.44582505 27.73757455
 29.10437376 22.96620278 23.32654076 25.99801193 25.097167   24.92321074
 24.79895626 26.81187873 26.28379722 27.02932406 26.47017893 27.49527833
 26.9361332  27.6443837  29.20999006 24.20253479 22.05293241 25.10337972
 24.92942346 24.9666998  26.88643141 27.06038767 27.83076541 26.13469185
 28.1165507  27.71893638 28.67569583 27.5387674  30.02385686 23.49428429
 24.68712724 24.67470179 24.19632207 25.14065606 25.64388668 25.32703777
 26.26515905 25.70601392 26.97962227 28.42718688 28.52037773 27.96744533
 27.52634195 28.68190855 24.61257455 23.51292247 24.71819085 25.57554672
 27.0417495  25.42022863 26.37077535 26.8305169  27.35859841 27.22813121
 28.30293241 29.08573559 30.70104374 30.22887674 23.61232604 24.53180915
 26.07877734 25.63767396 24.23359841 25.89239563 26.58822068 27.03553678
 27.24676938 26.42047714 28.42097416 28.3277833  27.50149105 29.98036779
 22.96620278 24.71819085 23.48185885 23.78628231 24.97912525 27.07281312
 26.66277336 26.75596421 27.25919483 28.82480119 28.45203777 27.94259443
 27.35238569 29.75049702 28.33399602 23.93538767 24.20253479 23.94781312
 25.7805666  23.80492048 26.29622266 27.05417495 27.47042744 28.70054672
 27.36481113 26.94234592 28.70675944 27.94259443 30.4276839  23.88568588
 23.78006958 26.01043738 26.84294235 26.70626243 26.01043738 26.12847913
 27.41451292 28.86207753 27.11008946 28.75646123 27.91774354 28.03578529
 28.82480119 22.85437376 23.25198807 24.18389662 24.8362326  24.33921471
 26.58200795 25.63146123 25.93588469 25.15308151 26.9609841  29.29075547
 27.22191849 28.76888668 29.26590457 23.59368787 23.73658052 26.00422465
 24.64985089 24.05964215 25.92345924 24.94806163 26.38941352 27.83697813
 27.00447316 29.75049702 26.71868787 28.3277833  29.76292247 27.93016899
 24.26466203 23.63717694 25.38916501 26.7000497  25.92967197 27.43315109
 27.95501988 28.06684891 27.12872763 26.61307157 27.99850895 29.8250497
 29.38394632 26.55094433 25.05989066 24.48832008 23.88568588 24.66848907
 24.38270378 25.71222664 27.32132207 26.68141153 26.51366799 28.70054672
 28.55765408 28.92420477 28.47067594 27.68787276 22.70526839 23.68687873
 25.08474155 24.15904573 24.32678926 26.43290258 26.06013917 24.71819085
 26.63792247 27.0417495  27.58846918 28.89935388 27.55740557 30.45253479
 29.85611332 25.51341948]",59221.50695326757
2025-06-15 18:12:00+00:00,1092,5653.949999999999,9.0,26.760977717444213,26.563214463220675,30.94955268389662,"[22.87922465 25.09095427 24.71819085 26.97340954 26.8305169  26.21545726
 27.88667992 28.47688867 27.8804672  27.63195825 28.99254473 29.83747515
 29.50198807 23.91053678 25.4388668  24.35164016 25.6749503  24.34542744
 26.84294235 27.13494036 28.15382704 27.65059642 26.71247515 29.62002982
 28.14140159 30.04249503 28.97390656 22.95999006 23.81734592 25.14686879
 25.34567594 27.08523857 25.90482107 26.51366799 26.34592445 24.87972167
 27.48906561 28.17246521 29.05467197 28.39612326 28.53280318 22.68663022
 23.84219682 25.22142147 24.11555666 23.74279324 26.08499006 25.06610338
 25.72465209 26.70626243 27.78106362 27.93016899 28.50795229 28.28429423
 27.54498012 30.402833   23.71172962 22.27659046 25.26491054 25.12201789
 24.55666004 25.60661034 24.87972167 27.39587475 29.20999006 27.43315109
 28.42097416 28.83722664 29.87475149 29.83126243 22.39463221 23.73658052
 24.52559642 25.38916501 25.49478131 26.15333002 26.33349901 27.73136183
 28.76267396 27.68166004 25.89860835 30.1667495  29.04224652 30.22887674
 23.16500994 23.16500994 24.34542744 23.94781312 25.3083996  24.86729622
 27.24055666 26.86158052 27.73136183 26.86158052 29.07331014 28.99254473
 27.05417495 28.34642147 29.78777336 23.45079523 23.92296223 24.50074553
 26.60685885 25.0723161  27.62574553 26.07877734 27.19706759 29.30318091
 28.81237575 28.27808151 28.27808151 29.04845924 30.36555666 23.09666998
 23.7055169  25.10337972 25.01640159 26.06013917 27.95501988 27.75621272
 26.47017893 25.55069583 28.61356859 28.78752485 27.5139165  28.58250497
 28.44582505 22.69905567 25.53827038 24.66848907 24.4945328  26.86779324
 26.39562624 25.60661034 27.53255467 28.02957256 27.54498012 26.64413519
 29.74428429 28.5390159  28.44582505 22.94756461 23.33275348 22.5250994
 23.81734592 24.84865805 27.17842942 25.66252485 27.01689861 27.96744533
 27.14115308 28.16003976 27.07281312 29.40879722 28.57007952 30.94955268
 23.32032803 24.9666998  24.50074553 24.83001988 25.60661034 26.35213718
 26.76217694 25.86133201 27.13494036 27.42072565 26.09120278 28.91177932
 29.02360835 30.21023857 22.98484095 23.96023857 23.8111332  25.29597416
 25.76192843 24.3889165  25.46371769 26.06635189 26.92370775 27.06038767
 27.9860835  28.99254473 27.86804175 28.5638668  23.48185885 24.10313121
 25.21520875 24.28951292 24.45104374 26.52609344 26.65034791 27.01689861
 25.69980119 27.4083002  28.29050696 27.02932406 29.56411531 26.70626243
 28.65705765 24.97912525]",59421.127051481366
2025-06-15 18:13:00+00:00,1093,5626.24,9.0,26.67798594284176,26.47713717693837,30.36555666003976,"[23.38866799 25.46371769 24.90457256 24.48832008 26.50745527 26.08499006
 27.21570577 25.69980119 28.17246521 27.81833996 28.68190855 29.28454274
 29.04224652 23.17122266 22.4194831  23.62475149 25.15308151 25.90482107
 27.23434394 25.85511928 26.70626243 25.84890656 26.4888171  29.65730616
 29.49577535 28.46446322 29.25969185 23.10909543 25.61282306 24.80516899
 24.35785288 24.17147117 25.73707753 26.90506958 27.5139165  26.35213718
 27.79970179 28.97390656 28.79373757 28.33399602 29.58275348 22.43190855
 24.152833   23.31411531 25.43265408 24.74304175 25.35188867 27.00447316
 25.96694831 26.65656064 26.7249006  29.07952286 27.277833   28.48931412
 28.52659046 29.52062624 22.38841948 23.06560636 25.12823062 25.86754473
 26.18439364 27.38966203 26.88643141 26.51988072 27.63817097 26.73111332
 27.75621272 27.78106362 29.57654076 29.37152087 24.56908549 23.35760437
 24.99776342 25.53205765 24.8610835  25.31461233 25.93588469 25.17171968
 27.68787276 27.60710736 27.75621272 28.99875746 29.36530815 28.96769384
 24.05342942 22.69284294 25.29597416 24.76789264 25.44507952 23.40109344
 28.39612326 28.25944334 27.24676938 27.72514911 28.15382704 27.8556163
 28.14140159 28.78752485 28.9055666  23.26441352 24.26466203 23.89811133
 24.625      26.55715706 25.19657058 26.29000994 27.76242545 27.19706759
 27.22191849 28.95526839 27.42693837 27.83697813 28.76888668 24.15904573
 23.15879722 24.37027833 26.04150099 24.5193837  24.28951292 25.47614314
 26.40805169 26.84915507 28.222167   28.82480119 28.93663022 28.40233598
 28.42718688 24.81759443 23.92296223 24.13419483 25.79299205 24.46968191
 26.45154076 27.63817097 26.68141153 26.45775348 27.48285288 27.65680915
 29.19135189 30.02385686 27.54498012 22.61829026 23.04075547 24.71819085
 25.0723161  25.4140159  26.21545726 26.02286282 26.57579523 27.71272366
 27.10387674 28.54522863 29.4833499  26.74975149 28.13518887 29.46471173
 24.44483101 24.9666998  25.29597416 23.49428429 27.37102386 23.48807157
 26.37077535 26.4639662  27.41451292 28.26565606 28.27808151 26.60685885
 27.91153082 28.28429423 24.69333996 23.01590457 25.5444831  24.96048708
 26.14090457 26.11605368 24.77410537 27.75       26.66277336 27.60710736
 26.4639662  28.35263419 29.76292247 30.36555666 22.64314115 25.02261431
 23.58747515 25.11580517 25.55690855 24.74925447 26.44532803 28.57007952
 25.12823062 27.84940358 28.9055666  29.31560636 29.17271372 30.18538767
 28.88071571 22.64935388]",59143.46977037139
2025-06-15 18:14:00+00:00,1094,5606.0599999999995,9.0,26.6172107735481,26.414450795228632,30.874999999999996,"[23.42594433 24.05342942 26.7249006  25.11580517 24.53802187 24.78653082
 27.13494036 26.8305169  28.04821074 26.97340954 28.66327038 28.97390656
 30.32828032 22.53131213 24.26466203 24.02857853 23.79249503 24.14040755
 25.37673956 25.95452286 27.17842942 27.81833996 27.95501988 28.47688867
 28.81237575 29.52062624 27.50770378 24.04100398 23.88568588 24.0472167
 25.15308151 24.31436382 25.24627237 26.02907555 26.27137177 27.21570577
 26.65034791 27.69408549 27.14736581 29.78777336 30.04249503 24.32057654
 24.10934394 24.58772366 24.76789264 25.78677932 25.44507952 26.68762425
 26.01043738 26.88643141 27.07281312 27.59468191 28.96148111 28.20352883
 28.58871769 29.12301193 23.17743539 24.10313121 24.84865805 25.30218688
 27.19085487 25.24627237 27.02311133 26.40805169 26.85536779 26.70626243
 28.29050696 28.0916998  28.01714712 29.04224652 22.33250497 22.46297217
 23.22092445 24.14662028 24.2833002  26.88643141 25.87375746 27.24055666
 27.86804175 26.95477137 27.88667992 28.1165507  28.12897614 27.87425447
 24.152833   25.13444334 24.625      24.11555666 24.7306163  27.01689861
 24.86729622 26.8305169  26.66277336 25.07852883 28.59493042 28.54522863
 28.32157058 28.70675944 29.31560636 24.4137674  24.00372763 23.43836978
 24.77410537 24.21496024 25.51963221 27.36481113 26.94855865 27.16600398
 27.83697813 27.62574553 28.70675944 29.89338966 29.66973161 24.86729622
 24.05964215 25.29597416 24.27708748 25.63146123 26.20303181 26.66898608
 27.05417495 26.87400596 26.7000497  27.28404573 29.16650099 27.32753479
 29.84368787 24.27087475 24.27708748 24.66227634 26.1471173  24.19010934
 25.66873757 26.88643141 27.50149105 26.81809145 27.81212724 28.47067594
 28.23459245 28.0916998  29.59517893 21.28255467 22.96620278 22.37599404
 24.33921471 25.53205765 26.66898608 25.40159046 25.32703777 28.27186879
 27.3834493  26.56336978 28.13518887 28.60114314 30.01143141 29.1416501
 24.35785288 23.22713718 25.71843936 24.76167992 25.22763419 27.40208748
 26.90506958 27.91774354 27.21570577 27.58846918 28.64463221 29.17892644
 28.12897614 28.96148111 24.15904573 23.76143141 24.01615308 23.51913519
 25.14686879 25.81163022 26.77460239 25.61282306 27.34617296 26.07877734
 27.82455268 28.63841948 30.875      29.92445328 23.5999006  22.73633201
 23.94781312 24.55044732 27.22813121 26.65034791 27.60089463 26.49502982
 25.8861829  26.12847913 26.09120278 30.62649105 28.17246521 29.66973161
 29.6138171  22.80467197]",58940.140363982515
2025-06-15 18:15:00+00:00,1095,5618.32,9.0,26.652162732352387,26.45253479125249,31.185636182902584,"[22.55616302 25.32703777 24.53180915 25.12201789 26.79945328 25.56312127
 27.91774354 26.1471173  28.80616302 27.9612326  28.47688867 30.11083499
 31.18563618 21.82927435 23.78006958 23.85462227 24.46346918 26.06013917
 26.05392644 26.16575547 26.85536779 27.81212724 26.78081511 26.43290258
 27.12872763 29.26590457 28.97390656 24.4945328  24.46346918 24.37649105
 26.06013917 25.07852883 24.48210736 25.27733598 26.49502982 26.85536779
 25.71222664 29.45849901 28.9304175  28.45203777 29.05467197 24.53180915
 24.32057654 23.45700795 23.12152087 24.89214712 27.07281312 25.23384692
 28.694334   26.11605368 27.89910537 29.22862823 29.48956262 28.35263419
 29.3528827  27.93016899 23.29547714 24.64363817 24.54423459 24.37027833
 25.10337972 25.3332505  26.58200795 26.14090457 26.73111332 25.6749503
 26.75596421 29.34666998 29.83126243 30.11083499 23.86083499 24.4137674
 24.57529821 25.55690855 25.03503976 26.57579523 26.01043738 28.01714712
 27.02311133 27.13494036 28.222167   29.0111829  28.70675944 28.59493042
 22.63692843 24.40755467 24.41998012 23.73036779 25.02882704 24.61878728
 24.66227634 26.75596421 28.61356859 27.75       26.73111332 28.67569583
 29.25347913 29.86853877 28.91177932 24.22738569 24.37649105 25.66252485
 24.93563618 25.04746521 25.35188867 26.45154076 27.21570577 26.97340954
 26.89885686 26.40805169 28.96769384 29.47092445 28.44582505 23.66202783
 23.27683897 25.59418489 25.28976143 25.31461233 26.32107356 26.92992048
 26.11605368 27.79970179 27.93638171 26.68762425 28.47688867 28.36505964
 29.19756461 24.26466203 26.99204771 23.35760437 23.98508946 25.17171968
 26.96719682 25.569334   27.14115308 25.53205765 26.26515905 26.58822068
 27.78106362 29.89338966 29.09816103 23.37624254 24.7306163  24.55044732
 23.62475149 23.37624254 23.53777336 27.33996024 27.12251491 26.2278827
 28.27186879 27.39587475 28.11033797 28.43961233 29.09816103 29.27833002
 24.52559642 24.41998012 24.3889165  25.3083996  25.86754473 25.36431412
 26.29000994 27.8556163  27.74378728 26.63170974 26.68762425 27.96744533
 28.68812127 28.76267396 24.27708748 23.17122266 25.22763419 25.25869781
 25.3083996  25.61282306 26.41426441 27.68787276 28.23459245 28.11033797
 28.14140159 29.78156064 27.82455268 28.57007952 22.86058648 24.14662028
 25.40780318 23.55641153 24.92942346 25.60039761 26.0166501  26.15954274
 28.41476143 26.77460239 28.86207753 29.32803181 27.40208748 29.36530815
 29.91202783 21.04647117]",59057.07563735814
2025-06-15 18:16:00+00:00,1096,5602.02,9.0,26.602828174638834,26.401901093439363,31.974652087475146,"[23.80492048 25.40159046 26.24030815 25.46993042 24.35785288 25.63767396
 26.44532803 26.23409543 27.06038767 25.32703777 26.69383698 29.76913519
 30.52087475 22.93513917 25.24005964 23.80492048 26.3832008  23.50670974
 25.68737575 27.14736581 24.95427435 28.694334   27.71272366 28.14140159
 26.16575547 29.06709742 29.57032803 22.74875746 23.20849901 21.58076541
 27.45800199 26.47639165 24.59393638 23.73036779 28.23459245 27.9612326
 25.90482107 27.60710736 28.93663022 27.47042744 29.35909543 23.5999006
 21.25149105 23.93538767 24.5193837  26.26515905 26.25894632 26.56336978
 25.70601392 27.93638171 26.35213718 27.3026839  27.43936382 28.58871769
 29.55168986 29.04224652 22.74875746 23.1277336  24.84244533 24.31436382
 25.56312127 25.55069583 27.43936382 27.37102386 26.90506958 28.06063618
 28.91177932 27.65059642 30.27236581 29.49577535 23.40109344 24.60636183
 23.65581511 26.1471173  26.62549702 26.06635189 25.81163022 26.33349901
 26.18439364 27.35238569 28.14761431 27.5387674  29.21620278 29.42122266
 24.625      24.23981113 23.1277336  24.32057654 25.17793241 25.19035785
 25.45129225 28.59493042 25.61282306 26.84915507 26.98583499 26.67519881
 29.4833499  28.14140159 28.93663022 23.00347913 23.46322068 25.06610338
 24.64363817 26.33971173 26.04150099 25.02882704 26.84915507 28.06063618
 27.42693837 27.35859841 28.61978131 28.08548708 30.70104374 22.55616302
 24.85487078 23.94781312 25.38295229 24.61257455 26.45154076 25.53827038
 26.48260437 26.55094433 29.8250497  27.80591451 30.04870775 29.60760437
 28.84343936 22.51888668 24.66227634 23.78006958 26.00422465 25.8054175
 24.625      24.41998012 25.85511928 27.37102386 26.30243539 27.24676938
 27.52634195 28.41476143 29.43986083 23.52534791 23.61232604 24.2833002
 24.28951292 24.13419483 27.3834493  25.18414513 27.17842942 26.54473161
 26.49502982 29.32803181 27.07902584 27.02932406 29.71322068 29.90581511
 22.87922465 23.95402584 24.56287276 25.56312127 24.87350895 26.17818091
 25.8861829  25.89860835 25.83026839 29.02360835 29.51441352 28.94284294
 29.75670974 29.66351889 24.13419483 23.96023857 23.72415507 25.95452286
 25.43265408 24.94806163 25.81784294 27.24676938 26.65656064 28.61356859
 28.222167   29.60760437 27.65059642 31.97465209 22.8916501  23.33275348
 25.78677932 25.89860835 24.2833002  25.39537773 26.61928429 27.69408549
 26.75596421 27.5387674  26.33971173 27.277833   30.0611332  28.95526839
 31.30367793 23.18986083]",58892.02194107169
2025-06-15 18:17:00+00:00,1097,5559.04,9.0,26.474755086099957,26.26838966202783,31.09865805168986,"[23.680666   24.09691849 26.00422465 23.56262425 26.39562624 26.40805169
 26.35213718 24.74925447 27.19706759 28.81858847 28.06684891 28.55144135
 29.62624254 23.97887674 23.69309145 24.35785288 25.4140159  24.03479125
 23.93538767 27.38966203 27.15357853 26.9609841  26.9609841  26.21545726
 27.37102386 28.23459245 29.04224652 22.8916501  24.69955268 24.74925447
 23.13394632 25.68116302 25.32703777 25.45750497 26.42668986 27.36481113
 27.40208748 26.68762425 27.00447316 28.29671968 28.32157058 22.67420477
 24.07206759 24.78031809 24.33300199 25.05989066 24.05342942 26.57579523
 25.89860835 27.22813121 27.59468191 26.35213718 28.29050696 27.91774354
 27.56361829 27.94259443 23.75521869 22.15233598 24.07206759 25.60661034
 24.11555666 26.48260437 26.30864811 26.8305169  26.5695825  28.79373757
 28.04821074 29.36530815 29.53305169 29.28454274 22.48161034 24.46968191
 23.95402584 25.50720676 25.8054175  26.68141153 27.25919483 26.55715706
 27.83076541 27.33996024 29.0111829  27.73757455 28.32157058 29.47092445
 23.7055169  24.625      24.95427435 24.66848907 27.02311133 25.19657058
 25.85511928 25.94831014 26.10362823 26.86158052 27.39587475 28.88692843
 29.98036779 29.20999006 29.55168986 25.02261431 24.50074553 23.4445825
 23.75521869 24.78031809 24.4945328  26.90506958 26.63170974 27.66302187
 27.0417495  27.35859841 28.88071571 29.04845924 29.37152087 25.45750497
 22.81088469 25.63146123 23.71172962 26.31486083 25.05367793 25.45129225
 25.98558648 28.35884692 27.67544732 25.81784294 27.18464215 28.1973161
 29.04224652 24.03479125 22.91650099 21.61182903 24.82380716 25.89239563
 25.84890656 25.3083996  27.14736581 26.50745527 26.40183897 28.42718688
 29.23484095 28.13518887 29.06709742 22.69284294 22.85437376 23.74279324
 25.17793241 25.43265408 26.4639662  26.7249006  26.81809145 27.56983101
 28.13518887 27.60089463 27.65059642 30.06734592 29.40879722 27.8556163
 22.79224652 24.23359841 26.9609841  23.74279324 24.79274354 24.10313121
 26.43290258 26.5695825  27.44557654 27.63817097 28.10412525 27.61332008
 30.1916004  28.222167   23.07181909 24.39512922 25.40780318 24.01615308
 25.61903579 25.63767396 27.02932406 25.91724652 25.66252485 28.85586481
 28.02335984 28.00472167 28.81237575 31.09865805 22.11505964 22.45675944
 25.02261431 23.9416004  24.07206759 24.56287276 24.8610835  26.66898608
 24.89835984 28.20974155 27.37102386 28.30914513 28.86207753 27.50149105
 27.74378728 22.19582505]",58463.54061605602
2025-06-15 18:18:00+00:00,1098,5563.26,9.0,26.48596660162282,26.281498508946324,30.377982107355862,"[25.14065606 23.29547714 25.24005964 26.51366799 27.32753479 26.90506958
 26.24030815 27.23434394 27.76863817 27.78106362 30.37798211 28.70675944
 28.17867793 23.59368787 24.0472167  24.05342942 25.69358847 26.2278827
 24.12798211 25.15308151 27.63195825 26.10984095 27.36481113 27.86804175
 27.10387674 28.88071571 27.55119284 21.8665507  24.22117296 25.08474155
 23.72415507 25.55069583 25.61903579 26.64413519 26.89885686 26.29000994
 28.17867793 28.07927435 28.34642147 27.9860835  29.84368787 24.43861829
 22.48782306 24.98533797 25.21520875 23.95402584 26.74975149 26.63170974
 25.34567594 27.5387674  27.80591451 27.15979125 26.45775348 28.60735586
 28.89314115 30.1667495  22.33250497 23.26441352 25.08474155 26.27758449
 25.23384692 24.57529821 26.0166501  26.4888171  27.68166004 25.87375746
 27.82455268 29.43364811 27.93016899 29.86853877 24.26466203 25.4140159
 25.19657058 25.94209742 23.61232604 23.33275348 25.40159046 26.52609344
 28.30914513 28.71297217 25.94831014 28.15382704 28.38991054 29.00497018
 22.00323062 23.22092445 25.27112326 24.48210736 25.84890656 24.85487078
 26.65656064 25.49478131 26.92370775 28.24701789 27.52634195 29.70079523
 29.17892644 28.88071571 28.91799205 23.33275348 23.50670974 21.56212724
 26.68141153 25.02261431 25.17793241 25.097167   27.89910537 25.97937376
 28.48931412 27.71272366 29.91202783 29.83126243 29.930666   22.87922465
 24.50074553 26.73111332 26.40805169 26.61307157 25.16550696 24.73682903
 26.83672962 27.61332008 26.21545726 28.44582505 26.91128231 28.24701789
 28.14761431 23.8111332  21.89761431 24.94184891 24.08449304 26.02907555
 25.77435388 25.16550696 26.09120278 27.79348907 28.13518887 27.44557654
 27.41451292 28.57629225 28.58250497 23.61853877 24.19010934 23.38245527
 25.21520875 22.43190855 23.84219682 26.9609841  26.7249006  26.45154076
 26.40805169 27.54498012 27.91774354 29.67594433 26.11605368 28.32157058
 23.75521869 23.33275348 25.52584493 22.6804175  24.07828032 25.53205765
 27.06038767 27.06038767 27.47042744 27.277833   27.79348907 29.08573559
 28.63220676 28.222167   22.33250497 24.69333996 23.66202783 24.53802187
 26.63792247 23.99130219 24.8362326  27.71893638 26.74353877 29.5082008
 27.02311133 27.8804672  28.47688867 27.83076541 23.32654076 23.05939364
 23.80492048 25.53827038 25.62524851 24.64363817 26.00422465 26.83672962
 26.12847913 26.17818091 27.8556163  25.81163022 28.21595427 28.09791252
 29.29075547 24.1776839 ]",58501.04986238931
2025-06-15 18:19:00+00:00,1099,5568.950000000001,9.0,26.501511514731913,26.29917370775348,30.856361829025843,"[24.66848907 24.98533797 24.47589463 24.60636183 24.82380716 26.58200795
 27.93638171 27.52012922 25.92345924 27.42072565 27.6443837  29.23484095
 27.96744533 22.34493042 23.98508946 24.05964215 24.25223658 25.77435388
 26.43290258 26.16575547 24.61878728 27.04796223 27.19706759 28.59493042
 28.58871769 27.62574553 29.8250497  24.27087475 23.77385686 24.55044732
 26.30243539 24.95427435 25.56312127 26.37698807 26.9609841  27.4083002
 26.05392644 28.55144135 28.98633201 29.00497018 30.34691849 22.81709742
 22.28280318 24.42619284 25.12201789 24.9915507  25.24005964 26.14090457
 26.71868787 28.01093439 27.71893638 29.02982107 27.5139165  27.78106362
 28.33399602 30.85636183 23.61853877 22.42569583 24.18389662 24.12798211
 24.51317097 25.56312127 26.73732604 27.0666004  28.16003976 26.24030815
 27.56983101 27.01068588 28.27186879 29.09194831 24.20253479 24.40755467
 23.76764414 25.03503976 23.41973161 25.26491054 25.69358847 25.53827038
 25.71222664 27.47042744 27.43315109 28.49552684 28.58250497 29.930666
 23.40730616 25.61903579 23.28305169 23.60611332 24.55044732 23.22092445
 25.45129225 26.96719682 26.73111332 26.55715706 26.64413519 29.85611332
 28.89935388 28.04821074 30.20402584 24.76789264 24.4945328  24.25223658
 25.60661034 26.23409543 25.8054175  27.3834493  28.16625249 28.64463221
 26.86779324 27.21570577 27.59468191 28.17246521 30.5333002  23.34517893
 24.65606362 24.30193837 24.26466203 24.8362326  26.18439364 25.94209742
 27.61332008 27.67544732 26.37077535 28.37748509 27.39587475 28.14761431
 30.12947316 26.4639662  23.20228628 24.84244533 24.76789264 24.10313121
 25.96073559 27.25919483 26.51366799 26.43911531 27.8804672  26.94234592
 29.6138171  27.82455268 29.11058648 23.71172962 22.7611829  25.75571571
 25.68116302 24.69333996 24.57529821 26.19060636 25.82405567 29.22241551
 26.5944334  27.94880716 27.83076541 27.78106362 28.31535785 28.50173956
 24.14662028 23.01590457 22.97241551 24.71819085 24.89214712 26.27758449
 26.07256461 27.55119284 26.1222664  28.22837972 27.75       27.89910537
 29.63245527 29.2472664  21.87897614 23.30790258 24.55666004 24.98533797
 25.81784294 24.90457256 24.24602386 26.81187873 27.23434394 26.25894632
 27.78727634 27.96744533 28.06684891 28.15382704 22.55616302 22.97241551
 23.31411531 23.52534791 24.84244533 26.67519881 25.69358847 26.45154076
 26.78702783 27.8556163  26.66898608 28.95526839 28.30914513 28.12897614
 29.15407555 23.17743539]",58553.056923687094
2025-06-15 18:20:00+00:00,1100,5557.41,9.0,26.466205331266643,26.26332629224652,30.496023856858844,"[24.23981113 25.79299205 24.83001988 24.37027833 24.66227634 27.48285288
 26.47017893 27.14736581 28.65084493 27.89289264 27.8804672  29.10437376
 27.57604374 24.55044732 24.20874751 24.00994036 25.71222664 23.97266402
 24.59393638 26.00422465 26.71247515 25.46371769 27.67544732 27.84319085
 28.25323062 29.17271372 26.68141153 22.53131213 22.64314115 24.30815109
 24.92321074 25.8861829  24.52559642 25.86133201 27.60710736 27.65680915
 26.805666   28.38369781 27.29647117 30.00521869 29.56411531 22.87301193
 24.16525845 24.58151093 24.47589463 24.96048708 24.07828032 25.84269384
 27.81212724 26.33971173 28.05442346 26.24652087 28.34642147 28.03578529
 28.12897614 29.01739563 23.17122266 24.00994036 22.12127237 25.96073559
 26.14090457 24.68091451 27.4083002  26.37077535 26.17818091 27.8804672
 28.04821074 28.74403579 29.44607356 29.06088469 21.58697813 25.63146123
 24.81138171 23.69309145 26.42047714 25.58175944 26.91128231 26.43290258
 27.11630219 28.68190855 27.07902584 28.02957256 29.43986083 29.40258449
 23.77385686 22.77360835 24.89835984 22.64314115 25.47614314 27.25919483
 25.89239563 25.97937376 26.24030815 27.14736581 26.15333002 27.26540755
 28.65705765 28.58250497 30.31585487 22.43190855 24.09691849 23.45079523
 25.73707753 24.30815109 25.097167   26.16575547 26.04771372 26.7249006
 28.39612326 25.95452286 28.58250497 28.62599404 28.70054672 23.43215706
 23.9416004  25.25248509 25.45129225 26.44532803 25.01018887 25.27733598
 27.34617296 27.08523857 28.12897614 27.55740557 28.45203777 29.26590457
 30.49602386 23.3389662  24.50074553 23.93538767 24.99776342 26.43290258
 26.55094433 27.17842942 25.60661034 28.70054672 27.44557654 25.45750497
 27.59468191 26.92992048 29.37152087 23.95402584 22.85437376 23.84219682
 24.18389662 23.63717694 25.10337972 25.96073559 26.81187873 27.24676938
 27.35238569 27.59468191 28.79373757 29.47092445 29.07952286 29.09816103
 22.30765408 24.40755467 24.23981113 24.07206759 24.34542744 25.27112326
 28.16625249 26.19681909 26.33971173 27.01068588 27.15979125 25.83026839
 28.65705765 29.32803181 23.5750497  23.87947316 22.83573559 24.29572565
 25.63767396 26.14090457 26.48260437 26.32107356 26.94855865 27.69408549
 28.29671968 25.61282306 26.70626243 28.17867793 23.32654076 23.86083499
 24.26466203 23.680666   25.26491054 26.81187873 26.32107356 26.4639662
 26.04771372 27.63195825 27.71893638 29.22241551 28.88071571 28.02957256
 29.92445328 23.78006958]",58434.936556285684
2025-06-15 18:21:00+00:00,1101,5559.86,9.0,26.47217966053397,26.270936878727635,31.303677932405563,"[25.17171968 25.46993042 24.3889165  24.02857853 24.53802187 25.68737575
 26.29000994 27.71272366 26.47017893 28.00472167 27.02311133 29.2721173
 27.34617296 23.5750497  22.15233598 25.29597416 25.24005964 25.57554672
 26.96719682 27.33374751 26.66898608 27.76863817 26.99826044 29.57654076
 27.84319085 29.01739563 30.03628231 23.40109344 22.34493042 25.46371769
 24.97912525 25.42022863 24.35785288 25.53827038 25.79920477 25.52584493
 26.32728628 28.01714712 27.74378728 28.66327038 27.73757455 22.69905567
 24.14662028 22.05914513 23.55641153 23.34517893 25.35188867 25.86133201
 26.62549702 26.45775348 27.37723658 26.47017893 29.63245527 28.4582505
 29.30318091 29.89960239 23.5750497  23.61853877 24.68091451 26.91749503
 25.14686879 25.06610338 27.16600398 25.10337972 28.20974155 28.3277833
 27.30889662 30.32206759 28.13518887 29.14786282 23.40109344 24.46968191
 23.0221173  25.68116302 24.14662028 26.14090457 26.5944334  25.45129225
 26.51366799 26.87400596 27.57604374 29.91202783 29.21620278 29.60139165
 23.15879722 21.63667992 24.87350895 25.25869781 23.29547714 26.29000994
 26.27137177 27.6195328  27.03553678 25.52584493 26.68762425 26.1471173
 28.22837972 29.14786282 29.25969185 23.07181909 23.84840954 24.40755467
 25.74950298 24.82380716 27.18464215 25.2027833  26.31486083 26.55715706
 27.43315109 26.24030815 28.42718688 29.17892644 28.54522863 25.097167
 22.45675944 23.99130219 25.77435388 25.53827038 27.01068588 26.03528827
 26.21545726 26.31486083 27.83076541 26.91749503 26.9361332  30.24130219
 28.95526839 23.07803181 24.05964215 22.86058648 24.8610835  25.35810139
 26.74353877 25.16550696 26.26515905 26.89885686 27.33996024 27.19706759
 26.82430417 28.41476143 29.67594433 23.76764414 24.2584493  22.21446322
 23.3389662  25.34567594 25.83648111 26.32107356 25.48235586 26.99826044
 28.64463221 27.52634195 27.47664016 28.37748509 28.44582505 29.55790258
 24.07828032 23.59368787 24.22738569 23.92917495 25.04746521 24.41998012
 25.48235586 26.15954274 27.02311133 26.95477137 26.99826044 27.94880716
 28.38369781 30.40904573 24.98533797 24.97291252 23.59368787 23.38866799
 25.569334   26.74975149 27.07902584 25.58797217 28.04821074 28.61356859
 26.73732604 29.39637177 29.6138171  27.42693837 23.20228628 23.31411531
 24.28951292 23.82977137 23.64338966 27.15979125 26.95477137 25.98558648
 27.15357853 28.21595427 29.19135189 27.30889662 29.04845924 29.06709742
 31.30367793 23.68687873]",58454.92427228244
2025-06-15 18:22:00+00:00,1102,5545.79,9.0,26.429398182007738,26.227230367793236,30.91227634194831,"[22.95377734 24.54423459 22.69905567 25.26491054 25.95452286 26.98583499
 25.4388668  26.23409543 28.222167   27.78106362 27.43315109 27.91153082
 28.27808151 22.61207753 23.52534791 25.17793241 23.18364811 25.5444831
 25.48856859 25.84890656 26.20303181 27.71272366 27.43315109 28.52037773
 28.27808151 28.30914513 28.84965209 23.85462227 23.27062624 24.17147117
 25.68116302 26.49502982 26.07256461 24.26466203 26.58822068 26.33349901
 25.69358847 28.27808151 27.15357853 29.68836978 29.34666998 22.76739563
 23.84840954 24.53180915 24.2584493  24.16525845 24.30193837 26.97962227
 24.98533797 25.24005964 27.81833996 26.9361332  26.07877734 28.25944334
 28.63841948 28.16003976 22.61829026 20.82902584 24.84865805 23.62475149
 24.38270378 26.38941352 25.20899602 27.24055666 27.75621272 27.55740557
 28.65084493 29.09816103 27.48906561 30.91227634 24.09691849 24.99776342
 23.21471173 24.78653082 25.5444831  25.18414513 26.1222664  26.58200795
 26.18439364 28.04199801 27.42693837 26.2527336  29.47092445 29.86232604
 22.15854871 23.28305169 23.9416004  24.74304175 26.23409543 26.77460239
 24.60636183 26.49502982 28.61356859 27.9860835  28.12276342 29.72564612
 28.76888668 28.55144135 30.14811133 22.12127237 24.1776839  24.46968191
 24.01615308 25.01640159 25.6500994  26.2527336  28.54522863 26.19681909
 27.63817097 26.65656064 28.79373757 29.29696819 28.88692843 24.10934394
 23.13394632 23.86704771 25.81784294 24.4945328  24.7306163  26.32728628
 26.24030815 27.55740557 26.78702783 27.94880716 28.54522863 27.91774354
 29.62624254 22.35735586 23.15258449 24.87972167 25.86133201 25.95452286
 26.60064612 25.48235586 24.85487078 28.08548708 25.9917992  29.38394632
 27.97365805 28.43961233 27.5387674  23.82977137 24.5193837  24.01615308
 24.79895626 25.08474155 24.40134195 23.41351889 26.49502982 26.19060636
 26.805666   27.83697813 30.37176938 27.81833996 29.97415507 29.45228628
 22.40705765 23.41973161 25.18414513 26.94234592 25.50720676 26.17818091
 26.7000497  26.3832008  26.61928429 27.70651093 27.0417495  28.14761431
 27.89910537 28.32157058 22.20203777 24.33300199 24.67470179 25.02882704
 25.30218688 25.04125249 25.59418489 24.30193837 27.22813121 27.01689861
 27.23434394 29.16650099 27.9612326  28.35884692 23.45079523 22.63071571
 25.98558648 23.63717694 25.04125249 24.63121272 25.92967197 25.50720676
 28.75646123 28.91799205 28.16003976 27.97987078 28.50795229 29.68215706
 30.07355865 23.48807157]",58311.79455772509
2025-06-15 18:23:00+00:00,1103,5543.66,9.0,26.421847624453484,26.22061381709741,31.632952286282304,"[22.10263419 24.32057654 24.59393638 25.17793241 26.32107356 25.81784294
 25.66252485 27.6443837  28.28429423 28.04199801 30.04870775 29.28454274
 27.89910537 23.22092445 23.53777336 25.64388668 24.7554672  23.66202783
 25.13444334 25.83648111 25.72465209 26.88021869 28.29671968 28.222167
 26.07256461 29.04224652 29.16650099 22.91650099 23.27683897 25.05989066
 24.71819085 25.24005964 25.12201789 24.43240557 26.52609344 26.27137177
 26.91128231 26.86779324 28.82480119 29.1167992  28.83722664 22.59965209
 23.5750497  24.42619284 25.97316103 25.8054175  24.84244533 24.79895626
 25.99801193 27.96744533 28.42718688 27.24055666 26.78081511 28.25944334
 28.37127237 30.96197813 22.41327038 23.2333499  22.14612326 24.81138171
 25.73707753 24.1776839  27.48906561 28.43961233 26.92370775 28.3277833
 27.76863817 28.81237575 28.70675944 28.40854871 23.3389662  25.42644135
 24.84244533 24.66227634 23.58747515 24.9666998  27.84940358 26.60064612
 26.85536779 26.89264414 28.36505964 27.04796223 29.26590457 29.75049702
 23.1028827  21.71744533 22.46297217 23.3638171  24.79895626 24.64985089
 26.47639165 26.11605368 28.4333996  26.92992048 25.61903579 27.14115308
 26.58822068 30.34070577 28.7999503  23.15258449 22.93513917 24.09691849
 24.73682903 28.44582505 27.49527833 26.69383698 25.05989066 26.55094433
 29.10437376 26.49502982 26.95477137 29.19756461 28.53280318 24.4945328
 22.89786282 24.64985089 24.03479125 26.76217694 26.10362823 26.32728628
 26.73111332 26.51988072 24.56908549 27.34617296 29.0111829  28.46446322
 29.55168986 22.95377734 22.48161034 24.15904573 24.09070577 26.56336978
 25.097167   26.5944334  26.79324056 26.70626243 27.43315109 26.09741551
 29.41500994 27.30889662 29.9555169  25.79299205 24.12176938 22.35114314
 23.53777336 25.96694831 26.10362823 24.45725646 26.26515905 26.2278827
 25.51963221 28.35884692 28.25323062 27.94880716 29.58275348 28.4582505
 24.39512922 23.49428429 24.87972167 25.68737575 24.71197813 25.84890656
 27.04796223 25.87375746 25.74329026 28.34020875 26.8305169  28.00472167
 29.06709742 29.1416501  24.30193837 23.47564612 24.84865805 25.3083996
 25.27733598 25.2027833  25.10337972 26.47017893 26.48260437 26.83672962
 27.27162028 27.75       28.79373757 29.64488072 23.58126243 22.51888668
 23.27683897 25.02882704 24.88593439 25.04746521 26.18439364 25.44507952
 25.92345924 27.97365805 28.32157058 28.10412525 30.0859841  27.95501988
 31.63295229 22.87922465]",58286.53341237157
2025-06-15 18:24:00+00:00,1104,5540.01,9.0,26.409806963244087,26.20927559642147,31.353379721669977,"[23.96645129 24.2584493  26.74353877 25.7805666  26.31486083 25.18414513
 26.10362823 27.03553678 29.66351889 26.98583499 27.66302187 27.56361829
 29.5889662  23.82355865 24.11555666 23.50049702 24.84244533 26.51988072
 25.19657058 25.60039761 27.17842942 24.97912525 26.70626243 28.68812127
 28.6694831  28.1973161  26.71247515 23.2333499  22.49403579 23.43215706
 23.96645129 25.57554672 25.15308151 25.63146123 25.8054175  27.34617296
 27.94259443 28.33399602 27.47664016 28.16003976 28.57629225 21.17693837
 24.71819085 23.12152087 23.09045726 24.81138171 25.70601392 27.66302187
 24.9915507  27.48906561 28.37127237 28.30293241 26.7249006  29.10437376
 27.29025845 31.35337972 23.86704771 23.41973161 24.45104374 26.55715706
 26.61307157 25.37052684 25.28976143 27.93638171 26.42668986 26.99826044
 25.87375746 29.74428429 29.96794235 28.54522863 23.8359841  25.3332505
 23.84840954 23.8111332  25.75571571 25.73086481 25.86754473 24.18389662
 26.73111332 27.76242545 27.60710736 27.44557654 27.43315109 29.8499006
 24.47589463 23.69309145 24.71197813 24.07206759 23.9416004  26.48260437
 25.35188867 27.08523857 26.61928429 27.92395626 25.85511928 27.14736581
 29.3528827  28.47688867 27.00447316 23.90432406 22.56237575 23.680666
 24.26466203 25.72465209 26.33971173 24.9666998  25.92967197 28.81858847
 27.9860835  28.68812127 27.90531809 27.07281312 29.20377734 23.24577535
 22.91028827 23.15258449 24.68712724 23.7055169  25.26491054 26.65656064
 25.55690855 27.13494036 27.38966203 27.61332008 26.67519881 29.57654076
 31.06759443 24.00994036 24.14040755 25.46993042 25.84890656 26.37698807
 25.00397614 26.19681909 25.96073559 26.87400596 27.44557654 27.33996024
 28.02957256 28.50795229 27.60089463 22.22688867 24.66848907 24.94184891
 25.74950298 23.04075547 25.71843936 24.98533797 26.98583499 26.9609841
 27.68166004 25.85511928 27.65059642 27.84319085 28.71297217 29.52683897
 23.95402584 23.8359841  25.51341948 25.28976143 26.11605368 25.55690855
 26.47017893 24.50695825 25.96073559 27.22191849 28.68812127 28.52037773
 28.55765408 29.59517893 23.73036779 24.18389662 25.19035785 26.09741551
 23.74279324 26.54473161 25.56312127 25.81784294 27.277833   25.63146123
 28.694334   26.26515905 29.83126243 28.30914513 22.74254473 23.51913519
 25.63146123 24.23981113 24.31436382 26.17196819 25.03503976 26.63170974
 25.8054175  26.40183897 26.98583499 28.65705765 28.4333996  27.54498012
 28.67569583 24.2833002 ]",58246.25017622942
2025-06-15 18:25:00+00:00,1105,5482.51,9.0,26.23884810375888,26.030659791252482,30.91848906560636,"[23.7055169  25.9110338  24.16525845 24.79274354 25.50099404 25.69358847
 26.10362823 26.2527336  25.95452286 28.33399602 26.99826044 27.50149105
 29.34666998 23.27683897 23.10909543 24.65606362 25.05367793 24.47589463
 25.97316103 23.79870775 25.53827038 26.25894632 28.21595427 28.71918489
 28.04821074 28.27808151 27.24055666 22.77982107 23.17122266 22.4194831
 24.22117296 25.47614314 25.22142147 24.61878728 27.22813121 26.3832008
 27.22191849 27.44557654 28.68190855 27.37102386 28.06063618 21.07132207
 25.9917992  24.95427435 24.8610835  25.45129225 25.10959245 26.18439364
 26.90506958 28.06063618 26.37698807 27.0417495  28.71918489 27.89910537
 28.60114314 30.91848907 25.44507952 23.63717694 25.53205765 25.15929423
 24.68712724 24.68091451 26.4888171  26.47017893 27.30889662 27.24676938
 28.96148111 27.07902584 27.70029821 29.37152087 23.42594433 23.10909543
 22.76739563 25.5444831  23.45700795 23.86083499 27.07281312 24.53802187
 27.03553678 26.84915507 28.59493042 26.42668986 27.99229622 27.55740557
 22.00944334 23.34517893 25.35188867 23.99130219 24.29572565 25.59418489
 27.08523857 26.4888171  26.50745527 26.86779324 27.3026839  26.67519881
 27.9860835  27.5139165  29.99900596 23.25198807 24.55666004 24.84244533
 25.65631213 24.08449304 25.74329026 26.17196819 25.81784294 25.24627237
 27.3834493  28.71918489 29.26590457 29.0360338  29.1167992  22.89786282
 23.19607356 22.68663022 24.33300199 24.79274354 26.68762425 25.93588469
 26.75596421 27.39587475 26.22166998 26.36456262 27.19706759 27.16600398
 29.99279324 23.16500994 25.25869781 24.26466203 22.85437376 24.07206759
 26.39562624 25.15929423 25.27112326 26.03528827 26.74975149 28.57629225
 27.0417495  28.05442346 29.78777336 22.09020875 22.51267396 23.98508946
 23.9416004  25.58175944 24.43240557 27.78106362 26.81187873 25.69358847
 25.05989066 25.90482107 27.35859841 28.63841948 28.70054672 28.34020875
 23.1028827  23.55641153 23.43215706 25.65631213 25.81784294 25.04125249
 26.90506958 27.6195328  26.97962227 26.41426441 27.49527833 26.85536779
 29.28454274 29.80641153 22.93513917 24.4945328  22.48161034 24.10934394
 24.1776839  25.95452286 24.76789264 26.53230616 25.89860835 29.10437376
 26.56336978 29.41500994 28.61356859 28.47688867 23.33275348 23.16500994
 22.70526839 24.40134195 27.21570577 25.05367793 26.27137177 27.16600398
 26.50124254 26.99826044 27.27162028 26.79324056 27.20328032 27.78106362
 28.15382704 24.22738569]",57674.29021593572
2025-06-15 18:26:00+00:00,1106,5520.13,9.0,26.348588055836522,26.147521123260436,30.638916500994036,"[23.61853877 24.33921471 24.31436382 26.27758449 24.65606362 24.07828032
 26.8305169  28.96148111 29.90581511 26.99204771 30.21023857 28.60735586
 30.6389165  24.44483101 23.96023857 23.30790258 24.66227634 25.21520875
 25.55690855 25.9110338  24.77410537 27.72514911 26.68762425 26.62549702
 29.8250497  28.98011928 30.02385686 21.75472167 23.49428429 23.59368787
 24.63121272 22.50646123 25.50720676 26.55715706 26.84294235 26.17818091
 27.70029821 27.55740557 27.15979125 28.14140159 28.40854871 23.1277336
 22.75497018 23.59368787 23.51292247 25.22763419 23.96023857 25.10959245
 25.59418489 25.68737575 26.68141153 26.51366799 26.66277336 29.09194831
 28.34642147 29.22241551 24.13419483 24.55666004 22.38841948 24.95427435
 26.24652087 25.39537773 25.56312127 25.63767396 26.15954274 27.60710736
 27.88667992 28.71297217 29.02360835 28.99254473 22.21446322 23.99751491
 22.92271372 23.74900596 24.40134195 27.05417495 25.00397614 26.62549702
 26.86158052 26.84915507 27.66923459 28.37748509 28.55144135 28.3277833
 22.94135189 22.05914513 26.1471173  22.83573559 24.23981113 25.8054175
 24.68712724 25.569334   27.68166004 27.50149105 28.35884692 27.01068588
 27.86804175 29.06088469 28.14761431 22.97862823 23.26441352 23.25198807
 24.73682903 25.27112326 25.75571571 28.97390656 28.61356859 27.59468191
 25.89860835 29.68215706 29.86232604 27.73757455 29.75049702 24.09691849
 22.47539761 25.2027833  25.20899602 24.05342942 25.097167   25.25869781
 28.29050696 27.44557654 27.32132207 27.49527833 26.8305169  27.68787276
 28.81237575 23.40109344 24.3889165  24.87972167 23.63096421 23.72415507
 26.15954274 26.08499006 24.71819085 27.43936382 26.62549702 27.30889662
 27.89289264 29.6945825  28.76267396 23.07181909 24.15904573 25.7805666
 24.91699801 24.05964215 24.8610835  27.34617296 26.2527336  26.03528827
 27.24676938 27.25298211 26.79324056 27.48285288 27.54498012 28.71918489
 24.33300199 24.18389662 23.20228628 22.8667992  26.29622266 24.63742545
 25.66873757 25.4140159  27.11630219 28.3277833  28.34642147 27.38966203
 28.78131213 29.22241551 22.29522863 24.20253479 24.35785288 24.40755467
 24.87350895 26.86158052 25.6500994  26.35213718 26.33971173 27.56361829
 25.96694831 27.79970179 29.46471173 29.41500994 23.69930417 25.14065606
 24.67470179 24.24602386 25.16550696 25.32703777 25.9917992  27.43315109
 26.22166998 26.33971173 27.9612326  28.30914513 28.06063618 30.25372763
 28.34642147 24.08449304]",58041.43619960667
2025-06-15 18:27:00+00:00,1107,5530.75,9.0,26.37864538258164,26.18051068588469,30.707256461232603,"[24.84244533 23.8111332  24.59393638 25.7805666  26.48260437 26.3832008
 26.49502982 26.88021869 25.42644135 27.80591451 29.06709742 29.58275348
 28.14140159 23.34517893 23.32032803 24.58151093 25.73707753 25.56312127
 28.06684891 26.57579523 27.33996024 26.61928429 28.10412525 27.22813121
 30.15432406 28.78752485 28.47067594 24.39512922 23.9416004  22.8667992
 23.09666998 25.10959245 24.32678926 23.82355865 26.77460239 28.81237575
 27.21570577 27.14736581 27.89910537 28.06063618 28.4333996  22.58101392
 22.81088469 25.35810139 23.89189861 24.3889165  25.21520875 25.66252485
 25.28976143 26.66898608 24.74925447 28.58250497 26.11605368 29.04224652
 27.99850895 28.08548708 24.93563618 23.40109344 23.99751491 24.40134195
 25.07852883 24.91699801 27.97987078 27.86182903 26.06635189 27.63817097
 28.12276342 28.71918489 28.5390159  28.45203777 23.80492048 24.46968191
 25.34567594 24.21496024 24.51317097 24.8362326  26.4639662  25.79299205
 25.11580517 26.55715706 26.9361332  28.30293241 27.32753479 29.21620278
 23.66824056 23.88568588 22.92892644 24.51317097 25.27112326 24.73682903
 25.00397614 27.19085487 27.59468191 27.53255467 27.29647117 29.40879722
 29.31560636 27.17842942 29.78777336 22.49403579 24.46346918 23.80492048
 24.78031809 24.95427435 26.7000497  24.97912525 28.17867793 27.83697813
 28.81237575 30.19781312 27.22813121 29.09194831 28.33399602 24.78653082
 23.82355865 24.12798211 24.12176938 24.22117296 26.66898608 26.60685885
 27.15979125 26.66277336 28.46446322 27.14736581 27.0666004  29.02982107
 28.47688867 23.31411531 23.55019881 23.680666   23.99751491 26.90506958
 25.08474155 25.97316103 26.77460239 26.8305169  27.82455268 27.45800199
 28.4582505  28.50173956 30.70725646 22.32629225 23.73658052 22.33871769
 24.8362326  24.63121272 24.29572565 25.61903579 26.29000994 26.1471173
 25.28976143 26.7249006  30.20402584 28.03578529 27.93638171 27.70029821
 23.07803181 25.04125249 23.50049702 24.67470179 26.53851889 25.69358847
 25.33946322 26.64413519 26.63792247 28.94284294 28.86207753 29.86232604
 26.71247515 29.73807157 21.5        21.97837972 24.30193837 25.83648111
 25.08474155 25.55690855 26.83672962 25.27112326 25.97316103 27.09766402
 27.3026839  26.85536779 27.63817097 27.91153082 22.7860338  22.47539761
 23.13394632 23.76764414 23.9416004  25.55690855 26.53851889 27.1722167
 25.63767396 29.07952286 27.5387674  26.54473161 29.11058648 28.68190855
 29.07952286 23.40109344]",58141.995991965145
2025-06-15 18:28:00+00:00,1108,5519.460000000001,9.0,26.34404092104036,26.145439860834987,30.95576540755467,"[23.27062624 25.02261431 23.23956262 25.55069583 26.51988072 26.89264414
 27.50770378 27.96744533 28.61356859 27.32753479 27.9612326  28.20352883
 28.71918489 22.45675944 24.40755467 23.08424453 24.96048708 25.73707753
 26.2278827  25.48856859 24.09070577 25.71222664 28.29050696 27.39587475
 29.5889662  28.31535785 30.95576541 23.98508946 24.19632207 24.40134195
 24.07828032 25.78677932 26.25894632 27.19706759 26.52609344 26.04150099
 26.63170974 27.73757455 28.32157058 28.4333996  27.92395626 23.73036779
 24.11555666 23.97266402 22.30144135 25.72465209 24.79274354 25.63146123
 24.87972167 25.49478131 27.65680915 26.95477137 27.12872763 27.54498012
 27.86804175 28.1973161  22.7611829  24.40755467 23.50049702 24.48210736
 25.24005964 27.88667992 26.10362823 26.32107356 26.84915507 27.95501988
 28.48310139 28.76888668 28.02335984 27.60089463 23.1277336  22.74254473
 24.92942346 23.94781312 25.81784294 27.8804672  25.84269384 25.50099404
 26.09120278 28.7750994  26.98583499 28.34642147 28.61978131 27.52634195
 23.02833002 23.96023857 25.24627237 24.43861829 25.097167   24.81138171
 26.33349901 27.17842942 26.03528827 25.69980119 28.4333996  28.81858847
 29.42122266 27.25919483 28.97390656 22.77982107 24.64985089 24.57529821
 25.29597416 24.63742545 25.95452286 25.37052684 25.52584493 26.16575547
 28.10412525 27.87425447 29.44607356 28.59493042 28.20352883 23.86704771
 25.46371769 22.64935388 25.52584493 25.35810139 25.02261431 25.51341948
 25.27112326 27.3026839  26.68141153 26.89264414 28.02335984 29.17271372
 30.10462227 23.27683897 22.89786282 23.9416004  23.62475149 23.37002982
 25.97937376 26.55094433 27.72514911 26.29000994 27.56983101 29.6945825
 27.57604374 28.99254473 27.81833996 23.34517893 24.20253479 24.19010934
 25.74329026 26.7249006  25.3083996  25.46993042 24.64985089 26.3583499
 26.77460239 28.49552684 28.29671968 27.90531809 27.47664016 29.16028827
 22.11505964 23.59368787 23.68687873 24.87350895 26.27137177 25.64388668
 24.76167992 26.30864811 26.75596421 26.58822068 27.52012922 28.78131213
 28.87450298 27.56361829 22.12127237 22.56858847 24.81759443 22.32007952
 25.71222664 25.21520875 25.3332505  26.3832008  26.7000497  26.30243539
 27.52012922 27.99229622 29.07952286 27.90531809 24.68712724 22.63692843
 24.02857853 25.49478131 23.80492048 24.45104374 26.73111332 26.98583499
 26.8305169  26.52609344 27.71893638 25.8054175  28.96769384 28.59493042
 29.75670974 23.04696819]",58026.223305432635
2025-06-15 18:29:00+00:00,1109,5514.58,9.0,26.328348254366794,26.130280815109344,30.6948310139165,"[23.37624254 22.33250497 23.96023857 24.74304175 24.08449304 27.34617296
 25.75571571 25.33946322 29.55168986 26.73732604 28.93663022 26.92992048
 29.56411531 22.81709742 22.90407555 23.24577535 23.60611332 24.85487078
 25.38916501 26.06013917 27.45178926 26.34592445 27.36481113 27.00447316
 27.84940358 30.07355865 28.38369781 23.63096421 22.77982107 23.32654076
 25.37673956 22.96620278 25.74950298 23.17122266 25.21520875 26.17818091
 28.16003976 25.20899602 29.04224652 27.84319085 29.07331014 24.43240557
 23.50049702 25.28976143 26.17196819 24.44483101 26.29000994 26.84294235
 24.93563618 26.1222664  28.13518887 26.02907555 27.57604374 28.42097416
 28.5390159  30.59542744 23.67445328 23.48807157 22.95999006 24.47589463
 24.87350895 25.39537773 27.54498012 27.43936382 27.36481113 26.99204771
 28.06684891 27.80591451 29.9555169  29.43364811 22.76739563 24.00372763
 24.27708748 24.51317097 24.93563618 25.93588469 26.53851889 23.78006958
 26.94234592 27.27162028 27.84940358 27.87425447 27.78727634 28.5638668
 22.83573559 23.76764414 24.25223658 24.33921471 25.85511928 25.02882704
 24.76167992 24.45104374 27.66923459 27.75       26.88021869 27.99850895
 27.9860835  28.55765408 28.06063618 23.95402584 25.28976143 24.33300199
 23.59368787 25.45129225 25.70601392 25.6500994  26.97962227 27.60710736
 26.29000994 28.24080517 27.07902584 27.97365805 29.53926441 23.97266402
 22.43812127 23.82355865 24.90457256 25.83026839 24.625      26.79324056
 26.20924453 27.68787276 27.32753479 28.48310139 30.22266402 28.20352883
 27.12251491 23.66824056 23.14637177 23.18364811 25.39537773 24.65606362
 27.26540755 26.20303181 27.33996024 26.35213718 27.01689861 28.4333996
 27.78106362 28.13518887 30.11083499 22.40084493 23.08424453 23.59368787
 24.84865805 24.42619284 23.66202783 25.86754473 26.86779324 27.58846918
 26.57579523 27.75621272 27.49527833 27.35238569 27.9612326  27.97365805
 23.1028827  23.17743539 24.74304175 25.72465209 25.48856859 25.42644135
 25.23384692 27.46421471 27.1722167  28.96769384 29.09194831 28.68812127
 29.1167992  29.1167992  22.68663022 24.43240557 23.72415507 23.87326044
 26.07877734 23.89811133 26.60685885 26.10984095 26.98583499 26.96719682
 27.23434394 26.92370775 27.71272366 30.69483101 21.10238569 23.58747515
 24.8362326  25.48235586 24.65606362 25.66252485 27.21570577 27.32132207
 26.27758449 26.14090457 27.86182903 27.31510934 29.25347913 29.65109344
 29.47092445 22.54373757]",57973.721919809555
2025-06-15 18:30:00+00:00,1110,5496.29,9.0,26.273077720271907,26.07346545725646,30.77559642147117,"[23.24577535 24.76789264 26.20303181 24.74925447 24.86729622 26.13469185
 27.08523857 26.50124254 27.01068588 25.25869781 26.07256461 28.81858847
 27.52634195 23.14637177 21.96595427 23.21471173 24.46968191 24.54423459
 25.42644135 25.50099404 25.14686879 27.56361829 27.93638171 29.0360338
 27.24676938 27.75621272 28.45203777 24.152833   25.04746521 24.11555666
 24.07828032 24.64363817 24.40755467 25.87375746 26.19681909 26.20303181
 26.82430417 27.17842942 27.91153082 28.61978131 30.77559642 23.96645129
 23.87947316 25.10337972 24.24602386 24.57529821 27.22191849 25.53827038
 26.47017893 26.86779324 26.35213718 25.81163022 28.25944334 28.61978131
 27.47664016 28.20974155 22.76739563 24.52559642 24.84865805 26.61307157
 25.21520875 26.48260437 25.58797217 26.58822068 26.89885686 26.28379722
 29.2721173  27.83076541 28.82480119 29.14786282 24.41998012 25.04125249
 24.10934394 25.3332505  25.78677932 24.78653082 25.32082505 27.6443837
 26.55094433 26.3583499  27.47042744 28.52659046 30.03006958 28.26565606
 24.66227634 22.95377734 23.51292247 24.45725646 25.35810139 25.37673956
 26.70626243 25.83026839 25.83026839 26.40183897 27.15979125 25.99801193
 27.55740557 28.78752485 28.98011928 24.3889165  23.65581511 24.92942346
 25.28354871 23.69309145 26.70626243 24.30815109 26.96719682 28.60735586
 27.84940358 26.58822068 27.70651093 27.9612326  28.02335984 22.48161034
 23.79249503 24.32678926 24.40755467 24.42619284 25.37052684 26.13469185
 25.7805666  25.94831014 28.34642147 28.23459245 29.67594433 29.58275348
 27.06038767 24.67470179 23.22713718 24.00372763 23.40730616 24.94184891
 26.41426441 25.06610338 26.63792247 26.77460239 27.74378728 29.02982107
 28.20352883 28.57007952 28.9304175  23.79870775 22.58722664 25.66873757
 23.51913519 23.63096421 25.25248509 25.71222664 25.78677932 25.8054175
 27.09145129 27.25298211 27.68787276 26.78702783 28.01714712 29.31560636
 23.48807157 22.67420477 22.91650099 26.32728628 26.62549702 25.05989066
 26.09741551 25.10959245 25.95452286 24.71197813 27.14736581 27.69408549
 28.06063618 28.34642147 23.72415507 23.32032803 24.53180915 21.38195825
 25.83026839 26.51366799 26.62549702 26.89264414 25.79299205 27.60710736
 28.96148111 26.4639662  29.47092445 29.20377734 22.05914513 24.21496024
 24.152833   24.83001988 23.89189861 24.152833   24.79895626 25.68116302
 26.25894632 27.82455268 27.94259443 29.57032803 27.14736581 27.29647117
 29.45849901 22.72390656]",57788.8088209417
2025-06-15 18:31:00+00:00,1111,5459.869999999999,9.0,26.164300416987256,25.96033175944334,30.18538767395626,"[24.22117296 23.41973161 22.89786282 23.66202783 25.65631213 27.3026839
 26.19681909 25.98558648 28.36505964 27.68787276 26.81809145 29.80019881
 27.32753479 21.83548708 23.66202783 22.74875746 25.08474155 25.15308151
 25.08474155 26.04771372 26.66898608 27.39587475 26.89264414 28.73161034
 28.1973161  28.60114314 30.18538767 22.41327038 22.77360835 24.37027833
 24.5193837  25.25869781 24.99776342 26.44532803 26.02907555 27.23434394
 25.02882704 27.09766402 26.0166501  29.30939364 26.22166998 22.77360835
 23.78006958 23.69930417 23.92917495 23.17743539 25.42022863 26.19681909
 26.11605368 25.8861829  27.11008946 26.77460239 27.06038767 24.94184891
 28.11033797 30.17917495 22.63692843 24.33300199 23.78628231 24.79895626
 26.27137177 24.31436382 25.9110338  25.74329026 27.32753479 26.09741551
 26.7000497  27.61332008 26.07256461 29.16650099 22.95377734 22.9972664
 22.94756461 25.2027833  25.89860835 25.68116302 26.63170974 25.46371769
 28.96769384 27.52012922 25.52584493 27.76242545 27.42693837 28.68812127
 23.14015905 24.68712724 23.51913519 24.59393638 24.35164016 25.84269384
 26.64413519 26.8305169  27.11008946 27.50149105 26.91749503 27.97987078
 27.44557654 29.37152087 30.18538767 22.97241551 24.12176938 24.47589463
 25.62524851 24.22117296 26.23409543 23.78628231 25.84269384 27.01068588
 28.02335984 27.37102386 28.16003976 28.15382704 29.9555169  23.73036779
 23.26441352 24.43240557 25.2027833  25.71843936 25.37052684 25.74329026
 26.74975149 26.10984095 24.7554672  27.36481113 28.57007952 28.37127237
 27.53255467 23.97887674 25.10337972 23.680666   25.86133201 25.2027833
 24.00372763 25.25869781 27.38966203 26.37077535 26.36456262 26.69383698
 26.5695825  28.88071571 28.30293241 21.79821074 22.15233598 23.04696819
 24.30815109 24.77410537 23.09666998 25.83026839 24.84865805 26.91128231
 26.36456262 26.5944334  26.60064612 28.5390159  28.41476143 30.02385686
 22.81709742 24.79274354 23.35139165 24.15904573 24.11555666 24.27087475
 26.81809145 26.76217694 26.24652087 26.94855865 28.16625249 29.23484095
 28.04199801 30.14189861 22.71769384 24.60636183 22.95377734 26.03528827
 24.99776342 25.19035785 25.84890656 26.35213718 26.19681909 28.95526839
 27.5139165  28.22837972 29.09194831 29.45849901 23.78628231 23.84840954
 23.71794235 24.40755467 24.21496024 23.40109344 26.42668986 25.73086481
 25.59418489 27.66923459 27.75621272 27.89289264 27.47664016 28.55765408
 29.20377734 23.4694334 ]",57424.88347507257
2025-06-15 18:32:00+00:00,1112,5444.82,9.0,26.118582596902694,25.9135810139165,30.328280318091448,"[22.54373757 23.27062624 24.30815109 23.79249503 25.17793241 25.46993042
 25.72465209 27.42072565 26.58822068 25.12823062 28.06684891 27.27162028
 30.32828032 22.12748509 23.71172962 24.95427435 24.17147117 24.42619284
 23.06560636 25.91724652 26.40805169 27.82455268 28.22837972 27.52012922
 29.26590457 27.86182903 27.89289264 21.12102386 23.11530815 24.64363817
 24.35785288 24.65606362 24.63121272 25.13444334 25.19657058 26.06635189
 28.98633201 26.70626243 28.04199801 27.36481113 29.76913519 22.63692843
 23.10909543 25.50720676 24.12176938 25.72465209 25.4388668  25.66252485
 24.02236581 26.17818091 28.222167   27.54498012 28.39612326 27.62574553
 27.20949304 27.15979125 22.77982107 24.83001988 23.78006958 24.87972167
 24.78653082 24.96048708 27.26540755 26.94234592 26.47017893 26.14090457
 27.93638171 27.69408549 27.43315109 29.04224652 22.40084493 24.22738569
 24.23981113 24.54423459 24.14662028 25.04746521 26.50124254 27.70029821
 26.40183897 27.01689861 27.54498012 27.80591451 29.53305169 27.47664016
 22.12748509 23.20228628 24.82380716 24.43240557 25.70601392 23.66202783
 26.06013917 26.84915507 27.37102386 28.04821074 27.22813121 29.2721173
 27.19706759 28.81858847 29.57654076 21.72987078 23.81734592 24.39512922
 25.9110338  26.53851889 26.40805169 25.6500994  26.24030815 25.63146123
 26.65034791 30.10462227 27.66302187 27.6443837  28.79373757 23.18364811
 23.71794235 24.02236581 25.37052684 24.09070577 25.4388668  25.7805666
 25.32082505 28.694334   25.93588469 26.32107356 27.47664016 27.16600398
 28.89314115 24.08449304 24.08449304 24.78031809 25.38916501 22.77360835
 24.61878728 25.90482107 25.69980119 28.35263419 26.10362823 27.74378728
 27.14736581 29.14786282 27.4083002  22.2082505  23.74279324 23.51292247
 24.56908549 24.35785288 24.66848907 24.71197813 24.95427435 26.94855865
 26.8305169  28.06684891 26.5944334  27.04796223 30.1667495  28.6694831
 23.82355865 24.15904573 24.76167992 23.32032803 23.85462227 24.4137674
 24.71197813 26.15333002 27.97987078 26.40805169 25.91724652 28.24080517
 28.57007952 26.77460239 22.39463221 24.40755467 23.67445328 22.91028827
 23.15258449 25.89239563 24.61257455 27.0666004  27.14115308 27.97987078
 27.42693837 27.72514911 28.42718688 28.62599404 21.18936382 23.87947316
 24.44483101 23.40109344 25.4140159  22.9972664  26.09741551 26.65656064
 25.51963221 25.05989066 26.73732604 27.82455268 29.78777336 29.60760437
 29.73807157 24.23359841]",57271.92993619765
2025-06-15 18:33:00+00:00,1113,5396.879999999999,9.0,25.975800651655344,25.764662027833,30.76938369781312,"[24.48210736 24.43240557 23.96023857 23.75521869 25.49478131 25.51341948
 26.23409543 27.71893638 27.03553678 29.38394632 27.13494036 28.68812127
 26.84294235 24.07828032 24.76789264 22.8916501  24.53802187 25.93588469
 24.66848907 25.38916501 24.9915507  26.89264414 27.6443837  24.9666998
 28.32157058 29.59517893 27.02311133 22.71148111 24.03479125 23.35760437
 23.98508946 22.09020875 24.71819085 26.02907555 25.46371769 26.97962227
 27.13494036 26.94234592 28.14140159 28.34642147 27.45178926 22.04050696
 21.65531809 24.84865805 24.55044732 24.2833002  25.62524851 23.94781312
 26.69383698 24.54423459 26.2278827  27.54498012 27.45800199 28.33399602
 29.5889662  30.7693837  23.07803181 23.98508946 23.76764414 24.99776342
 24.83001988 25.05367793 26.37698807 25.37052684 27.16600398 26.1471173
 26.50745527 28.78752485 27.55119284 29.80019881 22.29522863 22.91028827
 24.74925447 25.11580517 24.5193837  23.88568588 25.74329026 24.59393638
 27.68166004 24.36406561 26.26515905 26.51366799 25.92967197 28.75646123
 22.75497018 24.74925447 25.17171968 24.90457256 24.46346918 25.58797217
 25.35188867 25.59418489 25.77435388 28.03578529 25.28976143 28.96769384
 27.29647117 27.70029821 29.19756461 22.68663022 23.12152087 24.00372763
 25.04125249 23.19607356 25.14686879 25.2027833  25.98558648 25.89860835
 27.53255467 28.34020875 28.99254473 27.59468191 29.15407555 23.32032803
 22.48782306 23.69930417 24.30815109 23.91053678 25.69358847 27.27162028
 27.09145129 25.38295229 26.38941352 27.82455268 26.76838966 26.43290258
 26.48260437 21.79199801 22.27037773 23.64960239 24.04100398 25.12823062
 26.55715706 24.87972167 24.66848907 26.08499006 26.78081511 28.89314115
 27.94259443 27.93016899 27.5387674  22.30765408 20.8166004  22.1833996
 26.24030815 25.22763419 24.12176938 25.52584493 25.32082505 25.57554672
 26.92370775 27.52634195 27.66923459 28.6694831  28.78131213 28.47067594
 24.12176938 22.45675944 23.09666998 22.88543738 24.4945328  25.71843936
 25.68116302 25.98558648 27.41451292 26.48260437 27.43315109 28.7750994
 29.30939364 29.62002982 22.33871769 22.20203777 23.11530815 24.05342942
 25.87997018 26.50124254 25.93588469 25.02882704 28.71918489 25.90482107
 28.30293241 27.81212724 26.95477137 27.83697813 24.64363817 23.26441352
 24.152833   24.92321074 24.31436382 25.14065606 24.48832008 25.94831014
 26.36456262 26.45775348 27.03553678 27.70029821 28.17867793 27.53255467
 28.29671968 22.48782306]",56794.23866017812
2025-06-15 18:34:00+00:00,1114,5455.9400000000005,9.0,26.148776114614257,25.948123757455267,30.8874254473161,"[24.26466203 23.00347913 23.65581511 26.43911531 25.10337972 27.12872763
 25.4140159  27.05417495 25.7805666  27.82455268 28.00472167 30.11083499
 29.43986083 23.14015905 24.26466203 24.02236581 24.9666998  25.32082505
 25.32703777 26.37077535 24.65606362 26.51988072 27.56983101 28.02335984
 27.10387674 27.86804175 27.60710736 24.45104374 24.38270378 23.48807157
 24.21496024 25.2027833  25.81784294 25.05367793 24.31436382 27.26540755
 26.21545726 27.15979125 26.69383698 26.78702783 28.20974155 23.46322068
 24.20253479 24.40755467 25.26491054 24.7554672  25.51341948 26.26515905
 27.76863817 26.24652087 27.47042744 28.9304175  26.45154076 27.88667992
 27.70651093 29.30939364 24.33300199 23.87947316 25.65631213 25.46371769
 26.5944334  24.51317097 25.73707753 27.75       25.60039761 26.89885686
 27.1722167  27.88667992 27.09145129 30.88742545 22.50646123 22.95999006
 23.48807157 24.61257455 24.45725646 24.32678926 25.63767396 25.35188867
 26.15954274 27.58846918 28.73782306 27.95501988 27.25919483 28.63841948
 22.2082505  22.66177932 24.56287276 24.46968191 24.22117296 24.68091451
 25.37052684 26.73732604 26.60064612 24.63742545 26.98583499 27.12251491
 27.76242545 27.89289264 29.8250497  22.15854871 23.5999006  24.01615308
 23.25198807 24.13419483 26.74975149 25.91724652 27.4083002  26.74353877
 25.72465209 26.99826044 29.0111829  29.02360835 27.99229622 23.79249503
 24.41998012 24.12176938 24.48832008 24.28951292 25.40780318 25.68737575
 26.53230616 26.19681909 27.04796223 26.65034791 28.81858847 26.95477137
 28.23459245 23.3389662  22.17097416 24.60636183 23.50670974 24.00372763
 25.08474155 25.94831014 26.2527336  28.00472167 25.50099404 27.48285288
 28.81858847 27.29025845 28.15382704 23.45079523 24.58151093 21.76093439
 23.89811133 24.35164016 25.89239563 25.07852883 26.07877734 26.05392644
 27.12872763 27.02311133 28.41476143 26.73732604 27.83076541 29.9555169
 22.45675944 22.74254473 24.48832008 24.55044732 22.89786282 25.69358847
 26.66898608 26.37698807 24.89214712 28.07927435 27.55119284 28.41476143
 28.47688867 29.29075547 23.59368787 22.77982107 24.50695825 23.69930417
 24.81759443 25.46371769 26.16575547 26.48260437 25.87997018 26.92992048
 28.48310139 28.50795229 28.71918489 29.41500994 22.63692843 24.00372763
 22.69284294 25.04746521 26.37077535 24.97291252 24.71819085 25.89860835
 25.61282306 26.25894632 26.43911531 28.42718688 27.69408549 28.52037773
 28.63220676 24.13419483]",57372.945369053465
2025-06-15 18:35:00+00:00,1115,5438.79,9.0,26.09684828761944,25.894849652087473,30.07355864811133,"[22.35114314 25.11580517 24.84244533 24.56287276 26.08499006 26.29622266
 26.04150099 25.65631213 28.37748509 26.20924453 29.57032803 28.40854871
 28.0916998  23.05939364 25.63767396 24.74925447 24.37027833 24.89214712
 24.53180915 25.94831014 27.75       24.94806163 26.91749503 25.76814115
 26.70626243 30.07355865 28.222167   23.89811133 23.65581511 21.16451292
 24.78653082 24.20874751 25.09095427 25.83648111 24.29572565 25.83026839
 28.02335984 26.86779324 29.00497018 27.07902584 27.45178926 23.8111332
 22.62450298 25.51341948 23.85462227 25.61282306 24.98533797 25.79920477
 27.40208748 26.12847913 24.8610835  26.53851889 28.02957256 26.79945328
 29.07952286 27.43315109 22.66177932 23.80492048 24.81759443 25.05367793
 23.91053678 23.5750497  25.92967197 27.0417495  27.12872763 26.16575547
 26.96719682 28.34642147 28.39612326 28.41476143 21.6304672  25.66873757
 23.94781312 24.86729622 25.12823062 26.47639165 24.8610835  27.41451292
 25.92967197 27.75       27.62574553 27.99229622 28.58871769 28.40233598
 25.27733598 24.23981113 24.2584493  23.96023857 24.64363817 25.28354871
 25.01018887 25.61282306 25.81163022 25.94209742 27.73136183 27.19085487
 27.79970179 28.89935388 29.88096421 22.85437376 23.09666998 23.7055169
 26.36456262 24.48832008 26.3583499  26.02907555 25.99801193 26.83672962
 27.61332008 27.38966203 27.48285288 28.96769384 28.67569583 22.91028827
 23.4694334  23.86704771 25.32703777 24.74925447 24.1776839  26.10984095
 26.09741551 27.01689861 26.97340954 27.55119284 27.56983101 26.33971173
 28.47688867 21.61804175 21.33846918 22.7611829  22.82952286 24.73682903
 24.00372763 27.72514911 27.38966203 26.4888171  26.24030815 27.25919483
 28.47688867 28.07927435 28.93663022 23.32032803 24.25223658 24.22117296
 24.07206759 24.66848907 25.04746521 25.46993042 25.40159046 26.7249006
 25.4140159  27.56983101 26.84915507 27.57604374 28.87450298 28.67569583
 22.95377734 24.65606362 23.34517893 25.24627237 24.41998012 25.52584493
 25.66873757 25.68737575 27.06038767 27.45800199 25.17793241 27.20949304
 27.79348907 29.48956262 21.7112326  24.0472167  24.90457256 24.56287276
 23.8359841  25.81163022 24.95427435 26.00422465 28.06063618 25.89860835
 28.74403579 27.91774354 28.3277833  29.19135189 24.89835984 23.3638171
 23.04075547 24.35164016 24.74925447 24.84865805 24.05342942 25.4140159
 25.84890656 27.81212724 27.76863817 26.9361332  28.73782306 26.78702783
 28.37748509 22.91028827]",57199.215631059604
2025-06-15 18:36:00+00:00,1116,5441.62,9.0,26.10387809287011,25.903640656063622,30.123260437375745,"[24.86729622 24.27708748 24.73682903 25.4140159  24.77410537 25.50099404
 26.11605368 25.37052684 25.76192843 25.74329026 27.75621272 28.94905567
 27.14115308 24.01615308 23.39488072 22.1833996  23.86704771 25.59418489
 26.83672962 26.05392644 26.50124254 26.25894632 26.71868787 27.79348907
 27.91774354 30.10462227 29.78156064 22.85437376 24.90457256 23.90432406
 24.47589463 25.16550696 25.19035785 27.0666004  23.55641153 27.66923459
 26.81809145 27.37102386 28.78131213 28.65705765 27.55119284 22.28280318
 22.61829026 23.66202783 23.68687873 24.91078529 25.6749503  24.14662028
 26.19060636 27.37723658 27.03553678 28.43961233 27.42693837 27.21570577
 29.64488072 27.23434394 22.94135189 23.60611332 22.92271372 24.63742545
 23.61853877 24.36406561 26.3583499  25.2027833  27.5139165  26.50745527
 28.96769384 27.75       28.47688867 27.8556163  24.24602386 21.65531809
 23.89811133 22.85437376 25.32703777 26.12847913 26.17196819 25.25248509
 26.27758449 27.28404573 26.81187873 26.58200795 28.76267396 28.40854871
 23.28926441 23.45700795 24.40755467 23.13394632 24.3889165  24.88593439
 26.47639165 25.89860835 25.86133201 26.79324056 26.84915507 27.11630219
 27.25919483 28.97390656 28.63220676 23.15879722 26.19681909 24.79274354
 24.87972167 25.48235586 25.00397614 24.94806163 26.94234592 26.62549702
 27.77485089 27.08523857 26.94855865 28.24080517 28.39612326 22.91650099
 24.50695825 24.06585487 24.65606362 25.51963221 26.06635189 26.77460239
 26.19681909 26.70626243 26.61928429 26.94855865 29.26590457 27.24055666
 28.60735586 24.55666004 23.40730616 23.74900596 24.12176938 25.57554672
 23.84840954 24.12798211 26.13469185 26.38941352 26.64413519 26.91128231
 27.45178926 29.11058648 28.75024851 23.8359841  23.58747515 24.35785288
 25.61282306 26.06635189 24.05342942 24.58151093 26.67519881 26.62549702
 27.38966203 26.81809145 27.55119284 28.4582505  28.86207753 30.12326044
 22.60586481 23.2333499  22.46918489 23.41973161 23.17122266 27.76863817
 24.52559642 25.53827038 25.56312127 26.5695825  27.48285288 28.55765408
 28.44582505 27.63817097 22.87301193 24.7554672  24.30815109 24.24602386
 24.72440358 25.14686879 25.17171968 24.52559642 25.43265408 27.81833996
 29.09816103 27.46421471 29.37152087 28.22837972 23.06560636 22.37599404
 24.90457256 24.32678926 23.48807157 25.83026839 26.30864811 26.95477137
 26.00422465 25.03503976 25.86754473 27.57604374 28.44582505 26.98583499
 29.23484095 23.47564612]",57222.73454750624
2025-06-15 18:37:00+00:00,1117,5406.360000000001,9.0,25.9984984456876,25.79411033797216,29.936878727634195,"[23.65581511 24.38270378 23.81734592 25.23384692 26.33971173 25.69980119
 25.63146123 25.37673956 28.58250497 28.38991054 29.12922465 27.99229622
 28.35263419 21.82927435 24.19632207 25.25248509 24.79895626 24.9915507
 23.23956262 26.06013917 25.35188867 25.43265408 26.86158052 27.40208748
 28.05442346 27.48906561 28.19110338 23.65581511 23.15879722 23.43215706
 23.50049702 24.50695825 26.49502982 24.46346918 27.00447316 25.72465209
 26.92370775 26.85536779 25.99801193 28.1973161  29.3777336  21.9473161
 23.40730616 24.40134195 24.85487078 25.42022863 24.80516899 24.80516899
 26.19681909 24.22117296 26.68762425 25.86754473 28.45203777 28.31535785
 26.98583499 29.12922465 23.17122266 22.10884692 24.35164016 23.71172962
 26.19060636 25.40780318 26.73732604 24.81138171 28.50795229 27.75
 28.59493042 27.39587475 28.65705765 29.93687873 23.04696819 23.51292247
 22.98484095 24.91699801 25.569334   24.73682903 25.31461233 26.09741551
 25.95452286 25.78677932 29.07331014 29.43986083 28.70675944 29.04224652
 22.33871769 23.27062624 25.37673956 23.29547714 24.16525845 25.14686879
 23.73036779 25.8861829  25.4388668  27.70029821 27.63195825 24.40134195
 28.62599404 27.84319085 28.34020875 24.79274354 23.3389662  23.72415507
 25.39537773 24.32678926 26.68141153 26.62549702 28.10412525 26.62549702
 26.08499006 27.72514911 28.87450298 29.00497018 29.17271372 22.48782306
 23.87326044 24.83001988 22.93513917 24.43861829 23.80492048 26.32728628
 28.17246521 27.32753479 26.52609344 27.67544732 27.84319085 28.10412525
 28.81858847 22.02808151 23.05318091 24.30193837 23.40730616 24.71197813
 24.51317097 24.02236581 25.47614314 26.08499006 26.00422465 27.07902584
 27.37102386 27.42072565 27.6443837  24.68091451 22.01565606 21.48757455
 24.89835984 24.17147117 24.88593439 25.81163022 25.36431412 25.8054175
 25.52584493 27.84940358 26.3583499  28.68812127 27.277833   28.96148111
 22.4194831  23.63096421 25.74950298 24.63121272 24.38270378 25.33946322
 24.44483101 27.80591451 26.15333002 26.54473161 28.37127237 26.52609344
 27.96744533 26.3583499  23.34517893 22.15854871 21.49378728 24.4137674
 24.09691849 23.1277336  24.53802187 26.53851889 27.63817097 27.66923459
 28.14140159 27.82455268 27.84940358 28.61356859 22.32007952 24.67470179
 24.85487078 22.82952286 24.61878728 24.00372763 25.97316103 25.46993042
 26.23409543 26.20924453 27.0417495  26.74353877 28.60735586 28.49552684
 28.42718688 22.76739563]",56870.17639989242
2025-06-15 18:38:00+00:00,1118,5457.200000000001,9.0,26.14719949308345,25.952037773359837,30.800447316103376,"[24.30815109 24.18389662 23.53156064 25.79920477 25.68116302 26.95477137
 27.20949304 26.39562624 27.14115308 27.93016899 27.67544732 27.66923459
 28.59493042 23.97887674 24.44483101 22.51267396 24.01615308 24.96048708
 25.84269384 26.48260437 27.23434394 28.1973161  27.79348907 27.12251491
 27.82455268 28.22837972 27.24055666 22.23310139 24.09691849 22.72390656
 24.87972167 24.61257455 25.51963221 24.22738569 25.6749503  26.61307157
 27.76242545 26.14090457 28.20974155 28.29671968 29.57032803 23.66202783
 22.79224652 23.15258449 26.44532803 25.64388668 22.99105368 27.89910537
 25.11580517 26.42668986 26.45154076 26.27137177 27.71893638 28.24080517
 30.80044732 28.60735586 22.87922465 23.92296223 24.86729622 25.46993042
 24.3889165  25.6500994  26.89885686 27.60710736 27.02311133 26.57579523
 28.68812127 27.68787276 29.19756461 28.25323062 23.72415507 23.73658052
 23.46322068 22.69905567 24.55044732 25.02261431 25.87997018 25.92345924
 27.62574553 27.6195328  26.87400596 26.52609344 27.65059642 27.93638171
 20.64264414 21.93489066 24.29572565 24.15904573 26.33971173 25.55069583
 25.37052684 25.9917992  26.49502982 28.30293241 27.11630219 26.99204771
 28.15382704 26.63792247 29.0111829  24.60014911 22.05914513 24.18389662
 23.25198807 24.99776342 25.3332505  25.56312127 24.7306163  26.5695825
 27.26540755 27.52634195 28.50173956 26.8305169  26.92992048 24.0472167
 24.43240557 23.79249503 25.46371769 23.88568588 25.40780318 26.78081511
 26.12847913 27.82455268 26.50745527 27.19706759 26.90506958 27.26540755
 27.86804175 22.37599404 23.3638171  24.32057654 24.21496024 24.33300199
 26.03528827 26.40183897 25.94831014 27.10387674 26.11605368 25.73086481
 26.54473161 27.34617296 28.55765408 23.32654076 24.50695825 24.12176938
 24.76789264 25.40780318 25.3083996  26.7249006  25.48856859 25.6749503
 26.10984095 26.58822068 26.81809145 26.82430417 28.30293241 29.57032803
 24.25223658 22.04050696 24.16525845 23.02833002 25.09095427 25.79920477
 26.91128231 25.94831014 26.36456262 28.21595427 28.41476143 26.52609344
 29.29696819 27.49527833 23.63096421 24.12176938 26.32728628 23.86083499
 24.61257455 26.18439364 26.19060636 23.33275348 27.38966203 28.62599404
 27.09145129 28.61356859 27.70651093 27.79348907 23.0221173  23.82977137
 24.64985089 24.02236581 26.40805169 25.27733598 26.62549702 27.35238569
 26.89885686 26.21545726 24.81759443 27.03553678 27.22191849 29.00497018
 28.02957256 24.10934394]",57367.67062405999
2025-06-15 18:39:00+00:00,1119,5394.4400000000005,9.0,25.960657825985628,25.757082504970175,30.62027833001988,"[22.47539761 23.62475149 24.5193837  24.58772366 25.33946322 24.59393638
 25.04746521 27.30889662 25.25248509 28.33399602 28.12897614 28.23459245
 27.5139165  24.7554672  22.04050696 22.75497018 25.5444831  25.91724652
 26.67519881 24.38270378 26.74353877 23.86083499 26.30864811 25.72465209
 26.40183897 27.32753479 27.81833996 23.4694334  24.44483101 24.13419483
 25.05989066 25.01640159 25.76192843 25.77435388 24.07828032 26.40805169
 25.94831014 26.4639662  27.43936382 28.72539761 29.64488072 23.08424453
 24.19010934 22.69284294 24.09070577 24.30815109 23.48807157 24.31436382
 24.74925447 25.13444334 27.35238569 26.18439364 27.43936382 27.47042744
 29.2721173  27.60089463 23.55019881 23.03454274 23.97887674 23.53156064
 25.53205765 27.0666004  26.01043738 26.06635189 24.92321074 26.43290258
 28.94284294 28.18489066 28.06684891 27.47042744 23.58126243 23.92917495
 25.23384692 25.99801193 23.62475149 25.15308151 25.04746521 25.51341948
 25.84269384 24.64985089 26.99826044 27.04796223 28.04199801 27.89910537
 22.14612326 23.98508946 23.05939364 23.33275348 25.2027833  24.68712724
 24.74925447 25.58175944 25.92967197 28.04821074 26.11605368 26.97962227
 28.84343936 28.42718688 28.50173956 23.89811133 24.72440358 23.18364811
 25.14686879 23.81734592 26.10984095 26.18439364 25.0723161  27.25919483
 26.91749503 29.02982107 25.73707753 27.0666004  26.805666   23.05318091
 24.87972167 23.85462227 25.70601392 22.41327038 25.74329026 24.25223658
 24.10313121 27.27162028 25.93588469 28.29050696 26.37698807 26.42047714
 27.8556163  21.99080517 23.96645129 23.61853877 26.1471173  26.29622266
 25.20899602 24.07828032 27.07281312 26.86158052 26.90506958 27.65059642
 26.9609841  27.99850895 29.38394632 22.51888668 22.79224652 23.88568588
 25.21520875 22.38220676 25.69358847 26.57579523 26.61307157 27.78106362
 26.61928429 28.73161034 29.15407555 28.55144135 30.62027833 29.90581511
 21.5        23.18364811 22.57480119 24.81759443 24.12798211 25.43265408
 26.60685885 24.83001988 25.82405567 28.88692843 26.91128231 28.55765408
 26.56336978 28.24080517 22.49403579 25.13444334 24.4137674  25.18414513
 24.69333996 25.21520875 24.63121272 26.2278827  26.34592445 27.68166004
 27.4083002  26.7249006  26.22166998 29.68215706 22.13991054 23.07803181
 24.99776342 23.31411531 24.99776342 24.35785288 25.64388668 26.06635189
 24.91699801 27.09766402 27.92395626 27.32132207 28.18489066 29.43364811
 27.21570577 24.41998012]",56743.57682261753
2025-06-15 18:40:00+00:00,1120,5374.93,9.0,25.901744680033236,25.696477385685885,30.03628230616302,"[22.68663022 24.33300199 25.83026839 26.17818091 24.99776342 26.19681909
 26.43290258 26.97340954 27.82455268 28.12897614 27.84940358 27.5139165
 28.74403579 22.82952286 23.1028827  23.26441352 23.24577535 26.62549702
 24.70576541 25.10337972 26.10984095 26.3832008  26.45154076 26.09120278
 27.62574553 26.65656064 28.6694831  20.92842942 23.4445825  23.87326044
 24.29572565 24.09691849 26.25894632 24.79895626 26.15954274 26.03528827
 28.76267396 27.52634195 28.00472167 28.24080517 29.76913519 22.66177932
 23.59368787 25.50099404 24.76167992 23.61232604 24.02857853 26.29622266
 25.28354871 26.66277336 27.68787276 24.79895626 27.11630219 26.74975149
 28.48310139 29.67594433 23.12152087 22.93513917 22.35114314 24.14662028
 25.09095427 24.50695825 24.20253479 25.76192843 26.78702783 25.92967197
 25.36431412 27.52634195 27.48906561 28.45203777 23.31411531 22.02808151
 24.44483101 24.11555666 26.09741551 23.99130219 26.01043738 24.25223658
 28.40854871 27.32132207 26.96719682 25.48235586 27.11008946 28.49552684
 22.0777833  22.59965209 24.70576541 24.46968191 24.55044732 25.23384692
 24.96048708 25.26491054 25.87375746 27.02932406 25.83026839 26.67519881
 28.07927435 27.99229622 30.03628231 22.94756461 22.87922465 25.27733598
 23.55019881 25.10959245 26.1222664  24.70576541 25.83026839 26.74975149
 27.75       29.06088469 29.32181909 28.87450298 26.70626243 23.5999006
 23.50049702 23.28926441 23.21471173 25.08474155 24.65606362 25.43265408
 24.02236581 27.25919483 26.33971173 26.99204771 27.5139165  28.22837972
 28.54522863 25.04746521 23.28305169 23.50049702 22.97862823 24.45104374
 24.86729622 26.74975149 25.48235586 26.45154076 27.99229622 27.56361829
 27.06038767 28.92420477 28.5638668  22.87922465 22.56237575 23.21471173
 24.37649105 24.38270378 24.40755467 25.92345924 26.09120278 25.27112326
 27.12872763 27.50770378 25.6500994  28.9055666  29.74428429 28.96769384
 21.53727634 24.89214712 23.63717694 24.02236581 25.17793241 25.20899602
 24.36406561 24.89835984 25.81163022 27.88667992 28.222167   26.60685885
 29.01739563 28.92420477 22.95999006 23.07803181 23.15258449 23.76764414
 24.43861829 23.51913519 27.44557654 25.4140159  26.65034791 27.8556163
 27.69408549 25.71843936 28.35263419 28.05442346 21.72365805 22.35735586
 21.70501988 24.2833002  22.87301193 24.64985089 24.89835984 25.38916501
 25.51341948 27.19706759 27.05417495 27.30889662 28.30293241 27.4083002
 27.6443837  23.43836978]",56546.47700151918
2025-06-15 18:41:00+00:00,1121,5405.9,9.0,25.991796126927888,25.79268141153081,30.28479125248509,"[23.20849901 25.06610338 24.10934394 23.76143141 24.27708748 25.37673956
 27.5387674  24.33921471 27.99850895 27.56983101 26.10362823 29.48956262
 27.31510934 24.71197813 22.83573559 22.97862823 24.80516899 24.53180915
 24.30815109 25.55690855 27.36481113 26.76217694 26.37077535 26.56336978
 27.77485089 26.95477137 27.50149105 22.38841948 23.87947316 22.66799205
 23.79870775 24.52559642 25.24627237 24.37027833 25.87375746 27.35859841
 26.02907555 27.93016899 28.37748509 27.0417495  28.52659046 26.04150099
 24.37027833 24.27087475 23.06560636 24.9915507  24.60014911 24.11555666
 26.50745527 25.93588469 25.3332505  27.24055666 27.46421471 28.36505964
 28.83722664 29.73185885 22.17718688 22.59965209 24.27087475 24.52559642
 24.43861829 26.27137177 24.07206759 26.19681909 25.42022863 27.0417495
 26.20303181 28.99254473 29.78777336 28.12276342 23.95402584 22.74875746
 22.8916501  24.74304175 26.17196819 23.81734592 26.15954274 24.69333996
 26.37698807 23.96023857 28.26565606 26.51366799 28.27808151 27.42072565
 22.67420477 23.27062624 22.93513917 24.5193837  27.28404573 22.98484095
 24.76789264 24.63742545 26.45775348 25.83026839 27.13494036 27.78106362
 28.91177932 27.93638171 29.19756461 25.14065606 21.97837972 23.69309145
 25.0723161  24.00994036 26.5944334  25.65631213 25.83026839 26.64413519
 25.71843936 28.12276342 27.4083002  29.56411531 28.95526839 23.62475149
 24.10934394 23.17122266 24.64985089 24.79895626 24.40134195 26.94234592
 25.8861829  25.94209742 27.54498012 27.32132207 28.96769384 28.38369781
 29.07952286 24.76789264 24.10934394 24.26466203 23.56262425 25.58175944
 24.44483101 24.5193837  24.88593439 25.84890656 27.22813121 26.65034791
 27.26540755 27.80591451 27.86804175 23.61232604 23.2582008  23.8111332
 23.680666   24.87350895 25.97937376 24.88593439 26.32728628 25.11580517
 27.17842942 28.16003976 27.31510934 27.48906561 29.25969185 30.28479125
 23.9416004  25.15929423 22.5250994  25.58797217 24.11555666 25.48856859
 27.07281312 26.3583499  27.67544732 27.47042744 26.19681909 26.7249006
 28.68190855 29.32181909 23.81734592 23.79249503 22.53131213 24.30815109
 23.53777336 25.71222664 25.96073559 25.79920477 26.15333002 26.3583499
 27.42072565 28.01714712 27.45178926 27.71272366 24.04100398 22.02186879
 23.48807157 24.70576541 22.77360835 23.41351889 26.64413519 24.24602386
 26.9361332  25.9110338  27.25298211 27.69408549 27.92395626 28.05442346
 29.19135189 23.5999006 ]",56847.75312224994
2025-06-15 18:42:00+00:00,1122,5395.65,9.0,25.960201481490948,25.760841202783293,30.328280318091448,"[23.75521869 24.67470179 24.92321074 24.34542744 25.01018887 24.60636183
 25.94209742 26.5944334  27.81833996 26.73111332 26.49502982 27.37723658
 27.72514911 24.56287276 23.14637177 24.20253479 26.43911531 25.63146123
 25.35188867 25.4388668  25.21520875 25.20899602 27.68166004 26.89264414
 28.60735586 29.66351889 28.65084493 21.53106362 23.27683897 24.53180915
 22.60586481 24.81759443 25.15929423 26.47639165 28.20352883 25.12201789
 27.05417495 27.71893638 29.26590457 26.53851889 30.32828032 21.79821074
 24.37649105 24.64363817 24.79274354 25.29597416 25.71222664 25.08474155
 24.8610835  26.79945328 26.64413519 28.06684891 29.05467197 29.0360338
 27.89289264 29.74428429 24.64363817 22.6804175  25.50099404 25.94209742
 25.04125249 24.40755467 26.24652087 26.02907555 26.20924453 26.43911531
 26.7249006  28.43961233 27.70029821 27.58846918 22.36978131 21.97837972
 24.625      24.21496024 24.93563618 25.15929423 24.56908549 24.56287276
 25.70601392 27.07902584 28.24080517 28.23459245 28.19110338 28.75024851
 21.69259443 21.83548708 22.7611829  23.78628231 24.84865805 24.4137674
 25.68737575 25.27112326 25.68737575 28.47688867 27.25919483 26.74975149
 28.98633201 26.76217694 28.6694831  21.36332008 24.67470179 24.35785288
 25.29597416 25.7805666  24.44483101 26.17818091 25.60661034 25.82405567
 27.47042744 26.18439364 25.56312127 29.55790258 29.04845924 24.58772366
 24.18389662 24.69955268 23.40730616 23.50670974 25.16550696 25.6749503
 24.59393638 26.71247515 25.16550696 26.39562624 27.44557654 27.78727634
 27.96744533 23.77385686 23.08424453 22.58722664 24.14662028 23.90432406
 24.08449304 23.9416004  25.42644135 26.77460239 24.99776342 29.18513917
 27.60089463 28.25944334 29.37152087 22.50024851 23.66202783 23.41351889
 24.34542744 24.50074553 25.50099404 25.28354871 24.83001988 24.81138171
 27.70651093 25.14686879 27.30889662 26.86158052 27.55740557 28.7999503
 24.8362326  23.55641153 23.69309145 24.2833002  25.3083996  25.46371769
 25.76192843 26.44532803 25.69358847 27.75       27.25298211 27.17842942
 29.1416501  28.75646123 21.00919483 24.68091451 24.55666004 24.68712724
 22.13369781 23.75521869 26.55094433 26.74353877 26.02907555 25.77435388
 27.97987078 27.24055666 27.79348907 28.40233598 22.21446322 23.76143141
 22.51267396 23.78628231 24.78031809 23.95402584 23.19607356 25.29597416
 28.60735586 28.02957256 26.78081511 27.02932406 28.80616302 26.97340954
 29.4833499  22.26416501]",56742.050076476124
2025-06-15 18:43:00+00:00,1123,5351.02,9.0,25.827145908521835,25.622204274353873,29.346669980119284,"[21.62425447 25.60661034 23.27683897 25.55690855 25.52584493 26.89885686
 26.43290258 26.17818091 25.69358847 27.63195825 25.61903579 27.35238569
 27.69408549 22.2890159  23.49428429 23.92296223 25.14686879 27.53255467
 24.26466203 24.38270378 26.56336978 24.85487078 25.03503976 26.53230616
 28.02957256 26.71868787 28.9304175  23.89189861 22.83573559 22.79845924
 24.65606362 24.89835984 24.42619284 24.10934394 24.31436382 25.86133201
 28.14761431 26.42668986 27.68166004 27.5139165  27.81212724 21.6304672
 23.92917495 24.18389662 23.14637177 22.94756461 24.29572565 24.50074553
 24.88593439 26.1222664  25.99801193 26.71247515 26.50124254 26.24652087
 28.32157058 28.92420477 24.73682903 25.10337972 23.2333499  25.64388668
 24.07206759 24.76167992 24.60636183 25.96073559 26.2278827  27.63817097
 27.3834493  27.41451292 29.34666998 28.14761431 22.20203777 21.53106362
 23.15879722 25.22142147 25.66252485 25.70601392 23.18364811 26.10362823
 26.73732604 26.42047714 27.35238569 28.61978131 26.43290258 28.04199801
 26.14090457 23.31411531 23.15258449 24.47589463 23.86704771 25.45129225
 26.40183897 25.89239563 27.48285288 26.38941352 27.07902584 27.54498012
 27.29647117 26.02286282 27.24676938 23.1028827  22.66799205 25.28976143
 24.81759443 24.05964215 24.18389662 24.60636183 26.07256461 24.71197813
 26.79324056 27.79348907 28.38991054 28.89935388 27.71893638 22.4194831
 22.16476143 24.23359841 24.92942346 25.43265408 25.47614314 24.83001988
 24.96048708 28.00472167 25.73707753 26.75596421 26.67519881 26.64413519
 28.30914513 23.97887674 25.74950298 23.30168986 23.3389662  25.37052684
 25.16550696 26.15954274 26.01043738 26.5944334  26.73732604 27.02311133
 27.3834493  28.37748509 27.14115308 22.55616302 23.35139165 23.00347913
 24.40755467 23.76764414 25.68737575 23.98508946 24.57529821 25.87375746
 26.14090457 27.13494036 27.95501988 26.71247515 29.32181909 27.71272366
 21.74229622 23.58126243 23.13394632 24.28951292 22.80467197 24.46346918
 25.96073559 25.73707753 27.01068588 25.44507952 26.69383698 27.88667992
 28.63841948 26.78702783 21.7112326  23.32032803 26.02907555 24.69955268
 24.01615308 24.39512922 26.17818091 26.97962227 28.11033797 26.89264414
 27.15357853 26.3583499  28.84965209 28.39612326 23.30168986 22.87922465
 23.9416004  24.20253479 24.91078529 25.22763419 25.50720676 24.97291252
 27.24055666 26.40805169 27.70651093 27.77485089 28.08548708 27.58225646
 28.7999503  23.51913519]",56296.899351550644
2025-06-15 18:44:00+00:00,1124,5325.360000000001,9.0,25.75006761713155,25.542495029821076,29.77534791252485,"[23.43836978 24.18389662 23.14637177 25.97316103 25.79299205 25.5444831
 25.15308151 25.53827038 26.86158052 25.71843936 28.55144135 27.88667992
 28.04199801 22.05293241 22.46297217 23.28305169 25.21520875 23.72415507
 24.05342942 25.16550696 24.1776839  24.78653082 27.32132207 26.15333002
 27.68166004 27.45800199 27.9860835  22.05293241 23.50670974 24.81759443
 24.15904573 24.76167992 23.35139165 26.06013917 25.01018887 27.95501988
 26.92370775 25.48856859 28.91799205 29.22241551 28.24080517 21.77335984
 22.07157058 23.04075547 25.77435388 23.4445825  27.07902584 23.1277336
 26.60064612 27.09766402 26.66277336 25.097167   25.50720676 26.17818091
 28.40233598 27.87425447 21.2639165  23.37002982 24.89214712 23.65581511
 23.37002982 23.71794235 25.64388668 25.94209742 28.13518887 26.14090457
 27.71272366 28.86829026 28.27186879 26.65034791 21.59319085 23.48807157
 22.01565606 23.84219682 24.44483101 25.86754473 26.71868787 25.6749503
 25.25248509 27.25298211 27.60089463 28.12897614 26.43290258 28.66327038
 22.84816103 24.01615308 22.63071571 24.56287276 24.60014911 25.50720676
 24.24602386 24.11555666 25.45129225 26.29622266 28.04199801 29.39015905
 26.63170974 27.09766402 28.35884692 23.1028827  23.24577535 24.03479125
 23.5999006  23.64338966 24.5193837  26.06635189 27.68166004 25.73707753
 26.5695825  25.55069583 28.47067594 27.55119284 28.41476143 22.29522863
 23.08424453 23.32654076 25.58175944 24.35785288 25.4140159  25.69980119
 25.34567594 26.20303181 26.3832008  26.94855865 25.96694831 28.57629225
 27.9612326  22.90407555 21.72365805 21.58076541 23.78006958 23.86083499
 23.43836978 24.90457256 25.43265408 26.9361332  26.82430417 25.42022863
 29.19756461 27.87425447 26.26515905 22.79224652 23.37624254 22.51888668
 23.5750497  25.64388668 24.60636183 25.76192843 26.22166998 28.07927435
 28.14761431 27.83076541 27.58225646 26.95477137 29.77534791 27.84319085
 23.37624254 23.27062624 23.62475149 24.12176938 24.02236581 24.89214712
 26.1471173  25.06610338 25.69980119 26.28379722 26.23409543 28.43961233
 29.23484095 28.19110338 23.35139165 24.02857853 22.66799205 25.95452286
 23.40109344 25.15929423 24.68712724 25.79299205 25.99801193 25.85511928
 28.31535785 28.59493042 27.74378728 27.93638171 22.6555666  21.72365805
 23.96645129 23.26441352 24.82380716 25.17793241 24.95427435 26.4639662
 26.01043738 27.88667992 26.90506958 28.18489066 26.44532803 27.67544732
 28.61356859 23.51292247]",56039.02621987532
2025-06-15 18:45:00+00:00,1125,5354.41,9.0,25.834436936288913,25.63273484095427,29.433648111332005,"[22.88543738 22.89786282 24.33300199 23.97266402 25.04125249 25.76814115
 25.38916501 26.27758449 27.22191849 27.45800199 27.58225646 28.78752485
 29.16650099 22.94756461 24.89214712 23.48807157 23.17743539 23.95402584
 25.36431412 27.05417495 25.14686879 26.97962227 27.58846918 25.94209742
 27.91774354 28.37748509 28.62599404 22.97241551 22.36978131 23.76143141
 23.62475149 23.86704771 25.79299205 25.14686879 24.97912525 27.11630219
 25.6749503  28.5638668  28.16003976 28.14140159 27.90531809 22.17097416
 23.8359841  23.55019881 23.26441352 24.45725646 24.28951292 23.86083499
 24.69333996 26.94855865 26.52609344 25.95452286 28.46446322 28.01093439
 28.73782306 28.40854871 22.48161034 23.77385686 22.40705765 25.68737575
 24.71819085 26.20303181 24.80516899 26.03528827 26.21545726 26.99204771
 28.55144135 27.05417495 29.11058648 27.20328032 22.00944334 23.66824056
 23.1277336  24.20253479 24.99776342 24.60014911 25.96694831 25.64388668
 27.20949304 28.24701789 26.26515905 27.52634195 27.57604374 27.94259443
 23.30790258 22.73011928 24.69955268 23.05318091 23.58747515 24.09070577
 24.82380716 26.14090457 25.58175944 27.37723658 25.40780318 27.35238569
 29.39015905 26.89885686 26.45775348 21.37574553 23.39488072 24.14662028
 24.46968191 24.13419483 25.23384692 25.84269384 24.93563618 25.87375746
 26.19060636 27.73136183 27.25919483 27.3026839  28.96148111 21.7112326
 23.31411531 24.63121272 24.36406561 24.19632207 22.53752485 24.13419483
 24.68091451 27.18464215 26.87400596 27.04796223 26.04771372 28.27808151
 28.93663022 23.66824056 23.85462227 24.00994036 24.88593439 24.79274354
 22.87301193 25.56312127 26.09741551 25.63767396 26.92370775 25.19657058
 26.83672962 27.28404573 29.20377734 23.67445328 23.54398608 24.60014911
 24.43240557 26.04771372 26.36456262 24.98533797 25.74329026 26.74975149
 25.96073559 28.16003976 27.5139165  28.21595427 28.68812127 27.37102386
 23.77385686 25.33946322 24.35164016 24.30193837 25.71222664 22.16476143
 24.66848907 25.70601392 25.05989066 26.29622266 26.99204771 28.13518887
 29.12301193 29.34666998 22.54373757 22.69284294 22.79224652 23.60611332
 25.37052684 23.78628231 25.68737575 25.42644135 27.277833   26.15333002
 26.7000497  27.75       26.47639165 27.06038767 22.50024851 24.11555666
 22.81709742 23.97266402 25.25869781 24.5193837  25.23384692 26.88643141
 26.66898608 26.55094433 29.43364811 27.26540755 26.15954274 28.95526839
 28.33399602 23.30168986]",56321.29221404818
2025-06-15 18:46:00+00:00,1126,5322.5199999999995,9.0,25.73896568360733,25.53367296222664,29.930666003976143,"[24.88593439 24.30193837 24.99776342 25.2027833  25.17793241 24.71819085
 25.84269384 28.81858847 26.84294235 26.67519881 26.87400596 28.02335984
 28.27186879 22.4194831  22.59965209 23.64338966 24.84865805 25.097167
 24.29572565 25.29597416 25.97316103 26.26515905 22.96620278 26.94234592
 27.20949304 27.69408549 27.87425447 22.60586481 24.63121272 23.40730616
 24.15904573 23.69930417 24.33921471 26.22166998 25.73707753 26.32107356
 25.17171968 27.07281312 26.64413519 27.41451292 27.1722167  22.77360835
 23.28926441 22.444334   22.95377734 23.41973161 24.32678926 24.67470179
 25.7805666  25.53827038 25.3083996  25.61282306 27.55740557 27.70651093
 27.68787276 28.73161034 22.37599404 24.77410537 23.82977137 25.56312127
 22.10263419 24.9666998  25.48856859 26.00422465 25.96073559 27.74378728
 26.37077535 26.11605368 27.56983101 28.45203777 22.53131213 22.74254473
 22.79845924 24.63121272 23.76764414 25.36431412 23.2582008  24.70576541
 25.63146123 25.569334   25.06610338 27.06038767 28.4333996  26.84294235
 21.96595427 21.58697813 22.33871769 25.84269384 24.27708748 25.55069583
 26.15954274 25.94209742 25.89860835 28.03578529 27.17842942 27.44557654
 27.52634195 28.13518887 27.82455268 23.03454274 24.09070577 25.77435388
 23.75521869 24.27708748 25.61282306 26.65656064 26.01043738 26.70626243
 26.60685885 27.97365805 27.34617296 28.89935388 27.80591451 21.80442346
 23.01590457 22.8916501  25.63767396 24.30193837 25.61282306 25.21520875
 24.42619284 26.20924453 26.81809145 25.96073559 28.48931412 27.50770378
 26.99204771 23.53777336 21.90382704 22.1833996  22.38841948 24.32057654
 24.4945328  26.15333002 24.68712724 24.3889165  26.54473161 26.28379722
 27.40208748 27.22813121 28.30293241 21.54970179 22.89786282 23.69930417
 24.96048708 25.25248509 24.19632207 26.81187873 25.75571571 26.66898608
 26.65034791 27.93638171 26.28379722 27.40208748 27.90531809 29.30318091
 22.74875746 21.77335984 25.69980119 25.23384692 24.53180915 26.53230616
 25.75571571 25.47614314 26.3832008  28.38369781 27.15357853 27.68787276
 27.0666004  29.2721173  21.87897614 22.60586481 22.79224652 23.92917495
 27.02311133 25.55690855 23.96023857 26.51988072 26.92992048 26.11605368
 27.26540755 27.95501988 29.930666   29.56411531 20.98434394 24.35785288
 23.76764414 25.84269384 25.24627237 24.39512922 24.92321074 25.73707753
 24.70576541 26.53230616 26.19681909 25.94831014 28.30293241 28.51416501
 29.09194831 22.34493042]",56001.88359107667
2025-06-15 18:47:00+00:00,1127,5329.8,9.0,25.759082873594814,25.556287276341944,29.725646123260436,"[24.4945328  23.38245527 21.53727634 23.96023857 24.48832008 25.40780318
 26.91749503 25.91724652 26.40183897 26.41426441 27.42693837 26.74353877
 26.66277336 22.39463221 25.79299205 23.680666   23.11530815 24.78653082
 26.53230616 24.42619284 26.24030815 26.17818091 25.56312127 27.05417495
 27.01689861 27.70651093 29.19135189 22.59343936 24.76789264 23.07803181
 24.35785288 24.30815109 25.27733598 25.61903579 24.91699801 25.23384692
 26.24030815 26.64413519 27.60710736 27.90531809 26.78702783 22.25795229
 24.87972167 23.48807157 23.69309145 23.3389662  23.49428429 24.46346918
 24.07828032 23.71794235 26.42047714 26.67519881 27.25298211 28.694334
 29.72564612 28.83101392 23.2333499  20.8166004  24.4945328  23.61853877
 25.84890656 24.59393638 26.18439364 25.66252485 26.68762425 27.99229622
 27.39587475 29.04845924 28.40233598 29.10437376 24.40134195 24.27708748
 23.27062624 24.69333996 24.45104374 23.98508946 24.00994036 26.37698807
 24.98533797 26.89885686 28.14140159 26.92370775 27.68787276 27.02311133
 22.53752485 23.41351889 22.7860338  22.73011928 23.40109344 25.40780318
 27.56983101 26.04771372 25.9110338  26.50124254 27.96744533 27.77485089
 27.60710736 26.85536779 28.5390159  23.59368787 25.29597416 23.89811133
 24.11555666 25.62524851 24.3889165  24.625      26.77460239 25.46371769
 27.22191849 29.26590457 26.42668986 27.96744533 29.58275348 25.25869781
 22.56858847 23.11530815 25.0723161  25.78677932 24.68712724 24.39512922
 25.57554672 25.96073559 27.33374751 27.01689861 27.71893638 27.66302187
 26.42668986 21.68016899 22.66799205 24.25223658 22.59343936 23.51913519
 25.02882704 24.4945328  25.569334   26.00422465 26.84294235 27.73757455
 27.50149105 27.60089463 28.59493042 21.72365805 22.37599404 22.56858847
 23.91053678 23.92917495 25.05989066 24.8610835  27.0666004  25.5444831
 24.80516899 25.58797217 27.79970179 27.25919483 28.38991054 28.24701789
 23.93538767 23.05318091 23.64338966 26.42047714 25.61282306 26.32107356
 24.8362326  27.42072565 25.65631213 26.67519881 26.8305169  27.68166004
 28.12276342 28.43961233 23.63717694 22.95377734 23.45700795 23.39488072
 23.56262425 25.18414513 26.20924453 26.03528827 25.17171968 26.06013917
 26.65656064 26.805666   27.68787276 28.75646123 25.19035785 23.04075547
 22.29522863 23.64960239 23.64960239 24.58772366 22.84816103 26.10362823
 27.18464215 24.86729622 27.62574553 26.38941352 26.32728628 28.55144135
 29.1416501  22.50024851]",56069.18766189882
2025-06-15 18:48:00+00:00,1128,5294.110000000001,9.0,25.65238979966145,25.445421222664017,28.955268389662024,"[23.82355865 23.31411531 22.79845924 23.53156064 25.15308151 24.3889165
 25.46371769 26.04150099 26.1222664  28.50795229 27.08523857 27.95501988
 28.78752485 24.08449304 23.45079523 23.29547714 23.11530815 25.59418489
 24.35164016 25.94209742 25.42644135 26.43911531 26.75596421 27.45800199
 27.32753479 28.05442346 27.52634195 24.07206759 21.78578529 22.51267396
 24.96048708 24.17147117 24.42619284 26.50745527 26.47639165 26.16575547
 28.88071571 26.78081511 28.01093439 27.90531809 27.19085487 22.9972664
 22.12748509 23.2333499  23.43215706 23.69930417 25.24005964 24.52559642
 24.82380716 24.38270378 26.38941352 26.62549702 26.3832008  28.1973161
 28.44582505 28.27808151 22.98484095 23.16500994 24.51317097 24.40755467
 24.43240557 25.11580517 24.47589463 25.45129225 25.56312127 26.15954274
 26.89885686 26.94234592 27.81212724 28.78131213 22.55616302 22.09642147
 23.24577535 23.28926441 24.30193837 24.43240557 24.85487078 25.99801193
 25.74950298 27.65680915 25.9110338  27.20328032 26.08499006 27.33996024
 22.84194831 22.77982107 23.30168986 24.22117296 23.90432406 26.32107356
 24.7306163  26.28379722 25.8861829  26.805666   27.59468191 26.0166501
 26.89885686 27.72514911 27.32753479 22.49403579 23.4445825  24.4945328
 23.96645129 25.38295229 25.55690855 26.43911531 25.32082505 26.20303181
 24.64985089 27.19706759 26.86158052 26.73732604 28.28429423 22.63692843
 23.53156064 23.97266402 22.88543738 24.65606362 23.56262425 24.64985089
 24.37649105 25.53205765 24.56908549 26.91128231 27.277833   27.42693837
 28.35263419 22.62450298 23.03454274 23.09666998 24.67470179 24.65606362
 24.87972167 24.91699801 24.33921471 25.63767396 26.4888171  26.41426441
 27.79348907 28.7999503  27.66302187 23.47564612 22.42569583 22.39463221
 23.17743539 24.23981113 25.58175944 25.70601392 24.71197813 26.7249006
 27.60710736 27.14736581 27.15979125 25.79299205 27.99850895 28.04821074
 21.86033797 22.29522863 23.60611332 23.60611332 25.76814115 26.01043738
 25.37673956 26.94234592 24.66848907 27.61332008 28.06684891 25.95452286
 26.56336978 28.21595427 23.07181909 22.59965209 22.03429423 24.79895626
 25.3332505  23.63717694 23.84840954 26.43290258 26.24652087 27.10387674
 27.66923459 28.86829026 28.18489066 28.86829026 23.73658052 23.45700795
 23.17122266 23.78006958 23.17122266 23.76143141 25.53827038 26.20303181
 26.17818091 27.01689861 27.35859841 27.86182903 28.51416501 27.31510934
 28.95526839 22.74875746]",55712.23531374735
2025-06-15 18:49:00+00:00,1129,5307.37,9.0,25.69014642825405,25.486611580516897,30.204025844930417,"[24.31436382 23.63717694 24.29572565 22.41327038 24.69955268 26.52609344
 25.27733598 24.152833   26.15954274 28.1165507  27.99850895 28.85586481
 27.9860835  22.25173956 23.00969185 24.61257455 24.4945328  24.23981113
 26.90506958 26.0166501  25.3083996  25.31461233 24.53180915 26.68141153
 26.55094433 28.29050696 27.32753479 22.43812127 22.86058648 23.32654076
 24.48832008 22.63692843 25.58797217 24.42619284 25.47614314 25.85511928
 25.73086481 26.97962227 27.35238569 28.70054672 27.32132207 21.18936382
 23.92296223 25.26491054 23.34517893 24.46346918 24.09691849 25.04746521
 26.85536779 25.35810139 25.68737575 27.76242545 26.68762425 28.81237575
 27.1722167  28.52659046 22.55616302 21.8416998  21.40680915 23.16500994
 26.14090457 23.21471173 27.07281312 26.66898608 26.57579523 25.81163022
 26.47017893 27.00447316 27.94259443 27.94880716 22.84816103 23.31411531
 24.85487078 24.51317097 24.8610835  25.77435388 25.68116302 25.78677932
 27.12872763 27.20949304 27.55740557 27.49527833 29.30939364 28.64463221
 21.72365805 23.50670974 23.38866799 22.74254473 24.46968191 24.55666004
 24.01615308 24.625      26.54473161 27.50770378 26.19681909 27.95501988
 28.73161034 28.64463221 29.07952286 22.84194831 22.8916501  23.10909543
 23.37002982 24.4945328  24.12798211 25.00397614 25.63146123 25.15929423
 27.11630219 30.20402584 27.22813121 27.97987078 26.31486083 22.79224652
 23.47564612 23.35760437 25.58175944 23.55019881 24.56287276 27.22191849
 23.69309145 24.40755467 25.28976143 25.99801193 26.2527336  28.34020875
 27.59468191 21.53727634 21.99080517 23.3638171  24.32057654 24.33300199
 25.40159046 25.20899602 25.97937376 26.38941352 25.21520875 26.03528827
 27.08523857 26.86779324 27.58225646 22.92271372 24.05964215 23.17743539
 24.82380716 23.51292247 25.36431412 23.3638171  26.30243539 25.8054175
 26.51988072 26.90506958 27.04796223 28.00472167 27.80591451 27.50149105
 22.70526839 24.71819085 23.79870775 24.88593439 23.7055169  25.81784294
 25.29597416 26.41426441 27.36481113 27.03553678 28.0916998  27.45178926
 28.24080517 28.54522863 23.14637177 23.2582008  24.50695825 23.27062624
 22.57480119 24.83001988 26.52609344 26.17818091 26.68762425 27.28404573
 26.27137177 26.01043738 28.81237575 28.14761431 22.73011928 23.15258449
 22.81709742 24.05342942 23.38866799 23.22713718 23.2582008  24.80516899
 26.90506958 27.50149105 26.62549702 27.16600398 29.30318091 28.68812127
 28.65705765 21.61804175]",55838.55389036674
2025-06-15 18:50:00+00:00,1130,5271.9400000000005,9.0,25.584212874998844,25.376553180914506,30.154324055666002,"[21.34468191 24.8362326  25.47614314 24.84244533 24.88593439 25.81784294
 25.63767396 25.92345924 26.51366799 28.36505964 27.80591451 29.73807157
 26.50745527 23.55019881 23.78628231 23.10909543 23.78006958 23.2333499
 25.9110338  24.92321074 26.99826044 26.79945328 27.42693837 26.41426441
 27.00447316 27.37723658 30.15432406 21.63667992 22.21446322 23.66824056
 23.10909543 24.33300199 25.40159046 24.18389662 25.12823062 26.9609841
 26.11605368 27.32132207 26.71247515 28.12276342 29.20999006 20.3444334
 25.45750497 22.75497018 23.87947316 26.29622266 24.16525845 23.00347913
 26.36456262 28.04199801 26.82430417 25.46371769 26.84294235 27.78106362
 28.42718688 29.10437376 24.92942346 22.98484095 22.64935388 23.680666
 26.33349901 24.89214712 23.46322068 25.61903579 24.79895626 25.5444831
 26.04771372 26.44532803 29.68836978 27.90531809 21.76093439 23.11530815
 22.40705765 23.84840954 23.35760437 23.00347913 26.33971173 26.06635189
 25.06610338 25.53205765 26.06635189 26.39562624 25.70601392 28.58871769
 21.85412525 21.70501988 24.90457256 22.38220676 24.46968191 25.29597416
 25.19657058 25.6749503  26.31486083 27.04796223 28.76267396 24.59393638
 27.35859841 26.47017893 29.54547714 23.03454274 23.51292247 22.87301193
 24.77410537 26.09120278 24.74304175 24.17147117 27.48285288 26.06013917
 26.94855865 28.04821074 27.11008946 28.83722664 26.8305169  22.63692843
 24.30193837 24.78653082 23.23956262 24.50695825 23.28926441 26.27137177
 23.86083499 23.58747515 26.00422465 26.9609841  26.29000994 28.91799205
 28.47688867 22.50024851 23.48807157 24.71197813 23.55641153 23.58126243
 24.02236581 23.38245527 26.40805169 25.02882704 26.84294235 27.89910537
 26.29622266 26.27137177 28.45203777 22.66177932 22.50024851 23.24577535
 24.41998012 24.34542744 25.15929423 22.88543738 25.04125249 26.53230616
 25.19657058 26.71868787 27.80591451 26.74353877 27.65059642 29.3777336
 22.55616302 22.58101392 23.59368787 23.97887674 24.94806163 22.82952286
 26.69383698 24.8362326  26.75596421 27.19085487 27.0417495  26.45154076
 27.09766402 29.40879722 21.2639165  23.82977137 23.28305169 23.24577535
 23.0221173  24.76167992 24.86729622 25.17793241 25.35810139 26.96719682
 26.75596421 27.68787276 27.38966203 28.55765408 22.45675944 22.68663022
 24.21496024 23.29547714 24.46968191 23.81734592 24.30193837 24.43861829
 25.4140159  25.46993042 26.07256461 26.27137177 27.73136183 28.42097416
 28.35263419 22.54373757]",55484.142594596124
2025-06-15 18:51:00+00:00,1131,5317.4,9.0,25.71698541364728,25.517768389662024,29.955516898608348,"[24.43240557 23.48807157 24.14040755 24.97291252 23.74279324 26.4639662
 25.4388668  24.93563618 27.58846918 25.68116302 26.99204771 28.17867793
 29.29075547 23.34517893 24.00994036 22.8916501  24.81138171 25.52584493
 24.04100398 24.48210736 26.70626243 25.55069583 29.16650099 26.42668986
 27.42693837 25.92345924 27.05417495 23.55641153 23.5999006  22.50024851
 24.40134195 23.31411531 25.4388668  24.70576541 25.53205765 27.8556163
 27.55740557 26.37077535 28.40233598 27.14115308 27.63817097 20.66128231
 23.51292247 22.80467197 25.98558648 25.15929423 25.76192843 24.05964215
 25.90482107 26.94855865 26.34592445 26.26515905 27.12872763 26.04150099
 27.32753479 28.14140159 21.79821074 23.54398608 23.27062624 24.42619284
 23.27683897 25.72465209 24.87350895 25.76192843 26.84915507 25.30218688
 28.30914513 26.8305169  27.53255467 26.61928429 24.23359841 22.82331014
 23.11530815 23.77385686 23.1277336  23.3389662  25.17793241 25.83648111
 24.77410537 26.09741551 27.21570577 28.60735586 27.91774354 28.24080517
 23.5750497  23.62475149 24.08449304 23.7055169  24.07206759 23.76143141
 23.96645129 24.23981113 25.92967197 25.65631213 25.84269384 29.01739563
 28.15382704 28.3277833  29.17271372 21.93489066 23.61232604 24.76789264
 22.97862823 25.46371769 24.89835984 25.38916501 25.79299205 28.02957256
 27.37102386 28.06684891 26.0166501  28.20974155 29.43364811 21.92867793
 22.75497018 21.34468191 23.68687873 25.66252485 25.06610338 25.09095427
 25.5444831  26.89885686 24.56908549 28.23459245 27.37102386 27.45800199
 27.55740557 22.51267396 21.82927435 23.99130219 23.17122266 24.27708748
 24.25223658 23.80492048 27.01068588 26.16575547 24.84865805 25.93588469
 26.60064612 28.59493042 27.79970179 24.66848907 22.46297217 23.42594433
 22.59343936 23.77385686 24.7306163  27.0417495  27.79348907 26.06013917
 25.40159046 28.88692843 28.67569583 29.73185885 29.9555169  27.09766402
 21.79199801 21.86033797 24.14662028 24.63121272 24.9666998  25.02261431
 24.86729622 25.66252485 26.76217694 26.43911531 28.02335984 27.99229622
 26.56336978 28.222167   23.18364811 22.82331014 24.20253479 24.84865805
 22.71148111 26.14090457 26.83672962 25.2027833  25.12823062 25.23384692
 27.00447316 26.09741551 26.94234592 26.5695825  22.97241551 24.5193837
 24.8362326  24.14662028 23.8111332  24.88593439 24.94806163 26.17818091
 26.60685885 27.22813121 25.87375746 27.54498012 28.04199801 28.29671968
 28.38991054 22.8667992 ]",55928.34639989834
2025-06-15 18:52:00+00:00,1132,5287.87,9.0,25.6284553726958,25.426037524850894,29.756709741550694,"[23.35760437 24.67470179 23.76764414 23.59368787 24.43861829 26.50124254
 26.09120278 26.7249006  26.83672962 27.24676938 27.6443837  28.30914513
 27.86804175 23.79249503 22.4194831  23.35760437 23.14015905 24.10313121
 23.4694334  24.69955268 27.38966203 25.28976143 23.55641153 25.85511928
 25.8054175  27.09766402 28.07927435 23.15258449 24.08449304 25.92345924
 22.26416501 23.75521869 24.53802187 24.45104374 27.04796223 27.05417495
 26.94855865 26.02286282 26.10984095 27.28404573 28.94284294 21.82927435
 21.50621272 22.02186879 23.94781312 25.04746521 24.95427435 23.95402584
 24.5193837  25.76814115 26.75596421 26.11605368 26.33349901 27.63817097
 29.1167992  29.46471173 21.87276342 23.63717694 22.75497018 23.23956262
 26.40805169 25.65631213 24.60636183 26.17196819 26.81809145 25.28354871
 26.40183897 27.97987078 27.60089463 29.55168986 24.03479125 23.32654076
 22.68663022 24.34542744 24.0472167  25.42022863 24.88593439 25.05367793
 24.04100398 26.53230616 27.79970179 27.62574553 27.70651093 28.99254473
 23.48185885 21.82927435 23.28926441 24.13419483 23.73658052 24.58151093
 24.32678926 26.61928429 26.60685885 27.33374751 26.38941352 27.60710736
 27.86182903 28.78131213 29.58275348 23.8111332  24.38270378 22.50024851
 23.09666998 25.45129225 25.71843936 25.86754473 25.91724652 27.4083002
 27.48285288 27.14115308 28.04821074 26.65034791 28.18489066 22.45054672
 22.21446322 21.86033797 23.94781312 25.35188867 26.47017893 26.08499006
 25.55690855 25.37673956 25.03503976 26.68762425 26.43290258 27.79348907
 27.38966203 22.13369781 22.22067594 23.82977137 24.78653082 25.43265408
 23.28926441 24.07828032 25.60661034 27.16600398 26.68762425 27.73757455
 25.58175944 26.89885686 29.75670974 22.98484095 22.29522863 22.94135189
 25.14065606 22.43190855 23.01590457 24.55666004 25.78677932 25.50720676
 24.84865805 26.40183897 27.23434394 28.48931412 27.25919483 27.63817097
 21.2887674  23.02833002 22.66177932 24.63742545 24.21496024 25.00397614
 25.3332505  26.78702783 27.79970179 27.63195825 27.15979125 28.16003976
 28.04199801 28.40233598 21.69259443 24.02857853 23.56883698 23.72415507
 24.22738569 24.83001988 24.72440358 25.50720676 26.61928429 25.46993042
 25.45750497 25.84890656 26.39562624 29.09816103 22.80467197 22.5250994
 23.74279324 25.45129225 25.92967197 25.24005964 25.94831014 24.21496024
 25.63767396 25.21520875 27.34617296 26.5944334  26.37698807 26.15954274
 29.05467197 23.26441352]",55632.16029489107
2025-06-15 18:53:00+00:00,1133,5289.49,9.0,25.63184656083267,25.431069831013914,29.41500994035785,"[23.06560636 23.7055169  23.3638171  24.36406561 25.23384692 27.44557654
 26.43911531 25.98558648 26.34592445 27.29647117 25.8861829  27.78106362
 26.10984095 23.32654076 24.08449304 23.59368787 25.097167   24.99776342
 23.49428429 24.50074553 25.31461233 25.26491054 27.37723658 26.30243539
 29.41500994 28.30914513 27.277833   22.85437376 22.79224652 21.69880716
 24.69955268 24.55666004 25.68737575 26.01043738 25.24005964 25.95452286
 26.03528827 25.05989066 27.0417495  26.96719682 26.94855865 22.20203777
 23.53777336 21.83548708 26.1471173  23.03454274 23.76764414 25.79920477
 25.66252485 25.55069583 25.9917992  27.09145129 27.27162028 24.97912525
 29.0360338  27.84940358 21.6056163  21.34468191 23.15879722 23.31411531
 24.85487078 25.50099404 25.28354871 24.94184891 27.12251491 26.33971173
 26.06635189 26.7000497  28.20352883 28.30293241 21.84791252 23.50670974
 23.66202783 24.34542744 24.69955268 24.52559642 24.65606362 25.75571571
 27.24055666 25.20899602 28.5638668  25.61282306 28.91799205 28.01714712
 22.444334   24.77410537 24.32057654 23.72415507 24.33300199 25.65631213
 24.71819085 26.97962227 26.62549702 26.97340954 24.78031809 27.43315109
 27.06038767 28.13518887 28.97390656 22.43812127 22.36356859 25.15929423
 24.66848907 24.12798211 24.92942346 25.14686879 24.63742545 25.25248509
 27.93638171 26.25894632 27.84940358 28.00472167 27.79348907 22.98484095
 20.66749503 23.2333499  24.30815109 24.53180915 25.01018887 26.10984095
 27.01689861 24.4137674  26.8305169  27.43936382 26.54473161 27.22191849
 28.79373757 23.52534791 23.15258449 23.02833002 24.64363817 25.36431412
 25.37673956 25.96073559 24.93563618 25.39537773 25.99801193 26.65034791
 27.99229622 28.14140159 27.25919483 22.35114314 23.15258449 22.05293241
 24.10313121 25.47614314 24.44483101 23.65581511 26.19060636 25.73707753
 26.02286282 27.82455268 26.75596421 27.76863817 28.14761431 28.4582505
 25.3083996  22.54373757 22.04050696 24.57529821 23.19607356 25.19657058
 24.33300199 25.09095427 27.17842942 26.06013917 28.03578529 27.03553678
 26.69383698 29.21620278 23.61232604 22.62450298 22.06535785 24.71819085
 23.47564612 23.92917495 25.097167   25.02261431 26.1471173  27.23434394
 27.53255467 27.43936382 28.71297217 27.94880716 22.24552684 23.80492048
 23.15258449 24.31436382 23.38866799 24.21496024 24.64985089 26.47017893
 26.43911531 25.53827038 26.76217694 26.13469185 28.46446322 27.86182903
 27.6195328  22.93513917]",55643.50585392178
2025-06-15 18:54:00+00:00,1134,5244.65,9.0,25.498128500038856,25.291780566600394,29.918240556660038,"[22.40705765 23.8359841  21.91003976 25.46371769 23.55019881 24.3889165
 25.36431412 25.53205765 26.19681909 26.94234592 26.31486083 26.92992048
 28.74403579 21.43787276 22.02186879 22.6555666  23.69930417 23.9416004
 24.4945328  23.82977137 24.64985089 26.07256461 27.13494036 27.65059642
 26.27137177 28.36505964 28.30293241 22.15854871 23.10909543 24.76167992
 22.48161034 24.97912525 25.22142147 25.19035785 24.56287276 25.14686879
 26.43290258 27.83076541 26.30243539 28.36505964 28.55144135 22.87922465
 23.12152087 21.81684891 23.30790258 24.33921471 25.46993042 25.28976143
 25.92967197 27.10387674 24.71197813 25.43265408 27.65059642 27.00447316
 26.74353877 28.06684891 21.95352883 22.61207753 23.79870775 24.22117296
 24.23359841 23.88568588 25.50720676 24.97291252 26.45154076 25.15929423
 27.10387674 27.68166004 27.65680915 28.35884692 21.7360835  23.1028827
 23.00347913 24.09691849 23.77385686 25.45750497 24.52559642 27.86182903
 26.12847913 24.35164016 27.47664016 27.0417495  28.03578529 28.6694831
 24.96048708 22.73011928 23.33275348 24.08449304 24.22117296 25.38916501
 24.83001988 25.79920477 25.46993042 25.66252485 24.56908549 25.58175944
 28.97390656 27.57604374 27.73757455 23.0221173  23.7055169  21.9473161
 23.8359841  23.38245527 23.66824056 25.28354871 26.71868787 25.6500994
 27.54498012 26.27758449 27.32753479 27.50770378 27.71272366 22.82952286
 25.40780318 23.76143141 23.9416004  23.24577535 24.40134195 24.51317097
 24.3889165  26.01043738 25.48856859 27.50770378 28.04821074 28.83722664
 29.07952286 21.56212724 23.56883698 22.94135189 23.63096421 24.29572565
 25.10337972 23.59368787 26.04150099 25.61282306 25.26491054 26.1471173
 27.67544732 27.99229622 26.98583499 23.59368787 22.89786282 24.12798211
 22.86058648 24.32678926 24.00372763 24.50074553 25.40159046 24.63742545
 26.81809145 27.59468191 25.6500994  29.57654076 27.86182903 26.34592445
 24.07828032 23.90432406 22.59343936 24.63121272 25.92345924 24.22738569
 23.74900596 25.06610338 26.34592445 26.12847913 26.71868787 27.71272366
 28.75646123 28.4333996  21.70501988 21.3695328  23.20228628 23.91053678
 24.3889165  23.18364811 24.32057654 25.37673956 26.805666   25.53827038
 26.86779324 27.75621272 27.86182903 28.84965209 23.3389662  24.05964215
 22.43812127 24.1776839  25.35810139 24.27087475 26.41426441 24.15904573
 28.26565606 24.79274354 28.07306163 25.95452286 26.70626243 26.18439364
 29.91824056 21.33225646]",55196.13870973001
2025-06-15 18:55:00+00:00,1135,5235.17,9.0,25.468755615448366,25.26233225646123,29.880964214711728,"[22.87922465 23.60611332 24.97912525 24.2584493  24.43861829 24.08449304
 27.18464215 26.95477137 27.33374751 27.47042744 26.89885686 25.33946322
 27.50770378 22.6555666  23.9167495  22.2082505  25.08474155 25.6500994
 25.32703777 24.09691849 25.25869781 25.22142147 25.60661034 24.92942346
 26.27758449 27.57604374 29.2472664  22.63071571 24.83001988 20.54324056
 23.39488072 24.61878728 23.18986083 24.45725646 25.24627237 25.35188867
 27.06038767 26.7000497  26.60685885 26.73732604 29.53305169 21.6056163
 23.55641153 22.54373757 23.82355865 23.21471173 23.09666998 24.37027833
 26.42668986 26.37698807 26.30243539 27.30889662 28.76267396 27.12872763
 27.55119284 26.92370775 22.89786282 23.41973161 23.74900596 23.72415507
 23.8111332  25.46993042 24.27087475 25.9110338  25.60661034 26.85536779
 27.99229622 27.55740557 28.38369781 27.45800199 23.30168986 23.56262425
 22.57480119 23.10909543 23.00969185 22.7860338  24.95427435 24.36406561
 26.61307157 25.12823062 26.24030815 25.66252485 28.3277833  26.25894632
 22.06535785 23.18364811 24.13419483 19.96545726 25.58175944 25.05367793
 24.28951292 24.92321074 26.76838966 26.75596421 26.97340954 26.99826044
 27.03553678 28.52659046 27.68166004 23.17122266 23.39488072 21.6304672
 24.52559642 23.84219682 24.44483101 25.12201789 25.46993042 25.36431412
 26.22166998 26.97962227 26.94234592 28.40233598 28.92420477 23.49428429
 24.42619284 22.30765408 25.32082505 25.32703777 26.7000497  25.17171968
 23.14637177 25.83648111 25.25869781 26.21545726 26.76217694 26.10984095
 26.42047714 24.57529821 22.64935388 23.75521869 23.66824056 24.0472167
 26.19681909 24.80516899 27.4083002  25.73086481 28.33399602 25.40159046
 27.23434394 27.25919483 29.57032803 22.46918489 23.45079523 23.14637177
 23.26441352 24.24602386 23.40730616 26.88643141 24.48832008 25.46993042
 25.89239563 25.51963221 25.8861829  27.25919483 28.3277833  29.88096421
 22.67420477 22.96620278 22.91028827 24.89835984 23.52534791 24.92942346
 24.152833   25.58175944 25.96073559 26.63792247 27.6443837  26.5695825
 27.5139165  28.99254473 20.38170974 22.11505964 23.37002982 23.74279324
 25.12201789 24.86729622 25.96073559 26.03528827 26.49502982 25.19035785
 26.61928429 25.50720676 27.63817097 27.01689861 21.972167   23.67445328
 24.10313121 23.79870775 22.77360835 24.47589463 24.47589463 25.25248509
 25.53205765 24.94184891 26.98583499 26.89264414 26.99826044 28.48310139
 29.04845924 22.05293241]",55097.868787044055
2025-06-15 18:56:00+00:00,1136,5264.92,9.0,25.555148472922284,25.354746520874752,29.315606361829026,"[22.37599404 23.5750497  25.45129225 23.55641153 24.43861829 26.02286282
 22.45054672 24.89835984 26.38941352 27.25919483 26.36456262 28.54522863
 27.5139165  21.64910537 22.75497018 24.48210736 22.81088469 24.84244533
 22.71148111 24.92321074 26.94855865 26.87400596 27.20328032 25.35810139
 29.10437376 28.73782306 27.34617296 22.26416501 25.52584493 22.54373757
 25.43265408 22.95377734 24.93563618 26.45775348 24.91078529 25.76192843
 26.1222664  26.7000497  26.92992048 27.8804672  27.79970179 23.92917495
 22.70526839 23.74279324 23.16500994 23.04696819 25.48235586 25.17171968
 27.42072565 24.52559642 28.29050696 26.07256461 26.76838966 28.03578529
 26.76217694 26.30243539 23.05318091 25.12823062 22.66177932 24.23359841
 23.8111332  24.56908549 25.87997018 26.84915507 26.43911531 26.78081511
 27.02932406 26.40183897 27.31510934 29.31560636 23.3389662  23.19607356
 24.96048708 25.20899602 22.69905567 26.05392644 25.32703777 25.57554672
 25.94209742 26.67519881 27.15357853 28.58871769 28.4582505  27.72514911
 22.57480119 23.69309145 24.33300199 22.97862823 23.40109344 26.89264414
 24.59393638 23.8359841  24.66848907 26.3832008  26.47639165 25.79920477
 27.79970179 28.55765408 26.69383698 23.32032803 22.05914513 24.37027833
 23.61232604 24.92321074 25.58797217 24.93563618 24.80516899 25.43265408
 26.36456262 28.29671968 28.86829026 27.44557654 26.66898608 22.77982107
 22.05293241 23.62475149 24.56287276 24.69333996 24.8610835  24.12798211
 24.61878728 24.92321074 26.01043738 26.23409543 27.42693837 26.3832008
 29.06088469 22.33250497 22.53752485 22.94756461 23.76764414 25.12201789
 27.69408549 24.71819085 26.84294235 24.87972167 25.89239563 26.30864811
 27.48906561 26.34592445 29.22241551 21.59319085 21.40680915 22.48782306
 22.38841948 22.67420477 24.64363817 25.40159046 26.91128231 25.71843936
 25.87375746 26.55094433 27.77485089 27.30889662 28.58871769 27.63817097
 23.28926441 23.06560636 22.74875746 24.60636183 23.55019881 26.43911531
 25.34567594 26.29622266 24.97912525 28.03578529 26.85536779 26.34592445
 28.00472167 27.78106362 23.0221173  21.96595427 22.89786282 23.90432406
 25.87375746 22.95377734 25.43265408 24.22738569 24.61878728 26.67519881
 26.16575547 29.15407555 27.45800199 27.84319085 22.92271372 24.43240557
 22.5250994  22.17097416 24.02236581 23.93538767 24.91078529 24.00372763
 25.65631213 25.44507952 27.49527833 27.52012922 26.805666   27.03553678
 28.52037773 21.61804175]",55386.90473100879
2025-06-15 18:57:00+00:00,1137,5245.76,9.0,25.49720210409798,25.295228628230618,29.52683896620278,"[23.59368787 24.02857853 23.35760437 23.87947316 23.96023857 25.17793241
 26.37077535 25.21520875 26.17196819 25.48235586 28.55765408 26.58822068
 27.93638171 23.55641153 23.71172962 23.78006958 22.51888668 23.86704771
 23.63096421 25.50099404 25.58175944 24.8610835  26.26515905 26.15954274
 26.44532803 26.54473161 27.09766402 21.9473161  24.81759443 22.8916501
 23.33275348 24.36406561 24.38270378 26.14090457 25.87375746 25.78677932
 26.11605368 25.8054175  28.73782306 27.45800199 26.89264414 21.54970179
 22.80467197 24.59393638 24.99776342 23.69930417 23.50670974 25.59418489
 27.02311133 27.56983101 25.63146123 27.32132207 26.32107356 28.35884692
 27.20949304 28.30914513 21.3695328  24.60636183 22.9972664  24.24602386
 24.32057654 24.91699801 25.27112326 24.67470179 24.23359841 26.53851889
 26.02907555 26.98583499 28.42718688 27.15979125 23.07803181 23.82977137
 23.87326044 23.58747515 24.2584493  26.39562624 25.19657058 27.30889662
 24.02236581 25.94831014 25.51341948 25.01018887 26.7000497  28.94284294
 22.79224652 23.26441352 23.97887674 24.97291252 23.2333499  22.91028827
 25.93588469 25.22142147 25.69980119 27.52012922 26.63792247 27.80591451
 27.17842942 28.35263419 29.52683897 23.31411531 22.59343936 22.07157058
 23.16500994 23.9167495  23.63717694 25.45129225 26.43911531 23.55641153
 25.63767396 27.48285288 27.58846918 27.15357853 26.97340954 23.31411531
 21.18936382 23.7055169  24.55666004 25.02261431 24.54423459 25.55690855
 25.25869781 26.55094433 26.91749503 23.94781312 26.90506958 28.86829026
 25.3332505  23.15258449 21.85412525 23.5999006  24.94806163 25.35188867
 23.64338966 25.17793241 26.78081511 26.65656064 27.07902584 26.63792247
 24.86729622 26.52609344 27.87425447 23.06560636 21.83548708 24.7306163
 23.31411531 23.09666998 24.24602386 24.38270378 24.89214712 26.03528827
 25.96073559 25.58797217 26.55094433 27.26540755 28.73782306 28.18489066
 25.09095427 23.56883698 22.79224652 24.9666998  24.44483101 25.20899602
 24.48210736 27.26540755 26.68141153 27.03553678 26.05392644 27.59468191
 28.30293241 28.81237575 22.41327038 21.89140159 23.43215706 22.9972664
 23.14637177 24.02857853 25.8861829  25.20899602 25.51963221 27.15357853
 28.94905567 26.98583499 26.76838966 27.65059642 23.4445825  23.48807157
 24.39512922 23.11530815 24.51317097 24.03479125 25.59418489 25.04746521
 26.41426441 24.40134195 27.11630219 26.65034791 25.6749503  28.14761431
 27.47664016 23.15879722]",55193.039359470196
2025-06-15 18:58:00+00:00,1138,5238.87,9.0,25.47546139157746,25.273825795228632,29.160288270377734,"[22.10884692 22.87301193 24.79895626 24.48832008 25.87997018 25.53205765
 24.5193837  26.35213718 27.58225646 25.69980119 28.37748509 27.06038767
 28.73161034 23.12152087 22.66177932 24.81138171 23.76143141 25.33946322
 24.32057654 25.2027833  26.74975149 25.569334   26.31486083 24.52559642
 27.15357853 28.00472167 28.20974155 23.13394632 21.86033797 23.85462227
 23.82977137 25.04746521 24.74304175 25.08474155 26.74975149 25.3083996
 26.7249006  27.84940358 26.19681909 26.68141153 26.60685885 22.4194831
 21.92867793 23.18986083 23.38245527 23.73658052 23.97887674 26.06635189
 25.17171968 26.57579523 26.51366799 25.73086481 26.45154076 27.60089463
 29.12922465 26.50745527 21.20800199 22.93513917 24.60636183 24.32678926
 22.63692843 24.37027833 25.71843936 25.37673956 26.47639165 25.70601392
 27.68166004 27.78727634 28.58250497 28.23459245 23.32032803 24.19010934
 22.59343936 23.20228628 23.93538767 24.27087475 24.47589463 25.36431412
 26.10984095 26.83672962 27.66302187 27.40208748 26.88021869 29.16028827
 22.92892644 23.86083499 23.76143141 24.23359841 23.74900596 25.75571571
 24.22738569 24.31436382 27.45800199 25.04746521 27.65680915 26.71868787
 27.10387674 28.88692843 27.81833996 21.5        23.4445825  22.46918489
 22.27659046 24.00372763 25.30218688 26.37077535 24.90457256 23.37624254
 25.97316103 26.12847913 26.10984095 27.74378728 27.47664016 21.45651093
 22.62450298 23.48185885 23.64960239 24.99776342 24.29572565 25.42022863
 26.22166998 26.84294235 26.4639662  26.10362823 27.277833   27.63817097
 29.02360835 22.49403579 23.40730616 24.30193837 22.15854871 24.91078529
 25.6749503  26.29622266 25.28354871 23.64338966 27.6443837  25.97937376
 27.83076541 26.91749503 27.35238569 20.96570577 21.74229622 22.75497018
 23.31411531 23.43215706 24.50074553 24.36406561 24.90457256 25.02261431
 25.4140159  24.98533797 27.01068588 26.50124254 28.71297217 26.78081511
 21.14587475 24.45104374 24.2584493  24.14040755 23.59368787 24.80516899
 25.38295229 23.89189861 25.01018887 28.15382704 26.7249006  28.36505964
 25.8054175  26.81187873 23.27683897 22.11505964 23.84840954 23.40109344
 25.6500994  24.5193837  25.87997018 23.53156064 25.60039761 27.62574553
 27.62574553 27.52012922 27.48906561 27.47664016 22.23310139 23.66824056
 23.54398608 22.35735586 23.67445328 25.6749503  24.54423459 23.65581511
 26.54473161 26.4639662  27.91153082 26.85536779 27.10387674 27.62574553
 28.98011928 22.56858847]",55120.303631661554
2025-06-15 18:59:00+00:00,1139,5239.4400000000005,9.0,25.475731841789685,25.275596421471175,30.80666003976143,"[24.20253479 22.88543738 23.12152087 24.64985089 26.2527336  26.22166998
 24.20874751 26.23409543 25.92345924 26.28379722 27.17842942 27.63195825
 28.05442346 23.18986083 23.73036779 23.22092445 22.69905567 24.09070577
 24.04100398 23.73036779 25.21520875 26.84294235 25.90482107 27.01689861
 27.56983101 28.36505964 30.402833   23.14015905 21.45029821 23.07181909
 24.90457256 25.08474155 25.22763419 24.40134195 26.1471173  23.97887674
 25.55690855 27.01068588 25.68116302 27.63195825 26.97962227 22.01565606
 21.95352883 24.21496024 23.84219682 23.30790258 25.71843936 25.82405567
 25.45750497 26.62549702 25.87375746 28.08548708 25.48235586 26.87400596
 27.13494036 30.80666004 22.50024851 22.8916501  23.19607356 23.40109344
 22.51888668 23.07181909 25.10959245 24.68712724 26.45775348 26.94855865
 26.3832008  27.60710736 29.78156064 27.75       24.4945328  23.79870775
 23.75521869 22.06535785 23.50670974 23.8359841  25.15308151 26.41426441
 25.83026839 25.8054175  26.9609841  27.11008946 25.97316103 28.5390159
 22.32629225 23.17122266 24.47589463 23.23956262 25.29597416 24.7306163
 25.42022863 23.91053678 26.87400596 25.00397614 26.71247515 27.72514911
 27.79970179 25.82405567 28.0916998  24.61257455 24.26466203 23.62475149
 27.0666004  23.42594433 26.15954274 26.12847913 25.65631213 25.79920477
 26.97340954 27.75621272 27.04796223 27.21570577 27.22813121 23.05318091
 24.4137674  23.63096421 24.91078529 23.63717694 25.75571571 24.34542744
 25.29597416 25.78677932 26.45154076 26.37077535 25.569334   26.61928429
 27.41451292 23.00347913 24.27708748 23.63096421 23.96023857 24.38270378
 23.35760437 23.81734592 26.60064612 24.64985089 27.02932406 27.22813121
 27.42072565 28.34020875 28.60735586 21.79821074 22.11505964 23.45700795
 25.00397614 23.68687873 23.71172962 24.10934394 24.12176938 25.82405567
 27.16600398 27.92395626 26.27137177 28.10412525 28.92420477 27.75
 20.58672962 22.67420477 21.34468191 23.16500994 24.69333996 24.82380716
 25.32082505 25.10337972 25.25869781 23.56262425 26.52609344 28.09791252
 25.89860835 28.89935388 22.09020875 21.85412525 24.12798211 23.47564612
 23.5750497  25.24627237 23.63096421 25.84269384 24.40755467 25.48856859
 24.06585487 26.10984095 26.78081511 27.22191849 23.05939364 22.77982107
 22.63071571 22.46297217 23.95402584 24.95427435 25.35810139 26.19060636
 24.41998012 26.77460239 26.99204771 27.89289264 26.32107356 28.78131213
 27.38966203 24.29572565]",55121.208449891565
2025-06-15 19:00:00+00:00,1140,5211.32,9.0,25.391333250497016,25.188245526838966,29.582753479125248,"[22.74254473 22.81709742 23.82355865 22.73011928 25.7805666  24.11555666
 24.45104374 26.55715706 27.02311133 26.74353877 26.39562624 28.83101392
 28.96148111 21.95974155 20.85387674 23.47564612 23.9416004  24.22738569
 24.625      24.60014911 24.89835984 24.89835984 26.75596421 28.06063618
 26.92992048 26.51988072 28.33399602 22.69284294 22.22067594 23.74900596
 24.1776839  23.52534791 24.50695825 24.36406561 24.61878728 26.55094433
 26.15954274 27.48285288 27.31510934 26.58822068 27.55740557 22.88543738
 22.27659046 23.23956262 22.40084493 23.69930417 24.55044732 24.53802187
 24.07828032 25.08474155 24.98533797 25.9110338  26.51988072 26.86158052
 28.99254473 27.17842942 22.93513917 21.35710736 23.7055169  23.3638171
 23.47564612 25.27112326 24.05964215 26.55094433 24.99776342 25.44507952
 26.61928429 27.0666004  27.74378728 27.73757455 22.28280318 23.35139165
 23.05939364 24.26466203 24.02857853 25.22142147 25.82405567 24.4945328
 26.61928429 25.84890656 27.14736581 27.6443837  28.86207753 25.42644135
 23.80492048 21.8416998  22.2082505  23.17743539 24.08449304 23.46322068
 24.91699801 24.40755467 25.569334   25.95452286 23.91053678 27.61332008
 27.59468191 28.44582505 28.4582505  23.7055169  24.27087475 21.8665507
 22.62450298 25.35188867 26.10984095 24.91699801 25.95452286 25.86133201
 25.33946322 25.14686879 28.25944334 27.87425447 26.78702783 22.46918489
 23.8111332  23.92917495 24.83001988 24.94184891 25.29597416 24.56908549
 26.24030815 25.51963221 26.06635189 26.5695825  27.277833   27.81212724
 28.28429423 23.67445328 23.4445825  24.05964215 21.82306163 23.95402584
 24.20874751 24.42619284 25.04746521 25.34567594 26.03528827 28.22837972
 27.30889662 26.57579523 29.58275348 22.35735586 23.72415507 22.9972664
 25.05989066 21.87276342 24.91078529 22.50024851 23.95402584 25.15929423
 26.26515905 27.63817097 26.51366799 28.55765408 26.20303181 26.83672962
 22.95999006 22.84816103 23.03454274 25.42022863 24.86729622 25.45129225
 25.86133201 25.70601392 27.8556163  26.16575547 27.19085487 26.83672962
 28.31535785 26.49502982 23.45079523 22.27659046 20.82281312 24.4945328
 25.28976143 25.89239563 24.625      26.54473161 24.99776342 25.96073559
 27.55740557 26.17818091 27.1722167  27.95501988 22.72390656 23.32032803
 23.27683897 21.99080517 23.84219682 25.14686879 24.07206759 25.0723161
 26.94234592 25.4388668  25.78677932 25.27112326 27.99229622 27.12872763
 28.4582505  23.38866799]",54838.84452286282
2025-06-15 19:01:00+00:00,1141,5189.630000000001,9.0,25.325906300707228,25.12086853876739,29.501988071570576,"[23.63096421 21.89761431 24.10934394 25.94831014 24.17147117 23.56262425
 24.20874751 24.30193837 27.09145129 25.35188867 25.32082505 27.55119284
 29.50198807 23.99130219 23.17122266 25.38295229 24.54423459 25.16550696
 24.65606362 24.84244533 22.61207753 25.73707753 26.86779324 26.20924453
 26.30243539 25.55069583 28.80616302 24.21496024 22.69284294 21.58076541
 25.71222664 23.35760437 24.28951292 25.55690855 26.35213718 26.07877734
 25.92967197 25.07852883 25.71843936 27.43936382 27.70651093 23.2582008
 22.66177932 22.16476143 23.4694334  24.1776839  23.97887674 25.79920477
 25.51963221 25.05989066 25.78677932 26.73732604 25.32082505 26.32728628
 26.4888171  29.39637177 21.46893638 23.1277336  23.69309145 24.17147117
 23.25198807 25.22142147 25.65631213 25.92345924 25.45129225 27.84319085
 26.53230616 27.47042744 26.60685885 26.63170974 21.84791252 24.02236581
 23.85462227 22.91650099 24.05964215 24.74304175 25.01640159 26.02286282
 25.04125249 26.40805169 26.92370775 26.23409543 26.60064612 26.805666
 22.19582505 22.69284294 23.80492048 23.4694334  24.64985089 24.19010934
 24.71197813 25.10337972 24.71197813 27.42693837 27.0417495  26.55094433
 27.65680915 28.20352883 25.77435388 23.38866799 24.30193837 25.24627237
 23.68687873 23.5999006  22.17097416 24.91699801 24.43861829 25.5444831
 26.20924453 26.5695825  26.58822068 26.60685885 26.60064612 21.48136183
 23.89189861 23.22713718 23.31411531 26.01043738 26.51366799 25.27112326
 26.73732604 26.92992048 26.38941352 26.91749503 28.29671968 27.31510934
 25.59418489 22.47539761 22.81088469 23.62475149 24.35164016 26.04150099
 25.7805666  24.19632207 24.97291252 26.47017893 26.47639165 26.61307157
 26.15954274 27.97365805 28.00472167 21.41302187 22.26416501 21.77335984
 24.59393638 25.81784294 24.66848907 23.18986083 26.50745527 24.73682903
 26.18439364 26.805666   25.99801193 27.20949304 26.04150099 27.19085487
 23.05318091 23.23956262 22.83573559 22.33871769 24.7306163  22.56858847
 24.86729622 23.69309145 24.87350895 25.32082505 26.51988072 28.71918489
 26.2278827  29.35909543 23.28305169 20.82902584 22.84194831 23.2582008
 24.23359841 23.98508946 25.68116302 24.86729622 25.27112326 25.11580517
 25.50720676 25.43265408 27.10387674 27.9612326  21.10238569 22.04671968
 22.61829026 23.40109344 24.53180915 25.84269384 26.41426441 25.68116302
 25.73707753 26.99826044 26.8305169  26.63170974 26.0166501  28.66327038
 27.0417495  22.71769384]",54619.952119646114
2025-06-15 19:02:00+00:00,1142,5187.33,9.0,25.317696546271403,25.113723906560637,29.017395626242543,"[21.46272366 24.152833   24.50074553 24.63121272 23.91053678 25.76814115
 26.19681909 26.50124254 26.3583499  27.07902584 27.92395626 27.90531809
 27.03553678 20.48732604 22.69905567 26.38941352 22.06535785 24.89835984
 25.52584493 23.24577535 26.36456262 26.60064612 27.29025845 26.40805169
 28.7750994  27.92395626 27.02311133 22.83573559 23.37002982 24.54423459
 24.46346918 23.55641153 23.55641153 25.05989066 26.1471173  26.64413519
 26.56336978 25.63767396 27.24055666 27.19706759 27.76863817 22.66177932
 20.99055666 25.01640159 23.99130219 25.49478131 24.90457256 24.48210736
 25.84269384 25.53827038 26.04150099 24.78031809 26.96719682 25.29597416
 28.42097416 27.33996024 20.98434394 22.59343936 22.76739563 23.04075547
 23.17122266 25.81163022 24.60636183 24.92942346 26.03528827 25.12201789
 26.94234592 27.65059642 26.05392644 27.86804175 21.77335984 20.6861332
 25.58175944 24.46968191 22.82952286 26.17196819 25.02882704 23.86083499
 24.94184891 24.4945328  25.99801193 27.35238569 27.8804672  28.23459245
 21.75472167 22.28280318 25.22142147 24.26466203 24.67470179 24.34542744
 24.55666004 27.10387674 25.79920477 25.34567594 27.12872763 26.65034791
 28.50795229 25.83026839 29.01739563 20.28851889 23.39488072 23.09045726
 22.97862823 24.4945328  24.38270378 25.0723161  26.8305169  26.79945328
 26.86779324 25.82405567 25.8861829  25.53827038 26.91749503 21.11481113
 21.92867793 23.08424453 22.18961233 22.63071571 25.40159046 24.61878728
 23.82355865 26.23409543 25.93588469 26.67519881 26.79945328 26.60685885
 27.12872763 23.5750497  23.04075547 21.72365805 24.28951292 24.78653082
 24.27708748 23.50049702 24.42619284 25.5444831  25.7805666  25.60039761
 26.53851889 28.60114314 28.29050696 21.98459245 23.96645129 23.34517893
 24.58772366 23.95402584 24.05964215 25.16550696 24.79274354 25.11580517
 27.54498012 25.45129225 27.11630219 26.2527336  27.11008946 27.76863817
 20.82281312 23.63096421 23.2333499  22.97241551 23.17122266 24.45104374
 24.95427435 25.48856859 26.34592445 25.14065606 25.78677932 27.71272366
 28.48310139 26.41426441 22.55616302 21.67395626 21.2639165  24.28951292
 24.00994036 24.06585487 26.15954274 28.34020875 24.39512922 26.81187873
 25.92967197 27.29025845 26.94234592 28.50795229 23.60611332 22.7611829
 22.91650099 23.25198807 23.71172962 24.00994036 24.8610835  25.19035785
 27.06038767 26.36456262 26.63792247 25.58175944 27.93638171 27.8556163
 27.48285288 21.10238569]",54592.48556520561
2025-06-15 19:03:00+00:00,1143,5183.52,9.0,25.305027200153802,25.101888667992043,29.55790258449304,"[22.6804175  21.972167   24.76789264 24.97291252 25.51341948 25.05367793
 24.85487078 26.68762425 26.64413519 25.61282306 26.40183897 26.22166998
 26.91749503 22.72390656 22.98484095 23.68687873 24.60636183 24.37649105
 25.50720676 24.52559642 25.8054175  25.86133201 27.72514911 26.73732604
 26.2527336  29.55790258 27.36481113 22.51888668 22.41327038 24.24602386
 23.64338966 24.09070577 23.90432406 25.18414513 24.58151093 24.97291252
 25.65631213 26.79945328 26.24652087 27.42072565 26.75596421 21.67395626
 22.90407555 23.04075547 23.06560636 25.4140159  24.44483101 25.28976143
 27.01068588 26.9361332  25.73707753 27.55119284 25.45129225 25.30218688
 26.89264414 27.35238569 23.07181909 23.04696819 23.78628231 24.37649105
 25.40159046 25.19657058 26.15954274 25.69358847 26.09741551 24.73682903
 27.24055666 26.07256461 26.71868787 27.86182903 21.74850895 23.82977137
 22.25795229 23.20228628 22.96620278 24.71819085 24.9666998  24.80516899
 24.91699801 25.68737575 26.92370775 26.71868787 26.45154076 27.40208748
 23.92296223 23.71172962 21.24527833 22.03429423 24.57529821 25.50099404
 24.55666004 25.3083996  23.81734592 26.37698807 26.04771372 28.78131213
 24.23981113 27.91153082 29.02360835 22.06535785 22.53752485 23.64960239
 24.32678926 25.2027833  24.23359841 24.81759443 25.37673956 24.23359841
 26.37698807 27.68166004 28.05442346 25.91724652 29.45849901 22.64935388
 23.05939364 24.51317097 23.0221173  24.84865805 24.22117296 25.98558648
 24.66227634 26.49502982 25.6749503  27.74378728 26.42668986 28.65705765
 25.63146123 21.99080517 20.555666   22.27037773 22.81709742 23.29547714
 25.05367793 23.87326044 25.4388668  25.24005964 25.76814115 25.6749503
 27.95501988 28.06684891 28.3277833  23.2582008  22.59965209 22.10884692
 24.31436382 24.64363817 24.69955268 25.12201789 25.5444831  25.09095427
 25.63767396 27.46421471 27.22813121 27.15979125 26.78081511 27.82455268
 22.51888668 21.68638171 23.45700795 23.17743539 22.48782306 22.41327038
 24.97291252 26.10362823 24.38270378 26.10362823 26.34592445 26.83672962
 28.3277833  27.02932406 22.53752485 23.60611332 23.40730616 22.76739563
 24.72440358 26.45775348 25.18414513 25.68737575 25.60661034 24.19632207
 27.3834493  27.58225646 27.21570577 27.48285288 20.99055666 23.0221173
 23.31411531 22.18961233 23.45079523 25.53827038 25.40780318 25.04125249
 25.14686879 25.96073559 25.10959245 26.4639662  27.22191849 27.9860835
 28.20352883 20.69234592]",54550.09900083457
2025-06-15 19:04:00+00:00,1144,5169.77,9.0,25.263020990793173,25.05917619284294,29.458499005964214,"[23.30168986 24.14040755 23.35760437 23.96023857 25.02882704 23.58126243
 26.2527336  26.57579523 26.45154076 27.3026839  25.51963221 27.47042744
 26.71247515 23.5750497  23.54398608 23.41351889 23.35139165 23.10909543
 22.94756461 25.74329026 24.92942346 26.06635189 26.71247515 26.06013917
 25.68116302 27.6443837  28.88071571 22.6804175  23.9416004  25.17171968
 23.48185885 23.48185885 25.57554672 22.84194831 25.55069583 25.86754473
 25.46371769 25.24005964 27.24055666 27.14736581 28.55765408 21.57455268
 23.74900596 24.80516899 23.89189861 24.94184891 25.99801193 23.19607356
 25.85511928 26.0166501  26.66898608 27.70029821 26.3832008  27.3026839
 27.87425447 28.55765408 23.37624254 23.48185885 22.88543738 23.73036779
 23.07181909 24.48832008 23.2582008  27.09145129 25.81163022 24.76789264
 26.69383698 26.38941352 27.18464215 29.45849901 22.19582505 23.60611332
 23.3638171  22.97241551 25.12823062 25.65631213 23.97887674 25.46371769
 27.26540755 26.21545726 25.57554672 26.76217694 25.79920477 27.60089463
 23.07181909 21.76714712 22.72390656 25.097167   24.3889165  23.97266402
 24.27087475 24.27087475 25.7805666  26.53851889 25.57554672 27.37723658
 26.32728628 27.22813121 26.49502982 22.48782306 22.08399602 24.36406561
 24.06585487 24.42619284 25.02261431 24.12798211 25.26491054 26.83672962
 25.10959245 27.19085487 26.47017893 27.56361829 27.277833   22.32629225
 21.64910537 23.95402584 24.21496024 23.3638171  25.7805666  23.73036779
 25.35188867 25.07852883 27.45178926 25.14686879 27.63195825 27.14736581
 26.4888171  24.95427435 24.74925447 20.82281312 23.61232604 23.66824056
 24.19632207 23.29547714 23.75521869 24.11555666 26.13469185 27.01689861
 24.92942346 26.07256461 27.12251491 22.96620278 23.3389662  22.6804175
 23.5750497  23.73658052 23.96023857 24.63121272 23.59368787 24.81759443
 26.18439364 26.06013917 27.68787276 26.04771372 27.9612326  27.79348907
 22.11505964 22.5499503  24.48210736 24.63121272 24.14662028 23.55019881
 24.20874751 24.69333996 25.75571571 25.22142147 26.03528827 27.86182903
 26.3832008  27.99850895 20.87872763 21.82927435 23.01590457 22.30144135
 24.69955268 23.58747515 25.11580517 24.46346918 27.26540755 26.86779324
 26.02907555 24.59393638 28.3277833  28.7750994  21.77335984 23.73658052
 20.99055666 22.68663022 25.43265408 24.9666998  24.94806163 25.29597416
 26.99204771 24.41998012 27.10387674 24.14040755 26.08499006 27.45178926
 29.12922465 21.97837972]",54409.56302679764
2025-06-15 19:05:00+00:00,1145,5145.1,9.0,25.1887859225396,24.98254224652087,29.626242544731607,"[23.01590457 20.66749503 24.12798211 26.15954274 22.96620278 23.52534791
 25.32703777 27.6195328  25.31461233 25.569334   27.67544732 28.9055666
 26.84294235 21.33846918 21.69259443 23.55019881 22.95999006 22.8667992
 24.37649105 25.2027833  25.38295229 26.62549702 24.56287276 27.12251491
 27.76863817 26.68762425 28.51416501 23.15879722 22.77360835 23.10909543
 23.38245527 23.18986083 24.56287276 24.93563618 26.37698807 25.52584493
 25.53205765 26.25894632 27.97987078 28.55765408 27.56361829 22.83573559
 21.93489066 23.74900596 22.25173956 23.15879722 24.02236581 25.24005964
 25.15308151 27.76242545 25.29597416 26.37077535 26.11605368 27.10387674
 27.17842942 28.24701789 22.43190855 22.5499503  23.22092445 23.79870775
 23.92917495 22.96620278 24.14040755 26.19060636 27.01068588 25.5444831
 25.53205765 27.84940358 25.24627237 27.08523857 22.70526839 21.34468191
 22.17097416 25.03503976 25.39537773 24.66848907 26.30864811 23.01590457
 26.25894632 26.06635189 25.04746521 26.70626243 27.75621272 28.25944334
 22.13991054 21.56833996 23.51292247 23.30790258 23.97887674 24.15904573
 23.89811133 23.96645129 25.62524851 24.0472167  25.66252485 26.17196819
 25.87997018 26.66898608 26.87400596 23.14637177 23.53777336 23.00347913
 23.43836978 23.04696819 24.12798211 25.44507952 24.59393638 25.45750497
 26.11605368 25.07852883 25.8861829  27.9612326  27.71272366 22.35735586
 21.97837972 22.20203777 23.52534791 24.43861829 25.32082505 24.32057654
 24.53802187 26.7249006  25.45129225 25.14065606 27.52012922 28.80616302
 26.9609841  22.4194831  21.37574553 22.34493042 24.38270378 23.72415507
 24.4945328  23.15879722 23.29547714 25.12201789 27.24055666 26.27758449
 28.39612326 27.95501988 29.62624254 21.63667992 22.93513917 22.17097416
 23.86704771 23.09045726 24.12798211 24.02857853 24.96048708 25.39537773
 25.26491054 27.09766402 25.45750497 27.12872763 26.9361332  28.47067594
 22.22688867 22.55616302 23.30790258 25.06610338 26.37077535 24.32678926
 24.17147117 26.09120278 26.90506958 25.86133201 24.70576541 26.81187873
 27.40208748 29.27833002 23.71794235 23.35760437 22.5250994  22.94135189
 23.9416004  23.64338966 25.17171968 24.45725646 25.89239563 25.81163022
 27.56361829 28.5390159  27.50149105 28.97390656 21.34468191 21.92246521
 21.68016899 24.91078529 21.79821074 25.28976143 25.82405567 25.17171968
 25.27733598 26.05392644 24.48210736 26.49502982 27.16600398 27.17842942
 27.66923459 23.51292247]",54161.20218244849
2025-06-15 19:06:00+00:00,1146,5132.57,9.0,25.150373091260374,24.943619532803183,29.55790258449304,"[24.19632207 24.05342942 23.58747515 23.33275348 24.94806163 24.61878728
 25.31461233 26.1222664  25.19657058 27.42072565 25.23384692 28.222167
 25.4388668  22.63692843 21.71744533 22.56858847 22.92892644 24.00994036
 24.80516899 24.20253479 25.64388668 24.71819085 27.60089463 27.42693837
 25.97316103 26.32728628 25.8861829  22.04050696 22.45675944 22.40705765
 22.14612326 23.38866799 25.45750497 24.03479125 24.53180915 25.89239563
 26.71868787 24.81759443 24.91699801 29.42122266 27.06038767 21.11481113
 22.64935388 22.33250497 21.92867793 24.59393638 23.63717694 24.64985089
 24.33300199 26.40805169 25.38295229 26.3832008  25.17171968 26.68141153
 26.54473161 29.55790258 22.00323062 23.17743539 24.0472167  23.76143141
 24.00372763 22.45054672 24.23359841 25.50720676 25.10959245 26.06635189
 26.38941352 26.00422465 27.63195825 26.85536779 22.47539761 22.63071571
 24.50074553 24.27708748 25.45750497 22.8916501  24.98533797 25.52584493
 27.22813121 25.21520875 26.06013917 26.90506958 26.43911531 26.64413519
 22.10263419 22.51888668 23.59368787 24.38270378 24.03479125 23.24577535
 24.10313121 25.23384692 25.37052684 25.70601392 25.55690855 25.47614314
 27.6443837  27.28404573 27.70029821 23.32032803 23.15258449 24.47589463
 22.64935388 24.11555666 25.10959245 24.94806163 25.58175944 23.76764414
 26.32107356 25.99801193 25.60039761 27.92395626 26.3583499  21.49378728
 23.55641153 24.89835984 24.55044732 21.92246521 24.48210736 25.05989066
 26.30864811 24.71197813 27.48906561 25.097167   27.12251491 26.45154076
 26.99826044 22.43190855 23.10909543 24.29572565 22.25795229 24.61878728
 24.90457256 23.92917495 25.5444831  26.65034791 25.72465209 25.01018887
 27.32132207 25.92345924 27.07902584 23.03454274 22.94135189 23.33275348
 21.7112326  23.79249503 26.92992048 25.07852883 24.23359841 25.81784294
 24.77410537 25.45129225 28.29050696 27.13494036 27.90531809 27.84319085
 22.23310139 22.46918489 23.1277336  23.92296223 23.99130219 23.43215706
 25.21520875 24.79274354 25.84269384 26.33349901 25.9110338  25.48856859
 24.68712724 29.54547714 21.81063618 25.03503976 20.97813121 24.89835984
 22.86058648 24.58151093 23.48185885 23.96645129 27.02932406 27.03553678
 25.76814115 26.83672962 28.02335984 28.53280318 22.84194831 23.27062624
 23.13394632 24.11555666 23.88568588 23.52534791 25.50720676 23.69930417
 25.87997018 26.07256461 26.65034791 26.65656064 26.7000497  26.84915507
 29.21620278 23.1277336 ]",54032.68821412072
2025-06-15 19:07:00+00:00,1147,5171.02,9.0,25.26240106306708,25.063059145129227,28.96769383697813,"[23.66824056 24.66848907 23.46322068 24.00994036 24.87350895 26.69383698
 25.48856859 26.45775348 24.37027833 26.69383698 28.25944334 27.95501988
 27.97987078 22.94135189 22.8916501  23.07803181 23.71172962 24.14040755
 25.23384692 24.76789264 25.91724652 25.95452286 26.04771372 25.92967197
 26.58822068 28.40233598 26.57579523 20.07107356 22.58101392 22.8667992
 22.04050696 22.32629225 24.7306163  23.1277336  24.58772366 25.90482107
 25.81784294 27.61332008 26.01043738 26.86158052 27.99229622 22.09020875
 22.60586481 23.50670974 22.02808151 22.61829026 24.72440358 26.06013917
 26.05392644 24.64985089 25.90482107 26.84915507 26.86779324 26.66898608
 28.20352883 28.71918489 23.07803181 23.19607356 23.43215706 23.46322068
 24.41998012 26.74353877 24.85487078 24.43861829 25.06610338 27.3834493
 27.14115308 26.74353877 27.47042744 26.56336978 21.41923459 21.95352883
 23.56262425 22.98484095 23.8111332  25.51341948 23.84840954 25.03503976
 25.96694831 27.12872763 23.680666   25.96073559 27.36481113 26.9609841
 23.11530815 21.7112326  23.91053678 24.17147117 23.8111332  24.53802187
 24.00994036 24.74304175 24.53802187 25.19657058 25.6749503  27.1722167
 28.65705765 27.23434394 28.39612326 22.69905567 22.85437376 23.04696819
 23.65581511 24.72440358 23.89189861 25.81784294 25.81163022 26.17818091
 26.1471173  26.24030815 27.32132207 25.77435388 28.50795229 22.49403579
 22.32007952 22.61829026 24.61878728 24.152833   24.67470179 24.37027833
 25.19035785 26.75596421 25.87375746 27.20949304 26.28379722 27.73757455
 27.93016899 23.41351889 24.00994036 22.03429423 23.87947316 26.02907555
 24.15904573 24.30193837 24.63742545 25.53827038 25.77435388 26.47639165
 26.16575547 27.46421471 26.97340954 23.17122266 21.27012922 24.09070577
 22.12748509 21.79199801 23.48807157 24.68712724 25.14686879 26.42047714
 26.2527336  26.81809145 26.61928429 28.52659046 26.47017893 27.12872763
 25.03503976 23.61232604 22.79224652 23.80492048 21.59319085 24.58772366
 24.152833   24.10313121 25.20899602 26.28379722 26.90506958 28.40233598
 25.85511928 28.96769384 24.00994036 22.71148111 23.82977137 23.89189861
 23.93538767 23.82355865 24.46968191 24.86729622 25.75571571 25.10959245
 27.49527833 27.14115308 26.69383698 27.9860835  20.9222167  23.59368787
 21.66153082 23.15879722 23.92917495 24.20253479 26.9361332  26.7000497
 25.40159046 24.81759443 25.26491054 28.21595427 25.8054175  26.9609841
 26.30243539 23.03454274]",54407.48899659722
2025-06-15 19:08:00+00:00,1148,5170.17,9.0,25.258449636740533,25.06041873757455,29.986580516898606,"[23.55019881 24.46346918 23.14637177 24.79895626 24.26466203 24.30815109
 25.22142147 26.24652087 26.21545726 26.68762425 26.74353877 26.03528827
 28.29050696 23.35760437 23.3638171  23.53777336 23.64338966 24.5193837
 24.45104374 24.48832008 24.09691849 26.45775348 26.08499006 24.46346918
 27.13494036 27.02311133 26.73732604 24.08449304 22.02186879 23.74900596
 22.92892644 24.09070577 25.37673956 24.30815109 25.35188867 25.58797217
 26.49502982 25.63767396 26.84294235 26.4639662  26.20303181 20.70477137
 21.46272366 23.9416004  24.84244533 23.66824056 24.48210736 23.90432406
 26.06013917 26.02907555 25.12201789 26.45775348 27.61332008 27.56983101
 27.0666004  27.23434394 23.3638171  22.1833996  24.47589463 22.91028827
 22.60586481 24.32057654 24.23981113 24.79274354 26.32728628 26.01043738
 24.9666998  27.33374751 27.9860835  27.68787276 22.66177932 22.60586481
 24.4137674  24.16525845 23.43215706 25.097167   25.92345924 26.26515905
 25.35810139 27.11008946 27.82455268 25.81163022 28.27808151 28.88071571
 20.66128231 23.43836978 20.46868787 24.64985089 24.07206759 24.12798211
 25.77435388 26.09741551 24.89214712 26.21545726 27.33374751 26.99204771
 26.51988072 28.76267396 27.95501988 24.43861829 22.63071571 23.14015905
 22.57480119 23.8359841  24.53180915 26.55715706 27.80591451 22.86058648
 26.99204771 26.33349901 26.99826044 26.17818091 27.96744533 22.74875746
 22.8916501  23.21471173 24.97291252 24.7554672  25.61903579 23.5750497
 23.93538767 24.76167992 25.02882704 26.14090457 27.15357853 27.57604374
 27.84319085 23.51292247 22.25173956 23.53777336 23.89189861 24.09070577
 22.84816103 22.53752485 26.1471173  23.680666   25.20899602 25.97316103
 26.97962227 26.84294235 28.42718688 22.00944334 22.19582505 24.28951292
 22.72390656 23.34517893 25.65631213 26.18439364 24.91078529 24.68091451
 25.46993042 26.26515905 27.63195825 26.02286282 27.80591451 27.32753479
 21.20178926 23.05318091 23.40730616 23.65581511 23.28305169 24.43240557
 24.03479125 26.5695825  25.97937376 27.07902584 27.33996024 27.01068588
 28.01093439 28.98633201 21.45029821 23.21471173 22.75497018 22.71148111
 23.88568588 23.73658052 26.06635189 26.37077535 23.69930417 25.94831014
 24.625      25.74950298 25.71843936 28.02335984 23.94781312 22.33871769
 22.2890159  23.64338966 24.68091451 23.99130219 25.66873757 24.58151093
 24.74925447 24.21496024 25.71222664 27.01689861 25.45750497 27.57604374
 29.98658052 23.09045726]",54394.26910467912
2025-06-15 19:09:00+00:00,1149,5149.4400000000005,9.0,25.19582810913782,24.996023856858848,29.626242544731607,"[21.87276342 24.61257455 23.75521869 24.72440358 25.9110338  25.69358847
 24.94806163 26.9609841  27.29025845 26.84915507 27.49527833 28.83101392
 28.30914513 22.73633201 22.53131213 22.17718688 23.80492048 23.71794235
 22.58722664 25.14065606 24.19010934 26.10362823 24.60636183 26.16575547
 27.58846918 26.58822068 28.40854871 21.07753479 20.85387674 23.25198807
 24.8362326  22.01565606 23.29547714 23.65581511 26.90506958 25.0723161
 25.68737575 27.27162028 26.85536779 26.51366799 28.1973161  22.64314115
 21.93489066 23.33275348 22.35114314 22.6555666  25.05367793 25.27733598
 24.78653082 24.58151093 26.19060636 25.62524851 27.28404573 29.39015905
 26.29000994 24.92942346 21.84791252 21.64289264 23.23956262 24.15904573
 24.88593439 24.48210736 25.17171968 25.58175944 23.99130219 25.50099404
 25.24005964 27.11630219 26.48260437 26.65034791 22.33871769 22.24552684
 21.91003976 23.30790258 24.41998012 24.22117296 25.74950298 25.45129225
 27.39587475 25.569334   26.52609344 28.06063618 26.70626243 28.91799205
 20.5805169  22.30765408 22.35735586 22.41327038 22.36978131 22.64314115
 24.33921471 24.64363817 24.64985089 25.25869781 27.06038767 25.81163022
 27.39587475 27.8556163  27.04796223 24.05342942 22.71769384 24.63742545
 23.37624254 24.2833002  23.39488072 26.88643141 24.57529821 24.84865805
 26.2278827  26.71868787 25.8054175  25.49478131 29.17271372 21.15208748
 22.9972664  23.45079523 23.28926441 24.61257455 24.72440358 24.91699801
 24.56287276 26.09741551 26.65656064 28.10412525 26.16575547 27.32132207
 27.71893638 21.76093439 23.22713718 22.97241551 23.2582008  22.72390656
 24.87350895 23.94781312 25.53827038 24.42619284 27.5139165  26.68762425
 25.74329026 26.07877734 28.20352883 23.74279324 22.6804175  23.58126243
 24.92942346 24.57529821 24.45104374 25.2027833  25.51341948 26.1471173
 27.38966203 27.6195328  26.27758449 25.60039761 29.62624254 27.41451292
 23.56262425 22.41327038 22.38841948 23.38245527 24.2833002  24.69333996
 26.26515905 23.4445825  24.63742545 26.8305169  27.68166004 25.78677932
 26.42668986 28.65084493 22.4194831  24.76167992 22.54373757 22.35114314
 23.55019881 24.57529821 23.18986083 26.1222664  25.57554672 26.94234592
 26.98583499 27.70651093 26.30864811 28.7999503  22.04050696 24.17147117
 23.12152087 22.19582505 24.66227634 23.2333499  23.58747515 23.89811133
 25.38916501 25.46371769 26.38941352 26.37077535 26.53230616 27.6195328
 26.00422465 23.61232604]",54184.762521931494
2025-06-15 19:10:00+00:00,1150,5150.380000000001,9.0,25.197152375092365,24.998943836978132,29.582753479125248,"[24.54423459 23.56262425 24.44483101 23.20849901 24.12176938 25.04125249
 25.59418489 25.14686879 26.43290258 25.94209742 29.49577535 28.01714712
 27.88667992 23.47564612 21.97837972 24.22117296 24.25223658 25.44507952
 24.17147117 26.84294235 23.74900596 25.61903579 26.32107356 28.73782306
 28.05442346 26.83672962 27.60089463 21.07753479 22.53131213 21.64289264
 23.66202783 25.68116302 25.92967197 24.14662028 24.46346918 25.76192843
 25.86133201 26.34592445 27.42693837 26.79945328 28.74403579 21.17693837
 22.27659046 22.01565606 23.38245527 21.94110338 24.44483101 25.45750497
 26.63170974 24.94806163 25.68737575 26.37077535 26.44532803 25.3332505
 27.50149105 28.0916998  22.88543738 22.94135189 23.18364811 23.40109344
 23.45079523 23.93538767 24.8362326  25.11580517 23.04696819 25.93588469
 26.66898608 24.59393638 28.88071571 29.58275348 23.12152087 21.80442346
 25.34567594 23.52534791 24.0472167  23.99130219 24.06585487 24.3889165
 26.47017893 25.21520875 26.90506958 27.15357853 26.25894632 28.88071571
 21.70501988 22.75497018 23.69309145 21.67395626 22.81088469 23.48807157
 24.79274354 25.15929423 27.58225646 25.94209742 26.52609344 25.83026839
 27.3026839  26.01043738 25.95452286 23.10909543 22.13369781 22.6804175
 24.53180915 22.41327038 24.89835984 24.55044732 23.32032803 26.0166501
 25.44507952 26.19060636 26.63170974 25.45750497 27.89910537 23.33275348
 21.77335984 21.08374751 23.27062624 25.46993042 23.680666   25.9110338
 25.21520875 26.3583499  28.14140159 27.20949304 26.60064612 27.27162028
 27.45800199 22.43812127 22.63692843 23.05939364 25.06610338 22.50646123
 23.89811133 24.77410537 26.06635189 24.79895626 26.56336978 26.1471173
 26.68762425 26.53230616 26.74975149 20.85387674 22.00323062 24.0472167
 23.09666998 21.33846918 25.40159046 23.43215706 23.35139165 25.13444334
 26.37077535 25.82405567 25.68116302 26.24652087 27.47042744 27.47664016
 23.28305169 21.41302187 26.16575547 24.20253479 24.50695825 23.7055169
 22.66799205 25.82405567 25.45129225 25.10959245 27.69408549 27.22191849
 27.84319085 28.37127237 24.09070577 21.46272366 22.17718688 24.60014911
 25.19035785 24.02236581 25.19035785 24.34542744 25.04125249 24.90457256
 29.07331014 25.19657058 28.40233598 26.47639165 22.15854871 23.16500994
 22.84816103 22.43190855 23.54398608 22.91028827 25.76814115 24.79274354
 25.39537773 26.20303181 27.07902584 26.50124254 27.45800199 28.16625249
 27.15979125 23.48185885]",54189.19298610902
2025-06-15 19:11:00+00:00,1151,5130.12,9.0,25.135911217174822,24.93600894632206,29.25969184890656,"[22.90407555 23.2582008  23.82977137 22.6555666  23.91053678 24.625
 26.23409543 24.60636183 26.03528827 25.44507952 25.94831014 25.56312127
 27.90531809 23.17743539 21.64910537 23.81734592 22.71148111 23.3389662
 23.50670974 23.69309145 25.24627237 26.1471173  26.2278827  25.47614314
 26.06013917 25.74329026 29.25969185 20.97191849 20.84145129 22.01565606
 22.85437376 25.77435388 23.67445328 23.78006958 24.71197813 25.81163022
 25.53205765 23.93538767 26.2278827  27.5387674  29.2472664  21.20178926
 23.67445328 22.85437376 22.69284294 24.20253479 25.09095427 23.4445825
 25.25869781 25.14686879 25.58797217 27.50149105 27.01068588 26.21545726
 28.06063618 29.10437376 23.59368787 23.55641153 22.33250497 22.87922465
 23.18986083 25.27112326 24.7306163  25.02882704 25.81784294 27.5387674
 26.65656064 26.30864811 27.8804672  26.16575547 21.27012922 21.95974155
 21.15208748 23.43215706 24.78653082 26.10362823 25.3083996  24.26466203
 26.19681909 25.62524851 25.9110338  27.70029821 26.03528827 28.00472167
 21.10238569 23.22713718 22.77982107 24.69333996 22.99105368 25.89860835
 23.33275348 24.25223658 26.04771372 25.76192843 24.20253479 25.77435388
 26.98583499 27.71893638 27.84940358 22.74254473 23.10909543 22.91650099
 22.39463221 23.71172962 24.45104374 24.97912525 24.02857853 25.83648111
 26.76838966 26.63170974 26.27758449 27.20949304 27.34617296 22.84194831
 23.3389662  22.98484095 24.40134195 24.95427435 25.5444831  25.60039761
 23.4694334  26.69383698 26.10362823 26.71247515 28.00472167 27.14736581
 28.15382704 22.22067594 22.20203777 23.26441352 24.63121272 23.1277336
 24.72440358 23.42594433 26.33349901 26.9609841  25.96694831 25.87375746
 26.4888171  28.28429423 28.39612326 22.53131213 23.56262425 24.152833
 23.16500994 24.25223658 24.04100398 24.90457256 26.47639165 24.03479125
 26.77460239 25.59418489 25.78677932 25.27112326 26.74353877 27.78727634
 22.5499503  23.42594433 24.82380716 23.63096421 25.12823062 25.00397614
 25.05989066 26.17818091 25.62524851 27.76863817 26.78081511 27.48906561
 28.00472167 27.40208748 22.64314115 22.12127237 21.95352883 23.01590457
 22.38841948 25.22763419 25.56312127 23.8359841  25.96073559 24.61257455
 25.73707753 25.15308151 27.4083002  28.19110338 22.21446322 22.69284294
 21.28255467 22.84194831 23.79249503 25.29597416 23.43836978 24.02857853
 25.26491054 26.51988072 25.14065606 26.22166998 24.32678926 27.41451292
 28.97390656 23.47564612]",53984.30456818008
2025-06-15 19:12:00+00:00,1152,5110.49,9.0,25.076525947839706,24.87503106361829,28.70675944333996,"[22.81088469 24.38270378 22.40084493 22.9972664  23.71172962 24.40755467
 23.84840954 25.64388668 27.14115308 25.17793241 27.14115308 28.32157058
 27.9860835  23.58126243 21.61182903 24.89214712 23.2333499  22.73633201
 23.4445825  23.30790258 25.10959245 26.20303181 25.5444831  26.30864811
 25.81784294 27.29647117 26.69383698 22.40705765 23.09045726 23.16500994
 22.73633201 23.51913519 24.33921471 24.69333996 24.07206759 25.37673956
 25.30218688 27.08523857 24.3889165  27.42693837 28.35884692 21.40680915
 22.6804175  23.34517893 23.59368787 24.44483101 23.92296223 25.87375746
 24.38270378 25.02261431 24.86729622 27.19085487 26.47639165 26.30864811
 27.56361829 27.4083002  23.23956262 23.18364811 21.3695328  24.28951292
 24.82380716 24.55666004 25.65631213 25.15308151 25.71843936 25.34567594
 26.24030815 25.61903579 26.49502982 27.56361829 23.37624254 19.49329026
 23.37002982 23.20228628 23.73036779 23.84840954 26.2527336  26.11605368
 25.48235586 26.63170974 27.65059642 26.9609841  26.97962227 26.97340954
 23.11530815 21.64910537 23.63717694 23.89189861 22.73633201 24.61257455
 26.50745527 26.60685885 25.74329026 25.43265408 27.14736581 28.21595427
 25.22142147 27.49527833 27.60089463 19.95303181 21.15208748 21.43787276
 23.680666   24.61257455 23.43215706 23.92296223 25.79920477 24.53180915
 27.50770378 25.47614314 27.16600398 27.34617296 27.4083002  21.83548708
 23.04696819 23.78628231 24.87350895 22.95999006 24.12798211 24.94184891
 24.88593439 24.63742545 26.4888171  25.79299205 25.70601392 25.76814115
 28.68812127 22.71769384 23.91053678 23.37624254 23.17743539 23.86083499
 23.47564612 23.78628231 24.09691849 25.71222664 28.20352883 28.22837972
 27.20328032 28.04199801 27.91774354 22.37599404 23.21471173 22.27037773
 22.38220676 24.76167992 23.41351889 25.48856859 24.37649105 25.22142147
 25.25869781 26.05392644 26.63170974 26.96719682 26.14090457 28.70675944
 21.96595427 23.33275348 22.69284294 23.78628231 23.39488072 22.35114314
 24.02236581 24.19010934 26.79324056 26.04771372 25.89239563 27.97365805
 25.48856859 26.52609344 22.12748509 22.23931412 23.09045726 23.46322068
 23.84840954 24.12176938 25.16550696 25.05989066 24.27087475 26.96719682
 25.32082505 24.48210736 26.91749503 27.59468191 22.23310139 22.29522863
 22.61829026 23.17743539 24.12798211 23.91053678 24.38270378 26.77460239
 26.22166998 25.64388668 26.37077535 25.04746521 27.70651093 26.1471173
 27.97365805 22.17097416]",53785.62521109252
2025-06-15 19:13:00+00:00,1153,5092.16,9.0,25.020973794116667,24.818091451292247,29.352882703777333,"[23.58126243 22.2082505  21.59940358 25.71222664 24.71819085 23.680666
 25.94831014 25.09095427 25.03503976 27.47042744 27.01689861 28.32157058
 25.51341948 20.91600398 21.70501988 21.97837972 24.48210736 24.10313121
 25.42022863 24.09691849 26.3583499  25.19657058 24.26466203 26.40805169
 27.41451292 26.01043738 27.09766402 21.76093439 22.30144135 22.73633201
 25.03503976 22.66177932 23.92296223 25.097167   25.62524851 25.00397614
 26.83672962 26.64413519 26.17196819 27.31510934 26.5695825  21.13966203
 22.22688867 23.21471173 23.9416004  24.20874751 23.66202783 24.66848907
 24.88593439 22.89786282 24.58151093 26.91128231 26.31486083 27.32753479
 27.07281312 28.25944334 23.56262425 23.51292247 23.74279324 23.00347913
 24.43240557 23.680666   24.5193837  25.51341948 24.80516899 25.55069583
 26.43290258 24.71819085 27.12872763 25.81163022 23.69309145 22.99105368
 25.17793241 24.65606362 22.43190855 25.69358847 24.33921471 23.71794235
 26.28379722 26.18439364 27.25298211 26.60064612 27.47664016 27.65059642
 21.82927435 24.27708748 21.92246521 23.56262425 22.81709742 24.21496024
 25.55690855 25.66252485 26.38941352 24.68712724 26.63792247 25.84269384
 26.24030815 27.277833   28.04199801 21.97837972 23.46322068 24.20874751
 23.22092445 23.52534791 23.84219682 23.5750497  25.06610338 25.50099404
 25.68116302 25.71222664 25.94831014 29.09194831 26.19681909 23.59368787
 21.99701789 22.38220676 24.53802187 25.38916501 25.2027833  24.00994036
 24.26466203 25.83648111 24.1776839  26.25894632 26.06013917 27.84940358
 26.53230616 20.95949304 21.48136183 23.29547714 23.20849901 24.13419483
 22.76739563 24.23359841 23.96023857 26.85536779 25.49478131 25.37673956
 27.3026839  29.3528827  26.84915507 22.33250497 22.67420477 23.12152087
 24.46346918 25.14686879 21.88518887 25.50720676 25.26491054 26.62549702
 25.12823062 24.92942346 26.7000497  25.87375746 27.72514911 27.83076541
 22.02186879 21.05889662 22.09642147 23.96023857 24.1776839  25.33946322
 24.02857853 25.48235586 25.56312127 26.17196819 26.64413519 25.09095427
 26.2278827  28.37748509 21.94110338 20.72340954 22.76739563 23.54398608
 23.26441352 23.82355865 24.61878728 23.91053678 24.91078529 24.81138171
 25.42644135 26.48260437 28.30293241 27.6443837  21.95352883 23.87326044
 22.35735586 23.79870775 22.64314115 23.73658052 24.9915507  23.92917495
 23.48185885 26.52609344 26.47017893 26.16575547 27.61332008 26.77460239
 28.22837972 21.20800199]",53599.76992559672
2025-06-15 19:14:00+00:00,1154,5090.8099999999995,9.0,25.015527149598086,24.813897862823058,29.644880715705764,"[22.5499503  23.49428429 23.54398608 24.00994036 25.13444334 23.85462227
 23.79249503 27.04796223 26.94855865 25.84890656 26.54473161 29.64488072
 27.20949304 20.65506958 23.54398608 22.94756461 22.56237575 24.12176938
 22.58722664 23.04075547 24.10313121 24.2584493  25.92967197 26.29000994
 25.7805666  27.66923459 27.76242545 22.93513917 23.11530815 22.48161034
 23.64338966 25.03503976 23.53156064 23.07181909 25.44507952 26.5695825
 24.94184891 27.89910537 26.0166501  26.69383698 27.32132207 21.91625249
 21.54970179 21.3943837  24.79895626 24.05964215 25.04125249 23.64338966
 23.27062624 25.92967197 25.9917992  26.40805169 26.00422465 26.33349901
 26.65034791 26.91128231 23.14637177 21.76093439 22.5499503  23.96645129
 23.01590457 23.82977137 24.625      25.44507952 26.2278827  25.2027833
 26.7249006  27.33374751 28.21595427 27.40208748 22.84194831 22.57480119
 22.70526839 24.10934394 22.79224652 23.31411531 24.94806163 26.18439364
 24.23359841 24.8610835  27.70651093 24.74304175 26.08499006 27.29025845
 21.96595427 22.61207753 22.71769384 24.61878728 23.74279324 26.70626243
 25.31461233 22.95999006 24.52559642 27.43315109 28.88692843 26.08499006
 23.13394632 27.04796223 27.21570577 22.49403579 22.37599404 24.83001988
 22.13991054 24.5193837  24.47589463 24.32057654 25.92345924 26.3832008
 26.06013917 26.24030815 26.09741551 26.55094433 25.83026839 23.84219682
 21.95974155 21.95974155 22.99105368 26.15333002 24.14662028 24.27708748
 25.60039761 25.53827038 25.9917992  26.2527336  26.09120278 26.805666
 28.43961233 22.05293241 23.40730616 22.80467197 21.59319085 23.56262425
 23.50670974 25.17171968 24.87972167 25.25869781 25.60039761 26.15333002
 25.68737575 26.66898608 25.92967197 23.48185885 22.82331014 23.22092445
 23.66202783 23.20849901 24.81138171 22.8916501  25.28976143 24.36406561
 23.50049702 26.75596421 26.57579523 27.46421471 28.83101392 27.90531809
 20.43762425 23.3638171  22.36978131 23.94781312 23.66202783 23.48185885
 25.45750497 25.14065606 25.96694831 25.01018887 25.4140159  27.11630219
 26.85536779 28.91799205 21.36332008 23.39488072 23.37002982 24.48210736
 23.28926441 24.69333996 23.56883698 24.84244533 23.73658052 26.29000994
 25.37052684 26.60064612 27.45178926 27.88667992 22.50646123 23.27683897
 23.38866799 24.14662028 22.6804175  24.19010934 24.55666004 25.11580517
 23.87947316 26.32728628 25.06610338 25.27112326 26.97962227 27.90531809
 28.43961233 21.92867793]",53581.54763169536
2025-06-15 19:15:00+00:00,1155,5065.4,9.0,24.93907520714226,24.73496520874751,28.799950298210735,"[23.15879722 23.07803181 23.680666   24.61878728 24.19632207 24.8362326
 24.82380716 25.32703777 24.82380716 26.66898608 26.0166501  27.54498012
 24.58151093 21.58697813 24.35785288 23.55019881 24.68091451 24.79274354
 23.56883698 25.95452286 25.76192843 24.37649105 24.20874751 25.55069583
 27.32753479 26.63170974 27.81212724 23.71794235 22.22067594 20.56809145
 23.88568588 23.62475149 23.92917495 25.69980119 23.3389662  25.45750497
 25.04125249 26.97962227 26.92992048 26.55094433 25.81784294 22.09642147
 21.86033797 23.53777336 21.6056163  22.6804175  25.29597416 23.20849901
 24.2833002  23.79870775 25.81163022 26.9361332  25.12823062 27.07902584
 27.56361829 27.25919483 22.10263419 22.8667992  23.32654076 23.73658052
 25.12823062 24.46968191 25.48235586 25.29597416 26.85536779 25.26491054
 27.29647117 27.65680915 26.41426441 27.03553678 21.99080517 23.23956262
 23.680666   23.29547714 22.37599404 25.17793241 23.14015905 24.05342942
 24.58772366 26.36456262 27.66923459 26.10984095 26.2527336  27.79970179
 21.7360835  22.6555666  21.41923459 23.8359841  23.49428429 25.69358847
 23.41351889 25.4140159  24.21496024 26.06635189 25.02261431 27.97987078
 26.20303181 24.89835984 26.68762425 23.9167495  23.24577535 23.43836978
 21.69259443 24.53180915 24.78031809 23.40109344 24.76167992 25.45129225
 26.32728628 26.11605368 25.00397614 28.59493042 27.29647117 22.69905567
 22.53752485 22.7860338  23.86083499 24.78653082 24.44483101 27.02311133
 23.41351889 26.47017893 26.47017893 27.06038767 26.43911531 26.96719682
 27.70651093 22.99105368 22.90407555 23.30790258 23.48807157 24.76167992
 22.92892644 24.39512922 25.19035785 24.31436382 24.52559642 26.69383698
 26.89264414 26.67519881 26.42047714 22.02186879 23.53156064 24.41998012
 22.87922465 21.87897614 24.48210736 24.55666004 23.63096421 24.72440358
 25.71222664 24.57529821 25.73086481 27.88667992 26.94234592 27.68166004
 20.35685885 21.87276342 21.58076541 22.35735586 24.60636183 22.85437376
 23.33275348 24.32057654 24.86729622 25.97316103 25.96073559 26.36456262
 26.79945328 27.79970179 22.04671968 21.74229622 23.43836978 23.28926441
 24.53180915 23.38245527 23.84840954 24.82380716 25.96073559 24.69333996
 28.17246521 25.9917992  26.40183897 26.61307157 21.24527833 22.23931412
 21.27634195 24.34542744 23.10909543 23.75521869 25.19657058 24.06585487
 24.03479125 24.53180915 26.29622266 27.14115308 26.29000994 26.94855865
 28.7999503  23.53777336]",53325.77001301516
2025-06-15 19:16:00+00:00,1156,5107.17,9.0,25.060871225274532,24.864717942345923,28.942842942345923,"[24.66848907 21.46272366 24.47589463 21.56833996 25.19657058 23.56883698
 23.4694334  25.65631213 25.19035785 26.68762425 27.91774354 28.35884692
 27.9860835  21.00298211 22.51267396 23.07181909 23.11530815 23.37002982
 24.01615308 24.78031809 25.76192843 25.62524851 27.33374751 24.60636183
 28.68812127 27.32132207 28.38991054 21.65531809 23.60611332 23.02833002
 23.46322068 22.72390656 25.01018887 23.46322068 25.04125249 24.95427435
 23.28926441 26.13469185 26.03528827 27.24055666 27.6443837  23.25198807
 21.50621272 23.19607356 23.92296223 24.87972167 24.45104374 25.35810139
 23.3638171  24.83001988 27.07902584 24.63121272 26.75596421 26.30864811
 27.19085487 27.11630219 22.91028827 22.28280318 23.78006958 23.79870775
 26.00422465 24.65606362 24.43240557 26.52609344 24.97291252 24.60636183
 25.58175944 25.46371769 26.86779324 26.86158052 22.03429423 22.3138668
 23.28926441 23.12152087 24.43861829 25.37052684 25.25869781 25.08474155
 23.87326044 27.18464215 25.69358847 27.86182903 27.60710736 28.68812127
 23.69309145 21.68638171 21.84791252 24.47589463 24.64985089 25.45750497
 23.3389662  26.70626243 25.89239563 26.15333002 25.81784294 26.07877734
 26.54473161 27.79970179 27.6195328  23.07803181 24.50074553 24.67470179
 23.30790258 23.51292247 23.3638171  25.25869781 25.99801193 24.78653082
 24.87350895 23.66824056 27.44557654 27.43936382 28.94284294 22.03429423
 21.7360835  23.04075547 23.58747515 23.27683897 23.80492048 23.96645129
 24.91699801 24.25223658 25.69980119 27.16600398 25.097167   26.9361332
 27.75       21.01540755 22.91650099 22.42569583 22.05914513 22.63071571
 23.68687873 24.67470179 24.26466203 25.66873757 25.37052684 26.84294235
 25.6749503  26.04150099 27.24676938 22.74875746 22.51888668 22.43812127
 23.54398608 24.64985089 25.12823062 23.27062624 24.37649105 25.00397614
 26.60685885 26.62549702 26.3832008  25.92345924 27.42072565 27.25298211
 21.54348907 23.54398608 23.20228628 23.09045726 21.98459245 25.40159046
 25.53827038 23.55641153 25.55690855 23.61232604 26.47017893 27.11008946
 26.27137177 26.38941352 22.83573559 22.6804175  22.48161034 23.98508946
 23.35139165 25.34567594 25.06610338 26.9609841  25.08474155 25.86754473
 24.82380716 27.50149105 27.65680915 27.10387674 22.61829026 22.28280318
 23.4445825  23.27062624 24.2833002  23.75521869 25.24627237 25.14686879
 24.76789264 26.77460239 27.42072565 26.69383698 26.85536779 26.32107356
 27.97365805 22.28280318]",53733.25077127847
2025-06-15 19:17:00+00:00,1157,5084.1,9.0,24.991318437729444,24.793054174950292,28.97390656063618,"[22.5499503  23.06560636 21.86033797 26.11605368 24.42619284 24.60014911
 23.71794235 27.16600398 24.61257455 27.14736581 27.63195825 27.78106362
 25.91724652 20.67992048 23.30790258 22.5250994  23.69930417 25.01018887
 24.50695825 24.11555666 26.06635189 25.44507952 25.71843936 26.30864811
 25.31461233 26.19060636 26.87400596 21.97837972 21.24527833 22.58722664
 24.00994036 24.17147117 23.78006958 24.83001988 26.0166501  24.79895626
 26.65034791 25.35810139 27.56361829 26.5944334  26.74975149 21.48136183
 22.21446322 23.17743539 23.9167495  24.71197813 23.74900596 22.61207753
 24.9666998  24.57529821 26.85536779 24.77410537 24.01615308 27.40208748
 27.0666004  28.1165507  22.43190855 24.02857853 23.34517893 24.38270378
 22.79845924 23.79249503 24.4137674  24.84865805 25.20899602 25.20899602
 24.99776342 25.77435388 27.61332008 26.62549702 21.81063618 22.0777833
 23.61232604 23.66202783 23.58126243 23.51913519 24.9666998  25.21520875
 24.94806163 24.89835984 27.16600398 26.71247515 27.50770378 28.97390656
 20.82281312 23.37624254 22.75497018 23.0221173  23.68687873 24.63742545
 24.64363817 23.96645129 25.50099404 25.45750497 26.32107356 25.74950298
 26.60064612 27.52634195 26.95477137 22.74254473 22.0777833  21.51242545
 22.08399602 22.73633201 25.35188867 24.50695825 25.19657058 26.86158052
 25.59418489 26.50124254 27.55740557 27.47042744 28.81237575 21.82306163
 21.63667992 23.51292247 22.72390656 24.10313121 24.02857853 23.64338966
 26.50745527 24.09070577 26.06013917 26.7249006  27.49527833 26.805666
 26.07256461 22.00323062 21.14587475 21.46272366 22.67420477 23.38245527
 22.39463221 23.58126243 26.24030815 25.06610338 24.88593439 27.78727634
 26.66898608 27.23434394 26.71868787 20.97813121 21.88518887 22.91028827
 24.64363817 23.2333499  24.37027833 22.91650099 26.09120278 25.48856859
 27.16600398 26.43911531 26.30243539 25.08474155 27.11008946 28.14140159
 24.04100398 22.03429423 22.58101392 24.8362326  22.15854871 23.33275348
 24.53180915 24.51317097 26.21545726 26.805666   27.22813121 26.76838966
 27.15979125 27.14736581 21.41923459 24.41998012 22.10263419 24.30815109
 24.22117296 22.07157058 24.10934394 25.84890656 25.49478131 25.9110338
 27.81212724 26.33349901 27.39587475 28.1973161  21.25770378 21.66774354
 22.16476143 24.0472167  23.65581511 23.38245527 24.42619284 25.76192843
 24.55666004 26.24030815 27.73136183 26.53230616 27.25919483 28.79373757
 28.24701789 22.17718688]",53500.55496526762
2025-06-15 19:18:00+00:00,1158,5046.139999999999,9.0,24.87782150722756,24.675136679920477,28.97390656063618,"[21.48136183 22.82952286 21.80442346 22.48782306 23.3638171  25.49478131
 24.68091451 25.61903579 25.46993042 25.51341948 24.63121272 27.96744533
 28.97390656 22.97241551 23.45700795 21.20178926 23.09666998 25.93588469
 24.67470179 24.39512922 25.73086481 26.69383698 26.27137177 25.097167
 26.76838966 25.87997018 26.36456262 22.35735586 22.68663022 23.18364811
 22.68663022 22.93513917 24.1776839  22.8916501  24.37649105 24.13419483
 24.61878728 26.86158052 26.02286282 25.91724652 28.0916998  20.84766402
 25.30218688 23.61232604 22.84194831 24.03479125 24.77410537 23.77385686
 25.4388668  24.8610835  24.36406561 24.96048708 26.34592445 26.78081511
 26.29000994 28.43961233 21.58076541 22.12748509 22.81088469 24.22738569
 21.86033797 24.10934394 24.8362326  24.98533797 25.3332505  26.84294235
 27.52012922 25.74950298 26.68762425 28.38991054 22.59965209 21.64910537
 22.37599404 22.72390656 25.74950298 24.07828032 23.97266402 23.5750497
 24.23359841 26.57579523 26.76838966 28.17246521 26.54473161 27.55740557
 21.52485089 22.71769384 23.5999006  20.86630219 23.93538767 23.1028827
 24.0472167  24.37027833 25.65631213 26.44532803 25.39537773 26.79324056
 26.82430417 27.50149105 27.01068588 21.90382704 22.1833996  22.94135189
 22.91650099 23.04075547 24.42619284 23.0221173  25.04125249 25.76192843
 24.88593439 27.08523857 26.33349901 28.7999503  27.32132207 21.88518887
 24.24602386 22.3138668  24.72440358 24.95427435 23.16500994 23.11530815
 24.13419483 24.68091451 26.54473161 25.76192843 26.56336978 27.91153082
 28.6694831  20.51217694 21.42544732 20.48111332 24.2833002  22.5250994
 25.01640159 24.2584493  24.94806163 23.89189861 25.52584493 26.1222664
 26.17818091 26.92370775 26.30243539 21.84791252 21.99080517 25.81163022
 22.58101392 22.69284294 24.25223658 22.92271372 24.09070577 25.32082505
 26.56336978 25.45129225 25.66873757 26.50745527 27.08523857 28.34642147
 22.46918489 23.45700795 22.58101392 24.40755467 24.48210736 25.569334
 24.58772366 24.84244533 25.02882704 25.50099404 25.69980119 24.79274354
 26.51988072 27.07902584 23.46322068 21.35089463 23.88568588 24.78653082
 22.87301193 26.07877734 24.44483101 25.49478131 23.76143141 24.11555666
 26.17196819 27.07902584 27.03553678 26.88021869 20.60536779 22.74254473
 22.61829026 23.50049702 22.81709742 23.64960239 23.9167495  25.27733598
 24.30193837 25.05989066 25.40159046 26.94855865 25.66252485 26.89264414
 27.5139165  23.92296223]",53120.83963458053
2025-06-15 19:19:00+00:00,1159,5035.98,9.0,24.84636051901374,24.643576043737575,29.129224652087473,"[22.48161034 22.50024851 23.09045726 22.87301193 23.8111332  23.91053678
 24.26466203 26.19060636 25.569334   24.65606362 26.4639662  27.17842942
 26.44532803 22.39463221 21.74229622 22.66177932 23.30790258 23.17743539
 22.92892644 23.40109344 26.3583499  27.04796223 25.39537773 26.86158052
 29.12922465 27.05417495 27.91774354 22.32629225 21.69259443 24.20874751
 23.71794235 22.92271372 24.5193837  23.60611332 22.42569583 24.60014911
 25.4140159  24.55044732 26.29622266 27.04796223 27.39587475 23.2333499
 20.45626243 22.14612326 22.48782306 24.8362326  24.37649105 24.86729622
 24.17147117 24.20874751 26.20924453 26.19681909 25.68116302 26.86158052
 27.57604374 26.20924453 21.54970179 23.40109344 23.24577535 23.30790258
 24.92942346 23.9416004  24.89835984 25.61282306 23.84840954 26.45154076
 25.99801193 26.18439364 26.83672962 28.11033797 22.57480119 22.8667992
 24.71197813 21.44408549 22.6804175  24.28951292 24.34542744 25.22142147
 24.31436382 24.14662028 25.79920477 25.32703777 28.67569583 27.54498012
 21.11481113 23.42594433 21.5        22.6804175  23.99751491 25.10337972
 24.69333996 25.14065606 25.94209742 26.27758449 26.27137177 27.13494036
 26.53851889 26.31486083 28.76888668 23.22092445 22.8667992  23.1277336
 22.48161034 26.18439364 25.07852883 23.96023857 23.88568588 24.37649105
 25.51341948 25.63767396 26.52609344 26.78081511 26.36456262 22.3138668
 21.53727634 22.69905567 22.35735586 23.07181909 22.8667992  26.14090457
 25.91724652 25.37673956 25.15308151 25.68116302 26.84915507 26.60685885
 26.06013917 22.07157058 22.0777833  22.74875746 21.94110338 23.04075547
 22.17718688 25.42022863 25.31461233 23.32654076 26.04150099 26.71247515
 25.98558648 27.277833   27.81833996 23.45079523 24.14040755 23.37002982
 23.66824056 23.98508946 23.92296223 23.93538767 24.60014911 24.39512922
 25.02882704 24.82380716 25.81163022 25.44507952 26.92370775 25.51341948
 22.71769384 22.58101392 22.46918489 23.94781312 25.569334   23.680666
 25.17171968 25.97937376 23.11530815 25.90482107 25.91724652 26.88021869
 26.81187873 27.43936382 23.41351889 23.27683897 21.58076541 24.31436382
 24.1776839  24.40134195 25.04125249 24.43240557 23.55019881 25.02882704
 26.7249006  26.10362823 28.07927435 28.29671968 20.04622266 22.53131213
 22.71769384 22.15854871 24.12176938 23.32032803 25.68116302 23.30790258
 23.87947316 25.16550696 25.28354871 25.01640159 26.88643141 25.61903579
 26.96719682 23.58126243]",53015.58375241237
2025-06-15 19:20:00+00:00,1160,5032.610000000001,9.0,24.834934072307828,24.633107604373755,29.533051689860834,"[22.23310139 22.33250497 22.05293241 23.96023857 24.55666004 25.59418489
 25.25248509 24.95427435 26.37077535 25.60661034 26.11605368 27.3834493
 27.31510934 23.4694334  23.61232604 24.27708748 23.88568588 22.48161034
 24.90457256 25.75571571 24.99776342 24.45104374 27.13494036 25.34567594
 27.34617296 27.79348907 26.24652087 22.09642147 21.61182903 22.09642147
 22.7860338  23.28305169 23.45079523 24.2584493  23.78006958 24.67470179
 25.04746521 23.56262425 26.68141153 26.22166998 26.55715706 22.69284294
 22.71148111 22.58722664 24.3889165  23.38866799 25.69980119 25.94831014
 25.74329026 24.85487078 24.09691849 22.92892644 25.16550696 26.2278827
 27.277833   27.12251491 20.12698807 22.33250497 24.10934394 23.4445825
 22.71148111 23.17743539 23.99751491 24.94184891 25.38916501 25.9110338
 27.277833   26.61307157 26.79324056 25.86754473 22.01565606 21.69880716
 24.19010934 24.09070577 22.1833996  25.25248509 23.69309145 25.34567594
 24.45725646 24.33921471 24.95427435 25.02261431 27.68166004 26.38941352
 22.43190855 23.28305169 22.35735586 22.25795229 24.54423459 25.4140159
 22.55616302 25.46993042 23.52534791 26.13469185 26.5944334  25.4388668
 29.53305169 26.95477137 28.26565606 22.03429423 22.74254473 22.74254473
 25.81784294 24.58151093 24.77410537 24.07828032 23.54398608 25.42022863
 25.51963221 25.84890656 26.08499006 28.01093439 28.89935388 23.07803181
 23.20228628 22.97862823 23.00969185 24.625      24.19632207 25.42644135
 24.71819085 25.43265408 27.84940358 25.85511928 25.21520875 26.18439364
 26.4639662  21.25149105 21.66153082 23.09045726 23.63717694 24.1776839
 23.58747515 24.14662028 24.50695825 26.20303181 26.73111332 26.54473161
 26.63792247 27.5139165  26.88021869 19.84741551 19.94060636 23.67445328
 21.74850895 24.94184891 22.84816103 25.52584493 25.20899602 23.66202783
 25.38916501 26.9609841  26.38941352 26.25894632 25.48235586 28.70675944
 22.11505964 22.16476143 22.48782306 23.64338966 23.66824056 24.01615308
 24.51317097 23.22713718 26.26515905 24.97912525 24.84865805 26.55715706
 24.9915507  25.69980119 22.39463221 21.82306163 23.21471173 23.37624254
 24.0472167  23.18364811 24.14662028 25.6500994  25.3083996  25.8861829
 24.97291252 26.12847913 26.86779324 27.32132207 21.027833   22.87922465
 22.36356859 23.15879722 24.78031809 23.13394632 23.49428429 25.25248509
 24.72440358 25.96073559 25.097167   24.61257455 26.22166998 27.07281312
 27.22191849 23.48807157]",52977.355432313074
2025-06-15 19:21:00+00:00,1161,5054.209999999999,9.0,24.897192170463217,24.700205019880713,29.30318091451292,"[22.5499503  22.71148111 25.01018887 23.30168986 24.41998012 25.55069583
 24.73682903 26.57579523 26.20924453 26.37698807 25.3083996  26.7249006
 26.17196819 22.51267396 22.54373757 22.23931412 23.82977137 22.91650099
 26.52609344 24.78031809 24.4945328  25.76192843 24.84244533 26.2278827
 26.44532803 26.96719682 26.45775348 22.91028827 21.28255467 23.21471173
 22.04050696 22.19582505 24.88593439 24.80516899 26.19681909 22.73633201
 24.45104374 27.15357853 25.76192843 26.15333002 27.12872763 22.48161034
 21.93489066 23.3389662  22.74875746 22.15854871 23.38245527 24.15904573
 23.42594433 25.87997018 23.96023857 26.81809145 26.13469185 27.88667992
 27.63195825 28.4582505  22.17097416 24.14662028 23.17122266 24.7306163
 25.06610338 24.97912525 23.9167495  24.53180915 25.27733598 25.31461233
 24.19010934 26.96719682 27.74378728 27.15357853 22.05914513 21.76093439
 23.09045726 22.93513917 23.0221173  25.14065606 24.33300199 23.78628231
 25.89860835 27.15979125 27.37102386 26.77460239 25.95452286 27.42693837
 23.87326044 21.77957256 22.7611829  22.73633201 24.10934394 23.53777336
 25.22763419 24.12798211 24.58772366 25.34567594 24.27708748 24.12798211
 26.33971173 26.07256461 27.84319085 20.1332008  21.53727634 24.48832008
 22.82331014 23.82355865 24.52559642 24.56908549 24.51317097 24.16525845
 25.30218688 25.83026839 28.55144135 27.0666004  26.94855865 22.38220676
 22.84194831 24.12176938 24.7554672  23.30790258 25.097167   24.99776342
 23.82977137 25.2027833  26.54473161 25.47614314 26.805666   26.3583499
 27.04796223 23.25198807 20.9222167  21.43166004 23.61853877 23.05939364
 24.64985089 23.98508946 25.12201789 24.23981113 24.44483101 26.13469185
 24.83001988 26.68141153 28.07927435 21.59319085 22.27037773 23.76143141
 23.54398608 24.68712724 24.09691849 24.21496024 24.35164016 25.24627237
 24.61257455 25.91724652 26.49502982 26.73111332 27.41451292 28.35263419
 22.64314115 22.07157058 22.49403579 22.8916501  24.57529821 23.99751491
 25.01640159 25.77435388 23.48185885 25.96694831 26.19681909 26.50745527
 27.56983101 27.73757455 21.23906561 22.76739563 21.80442346 23.39488072
 23.58747515 24.47589463 24.63742545 25.73086481 26.33971173 26.22166998
 25.2027833  28.29671968 27.17842942 27.28404573 22.06535785 22.55616302
 23.87947316 22.32629225 23.63096421 22.57480119 24.45104374 23.68687873
 23.08424453 26.36456262 25.97316103 24.71819085 27.78727634 29.30318091
 26.8305169  22.60586481]",53185.646125501735
2025-06-15 19:22:00+00:00,1162,5025.51,9.0,24.81100977961438,24.611052435387673,28.4831013916501,"[21.84791252 21.56212724 24.82380716 24.56908549 23.51913519 24.53180915
 24.79895626 24.96048708 27.3834493  27.20949304 27.88667992 27.45800199
 26.78081511 21.50621272 21.95974155 22.84816103 24.05964215 24.83001988
 24.79274354 24.20253479 24.63121272 26.27758449 24.36406561 27.34617296
 26.70626243 25.61903579 27.47664016 21.56212724 21.74850895 23.4445825
 25.05367793 23.51913519 22.63071571 25.68737575 24.07206759 24.18389662
 24.86729622 26.68141153 25.63767396 27.11008946 26.68762425 23.22092445
 22.56858847 23.06560636 24.09070577 23.16500994 24.20874751 22.4194831
 24.78031809 24.35164016 24.07828032 25.32703777 24.95427435 26.78702783
 27.89910537 28.48310139 21.42544732 21.78578529 23.00969185 22.45054672
 24.56908549 24.25223658 26.18439364 25.64388668 23.77385686 25.15308151
 24.84865805 26.60064612 27.05417495 28.16625249 22.46297217 22.79845924
 22.74254473 23.10909543 23.38245527 24.48210736 23.77385686 25.65631213
 23.35760437 24.68712724 27.24055666 26.75596421 26.96719682 25.48235586
 22.00944334 22.53752485 23.38866799 24.2833002  24.05964215 23.80492048
 22.77982107 24.40755467 25.13444334 23.84840954 25.83026839 26.11605368
 26.79945328 26.63170974 26.98583499 22.15854871 22.17718688 23.19607356
 25.58175944 26.02907555 24.11555666 24.58151093 25.17171968 24.27087475
 25.7805666  27.93638171 26.82430417 26.29000994 25.91724652 21.81684891
 23.72415507 22.81709742 23.60611332 23.74279324 23.92917495 25.43265408
 24.7554672  25.71843936 25.569334   25.89239563 24.9666998  26.7249006
 27.47042744 21.38817097 22.85437376 22.39463221 21.96595427 22.30765408
 23.61232604 23.62475149 25.15929423 22.63692843 25.66873757 26.02907555
 24.02236581 27.5387674  25.87375746 23.17743539 21.1334493  20.07107356
 23.66824056 24.50695825 23.02833002 26.32728628 24.84865805 25.66252485
 25.097167   25.569334   27.5387674  25.76814115 27.44557654 27.3834493
 22.85437376 21.04647117 22.73633201 23.26441352 21.66774354 24.09691849
 26.87400596 23.65581511 25.42022863 26.23409543 25.50099404 26.20303181
 26.73111332 28.10412525 22.48161034 22.4194831  22.71769384 22.6555666
 23.30790258 24.21496024 23.76143141 24.91078529 25.25248509 23.97887674
 28.31535785 25.83026839 26.5944334  27.33374751 20.8166004  22.7611829
 22.17718688 22.54373757 24.57529821 24.66848907 24.20874751 22.79224652
 25.6500994  24.4945328  25.90482107 25.35188867 26.97340954 27.18464215
 27.69408549 21.07753479]",52897.31431867787
2025-06-15 19:23:00+00:00,1163,5001.07,9.0,24.737395874402026,24.53513295228628,28.942842942345923,"[22.20203777 23.4445825  22.84816103 22.45054672 24.79895626 24.90457256
 24.7554672  26.55715706 25.34567594 25.73707753 25.79299205 26.14090457
 27.15979125 20.88494036 23.45700795 22.59343936 22.82331014 23.74279324
 24.64363817 25.7805666  24.37027833 26.30243539 24.7306163  25.15308151
 24.86729622 25.81163022 26.77460239 21.58697813 22.50024851 22.22688867
 24.53180915 23.60611332 23.78628231 23.63096421 23.46322068 23.47564612
 26.96719682 25.10337972 25.95452286 28.24701789 28.94284294 22.04671968
 22.15854871 23.23956262 22.5250994  22.84194831 25.63146123 24.18389662
 25.04746521 24.66227634 26.22166998 24.64363817 27.09766402 26.85536779
 27.61332008 27.68166004 21.79821074 21.53106362 24.07206759 23.38866799
 24.45104374 24.06585487 24.99776342 23.08424453 23.01590457 24.22117296
 27.13494036 25.60661034 28.36505964 26.29000994 21.75472167 21.87276342
 22.87301193 23.06560636 22.75497018 25.61282306 24.04100398 25.43265408
 25.51963221 24.12798211 27.21570577 26.01043738 24.81759443 25.84890656
 22.23310139 22.28280318 22.56858847 22.72390656 25.27112326 24.41998012
 23.84219682 26.27758449 23.66824056 25.64388668 27.25919483 27.03553678
 27.34617296 27.10387674 27.63817097 23.3638171  21.87897614 21.27012922
 21.54970179 23.22713718 22.87922465 22.94135189 25.81163022 25.31461233
 26.78081511 24.87972167 26.68762425 27.63195825 28.22837972 22.68663022
 21.69880716 23.03454274 22.56858847 22.53131213 24.4137674  24.33921471
 23.84219682 23.82977137 26.92370775 25.90482107 25.6500994  28.67569583
 25.19657058 21.11481113 21.12102386 22.33250497 22.49403579 22.8916501
 25.097167   23.51292247 25.64388668 26.74975149 26.40183897 25.43265408
 25.92345924 26.78081511 25.4388668  21.37574553 22.95999006 21.56212724
 23.45079523 23.37002982 22.85437376 23.93538767 24.09691849 25.56312127
 25.96073559 25.05989066 26.13469185 25.24005964 24.88593439 26.805666
 22.59965209 22.04671968 21.82306163 21.76714712 23.86083499 24.12176938
 23.05318091 24.94184891 25.60039761 25.11580517 26.17818091 25.76192843
 26.42668986 27.37102386 22.79845924 23.12152087 23.34517893 22.93513917
 22.45054672 25.01018887 25.15308151 26.74353877 25.99801193 25.45129225
 26.29622266 24.37649105 25.92345924 27.81212724 20.03379722 22.54373757
 23.62475149 23.18986083 23.56262425 24.15904573 25.60039761 25.58175944
 25.55690855 24.35785288 25.00397614 25.29597416 26.61928429 27.17842942
 26.81187873 23.05939364]",52651.0316373994
2025-06-15 19:24:00+00:00,1164,4994.540000000001,9.0,24.71663223021903,24.514848409542736,28.837226640159045,"[22.82952286 21.14587475 23.9167495  22.53131213 23.19607356 25.69980119
 22.86058648 25.32082505 25.46993042 25.21520875 26.33971173 27.20328032
 25.48235586 21.38195825 21.51863817 20.82902584 22.38841948 23.3638171
 25.04125249 26.16575547 25.04125249 24.0472167  24.71819085 26.25894632
 27.5387674  25.86133201 28.14140159 22.83573559 22.24552684 22.53131213
 23.42594433 24.69333996 23.8111332  25.61282306 24.51317097 26.02907555
 26.45775348 25.86754473 24.66848907 25.92345924 26.50745527 22.18961233
 23.43215706 22.33250497 22.6555666  22.94756461 25.70601392 22.80467197
 23.55641153 25.3083996  25.69980119 24.98533797 27.37723658 26.2278827
 25.64388668 27.60089463 21.7112326  23.80492048 22.06535785 24.45725646
 25.29597416 22.47539761 23.55641153 25.0723161  24.68091451 27.26540755
 26.64413519 25.42022863 26.66898608 26.55715706 19.46222664 22.68663022
 21.8416998  22.56858847 23.77385686 23.30790258 25.11580517 24.37649105
 26.65656064 25.78677932 26.40805169 27.68787276 26.88643141 28.19110338
 22.0777833  21.80442346 21.47514911 22.69284294 23.00969185 24.05342942
 25.10959245 22.55616302 26.18439364 26.34592445 25.64388668 26.09120278
 25.63767396 27.10387674 26.73732604 22.87301193 22.68663022 21.18315109
 22.25173956 24.64363817 24.00372763 24.22117296 23.64338966 26.06635189
 23.87326044 26.54473161 24.88593439 27.25298211 27.0417495  22.5250994
 22.9972664  23.15879722 23.35760437 23.82977137 22.63071571 23.09666998
 24.11555666 26.9361332  24.20253479 25.86754473 26.27758449 27.90531809
 26.40183897 23.35760437 23.12152087 23.07803181 22.34493042 23.35139165
 23.51292247 24.70576541 24.19632207 27.29647117 25.19657058 25.24005964
 26.1471173  27.37102386 26.92992048 22.51267396 20.75447316 22.29522863
 24.2584493  23.87326044 25.59418489 24.04100398 23.61853877 25.62524851
 23.79249503 25.9917992  27.18464215 26.31486083 27.33996024 27.41451292
 21.27012922 21.48757455 22.33871769 23.84840954 22.51888668 23.2333499
 24.21496024 25.4140159  26.27758449 26.07256461 25.51341948 26.14090457
 28.59493042 26.23409543 23.50670974 22.45054672 22.4194831  21.86033797
 23.82977137 23.9416004  23.84219682 21.72987078 25.50099404 24.54423459
 26.86779324 26.32107356 27.20328032 27.36481113 20.75447316 22.46297217
 21.6056163  24.0472167  23.37002982 25.097167   23.2582008  26.7000497
 24.01615308 23.67445328 24.78653082 24.78031809 25.37052684 25.17793241
 28.83722664 23.50670974]",52581.564789420794
2025-06-15 19:25:00+00:00,1165,5000.82,9.0,24.7336685524346,24.534356361829023,28.874502982107355,"[21.03404573 23.46322068 25.61282306 22.58722664 24.53180915 24.33921471
 22.28280318 25.97316103 26.99204771 24.50074553 26.42047714 25.96694831
 25.55690855 22.43190855 23.37624254 23.14015905 24.36406561 23.1277336
 23.96023857 23.30168986 25.42644135 25.68737575 25.12823062 25.50099404
 26.81187873 28.87450298 25.78677932 22.35114314 23.40730616 23.14015905
 21.30740557 23.18364811 23.09045726 23.66202783 25.21520875 24.19632207
 24.61878728 24.81759443 25.6500994  26.23409543 28.00472167 21.82306163
 22.85437376 23.19607356 23.42594433 23.50670974 22.75497018 25.48856859
 22.05293241 25.45750497 27.20328032 24.84865805 25.38295229 25.43265408
 27.06038767 26.20303181 21.54970179 21.92867793 22.90407555 23.30790258
 22.3138668  22.86058648 25.28354871 24.27708748 24.33921471 24.54423459
 26.805666   26.58822068 26.09741551 26.95477137 18.60487078 23.4445825
 23.17743539 23.64338966 23.4445825  23.68687873 26.04150099 24.51317097
 26.45154076 25.08474155 26.29622266 26.81809145 26.20924453 25.97937376
 22.1833996  22.3138668  22.75497018 24.48210736 24.65606362 24.44483101
 23.74279324 24.61257455 25.74329026 26.86158052 26.44532803 27.0666004
 26.81809145 27.29025845 27.5139165  21.027833   24.04100398 24.07828032
 23.15879722 22.96620278 26.07877734 23.74279324 25.83648111 23.56262425
 25.3083996  26.19681909 27.07281312 26.27137177 25.28354871 21.7112326
 23.9167495  23.78628231 22.70526839 22.4194831  24.19632207 24.84244533
 24.45725646 25.29597416 24.96048708 27.6443837  25.60039761 26.89885686
 26.13469185 20.49975149 20.77932406 24.05342942 23.1277336  23.43836978
 23.17743539 24.2833002  23.89811133 25.6500994  25.94209742 24.98533797
 26.42668986 26.30864811 26.60685885 22.17097416 22.38220676 21.68016899
 24.33300199 24.17147117 25.24627237 24.30193837 24.14662028 24.79274354
 24.43240557 25.61282306 27.13494036 26.94855865 27.41451292 26.23409543
 23.1277336  21.77335984 23.8359841  22.47539761 22.36978131 22.6555666
 24.58151093 25.51341948 25.61282306 25.34567594 27.10387674 27.56361829
 26.4888171  26.68141153 23.35760437 22.20203777 23.42594433 21.02162028
 23.66202783 23.61853877 23.32654076 23.42594433 25.84269384 24.83001988
 26.1471173  26.09741551 26.5944334  25.61282306 22.76739563 22.81709742
 23.07803181 23.74279324 21.68016899 23.78006958 24.15904573 25.89239563
 25.63767396 24.02857853 24.91699801 26.19681909 28.13518887 26.805666
 25.87997018 21.85412525]",52638.5615090252
2025-06-15 19:26:00+00:00,1166,4972.94,9.0,24.649894345180964,24.447750994035783,28.55765407554672,"[23.34517893 23.69930417 21.00919483 23.54398608 24.2833002  25.17793241
 25.55069583 25.50099404 23.72415507 25.34567594 24.92321074 27.83076541
 25.50720676 21.70501988 23.03454274 22.01565606 23.53156064 24.36406561
 24.14040755 23.9416004  25.47614314 23.9416004  25.42644135 26.70626243
 23.79249503 26.78081511 27.16600398 22.39463221 23.19607356 22.34493042
 23.8359841  23.69930417 22.77360835 24.44483101 24.97291252 24.50074553
 25.60039761 25.78677932 24.81759443 27.81833996 27.02932406 21.12102386
 22.45675944 24.51317097 22.72390656 22.74254473 23.15879722 25.36431412
 24.74304175 24.44483101 26.61307157 26.25894632 25.28354871 26.48260437
 25.33946322 27.93638171 21.65531809 22.7860338  21.83548708 23.15258449
 24.5193837  23.52534791 21.82927435 24.59393638 22.88543738 25.34567594
 25.07852883 25.14686879 27.65059642 27.61332008 20.84766402 20.93464215
 23.40109344 23.28305169 23.24577535 22.04671968 23.80492048 26.04150099
 24.87972167 25.05367793 26.24030815 26.94855865 24.23981113 27.0666004
 21.45029821 22.89786282 22.59965209 23.75521869 22.61207753 24.00372763
 24.45725646 25.94209742 25.48856859 25.22142147 26.10362823 24.89835984
 26.99204771 25.38916501 25.60661034 21.30119284 23.22092445 23.24577535
 23.82355865 21.74229622 25.81784294 23.33275348 24.02857853 24.48210736
 25.83026839 26.05392644 26.10362823 26.97962227 27.35859841 21.59319085
 21.82306163 23.96645129 23.62475149 24.55044732 23.7055169  23.35760437
 24.30815109 25.51341948 24.56908549 25.14065606 26.99826044 26.37077535
 27.32753479 22.36978131 22.34493042 22.34493042 22.75497018 23.53777336
 24.8362326  24.06585487 23.40109344 25.6749503  23.32032803 27.37102386
 24.92321074 27.23434394 25.74950298 22.04671968 22.21446322 23.5999006
 22.50646123 23.5750497  23.31411531 24.13419483 25.09095427 25.28354871
 25.05989066 25.569334   27.82455268 26.39562624 26.09120278 27.07281312
 22.10263419 24.30815109 23.69309145 23.54398608 22.5250994  25.10337972
 24.21496024 24.55666004 23.84840954 25.00397614 27.21570577 27.62574553
 26.36456262 25.55690855 21.8416998  21.91625249 21.42544732 25.25869781
 23.19607356 22.50024851 25.48856859 25.04125249 25.3083996  26.58822068
 25.33946322 26.18439364 25.96073559 26.65656064 20.63021869 20.75447316
 22.49403579 23.90432406 24.28951292 24.42619284 25.24627237 23.17743539
 24.58151093 25.58797217 25.91724652 25.01640159 25.73086481 28.55765408
 26.9609841  21.09617296]",52358.28652123743
2025-06-15 19:27:00+00:00,1167,5001.64,9.0,24.733087345746483,24.536903578528825,27.94880715705765,"[23.26441352 22.97862823 23.25198807 24.19632207 22.48161034 22.81709742
 25.35810139 26.30864811 25.59418489 25.78677932 25.53205765 26.89885686
 26.3832008  22.87922465 23.27062624 22.74254473 22.87922465 23.50049702
 25.05367793 24.05342942 23.30790258 23.76764414 25.48856859 24.92942346
 27.19085487 26.38941352 26.99826044 22.28280318 24.12176938 22.93513917
 23.20228628 23.86083499 24.152833   23.8359841  24.64985089 25.71843936
 26.51988072 26.08499006 25.96073559 27.25919483 26.14090457 23.88568588
 21.07753479 23.43836978 22.8667992  22.15854871 25.20899602 24.44483101
 25.87375746 25.92967197 24.81759443 25.40159046 25.19657058 27.76863817
 26.47017893 24.91699801 22.58722664 21.97837972 23.72415507 22.75497018
 24.1776839  25.14065606 23.77385686 24.50074553 25.21520875 25.47614314
 25.2027833  26.58200795 26.65034791 26.74353877 22.29522863 23.28926441
 21.09617296 22.61207753 22.76739563 23.79249503 26.51366799 22.43190855
 25.72465209 25.14686879 26.86158052 26.2278827  27.94880716 26.92992048
 20.7917495  22.46918489 23.48807157 21.43166004 22.5499503  24.50074553
 23.61232604 23.69930417 24.32057654 25.96694831 25.03503976 26.32728628
 26.73732604 27.79970179 26.66898608 22.98484095 22.49403579 21.46272366
 22.58101392 23.76764414 21.62425447 24.8362326  25.86754473 25.69358847
 24.27708748 27.05417495 25.17793241 25.7805666  27.44557654 22.02186879
 22.5499503  24.03479125 21.59940358 24.35785288 24.20253479 23.30168986
 25.79299205 22.66799205 27.16600398 26.78702783 26.86779324 27.28404573
 25.48235586 21.40059642 22.93513917 23.3638171  22.32007952 24.27708748
 23.4445825  24.08449304 25.32082505 25.68116302 24.87972167 25.53827038
 26.45775348 27.09145129 26.00422465 22.87301193 22.83573559 23.85462227
 23.97887674 24.34542744 25.40159046 22.9972664  25.05989066 24.77410537
 26.34592445 25.70601392 24.89214712 26.92992048 24.40755467 27.75
 21.79821074 22.70526839 22.51888668 24.01615308 25.21520875 25.42644135
 24.15904573 23.86083499 25.61282306 27.37723658 25.53827038 26.81187873
 27.10387674 27.90531809 21.51242545 21.18315109 23.3389662  22.12127237
 22.2082505  22.93513917 24.15904573 24.87972167 24.76167992 25.91724652
 24.23981113 25.26491054 27.74378728 25.9917992  20.7917495  22.07157058
 22.15854871 22.46297217 23.22713718 23.09666998 24.64363817 26.07877734
 24.55044732 24.59393638 25.28976143 25.9110338  26.21545726 26.07256461
 26.81809145 23.94781312]",52636.61702392944
2025-06-15 19:28:00+00:00,1168,4946.71,9.0,24.569481740280892,24.366271123260436,30.25994035785288,"[21.64910537 24.05342942 24.07206759 22.35114314 23.22092445 22.83573559
 24.4137674  24.56908549 25.3083996  25.86133201 25.69358847 26.37077535
 27.08523857 21.25770378 22.79845924 22.70526839 21.43166004 23.29547714
 24.82380716 23.92296223 26.41426441 25.52584493 25.27112326 26.2527336
 25.097167   26.74975149 27.24055666 21.47514911 19.82877734 22.3138668
 22.66799205 22.15854871 23.48807157 23.99130219 23.51292247 24.84865805
 24.89214712 26.85536779 26.16575547 25.58797217 26.88643141 20.63021869
 23.28926441 23.08424453 22.25795229 22.33250497 23.86704771 23.18986083
 25.45129225 26.02286282 25.097167   24.7306163  25.35810139 24.08449304
 26.17196819 28.02335984 20.6861332  22.4194831  23.09045726 25.01018887
 24.02857853 24.4137674  23.58747515 24.55666004 24.13419483 26.33971173
 25.91724652 25.47614314 26.14090457 26.22166998 21.46272366 24.05964215
 21.05889662 21.85412525 24.40134195 25.04746521 24.27087475 23.9416004
 24.96048708 26.75596421 25.7805666  25.19657058 26.92992048 27.07902584
 22.95377734 21.53727634 22.51888668 24.35164016 23.31411531 22.24552684
 24.02857853 24.96048708 24.4945328  24.48210736 25.62524851 24.7306163
 26.51988072 26.0166501  27.86804175 22.37599404 22.5499503  22.6804175
 25.50720676 24.30815109 24.87972167 25.06610338 26.09120278 25.35188867
 25.51341948 25.10337972 25.62524851 26.40183897 28.30293241 20.80417495
 20.59915507 20.49975149 23.18364811 22.05293241 24.8610835  22.19582505
 25.68737575 26.2527336  24.9666998  24.00372763 26.805666   27.91774354
 25.63767396 22.25795229 21.52485089 24.21496024 23.9416004  24.81138171
 24.52559642 24.60636183 25.72465209 22.97241551 24.02236581 27.11008946
 26.06635189 27.15979125 27.32753479 21.30740557 21.65531809 22.73633201
 22.29522863 23.51913519 24.81759443 23.45079523 23.68687873 24.23359841
 24.89835984 25.87997018 24.50074553 25.89239563 27.76242545 30.25994036
 20.15805169 21.70501988 23.4694334  24.86729622 23.7055169  22.97862823
 21.94110338 24.5193837  24.04100398 24.53180915 24.43861829 27.14115308
 27.19706759 26.39562624 22.92892644 22.83573559 22.88543738 21.00919483
 23.87947316 24.97912525 22.66177932 23.91053678 25.07852883 24.17147117
 25.82405567 26.29000994 25.99801193 27.39587475 21.07753479 21.30740557
 23.17743539 23.34517893 22.71148111 24.7554672  24.33921471 23.95402584
 24.56908549 25.14065606 26.18439364 26.24652087 25.85511928 27.04796223
 27.37102386 21.8416998 ]",52089.25811028376
2025-06-15 19:29:00+00:00,1169,4935.38,9.0,24.534538852164502,24.331076043737575,27.731361829025843,"[22.48161034 22.40705765 22.60586481 22.91650099 24.38270378 24.46968191
 24.23981113 24.87972167 26.67519881 26.50124254 26.9609841  24.7306163
 26.36456262 22.7611829  24.152833   21.99080517 22.95377734 24.05964215
 23.97887674 23.75521869 25.69358847 25.87997018 26.36456262 25.15929423
 25.01640159 27.27162028 26.47017893 22.28280318 21.35710736 23.2333499
 23.27683897 22.24552684 24.81759443 21.17072565 22.85437376 24.57529821
 26.04150099 24.92942346 26.26515905 25.13444334 27.37102386 20.83523857
 22.51267396 21.80442346 22.58722664 24.94806163 24.22117296 25.15308151
 26.02286282 24.29572565 23.66824056 25.73707753 27.42693837 26.58200795
 26.95477137 26.84915507 21.12102386 21.92867793 23.66202783 23.51292247
 23.45700795 22.68663022 24.43240557 24.89214712 25.94209742 25.04125249
 24.55666004 26.76838966 26.89264414 26.71868787 21.95974155 22.17097416
 21.94110338 22.46297217 24.26466203 23.35760437 25.22142147 25.09095427
 24.77410537 24.44483101 27.52012922 24.25223658 26.65034791 25.4140159
 22.16476143 22.25173956 21.81063618 21.57455268 21.99080517 24.47589463
 23.99130219 23.12152087 24.8610835  24.00994036 25.53827038 26.73111332
 26.02286282 26.92992048 26.08499006 23.32654076 22.21446322 22.48161034
 24.55666004 23.84219682 24.08449304 24.12176938 24.16525845 23.50670974
 25.01018887 27.37723658 25.73086481 26.27758449 27.48285288 21.41302187
 22.07157058 23.42594433 21.03404573 23.05318091 24.38270378 23.92917495
 25.44507952 25.61903579 25.16550696 25.01018887 26.84294235 27.73136183
 25.90482107 23.00347913 23.30790258 23.27062624 22.79224652 23.95402584
 22.56237575 23.01590457 23.91053678 23.89189861 26.07877734 25.17793241
 26.63170974 25.66252485 26.3832008  21.65531809 21.12723658 23.04075547
 21.89761431 23.12152087 23.2582008  24.12798211 23.68687873 24.39512922
 25.66873757 25.09095427 26.40183897 25.92345924 27.11008946 27.01068588
 20.82281312 23.99130219 23.04075547 22.84194831 23.72415507 21.83548708
 24.87972167 25.37052684 23.61232604 26.21545726 24.16525845 25.28354871
 26.54473161 27.25919483 22.30144135 22.35114314 22.4194831  23.82977137
 22.35735586 23.30168986 24.61257455 24.9666998  24.28951292 24.83001988
 26.37077535 26.47639165 25.86133201 26.84294235 21.59319085 21.89140159
 20.09592445 23.52534791 22.6555666  24.14662028 24.12176938 23.79249503
 26.64413519 25.03503976 24.625      25.32703777 26.30864811 25.81163022
 26.35213718 22.5499503 ]",51972.35318380156
2025-06-15 19:30:00+00:00,1170,4913.8099999999995,9.0,24.46937451526812,24.264071819085483,28.377485089463217,"[22.36356859 23.74900596 22.46297217 24.73682903 25.81784294 24.9666998
 25.52584493 24.30815109 23.35139165 26.11605368 26.24030815 25.64388668
 25.97316103 22.30144135 21.00919483 21.89140159 22.26416501 23.32032803
 24.27708748 23.07181909 25.37052684 24.58151093 26.41426441 25.89860835
 25.37052684 27.25298211 26.91128231 20.94706759 21.78578529 22.15854871
 22.27037773 23.43215706 23.66824056 23.79249503 25.92967197 24.64363817
 24.25223658 23.55641153 27.74378728 27.24676938 26.56336978 22.01565606
 23.3389662  23.56883698 22.444334   21.55591451 24.00372763 22.7860338
 24.81138171 23.73658052 24.37649105 25.97316103 24.98533797 27.22813121
 25.60661034 25.81784294 21.40680915 20.74204771 24.02236581 23.61853877
 22.39463221 22.45054672 22.47539761 23.79870775 25.42022863 26.10362823
 24.33921471 24.48210736 24.94184891 27.89910537 21.93489066 22.73633201
 23.67445328 22.13991054 23.2333499  23.14637177 24.76167992 25.14686879
 26.9361332  25.81163022 25.3083996  25.71222664 26.83672962 26.87400596
 21.02162028 20.13941352 22.32007952 23.53777336 23.38866799 23.84219682
 24.3889165  23.2582008  24.30815109 26.04150099 26.7249006  25.04746521
 25.03503976 25.71222664 27.60089463 21.98459245 20.7109841  21.71744533
 22.0777833  22.48782306 24.48832008 24.86729622 24.79274354 26.79945328
 25.17793241 25.83648111 26.41426441 26.51988072 26.66277336 21.47514911
 23.11530815 24.63121272 22.43190855 22.23931412 23.22092445 23.4694334
 23.90432406 23.77385686 25.78677932 26.47639165 24.99776342 27.50770378
 26.57579523 22.64935388 21.82927435 24.33300199 22.26416501 23.69309145
 26.0166501  22.42569583 24.81759443 24.00372763 23.84840954 24.91699801
 25.53205765 25.84269384 26.52609344 21.66153082 20.76689861 21.10238569
 23.1028827  23.74279324 24.58151093 24.05964215 24.91699801 24.04100398
 25.6500994  26.47639165 24.77410537 26.91128231 28.09791252 27.5139165
 22.22688867 20.37549702 25.19657058 23.95402584 23.03454274 23.76764414
 23.14015905 24.50074553 25.01018887 25.98558648 24.10934394 26.1471173
 28.37748509 26.95477137 20.41277336 22.444334   23.37002982 24.78031809
 25.08474155 23.64338966 24.67470179 23.58747515 24.61878728 25.9917992
 24.26466203 25.02882704 26.5944334  26.36456262 20.08971173 21.55591451
 21.61804175 22.2082505  21.91625249 22.66177932 23.37002982 24.47589463
 24.89214712 23.8359841  26.70626243 25.71843936 26.58822068 25.96694831
 27.93638171 21.24527833]",51754.33937828103
2025-06-15 19:31:00+00:00,1171,4936.39,9.0,24.534496027232805,24.33421346918489,28.992544731610337,"[22.36978131 22.98484095 24.40755467 23.55641153 24.60636183 25.85511928
 25.78677932 24.92321074 25.36431412 26.805666   25.4140159  28.88692843
 26.47639165 21.33225646 21.82927435 23.49428429 23.24577535 23.71172962
 22.93513917 24.58151093 25.26491054 25.59418489 26.4888171  25.7805666
 26.83672962 28.31535785 25.73707753 22.81709742 23.38245527 22.48782306
 21.87897614 22.45054672 23.54398608 24.37649105 24.625      24.12176938
 25.48235586 26.67519881 26.31486083 26.17818091 27.48906561 21.17693837
 21.09617296 21.41923459 23.30168986 22.62450298 22.94135189 21.87897614
 24.09070577 26.39562624 24.9666998  24.5193837  24.81759443 27.0666004
 27.33996024 26.52609344 22.22067594 21.87897614 24.07828032 21.94110338
 23.37002982 21.84791252 23.90432406 25.4140159  25.35188867 26.76838966
 24.79274354 27.44557654 25.69358847 27.5387674  22.97241551 20.85387674
 22.57480119 22.66177932 23.78006958 23.69309145 24.01615308 25.47614314
 24.4945328  24.15904573 25.71222664 26.04150099 25.92967197 25.6749503
 22.05293241 21.70501988 20.64264414 22.07157058 25.14686879 23.86083499
 21.77957256 24.21496024 24.47589463 24.74925447 25.24627237 26.39562624
 26.99204771 25.74329026 27.25919483 21.61804175 21.97837972 22.40705765
 23.66824056 24.45104374 24.52559642 23.86704771 26.53851889 22.97862823
 25.4388668  24.89214712 27.6195328  26.97340954 26.73111332 23.84219682
 20.56809145 20.86008946 21.35089463 22.37599404 23.74279324 22.85437376
 24.34542744 25.12823062 24.94806163 25.61903579 24.4137674  27.94259443
 24.81138171 23.11530815 21.30740557 21.27012922 24.25223658 22.45675944
 22.50024851 22.88543738 23.28926441 26.4888171  22.81709742 26.15333002
 26.68762425 28.99254473 25.70601392 21.56833996 22.6804175  22.77360835
 21.30740557 22.77982107 22.53131213 23.22713718 22.66177932 26.1222664
 24.94806163 25.68116302 25.42022863 27.27162028 26.42047714 28.48310139
 21.40680915 23.14015905 21.46893638 21.8416998  23.67445328 24.46346918
 22.77360835 24.43240557 25.52584493 25.46993042 27.59468191 24.99776342
 24.83001988 27.07902584 22.61829026 22.23931412 21.93489066 23.48807157
 22.96620278 23.68687873 24.73682903 26.53851889 24.90457256 25.8861829
 27.17842942 24.82380716 25.35810139 26.95477137 21.92246521 21.61182903
 21.46893638 22.04050696 23.7055169  24.76167992 22.81088469 24.00994036
 24.76789264 24.78031809 26.55094433 27.15357853 27.89289264 27.12251491
 27.08523857 21.66153082]",51972.20990871008
2025-06-15 19:32:00+00:00,1172,4938.24,9.0,24.53843969917112,24.339960238568594,28.427186878727632,"[23.30790258 22.94135189 23.45700795 23.73036779 24.50074553 23.58126243
 23.86704771 24.07206759 27.5139165  25.91724652 24.23359841 26.67519881
 28.42718688 21.30740557 21.71744533 24.79895626 21.06510934 24.00372763
 24.07206759 23.5999006  24.58151093 26.07877734 27.07281312 24.00994036
 25.09095427 26.54473161 26.26515905 19.94060636 22.45054672 23.40730616
 22.27037773 24.60636183 25.39537773 24.48210736 25.61903579 25.35810139
 26.04771372 25.86754473 27.19085487 25.69358847 26.54473161 21.7112326
 20.81038767 22.8667992  21.30740557 23.14015905 24.48832008 24.77410537
 23.65581511 24.60014911 23.91053678 25.01018887 26.1471173  27.29025845
 26.99826044 27.10387674 23.2333499  21.61804175 22.23310139 22.81088469
 23.64960239 23.04696819 22.0777833  24.72440358 23.79870775 24.81759443
 25.38295229 25.23384692 27.22191849 27.70651093 20.85387674 22.33871769
 23.53156064 21.92867793 24.84865805 23.59368787 24.8362326  24.48832008
 26.53851889 24.47589463 25.64388668 25.46993042 26.37698807 26.68141153
 20.49975149 21.45029821 23.05318091 21.61182903 23.92296223 23.2582008
 24.38270378 26.40805169 24.39512922 23.53777336 26.57579523 24.74925447
 25.15308151 26.32728628 27.89289264 22.4194831  22.81088469 22.97241551
 22.23310139 22.83573559 23.40109344 23.45700795 25.45750497 24.59393638
 25.05367793 27.02932406 26.36456262 24.7554672  26.7000497  21.55591451
 21.22664016 23.14637177 21.68638171 23.52534791 23.46322068 22.89786282
 23.69309145 24.69955268 27.56361829 25.26491054 25.84890656 26.57579523
 26.63170974 23.27683897 22.94135189 22.81709742 23.24577535 23.26441352
 22.46918489 24.79895626 22.50646123 24.87972167 26.62549702 25.64388668
 27.277833   28.07306163 27.39587475 21.6056163  22.60586481 22.60586481
 22.4194831  25.27112326 22.23931412 24.97912525 23.09045726 23.81734592
 26.4888171  25.81784294 25.93588469 25.18414513 27.45178926 28.04199801
 21.33846918 21.30119284 22.10263419 22.71769384 26.42668986 22.99105368
 25.11580517 25.15308151 23.71794235 25.38295229 24.53802187 24.19010934
 26.88021869 25.48235586 23.78628231 21.42544732 22.0777833  22.88543738
 23.78006958 23.41973161 22.59343936 24.68712724 24.86729622 25.66873757
 23.92296223 26.02907555 25.66873757 26.98583499 22.80467197 21.45651093
 23.67445328 23.43836978 22.68663022 24.53180915 23.08424453 24.94806163
 24.92321074 25.42022863 26.99204771 25.45129225 25.97316103 24.18389662
 27.40208748 21.74850895]",51985.40385754691
2025-06-15 19:33:00+00:00,1173,4923.85,9.0,24.49445574632265,24.295259691848905,28.70675944333996,"[22.00944334 22.57480119 21.36332008 22.83573559 23.41351889 26.03528827
 26.05392644 26.31486083 24.63742545 26.04771372 23.84840954 27.81833996
 26.34592445 22.90407555 21.28255467 23.73658052 22.39463221 22.48161034
 24.87350895 23.40730616 24.23981113 24.66848907 26.27758449 25.55690855
 26.0166501  27.42693837 26.85536779 23.30790258 22.13991054 22.27659046
 23.38245527 22.5499503  23.95402584 24.31436382 24.66848907 25.10337972
 24.79895626 26.50124254 25.69358847 26.32107356 27.16600398 20.69855865
 22.43190855 22.2082505  21.66774354 22.86058648 22.30144135 25.19035785
 24.50074553 24.41998012 26.61928429 26.92370775 25.56312127 26.02286282
 26.10362823 26.53851889 23.07181909 20.66749503 22.4194831  24.72440358
 23.79870775 23.93538767 23.76764414 24.15904573 26.24652087 24.45725646
 25.84890656 26.14090457 26.5695825  28.0916998  21.87276342 21.11481113
 21.19557654 22.13369781 22.9972664  23.30168986 25.63767396 22.7860338
 26.21545726 24.68091451 26.63792247 27.49527833 25.23384692 27.63817097
 20.50596421 22.56237575 22.39463221 23.3638171  23.04075547 24.78653082
 23.08424453 22.53752485 27.58846918 26.55094433 25.37673956 25.23384692
 24.9915507  25.38916501 28.46446322 24.46968191 22.34493042 21.68016899
 22.86058648 23.39488072 23.18364811 22.42569583 24.58151093 22.9972664
 26.33349901 25.37673956 26.30864811 26.43911531 27.19085487 21.40059642
 22.64935388 22.30144135 22.86058648 23.27062624 23.66824056 24.18389662
 25.56312127 25.92967197 26.04150099 26.7000497  25.31461233 26.08499006
 26.81187873 21.35710736 23.01590457 22.61829026 23.3389662  23.55641153
 24.07828032 23.05939364 24.87350895 22.4194831  25.95452286 24.50074553
 25.07852883 25.76192843 25.76814115 20.81038767 18.94657058 21.92867793
 21.68638171 23.60611332 24.50074553 23.1277336  23.71172962 23.82977137
 24.76789264 24.76789264 25.35810139 27.45800199 27.42072565 25.15929423
 21.1334493  22.67420477 22.7860338  22.35114314 22.36356859 25.05367793
 24.46968191 23.92296223 25.75571571 25.02261431 24.89835984 26.79324056
 27.84319085 26.01043738 22.59965209 21.96595427 22.77982107 23.55019881
 22.95999006 24.625      23.42594433 24.02236581 26.07256461 24.88593439
 26.51988072 24.33300199 26.05392644 28.70675944 22.05914513 21.22664016
 24.10313121 23.41973161 21.8416998  25.20899602 22.73633201 24.88593439
 23.37624254 24.43861829 26.33971173 25.50720676 25.64388668 25.26491054
 25.51963221 22.71148111]",51838.25114489705
2025-06-15 19:34:00+00:00,1174,4897.780000000001,9.0,24.416000957039504,24.214276838966203,28.607355864811133,"[20.35685885 22.27659046 21.62425447 23.32654076 23.06560636 22.6804175
 26.50124254 24.152833   25.2027833  24.92942346 26.07877734 26.11605368
 27.08523857 23.05939364 21.79821074 22.40705765 23.17122266 22.71148111
 23.4694334  24.47589463 23.85462227 25.6500994  26.71868787 25.70601392
 27.06038767 26.89264414 26.71868787 22.27659046 20.74204771 21.72365805
 21.81684891 22.71769384 22.83573559 22.95999006 23.76764414 25.75571571
 25.76192843 26.05392644 25.97316103 26.50745527 26.39562624 20.45626243
 21.96595427 22.19582505 21.89761431 23.5999006  23.61232604 24.70576541
 24.40134195 24.48832008 23.99751491 25.60661034 27.29647117 26.02286282
 26.10984095 26.75596421 21.95352883 22.32629225 22.02186879 22.32007952
 23.20849901 23.67445328 23.67445328 24.48210736 21.70501988 26.0166501
 26.41426441 26.10362823 26.90506958 25.65631213 22.83573559 22.5499503
 24.7306163  21.93489066 23.43836978 22.07157058 24.20874751 24.18389662
 25.04746521 24.01615308 26.14090457 26.4639662  26.18439364 28.04821074
 20.72962227 20.76068588 22.09020875 22.24552684 24.10934394 24.625
 25.56312127 25.07852883 24.78653082 24.9666998  25.84269384 26.38941352
 25.56312127 25.70601392 25.02261431 22.04050696 21.18936382 21.58697813
 21.98459245 23.24577535 23.60611332 24.20253479 26.07256461 25.06610338
 25.79920477 25.24627237 25.01018887 27.06038767 28.60735586 22.56237575
 21.10859841 21.75472167 23.71794235 23.12152087 23.64960239 24.18389662
 23.91053678 26.71868787 23.45079523 25.23384692 24.89214712 26.25894632
 25.78677932 21.23285288 22.73011928 22.35114314 23.94781312 24.152833
 23.4694334  24.09070577 24.19632207 23.49428429 24.32057654 24.24602386
 26.03528827 27.27162028 24.53802187 22.51888668 21.76093439 22.30765408
 22.56858847 24.15904573 21.45651093 23.9167495  25.08474155 23.99130219
 25.40159046 24.9915507  25.53205765 26.83672962 26.86779324 26.76838966
 22.00944334 21.58076541 22.49403579 23.00347913 22.23310139 24.40134195
 23.89189861 23.04696819 26.12847913 24.87350895 26.4639662  25.03503976
 25.86133201 26.3583499  20.62400596 22.8667992  21.47514911 23.86083499
 23.14637177 23.55019881 24.02857853 24.02857853 24.02236581 25.7805666
 24.00994036 26.06635189 25.74329026 27.18464215 22.27659046 23.45700795
 23.15879722 24.56908549 24.91699801 23.79870775 23.67445328 24.89214712
 25.05367793 24.91699801 27.09145129 25.13444334 24.30815109 27.77485089
 28.60735586 20.86008946]",51575.77280187136
2025-06-15 19:35:00+00:00,1175,4940.52,9.0,24.54060487071822,24.34704274353877,28.377485089463217,"[22.23931412 23.07181909 23.37002982 23.42594433 25.01640159 23.37624254
 24.70576541 25.02882704 24.26466203 26.07256461 26.99826044 26.66898608
 25.84269384 20.555666   21.37574553 23.90432406 21.69880716 22.54373757
 24.74925447 21.62425447 24.10313121 25.15929423 26.17818091 24.91699801
 25.61282306 25.40780318 27.11008946 22.38220676 22.87301193 22.91650099
 23.25198807 23.7055169  24.02236581 23.93538767 25.69980119 24.90457256
 25.43265408 24.46346918 25.68116302 26.50745527 26.30864811 22.58101392
 22.54373757 22.20203777 23.92917495 23.76143141 23.62475149 24.53180915
 23.37002982 24.10313121 24.17147117 23.68687873 26.51366799 25.60661034
 27.08523857 26.85536779 22.5250994  23.54398608 22.21446322 23.86704771
 23.71172962 23.48807157 22.93513917 23.94781312 25.37673956 24.69333996
 23.9167495  26.41426441 26.65656064 27.48285288 22.25795229 22.71148111
 22.8916501  23.19607356 22.33871769 25.51341948 25.38916501 24.40134195
 24.39512922 26.26515905 25.45750497 24.43861829 27.55740557 27.65680915
 19.69209742 22.04671968 23.12152087 24.34542744 23.22092445 22.82952286
 24.38270378 23.67445328 25.61282306 25.33946322 24.19632207 26.25894632
 26.41426441 27.07902584 27.94259443 23.48807157 22.39463221 22.49403579
 24.20874751 21.18315109 23.92917495 22.93513917 25.03503976 23.52534791
 25.05989066 26.84915507 27.06038767 26.98583499 25.53205765 23.13394632
 23.58126243 23.97887674 20.7917495  22.40084493 24.81759443 22.38220676
 25.28354871 24.9666998  23.680666   27.03553678 26.9361332  27.70029821
 28.37748509 22.15233598 22.42569583 21.36332008 21.9473161  24.7554672
 22.79224652 24.2584493  24.30193837 24.99776342 25.20899602 25.97316103
 25.02882704 25.6500994  26.92992048 23.4445825  22.83573559 22.20203777
 23.89189861 23.30790258 23.1028827  23.66202783 23.8359841  24.86729622
 25.02882704 26.67519881 25.62524851 26.82430417 26.20924453 25.12823062
 22.07157058 21.80442346 22.40084493 23.48185885 24.52559642 22.71769384
 25.06610338 25.12201789 27.24055666 26.24652087 25.37052684 26.30243539
 26.30864811 26.28379722 21.02162028 23.18986083 22.68663022 23.74900596
 23.30790258 22.67420477 25.27112326 25.51341948 24.9666998  25.48235586
 26.1222664  26.36456262 26.26515905 26.75596421 19.87847913 20.16426441
 21.48136183 22.94756461 22.75497018 24.74304175 23.3638171  24.19010934
 23.63717694 24.44483101 25.31461233 25.63767396 26.04771372 25.19657058
 26.4888171  21.55591451]",51992.64765547487
2025-06-15 19:36:00+00:00,1176,4909.6900000000005,9.0,24.448097909011892,24.2512736083499,28.433399602385684,"[22.74875746 22.63692843 23.58126243 23.27062624 23.16500994 25.14686879
 23.49428429 24.70576541 25.97937376 25.58797217 25.28976143 25.71222664
 26.53851889 21.68016899 21.23906561 21.48136183 22.66177932 23.40730616
 22.7860338  23.66202783 25.9917992  24.39512922 23.56262425 25.10959245
 27.16600398 25.92967197 25.14686879 21.79821074 22.27659046 21.30119284
 20.58672962 21.92867793 23.23956262 22.81709742 25.73707753 25.08474155
 25.31461233 25.79299205 24.48210736 25.81784294 27.1722167  23.09045726
 23.88568588 22.66177932 22.61829026 23.09045726 23.04075547 23.51913519
 24.40134195 23.63096421 22.79224652 26.55094433 25.48856859 26.10362823
 27.13494036 26.15333002 22.07157058 21.43787276 24.87350895 24.23359841
 23.68687873 23.5999006  24.85487078 23.79249503 25.16550696 26.51366799
 26.07877734 25.45750497 26.07256461 26.23409543 20.26988072 21.89761431
 22.97862823 21.45029821 23.86704771 23.37002982 22.51888668 22.58722664
 24.18389662 23.92917495 24.57529821 26.63170974 25.73086481 26.68141153
 20.97191849 21.41923459 21.81063618 21.96595427 22.12127237 22.03429423
 24.71819085 24.39512922 26.29000994 23.58126243 26.91749503 25.25869781
 26.97962227 26.84294235 27.52634195 20.84145129 22.67420477 22.03429423
 23.38866799 22.92892644 23.95402584 23.30168986 25.01640159 23.94781312
 26.45154076 25.97316103 26.66898608 27.84940358 28.00472167 22.15854871
 24.40134195 22.09020875 22.82331014 23.11530815 24.66848907 24.46968191
 24.3889165  24.84244533 26.96719682 25.49478131 26.06013917 25.86754473
 27.86804175 23.48185885 22.21446322 23.04696819 22.97862823 22.84816103
 22.79845924 25.69358847 24.89835984 26.50124254 26.2527336  25.90482107
 25.93588469 25.97316103 26.55094433 21.04647117 22.72390656 21.43787276
 21.57455268 23.49428429 23.38245527 23.28305169 25.15308151 24.94806163
 26.04771372 25.60039761 25.28354871 26.97962227 26.94234592 27.78106362
 21.62425447 21.25149105 20.20775348 23.86083499 23.85462227 24.66227634
 23.51292247 25.94831014 24.7554672  24.36406561 26.17196819 25.68116302
 28.4333996  25.43265408 20.94085487 21.64910537 21.67395626 22.87922465
 24.07828032 24.89214712 24.72440358 25.15929423 24.16525845 24.00372763
 27.01068588 24.41998012 24.64985089 27.89910537 21.76093439 23.64338966
 22.45675944 23.29547714 24.08449304 23.89811133 22.69284294 23.5999006
 22.87922465 26.70626243 25.64388668 25.20899602 26.18439364 25.70601392
 27.63817097 20.77311133]",51683.15636439019
2025-06-15 19:37:00+00:00,1177,4845.77,9.0,24.257938351475783,24.052714960238568,27.812127236580515,"[21.09617296 23.08424453 22.51888668 22.8667992  23.79249503 23.14015905
 23.24577535 25.22763419 24.41998012 27.57604374 27.81212724 25.94209742
 25.81163022 19.84741551 22.35114314 23.27683897 20.26988072 23.77385686
 24.30815109 24.94184891 25.21520875 24.27708748 23.63096421 25.02882704
 26.79324056 24.47589463 26.3832008  21.6056163  22.69905567 22.43190855
 24.43861829 22.98484095 23.97266402 25.48856859 25.94831014 25.90482107
 26.81809145 25.51963221 25.60039761 26.02907555 26.4888171  20.99676938
 21.64289264 21.05889662 23.22092445 23.71172962 22.67420477 24.69333996
 24.69333996 25.66252485 23.88568588 26.1222664  25.44507952 26.47639165
 27.58846918 25.53205765 21.35710736 21.09617296 23.09045726 23.97266402
 22.66799205 23.37002982 23.51913519 23.15879722 25.47614314 25.77435388
 26.92370775 23.62475149 26.81809145 27.47664016 20.41898608 21.52485089
 22.45054672 22.90407555 21.972167   24.30815109 23.71172962 23.90432406
 23.58126243 24.97291252 25.68116302 24.92942346 27.0417495  26.65656064
 21.21421471 22.01565606 20.08349901 22.51267396 23.19607356 24.40134195
 24.3889165  24.625      24.5193837  24.85487078 23.80492048 24.29572565
 25.04125249 25.14065606 26.31486083 21.20178926 20.51838966 21.53727634
 20.70477137 23.22092445 21.79199801 23.85462227 24.45725646 23.50049702
 22.34493042 24.93563618 27.72514911 26.8305169  26.34592445 22.54373757
 22.27659046 21.69880716 23.46322068 24.55666004 24.31436382 23.4445825
 23.97887674 25.51963221 24.7554672  24.67470179 25.6500994  26.06635189
 26.07877734 22.10263419 21.77335984 22.48782306 23.00969185 22.69905567
 23.38866799 23.88568588 24.81138171 24.99776342 24.44483101 25.40780318
 25.40780318 25.37673956 25.51963221 20.66128231 21.74229622 20.87872763
 20.89115308 24.14040755 24.00372763 23.61232604 24.14040755 24.46346918
 24.32678926 26.67519881 26.30243539 26.42668986 26.15954274 27.24676938
 21.32604374 20.53081511 22.29522863 24.51317097 24.152833   23.56883698
 22.58101392 26.29622266 24.48210736 25.70601392 24.84244533 25.48235586
 27.6443837  26.31486083 22.92892644 22.04671968 22.13369781 22.51267396
 22.38220676 23.14015905 23.86083499 23.55641153 24.04100398 24.24602386
 26.43911531 24.60014911 26.27137177 26.07877734 21.17693837 21.21421471
 22.13991054 24.69333996 22.96620278 23.78006958 23.76764414 23.08424453
 23.95402584 25.48856859 24.40755467 26.10362823 25.8054175  26.10362823
 27.58846918 20.08349901]",51046.958548697374
2025-06-15 19:38:00+00:00,1178,4822.08,9.0,24.186496754055796,23.979125248508943,27.731361829025843,"[21.59940358 22.00944334 23.56262425 22.82331014 24.92942346 22.50646123
 23.8359841  24.152833   24.02236581 25.27112326 25.63767396 24.65606362
 27.25919483 22.95999006 22.17718688 22.61207753 21.86033797 22.90407555
 22.49403579 23.80492048 23.82355865 23.96645129 24.28951292 26.05392644
 24.5193837  26.47639165 25.97937376 20.92842942 21.56833996 23.03454274
 22.17097416 22.71769384 22.2082505  24.14040755 23.82977137 24.00994036
 24.13419483 25.47614314 26.50124254 26.50124254 25.87997018 21.07132207
 20.75447316 22.53752485 22.10884692 24.00372763 24.12798211 23.55019881
 24.21496024 23.45700795 23.45079523 23.30790258 25.83648111 24.89835984
 25.89239563 27.29647117 23.12152087 21.58076541 22.55616302 22.66799205
 24.48210736 24.81138171 22.23931412 25.64388668 25.63146123 25.79299205
 25.61282306 25.3332505  26.09741551 27.63817097 22.18961233 22.61829026
 23.25198807 23.01590457 22.48782306 22.70526839 23.58747515 24.92321074
 25.35188867 25.27733598 25.25869781 26.45154076 26.2527336  27.47042744
 22.10263419 21.07753479 21.00919483 21.972167   21.98459245 22.77982107
 21.56212724 23.09666998 24.22117296 24.74304175 24.55666004 26.94234592
 26.1222664  26.15954274 27.73136183 20.82281312 21.8665507  21.20178926
 23.5999006  22.82952286 24.06585487 24.22117296 24.18389662 23.31411531
 25.44507952 26.13469185 26.89885686 25.45129225 26.0166501  22.89786282
 22.72390656 22.95999006 21.19557654 22.28280318 23.43836978 23.14637177
 24.85487078 24.45104374 26.22166998 23.38866799 27.15357853 24.48210736
 27.12872763 21.64289264 21.28255467 20.59294235 22.73011928 22.8916501
 22.27037773 23.65581511 24.96048708 23.97266402 23.66202783 25.07852883
 25.02882704 26.35213718 26.98583499 21.33846918 20.63021869 21.2887674
 20.92842942 23.47564612 21.15208748 23.92296223 24.78653082 25.78677932
 25.92967197 25.15929423 25.50720676 24.38270378 26.76217694 27.67544732
 21.70501988 21.82927435 22.83573559 22.0777833  23.94781312 23.88568588
 23.96645129 24.72440358 25.45129225 24.93563618 25.62524851 27.56361829
 27.27162028 26.40805169 21.94110338 21.1583002  21.20178926 22.91650099
 22.71769384 23.64960239 23.23956262 23.65581511 24.15904573 23.73658052
 23.93538767 27.09145129 26.3583499  25.52584493 21.46893638 21.027833
 23.1277336  21.94110338 24.57529821 24.35785288 22.8916501  23.66824056
 24.79274354 24.58772366 24.02236581 26.78702783 25.28976143 26.27137177
 27.41451292 21.96595427]",50807.94354036907
2025-06-15 19:39:00+00:00,1179,4858.35,9.0,24.29199723884939,24.09179299204771,28.793737574552683,"[23.02833002 22.99105368 22.86058648 23.00969185 25.00397614 23.42594433
 23.85462227 23.35139165 25.76192843 24.94184891 27.25298211 25.61282306
 26.07256461 23.04696819 22.94756461 23.42594433 23.15258449 23.58747515
 23.52534791 25.07852883 22.83573559 22.36356859 24.06585487 24.152833
 27.19085487 24.22117296 28.61978131 20.89736581 21.33225646 22.32629225
 23.15258449 22.96620278 22.73011928 22.71769384 26.15333002 23.55019881
 25.81784294 25.09095427 24.99776342 26.91128231 25.97316103 19.98409543
 21.45029821 23.79249503 23.18986083 22.51267396 22.04050696 24.4137674
 25.72465209 24.61878728 24.4945328  25.27733598 24.2833002  24.32678926
 27.37723658 26.37077535 20.91600398 21.57455268 20.82902584 22.92271372
 22.74875746 22.92892644 24.98533797 23.2582008  23.23956262 25.78677932
 25.81784294 25.31461233 25.99801193 25.42644135 21.78578529 22.71148111
 22.8667992  22.84816103 23.27062624 23.02833002 22.3138668  24.40755467
 23.89811133 24.96048708 25.97316103 25.86133201 26.4639662  25.27112326
 21.51863817 21.27634195 22.85437376 22.6804175  23.01590457 24.33921471
 24.00372763 24.97291252 24.79895626 25.61903579 24.73682903 26.48260437
 26.24030815 27.03553678 27.47664016 20.94085487 22.81088469 21.8416998
 24.15904573 23.73658052 24.08449304 23.12152087 24.37649105 24.94184891
 23.48185885 26.06635189 25.19657058 28.79373757 27.07281312 21.21421471
 20.19532803 22.13991054 24.26466203 22.73633201 22.66177932 24.27087475
 24.37027833 25.30218688 25.02261431 25.01640159 25.39537773 27.60089463
 25.94209742 20.1332008  23.07181909 21.1334493  22.73011928 23.89811133
 22.77360835 23.92296223 25.02882704 26.13469185 24.79895626 25.37673956
 25.40159046 24.47589463 24.89835984 20.77311133 23.37624254 21.71744533
 23.30168986 24.56908549 24.50695825 22.58722664 24.15904573 25.34567594
 25.44507952 24.45104374 26.43290258 26.66277336 24.625      25.55069583
 22.38220676 20.77932406 24.09070577 21.63667992 22.40705765 23.27062624
 23.18364811 25.29597416 24.32678926 23.96023857 25.8861829  25.49478131
 24.58151093 25.83648111 21.76714712 21.91003976 22.50646123 24.45104374
 22.14612326 23.53156064 24.35785288 24.20874751 24.7306163  25.59418489
 26.92992048 26.44532803 26.17818091 26.64413519 21.59319085 22.7860338
 19.99652087 23.08424453 23.75521869 22.86058648 24.92321074 25.0723161
 25.45750497 24.21496024 24.53180915 25.08474155 26.56336978 25.92967197
 26.51988072 23.09666998]",51160.90596229452
2025-06-15 19:40:00+00:00,1180,4829.95,9.0,24.206651254045333,24.003572316103384,28.191103379721667,"[22.39463221 22.91028827 22.97862823 21.76093439 22.18961233 23.96023857
 24.30815109 25.05989066 23.88568588 24.91699801 26.17818091 25.85511928
 26.37698807 22.13369781 22.27659046 21.41923459 22.39463221 23.41351889
 22.94135189 24.30193837 24.12798211 26.68762425 24.4137674  26.55094433
 26.1222664  24.7306163  27.15357853 21.33225646 22.50646123 21.91625249
 23.78628231 22.70526839 21.33225646 23.55641153 24.21496024 22.92892644
 25.14686879 23.35760437 24.95427435 24.43861829 26.25894632 21.23906561
 21.8416998  21.29498012 22.3138668  25.55069583 22.22688867 22.18961233
 24.18389662 22.38220676 25.18414513 25.62524851 24.65606362 25.8861829
 25.73086481 25.45750497 22.23310139 22.6804175  22.8667992  21.48757455
 23.93538767 24.48210736 23.48807157 24.94806163 24.63742545 24.50074553
 26.12847913 25.62524851 26.84294235 27.03553678 22.10884692 22.38220676
 24.07206759 23.2333499  21.75472167 21.8416998  22.98484095 24.43240557
 25.21520875 24.23981113 25.26491054 25.04125249 27.48285288 25.27112326
 22.53752485 22.11505964 24.64363817 22.97241551 23.77385686 22.84816103
 23.95402584 24.64363817 23.40109344 25.60661034 25.68737575 26.25894632
 26.30243539 26.38941352 27.81212724 22.00323062 21.77335984 21.81684891
 23.7055169  23.11530815 23.5750497  24.15904573 25.02882704 22.9972664
 25.24005964 26.37698807 25.37052684 25.71843936 26.7249006  21.51242545
 21.80442346 21.38195825 23.13394632 23.28926441 24.66227634 22.87301193
 23.8359841  24.07828032 27.09766402 26.70626243 25.66873757 28.19110338
 27.23434394 21.08374751 22.25795229 21.03404573 22.24552684 23.10909543
 24.09691849 21.67395626 23.84840954 24.89835984 25.55069583 24.45725646
 24.10313121 25.48235586 25.32703777 22.01565606 20.65506958 22.15233598
 23.1028827  22.75497018 23.58126243 23.18364811 23.28926441 22.64935388
 24.97291252 24.91078529 26.30243539 27.99229622 25.58175944 24.44483101
 20.94706759 20.69234592 21.66774354 22.40084493 23.9416004  22.46297217
 25.38916501 24.46346918 23.65581511 25.49478131 24.32057654 27.37102386
 25.17793241 26.20303181 21.5        21.92246521 21.86033797 23.16500994
 22.94756461 23.48185885 25.3332505  25.49478131 24.74925447 24.46346918
 25.94831014 25.79920477 26.13469185 24.37027833 21.59319085 22.58722664
 21.94110338 21.83548708 23.05939364 24.15904573 23.78628231 22.48782306
 24.78653082 24.80516899 25.48235586 24.59393638 24.67470179 27.97987078
 27.15357853 21.79199801]",50875.372435534075
2025-06-15 19:41:00+00:00,1181,4866.299999999999,9.0,24.312382909410292,24.116488568588466,28.191103379721667,"[22.00944334 23.64338966 23.35760437 23.35760437 24.91078529 25.16550696
 23.63096421 25.01018887 25.76192843 25.8861829  26.06635189 25.45750497
 25.87997018 21.972167   22.5499503  21.35710736 23.37002982 23.69930417
 24.91699801 23.05939364 24.35785288 24.46346918 25.33946322 24.30815109
 24.90457256 27.07281312 26.49502982 21.59940358 21.82927435 21.48136183
 22.63071571 23.60611332 22.01565606 23.30168986 24.56287276 24.40755467
 25.49478131 24.20253479 26.07877734 25.06610338 26.24652087 20.6861332
 21.38817097 21.16451292 21.77335984 22.05914513 23.95402584 25.12823062
 23.92917495 26.17196819 23.84840954 25.77435388 26.01043738 23.37624254
 27.31510934 25.75571571 21.1334493  20.91600398 22.73011928 22.5499503
 20.86008946 23.23956262 23.21471173 23.32654076 25.48856859 26.71868787
 26.19060636 25.12823062 25.63146123 25.84269384 22.21446322 21.90382704
 23.87947316 23.63717694 24.52559642 24.45104374 24.33300199 22.02186879
 25.94209742 24.78653082 25.87997018 28.19110338 26.52609344 26.37077535
 20.84145129 21.12723658 23.84840954 24.37027833 23.2582008  23.74279324
 24.48210736 23.96645129 23.48185885 24.43861829 25.91724652 25.76814115
 25.06610338 28.14761431 25.16550696 21.98459245 20.53081511 21.61182903
 23.3389662  22.45675944 24.9915507  23.74900596 24.20253479 24.90457256
 26.25894632 25.58797217 25.74950298 26.44532803 26.90506958 20.78553678
 21.44408549 24.0472167  22.6555666  22.1833996  24.45104374 23.04075547
 23.17743539 24.82380716 25.68737575 24.00372763 25.45750497 26.1471173
 28.18489066 23.13394632 21.51242545 23.20228628 22.48161034 23.09045726
 24.00994036 24.46346918 25.27733598 21.89140159 24.43861829 23.97266402
 25.34567594 25.53827038 25.94209742 20.82902584 22.72390656 23.29547714
 23.62475149 23.20228628 21.53727634 23.30790258 22.50024851 24.66227634
 24.48832008 25.49478131 27.02311133 26.06635189 27.14736581 27.12251491
 22.16476143 22.23310139 21.92867793 23.50049702 22.1833996  23.96645129
 24.84244533 25.17171968 25.0723161  26.51366799 26.68141153 26.32728628
 27.06038767 26.4639662  22.63692843 21.36332008 22.00323062 22.45054672
 22.444334   25.34567594 21.95352883 23.61232604 25.17793241 25.6500994
 24.66848907 27.0417495  26.75596421 27.24676938 20.37549702 21.89761431
 22.59965209 24.8362326  20.27609344 22.26416501 23.04696819 24.07828032
 25.15308151 25.21520875 23.58126243 25.14686879 25.5444831  26.15954274
 25.15929423 23.25198807]",51229.10826172307
2025-06-15 19:42:00+00:00,1182,4813.87,9.0,24.156118489210677,23.95362201789264,28.34642147117296,"[21.56833996 22.35114314 25.40159046 23.51292247 24.22117296 24.45104374
 25.569334   23.94781312 25.76814115 24.67470179 25.07852883 26.42047714
 25.8054175  20.57430417 21.46272366 23.4445825  21.7360835  23.74279324
 22.43190855 24.37027833 23.14637177 23.64960239 26.06013917 25.50099404
 26.30864811 25.569334   27.12872763 21.94110338 22.2890159  21.85412525
 22.17718688 22.8667992  23.00969185 22.96620278 24.50695825 24.56908549
 25.95452286 25.69980119 23.27062624 24.27708748 26.94855865 21.76714712
 20.74826044 22.25173956 21.53727634 21.99701789 21.91003976 23.72415507
 23.66824056 24.01615308 25.17793241 24.99776342 24.19632207 27.04796223
 25.84890656 25.97316103 20.56187873 21.65531809 23.82355865 23.3638171
 23.16500994 23.63096421 22.8667992  25.27733598 26.58822068 24.53180915
 24.98533797 26.50745527 25.48235586 25.28354871 20.69234592 23.89189861
 21.7112326  23.12152087 22.27037773 22.33871769 23.67445328 24.29572565
 25.96694831 26.43290258 24.9915507  25.9110338  26.08499006 26.71247515
 19.36282306 22.24552684 20.69855865 22.88543738 23.01590457 23.35760437
 22.92892644 24.58772366 24.16525845 25.30218688 22.8916501  25.74329026
 26.42047714 25.16550696 25.37673956 21.79821074 21.59940358 21.45651093
 23.77385686 24.11555666 24.4945328  22.97241551 24.79895626 25.12201789
 24.55666004 24.79895626 28.34642147 26.06013917 25.42022863 23.41351889
 23.66202783 21.20178926 21.57455268 21.77957256 22.72390656 24.53802187
 23.41351889 23.87947316 25.01018887 26.14090457 26.16575547 27.25919483
 26.32728628 22.49403579 22.15854871 22.43812127 22.81709742 23.1028827
 22.70526839 24.55044732 23.3638171  26.60064612 23.67445328 24.82380716
 25.95452286 25.8054175  26.74975149 20.93464215 23.86704771 21.00919483
 22.4194831  22.50024851 21.37574553 24.72440358 24.2584493  26.1222664
 25.16550696 25.27733598 25.03503976 26.27137177 26.45775348 26.19681909
 22.55616302 22.59343936 23.2582008  22.61207753 24.29572565 23.9416004
 23.0221173  24.24602386 24.43861829 23.65581511 25.01018887 24.60014911
 24.0472167  26.78702783 19.82256461 21.55591451 20.86008946 23.1028827
 22.79224652 22.6804175  25.8861829  24.01615308 24.11555666 24.17147117
 23.87947316 26.33349901 26.56336978 25.9110338  20.89736581 22.94756461
 22.24552684 22.47539761 23.98508946 23.72415507 23.89189861 23.62475149
 23.62475149 24.14662028 24.89835984 24.53180915 24.74925447 25.64388668
 25.53827038 20.72962227]",50706.31001750323
2025-06-15 19:43:00+00:00,1183,4819.88,9.0,24.17231068183438,23.972291252485093,28.340208747514907,"[21.44408549 22.444334   22.54373757 23.52534791 21.49378728 23.60611332
 24.00994036 24.152833   25.68737575 23.78628231 24.45104374 25.94831014
 27.1722167  22.21446322 21.972167   22.04671968 23.55019881 24.02857853
 23.35139165 24.2833002  24.4945328  25.35810139 26.74353877 25.31461233
 25.55069583 26.53851889 26.45154076 21.38195825 22.29522863 23.20228628
 22.79224652 24.68091451 22.59965209 23.05318091 23.99130219 24.91699801
 25.83026839 24.40755467 25.06610338 24.47589463 27.52634195 21.69259443
 22.10263419 23.01590457 21.31361829 22.28280318 24.15904573 22.50646123
 25.86754473 24.32057654 24.60014911 24.85487078 24.47589463 26.43911531
 28.34020875 25.48856859 20.67992048 19.83499006 22.39463221 23.61232604
 22.13991054 23.4694334  23.84840954 24.55044732 25.18414513 25.40159046
 24.54423459 25.40780318 25.89239563 25.81163022 21.87897614 20.87872763
 23.29547714 22.94135189 22.17097416 25.35188867 24.09691849 25.53827038
 24.25223658 24.12176938 25.25869781 25.28976143 26.12847913 27.22191849
 21.43787276 22.75497018 20.89115308 23.23956262 22.27037773 22.22067594
 25.14686879 24.19010934 23.4445825  22.86058648 25.45129225 27.48285288
 25.74329026 25.94209742 26.76217694 21.29498012 20.87872763 23.76764414
 22.61207753 24.00994036 23.07181909 23.23956262 23.37624254 26.32107356
 23.98508946 25.64388668 24.76167992 24.61878728 25.76192843 21.3943837
 21.972167   21.27634195 22.5499503  22.77982107 22.76739563 23.96023857
 25.23384692 23.78006958 23.09666998 26.16575547 25.5444831  27.44557654
 27.14736581 20.30715706 21.6304672  23.86704771 22.49403579 22.79224652
 22.61829026 23.82977137 24.79274354 24.10934394 24.91699801 24.66227634
 26.23409543 27.25919483 27.42693837 20.65506958 21.91625249 21.25149105
 23.15258449 23.82977137 22.11505964 21.91625249 23.04075547 25.44507952
 23.77385686 25.49478131 25.84890656 25.42022863 26.01043738 25.86133201
 21.46893638 22.07157058 22.16476143 20.95328032 22.69284294 23.27062624
 23.96023857 24.42619284 24.35785288 23.87326044 25.11580517 26.06635189
 26.60685885 26.12847913 23.00969185 23.63096421 23.04696819 23.76764414
 22.64935388 22.23310139 24.2584493  23.5999006  25.35810139 25.4140159
 26.48260437 25.26491054 24.37027833 26.88021869 20.87251491 22.68663022
 21.31983101 21.81684891 22.69284294 22.81088469 23.37002982 23.99130219
 23.80492048 26.1222664  23.37002982 25.2027833  25.65631213 26.00422465
 27.8804672  21.72365805]",50760.482617145106
2025-06-15 19:44:00+00:00,1184,4801.549999999999,9.0,24.116672116072525,23.91535164015904,27.905318091451292,"[21.46893638 22.45675944 22.5499503  25.32703777 23.4694334  22.63692843
 23.50049702 25.26491054 26.24030815 26.25894632 24.48210736 26.51988072
 26.15954274 19.85362823 22.13991054 20.63643141 23.78006958 22.33250497
 23.49428429 22.43812127 23.06560636 25.44507952 23.20849901 24.94184891
 24.63742545 26.27758449 27.55740557 22.11505964 20.38170974 22.11505964
 21.41302187 22.82331014 21.25770378 23.22713718 24.18389662 23.86083499
 25.91724652 26.1471173  26.45775348 24.87350895 25.61282306 21.53727634
 21.69259443 22.2890159  20.62400596 23.93538767 24.43240557 23.66202783
 22.64935388 24.46346918 24.63121272 24.05342942 26.17818091 26.70626243
 24.60636183 26.60685885 22.03429423 23.14637177 22.48161034 24.02857853
 23.01590457 24.56908549 23.72415507 25.04746521 23.77385686 25.10959245
 26.04771372 24.71819085 27.19085487 25.94209742 21.027833   21.45651093
 21.8665507  23.29547714 24.57529821 23.53777336 23.86083499 24.99776342
 24.93563618 24.79895626 25.38916501 24.35785288 25.68737575 24.79274354
 21.37574553 20.75447316 21.972167   22.23310139 24.60014911 22.5250994
 22.92271372 23.7055169  23.9167495  22.77360835 25.01640159 25.26491054
 25.91724652 26.77460239 26.44532803 21.74229622 20.67370775 21.66774354
 22.04671968 23.82977137 23.29547714 23.27062624 25.24005964 24.63742545
 25.87997018 25.50099404 26.43911531 24.22738569 27.20949304 22.2890159
 21.54348907 21.98459245 23.00347913 21.74850895 23.33275348 23.87947316
 23.53777336 24.48832008 25.90482107 25.97316103 25.84890656 25.25869781
 27.25919483 22.57480119 23.11530815 21.7360835  22.46297217 22.26416501
 21.972167   23.18986083 25.22763419 25.10959245 25.01640159 25.15929423
 25.6749503  25.44507952 26.13469185 22.10884692 21.72987078 22.24552684
 22.59965209 22.84194831 23.52534791 22.19582505 24.23981113 22.58101392
 24.25223658 24.83001988 25.69980119 25.18414513 24.70576541 27.61332008
 22.40084493 20.74204771 22.22067594 22.40084493 23.66824056 23.79870775
 24.74304175 25.38916501 24.05964215 24.46346918 24.00372763 24.99776342
 27.11630219 27.33374751 20.2388171  21.91625249 23.60611332 22.35114314
 23.30168986 23.65581511 23.59368787 23.9416004  24.29572565 22.93513917
 26.02286282 25.77435388 26.19060636 25.58175944 20.86008946 23.62475149
 20.92842942 22.84194831 24.25223658 23.35139165 25.14065606 23.54398608
 23.86704771 24.97291252 24.34542744 24.28951292 24.51317097 26.21545726
 27.90531809 22.32007952]",50574.338231532245
2025-06-15 19:45:00+00:00,1185,4810.98,9.0,24.142952200085105,23.944644632206757,28.775099403578526,"[22.40084493 21.21421471 22.45675944 23.40730616 22.94135189 26.05392644
 23.99130219 25.14065606 25.90482107 24.55044732 25.24627237 27.29025845
 26.32728628 22.14612326 22.29522863 22.12127237 21.31361829 23.71172962
 23.46322068 24.67470179 22.99105368 24.47589463 25.12201789 25.40159046
 26.08499006 25.87997018 26.17818091 20.73583499 21.57455268 21.23285288
 22.39463221 20.44383698 24.37649105 24.71197813 23.96645129 25.49478131
 22.93513917 23.64338966 24.625      25.65631213 24.64363817 22.09642147
 21.76714712 19.98409543 23.11530815 24.01615308 23.62475149 22.97862823
 24.53802187 23.22092445 25.17793241 26.12847913 22.57480119 23.97266402
 26.9361332  26.99204771 24.30815109 19.59269384 22.46918489 22.56237575
 24.00994036 22.06535785 22.81709742 24.01615308 26.27758449 25.6749503
 25.87375746 25.46993042 25.61282306 25.51963221 21.33225646 21.01540755
 20.6861332  22.28280318 22.56237575 23.26441352 22.32629225 23.55019881
 24.55666004 25.8054175  25.86754473 27.02311133 24.85487078 26.74975149
 21.27012922 23.14015905 21.27634195 20.94706759 24.23359841 24.09070577
 25.48856859 24.64985089 25.57554672 26.04771372 26.19060636 26.12847913
 25.24627237 26.2527336  26.70626243 22.81709742 22.18961233 20.5805169
 22.86058648 24.88593439 21.27012922 24.37649105 24.76167992 25.33946322
 24.12176938 25.45750497 26.33349901 25.8054175  28.7750994  21.82927435
 21.2639165  20.54945328 24.18389662 21.21421471 23.76143141 23.69930417
 24.14662028 23.86083499 24.4137674  25.34567594 24.58151093 24.21496024
 26.9609841  21.86033797 23.09666998 22.37599404 21.68016899 22.69284294
 22.06535785 24.47589463 23.82355865 24.50695825 26.65034791 25.76814115
 25.6749503  25.23384692 25.64388668 20.95328032 23.38245527 22.22688867
 22.56237575 22.36978131 23.02833002 23.10909543 22.80467197 24.45104374
 25.61282306 23.71172962 24.67470179 26.14090457 25.14065606 25.23384692
 21.98459245 21.54348907 22.77982107 22.82952286 24.1776839  23.85462227
 25.32082505 25.21520875 24.50695825 23.79249503 24.40134195 25.42644135
 24.98533797 26.78081511 22.82952286 22.02808151 22.22067594 23.28926441
 22.69284294 23.75521869 21.25770378 22.60586481 24.11555666 24.46346918
 24.72440358 26.2278827  27.14115308 25.92345924 21.47514911 23.2582008
 23.19607356 21.72365805 24.38270378 24.05342942 23.38245527 23.8359841
 24.08449304 22.97241551 24.99776342 25.61282306 25.65631213 25.55690855
 28.32157058 23.2582008 ]",50662.26088060472
2025-06-15 19:46:00+00:00,1186,4799.79,9.0,24.10837946732487,23.909884443339962,28.184890656063615,"[19.8722664  22.05293241 20.94085487 22.81709742 22.76739563 24.55044732
 23.55641153 25.8861829  24.31436382 24.22738569 24.61257455 25.27112326
 27.1722167  22.95999006 20.94706759 22.82952286 23.42594433 23.53156064
 23.58126243 25.10959245 23.99751491 25.05367793 24.39512922 23.91053678
 25.35188867 25.87997018 27.5387674  22.05914513 23.26441352 23.20849901
 23.4694334  23.46322068 23.08424453 23.78006958 24.19632207 24.69955268
 24.5193837  25.0723161  25.21520875 24.99776342 25.45750497 23.41351889
 22.63692843 20.62400596 22.60586481 23.51292247 23.4694334  24.57529821
 21.1583002  23.55641153 24.80516899 24.84244533 25.97937376 26.2527336
 25.89239563 26.50124254 22.87922465 23.14637177 23.9416004  20.1332008
 23.03454274 24.14040755 23.85462227 23.21471173 24.58151093 24.85487078
 22.98484095 27.55119284 27.75621272 26.45154076 22.84194831 21.53727634
 22.33250497 23.58126243 22.67420477 22.14612326 24.9666998  23.5750497
 24.33300199 25.01018887 25.097167   25.56312127 25.73086481 26.74975149
 23.5999006  21.27012922 20.45626243 24.59393638 23.60611332 24.69955268
 23.64960239 23.61853877 23.68687873 23.63717694 23.40730616 24.37027833
 26.09120278 24.64363817 26.43290258 21.03404573 21.81684891 21.38195825
 21.17072565 23.22092445 22.7611829  23.77385686 22.64314115 25.0723161
 26.58822068 23.25198807 26.37698807 26.17818091 25.43265408 21.17072565
 21.46272366 24.94184891 22.17718688 21.8665507  22.98484095 23.96645129
 25.32703777 25.74950298 24.40755467 26.07256461 24.64363817 26.57579523
 26.71868787 22.36356859 22.43190855 21.9473161  23.51913519 24.10313121
 23.16500994 24.48210736 25.24627237 23.69309145 24.30815109 23.34517893
 25.87997018 25.70601392 26.09120278 21.35710736 22.26416501 21.23906561
 22.33871769 22.59965209 22.80467197 23.12152087 22.4194831  23.11530815
 25.01640159 24.37649105 23.4445825  25.04746521 28.18489066 25.02261431
 22.28280318 20.69855865 23.27683897 23.58747515 23.29547714 24.152833
 23.96645129 24.97912525 25.70601392 24.83001988 24.47589463 26.54473161
 26.3832008  27.11630219 21.74850895 22.4194831  20.46247515 23.05939364
 22.64314115 22.71769384 24.27087475 23.40109344 24.8610835  24.71197813
 24.12798211 24.61878728 25.70601392 25.85511928 22.26416501 20.85387674
 21.41923459 22.72390656 21.69259443 22.13369781 24.43240557 23.50049702
 24.09070577 25.22763419 23.3389662  26.39562624 25.29597416 26.31486083
 25.89239563 21.80442346]",50546.594345882084
2025-06-15 19:47:00+00:00,1187,4814.650000000001,9.0,24.150679158544726,23.95604498011928,28.37127236580517,"[21.70501988 21.82927435 22.5499503  24.12176938 23.07181909 23.2582008
 24.00994036 25.0723161  24.04100398 24.2584493  25.42644135 25.93588469
 24.29572565 20.74826044 22.66799205 22.5250994  21.20178926 22.6804175
 22.73633201 23.31411531 23.89189861 22.86058648 23.89811133 26.39562624
 25.32703777 26.10362823 27.46421471 21.28255467 22.73011928 21.88518887
 21.44408549 22.8916501  24.56908549 23.63096421 23.84840954 24.55044732
 25.58175944 25.6500994  26.99826044 26.48260437 25.79920477 21.11481113
 22.28280318 23.0221173  22.62450298 22.94135189 23.15258449 23.07803181
 24.71197813 24.39512922 23.59368787 25.46993042 25.65631213 26.33349901
 25.49478131 27.1722167  21.68016899 20.74826044 23.84219682 22.33871769
 23.41973161 25.59418489 23.76764414 24.66227634 24.53180915 24.60014911
 25.32703777 26.78702783 25.47614314 26.81187873 23.51292247 22.02186879
 21.8665507  22.07157058 23.03454274 23.56883698 22.9972664  25.36431412
 25.42022863 25.19657058 25.73086481 23.97266402 25.9917992  25.62524851
 21.8416998  22.27037773 22.58101392 24.09691849 22.11505964 21.972167
 23.18986083 23.97887674 25.78677932 25.68737575 25.53827038 24.24602386
 24.57529821 27.60089463 27.05417495 20.58672962 21.82927435 22.04671968
 22.12748509 23.22713718 25.01018887 23.87326044 23.90432406 26.53851889
 24.94806163 26.10362823 25.86754473 28.34642147 24.72440358 23.06560636
 21.82927435 23.04075547 22.99105368 22.39463221 23.7055169  23.78628231
 24.91078529 22.87922465 24.76789264 26.02286282 25.59418489 25.69980119
 25.7805666  19.97166998 21.72365805 22.6555666  22.02186879 22.24552684
 25.3332505  23.18986083 24.05964215 24.44483101 23.3638171  26.12847913
 24.57529821 25.60039761 28.37127237 20.20775348 20.02758449 20.97813121
 24.81759443 22.08399602 22.58722664 23.72415507 24.12798211 24.89214712
 24.26466203 24.20874751 24.93563618 25.35188867 24.94184891 26.55715706
 20.54324056 21.92867793 22.85437376 22.59343936 22.73633201 24.04100398
 23.42594433 23.92296223 24.55044732 24.37649105 26.88021869 24.95427435
 24.625      28.17867793 22.43190855 21.75472167 20.20154076 21.29498012
 23.61853877 23.26441352 23.35139165 22.74875746 24.2584493  24.10313121
 25.22142147 25.22763419 26.52609344 27.32132207 21.25770378 21.70501988
 22.30144135 21.59319085 22.02186879 23.79870775 25.44507952 24.20874751
 24.7306163  26.67519881 26.91128231 24.60636183 25.37052684 25.38295229
 27.32753479 19.66724652]",50688.11219282723
2025-06-15 19:48:00+00:00,1188,4774.110000000001,9.0,24.029488790882652,23.830113071570576,28.184890656063615,"[21.63667992 20.92842942 24.35785288 22.25173956 22.82331014 22.46918489
 23.40730616 24.12798211 24.57529821 23.22092445 25.6749503  27.65680915
 25.18414513 19.98409543 23.20228628 22.10884692 22.92892644 22.33871769
 24.0472167  23.89811133 23.5750497  25.18414513 24.58151093 25.21520875
 25.94831014 25.63146123 25.38295229 21.59319085 20.89115308 21.88518887
 23.65581511 23.55641153 23.42594433 24.14662028 24.15904573 22.36356859
 25.61282306 25.22763419 26.4639662  25.66252485 25.90482107 21.6056163
 21.55591451 21.34468191 22.73011928 23.64960239 21.77335984 23.28926441
 24.67470179 24.23359841 23.65581511 22.71769384 25.75571571 25.78677932
 24.19010934 28.18489066 21.23285288 21.35710736 23.90432406 22.74875746
 23.07181909 23.15879722 24.24602386 23.53777336 23.97266402 25.01018887
 25.78677932 25.56312127 27.38966203 25.24005964 20.49975149 21.027833
 21.38195825 22.79845924 22.45054672 22.19582505 24.05964215 24.28951292
 23.86704771 25.48235586 25.3083996  27.83076541 26.76838966 25.19035785
 21.38817097 20.77311133 23.01590457 22.16476143 21.81063618 23.97887674
 22.56858847 23.32654076 25.14065606 23.56883698 25.3332505  26.1471173
 25.14686879 27.08523857 24.33300199 22.03429423 22.91028827 22.70526839
 21.12102386 24.02236581 23.03454274 22.36978131 23.46322068 25.66252485
 24.43861829 25.68737575 25.8054175  27.05417495 25.77435388 21.25149105
 21.58697813 22.06535785 22.64935388 24.0472167  23.4445825  24.87350895
 23.75521869 26.04150099 25.27112326 25.06610338 25.06610338 25.05367793
 25.66873757 22.39463221 22.60586481 20.87251491 23.05939364 22.83573559
 24.00994036 22.54373757 23.30790258 23.64960239 23.62475149 24.78653082
 27.78106362 26.07256461 25.94209742 21.49378728 21.75472167 20.23260437
 23.40730616 22.29522863 24.60636183 23.16500994 23.84840954 24.89835984
 24.30815109 24.19010934 24.52559642 25.58797217 26.37077535 27.42072565
 20.36307157 21.77335984 24.46968191 22.17097416 24.37649105 22.02808151
 24.11555666 25.14686879 23.96023857 24.64985089 25.73086481 25.63767396
 25.28354871 26.13469185 21.27634195 22.87922465 20.67992048 22.2082505
 21.80442346 24.23359841 23.04696819 23.04075547 24.30193837 23.84219682
 24.23359841 25.12201789 25.71222664 25.99801193 21.38817097 21.06510934
 21.03404573 22.97862823 22.30765408 23.99130219 23.87326044 24.95427435
 24.17147117 25.73707753 24.7554672  25.19657058 25.18414513 26.32728628
 27.36481113 20.76689861]",50282.657698776995
2025-06-15 19:49:00+00:00,1189,4742.9,9.0,23.93582945507785,23.73316351888668,28.60114314115308,"[22.32629225 22.54373757 23.14015905 22.89786282 22.34493042 21.3695328
 24.61257455 25.73086481 25.77435388 28.60114314 27.43936382 24.07828032
 25.87375746 22.68663022 23.92917495 21.98459245 22.37599404 23.48185885
 22.22688867 23.84219682 25.15929423 24.10934394 24.94806163 25.79299205
 25.15929423 25.00397614 25.90482107 19.74801193 20.97191849 21.40059642
 22.19582505 22.95999006 24.40134195 21.25770378 23.22092445 24.27708748
 25.28354871 25.14686879 24.57529821 26.02286282 26.47639165 19.58648111
 22.63692843 21.2639165  21.67395626 22.30144135 22.88543738 21.76093439
 23.14637177 26.13469185 25.8861829  25.01018887 24.44483101 26.53851889
 26.18439364 24.7306163  22.20203777 22.07157058 20.0027336  22.59965209
 22.48782306 22.5250994  23.15258449 24.40755467 22.99105368 24.33300199
 24.4137674  26.22166998 25.91724652 24.33300199 20.22639165 22.08399602
 22.70526839 24.10313121 23.66824056 24.30815109 24.14662028 24.23359841
 24.36406561 25.09095427 24.53802187 25.0723161  27.71893638 25.37052684
 22.11505964 21.12102386 21.22664016 22.00944334 23.38245527 24.31436382
 22.58722664 22.68663022 24.72440358 24.87972167 25.45129225 26.4639662
 24.79895626 25.37673956 25.62524851 20.84766402 23.08424453 21.10859841
 22.56858847 22.29522863 21.77335984 23.37002982 23.61232604 23.50049702
 24.61878728 25.39537773 26.51366799 25.9917992  25.37052684 23.03454274
 23.61853877 22.25173956 22.32629225 22.74875746 23.8111332  24.55044732
 23.45700795 22.63071571 26.74353877 25.74329026 24.69955268 26.0166501
 24.67470179 21.81063618 23.20849901 20.4500497  22.84816103 20.31336978
 22.18961233 24.31436382 24.152833   23.60611332 24.50074553 25.01640159
 25.51341948 24.79895626 25.36431412 21.65531809 20.17047714 22.99105368
 22.1833996  21.8665507  24.30193837 22.2082505  25.10337972 24.45104374
 25.05989066 23.49428429 25.93588469 25.42022863 26.71247515 24.36406561
 21.50621272 22.69905567 19.8722664  21.95974155 21.76093439 23.38866799
 23.80492048 24.54423459 25.63767396 25.25869781 24.76167992 25.47614314
 25.08474155 26.09741551 20.40656064 20.61158052 21.80442346 22.05914513
 22.79845924 23.18364811 23.65581511 23.34517893 25.43265408 24.88593439
 24.56287276 26.62549702 25.60039761 24.72440358 21.08996024 21.45029821
 23.05939364 22.12127237 22.36978131 24.52559642 24.40134195 22.95377734
 23.82977137 23.87326044 26.02907555 24.30815109 25.19035785 25.25248509
 25.79299205 20.95949304]",49969.31102490844
2025-06-15 19:50:00+00:00,1190,4747.33,9.0,23.947343141513908,23.74692470178926,27.93638170974155,"[21.3943837  21.74850895 22.29522863 23.82977137 23.77385686 22.33250497
 24.07206759 25.60039761 24.3889165  26.45154076 24.64363817 25.56312127
 27.42072565 20.64885686 22.56858847 23.5999006  23.00969185 22.29522863
 22.5250994  25.0723161  23.82977137 25.83026839 24.625      26.66277336
 24.2584493  25.24005964 26.4888171  22.46297217 23.53156064 20.96570577
 24.05342942 23.43836978 21.89140159 24.03479125 23.97887674 24.02857853
 25.2027833  25.12823062 26.37077535 25.55069583 24.59393638 22.27659046
 23.41973161 21.58697813 21.37574553 22.70526839 24.46346918 22.91028827
 22.19582505 24.31436382 23.93538767 23.76764414 24.27708748 24.30193837
 26.10984095 27.55119284 20.25745527 20.65506958 22.5499503  22.70526839
 23.23956262 22.50646123 21.34468191 23.2582008  24.74925447 24.84244533
 24.63121272 25.74950298 26.21545726 26.89885686 20.58672962 21.02162028
 23.51292247 22.53752485 22.39463221 23.62475149 21.87276342 22.35735586
 23.28305169 23.87947316 23.54398608 25.27733598 26.50124254 24.60636183
 21.55591451 23.30168986 21.27634195 22.6804175  23.53156064 22.6555666
 23.90432406 22.94135189 23.78006958 24.12176938 25.45129225 24.98533797
 24.61257455 25.95452286 25.63767396 21.13966203 20.69234592 23.65581511
 23.43215706 21.84791252 23.4694334  22.93513917 22.43190855 23.16500994
 26.08499006 22.95999006 24.81138171 27.27162028 25.68737575 22.30765408
 23.29547714 23.00347913 22.38220676 23.35139165 23.58126243 24.13419483
 24.52559642 25.37673956 25.14686879 25.86133201 25.46993042 27.21570577
 24.80516899 21.04647117 20.91600398 21.18936382 22.19582505 23.67445328
 23.46322068 22.49403579 23.78628231 24.64985089 24.37649105 23.99130219
 25.02882704 25.55069583 26.22166998 21.17693837 21.92867793 21.33846918
 22.6804175  23.2333499  21.45029821 23.20228628 24.46346918 25.25869781
 25.10959245 26.49502982 26.60685885 26.26515905 25.36431412 26.58200795
 21.89140159 21.56212724 20.76689861 21.03404573 25.22142147 22.53131213
 23.41351889 23.30790258 24.93563618 25.17793241 22.89786282 27.26540755
 27.93638171 25.77435388 22.71769384 20.77932406 22.48161034 20.69855865
 22.53131213 22.08399602 21.8665507  24.60014911 23.87947316 25.61903579
 25.0723161  25.65631213 24.87972167 26.84915507 21.92867793 20.1083499
 21.32604374 23.50049702 22.57480119 22.50646123 23.12152087 22.94135189
 23.94781312 24.7554672  24.74304175 25.0723161  25.15929423 26.26515905
 25.06610338 21.56833996]",50007.83121424892
2025-06-15 19:51:00+00:00,1191,4746.75,9.0,23.94406995194785,23.745123011928428,27.57604373757455,"[22.09020875 23.00969185 22.89786282 23.75521869 23.89189861 24.37649105
 24.78653082 23.97887674 24.37649105 25.60039761 24.53802187 25.91724652
 27.29647117 21.72987078 23.53156064 21.05889662 21.64910537 21.53727634
 21.89761431 25.69980119 24.56287276 25.17171968 24.07206759 25.02261431
 25.77435388 27.32132207 24.32057654 20.74826044 23.16500994 21.1583002
 21.99080517 19.54920477 25.42022863 23.55641153 23.32654076 22.72390656
 25.15308151 24.37027833 24.96048708 24.8362326  26.65034791 21.15208748
 21.54970179 22.81709742 21.90382704 23.63717694 22.04671968 22.23931412
 23.37624254 24.26466203 23.89811133 25.38916501 26.07877734 25.14686879
 25.569334   26.7249006  22.10884692 21.74850895 20.38170974 22.10884692
 22.13369781 22.6804175  21.54970179 23.82355865 24.18389662 23.15879722
 23.85462227 26.21545726 24.64985089 26.48260437 21.76714712 20.84145129
 21.76093439 22.05293241 23.9167495  24.56287276 24.32057654 21.36332008
 24.27708748 24.3889165  26.02907555 26.32107356 25.6749503  24.87350895
 20.77311133 23.20849901 21.80442346 23.1028827  22.27659046 23.20849901
 23.78628231 24.89214712 24.18389662 25.02882704 25.55069583 26.29000994
 26.00422465 26.06013917 26.30243539 19.69209742 22.81709742 21.20178926
 22.13369781 23.61232604 20.99676938 24.81759443 24.00372763 25.48235586
 24.46968191 25.61282306 25.569334   25.86754473 27.21570577 20.78553678
 21.79199801 22.21446322 23.71794235 22.15854871 22.45675944 24.41998012
 23.04075547 24.53802187 23.48807157 25.86133201 25.05989066 25.71222664
 26.7249006  19.19507952 22.51888668 20.49353877 22.8667992  21.87897614
 21.98459245 22.12127237 24.50074553 23.1277336  23.69930417 23.98508946
 25.55069583 25.95452286 26.74353877 21.20800199 21.63667992 20.28851889
 22.38220676 23.22092445 21.56833996 23.63717694 24.07828032 24.55666004
 22.66177932 24.41998012 24.99776342 25.28354871 24.47589463 27.57604374
 20.73583499 21.6304672  22.05293241 21.07753479 24.66227634 21.91003976
 25.10337972 24.45104374 25.50720676 25.81784294 25.10337972 25.96694831
 24.83001988 25.00397614 21.25770378 22.63692843 23.3389662  22.26416501
 25.48235586 22.75497018 24.02236581 24.45104374 26.61307157 24.00372763
 24.48210736 25.03503976 26.37077535 26.34592445 20.36307157 22.36978131
 22.38220676 22.84194831 24.65606362 23.64338966 23.28926441 24.59393638
 25.17793241 24.04100398 24.1776839  23.19607356 25.81163022 26.91128231
 26.24030815 21.3695328 ]",49996.880431236714
2025-06-15 19:52:00+00:00,1192,4719.85,9.0,23.86312317406228,23.66156187872763,27.34617296222664,"[20.09592445 21.31361829 23.04075547 24.12176938 24.41998012 23.20849901
 23.38866799 24.13419483 25.92967197 24.68091451 25.40780318 25.87375746
 27.34617296 22.12748509 21.91003976 21.55591451 19.89090457 24.46968191
 22.40084493 22.61829026 24.31436382 24.61878728 25.99801193 23.66824056
 26.27758449 24.74304175 26.29000994 20.10213718 20.40034791 19.58026839
 21.8665507  21.9473161  22.8667992  23.42594433 20.74826044 24.41998012
 25.45129225 23.9167495  24.4945328  25.61903579 25.71222664 20.87872763
 21.7360835  23.09666998 22.77360835 23.15258449 21.78578529 22.48782306
 24.05964215 22.92892644 25.38295229 25.08474155 25.24005964 26.48260437
 24.91078529 25.85511928 21.87897614 20.85387674 21.51863817 21.87897614
 22.66799205 22.86058648 24.50074553 25.21520875 24.58151093 26.27137177
 24.84865805 24.78653082 25.8861829  26.7249006  21.06510934 20.40034791
 21.75472167 20.49353877 24.78653082 24.76167992 23.73036779 23.74279324
 24.36406561 25.31461233 25.63767396 24.53802187 25.73086481 26.20303181
 22.32629225 22.7611829  22.97862823 21.91003976 23.4445825  23.82355865
 23.16500994 24.46968191 24.43240557 23.97887674 26.48260437 25.27112326
 25.19035785 24.37027833 26.74975149 21.35089463 22.32007952 22.36978131
 23.92917495 22.02186879 24.27087475 23.82355865 23.14015905 23.77385686
 25.5444831  25.03503976 25.05367793 24.98533797 26.56336978 20.41898608
 20.54945328 21.87897614 22.02808151 22.94756461 22.05293241 23.79870775
 23.50670974 25.14065606 24.03479125 24.8610835  24.74304175 26.04150099
 24.84244533 19.67967197 23.29547714 21.12102386 22.7611829  21.40680915
 23.80492048 23.45700795 25.28354871 24.43861829 23.95402584 23.74900596
 25.76814115 26.20924453 26.7249006  22.51888668 21.0526839  22.33250497
 21.68638171 20.09592445 21.91625249 25.39537773 23.82355865 23.4694334
 22.74254473 25.38295229 25.47614314 25.29597416 25.98558648 26.07256461
 22.50024851 22.80467197 22.71769384 22.63071571 23.54398608 21.5
 24.20253479 23.90432406 24.55044732 24.64363817 25.34567594 24.88593439
 25.73707753 26.82430417 20.49353877 20.75447316 23.02833002 22.71148111
 23.81734592 21.32604374 23.30168986 23.68687873 23.82355865 24.97912525
 24.2833002  24.50695825 24.69955268 26.47639165 21.45029821 20.43762425
 22.17097416 22.01565606 21.83548708 23.2582008  21.35710736 23.7055169
 25.97937376 24.58772366 24.94806163 25.25248509 26.19060636 24.60014911
 26.86779324 19.44358847]",49726.06489114276
2025-06-15 19:53:00+00:00,1193,4701.23,9.0,23.806608950947897,23.603721421471175,27.97365805168986,"[21.66153082 22.42569583 22.48782306 22.72390656 24.19010934 23.07181909
 24.43861829 25.94831014 25.46371769 23.680666   24.74304175 25.06610338
 25.34567594 23.85462227 20.0027336  22.49403579 22.04671968 20.63021869
 23.2582008  23.59368787 22.46918489 23.08424453 22.35735586 26.15333002
 26.03528827 25.70601392 25.6749503  20.7109841  21.3695328  21.51242545
 23.18364811 21.67395626 23.20228628 22.71769384 22.07157058 24.80516899
 24.02857853 25.2027833  25.69358847 25.45750497 24.9666998  20.65506958
 22.19582505 21.07753479 23.85462227 23.12152087 24.56287276 23.33275348
 24.79895626 23.49428429 24.24602386 23.66202783 23.63096421 25.63767396
 25.39537773 26.52609344 22.25173956 21.40680915 21.46893638 22.83573559
 22.46918489 22.03429423 23.3389662  25.00397614 24.87972167 23.53777336
 25.09095427 25.4140159  24.30193837 27.01689861 22.444334   20.20154076
 23.01590457 22.63071571 23.79870775 21.48136183 22.6555666  24.42619284
 24.02236581 25.14686879 23.42594433 24.8362326  25.9110338  26.5695825
 22.23310139 20.86008946 21.59319085 21.1334493  21.99701789 23.4694334
 22.82331014 25.45750497 26.3583499  25.01640159 25.49478131 24.77410537
 25.96073559 23.99751491 26.01043738 20.77932406 20.60536779 23.58126243
 21.09617296 22.38220676 23.49428429 23.05939364 23.93538767 23.78628231
 25.43265408 27.56361829 23.75521869 25.20899602 26.10362823 21.40059642
 21.8416998  22.36356859 22.24552684 23.51913519 23.04075547 23.50049702
 25.20899602 26.49502982 22.84816103 24.28951292 26.20303181 26.1471173
 27.11008946 20.0027336  22.2890159  22.38841948 22.74875746 22.77360835
 22.88543738 24.90457256 25.76814115 24.95427435 24.06585487 24.55044732
 23.45700795 27.97365805 24.18389662 20.18290258 20.28851889 22.91028827
 22.12127237 21.25770378 23.23956262 22.07157058 24.18389662 25.04746521
 23.2333499  24.04100398 26.50124254 26.66898608 25.74950298 26.29000994
 20.05243539 22.444334   22.11505964 22.38220676 23.10909543 22.59343936
 23.02833002 22.4194831  23.23956262 23.75521869 24.66227634 24.38270378
 24.24602386 25.20899602 21.92246521 22.33871769 22.02808151 22.55616302
 20.59915507 23.84840954 22.95377734 22.85437376 24.32678926 23.96023857
 26.60685885 24.40755467 24.90457256 24.92321074 22.40084493 20.56809145
 21.83548708 21.82306163 22.8667992  23.74279324 22.87301193 22.89786282
 25.22763419 23.50049702 24.37027833 25.10959245 25.72465209 25.32703777
 24.86729622 21.81684891]",49536.99090629129
2025-06-15 19:54:00+00:00,1194,4720.629999999999,9.0,23.862291353170527,23.66398484095427,27.582256461232603,"[22.76739563 22.5250994  21.17693837 21.91625249 23.2582008  22.63071571
 23.84840954 24.46346918 23.73658052 25.42644135 26.66898608 26.41426441
 25.4140159  21.04647117 21.62425447 21.67395626 22.95377734 22.35114314
 23.69930417 23.45079523 23.43215706 24.02857853 24.44483101 26.0166501
 24.58772366 26.04771372 27.58225646 19.58026839 22.07157058 21.76093439
 22.32007952 22.02808151 23.78006958 23.56883698 23.52534791 24.27087475
 23.64960239 26.20924453 24.69955268 27.00447316 25.94831014 20.03379722
 22.87301193 21.82306163 20.69234592 22.36978131 23.89811133 25.23384692
 22.94756461 23.97887674 24.80516899 25.24627237 25.68737575 25.17793241
 25.71222664 26.4639662  21.3695328  20.32579523 21.7360835  23.91053678
 21.56212724 23.84840954 24.03479125 23.43215706 25.05989066 25.03503976
 24.87350895 25.05989066 24.81138171 24.22117296 20.49353877 23.35760437
 20.83523857 23.40109344 23.00347913 24.12798211 23.30168986 23.53777336
 25.43265408 23.22092445 23.30168986 25.28976143 24.91699801 25.43265408
 22.72390656 22.21446322 20.91600398 22.444334   21.91003976 22.53131213
 22.67420477 25.25869781 23.79249503 24.93563618 25.46371769 23.85462227
 24.152833   25.90482107 25.15929423 20.36307157 21.53106362 23.55019881
 23.16500994 22.57480119 22.60586481 24.2833002  24.17147117 25.19035785
 24.1776839  25.10959245 24.90457256 26.15954274 25.96073559 20.38792247
 21.43166004 21.64910537 22.19582505 24.71819085 23.85462227 24.19632207
 23.87326044 24.33921471 24.4945328  24.15904573 26.17196819 25.37052684
 26.02907555 20.66128231 22.21446322 21.30740557 21.5        22.24552684
 25.04125249 24.66227634 24.81138171 24.32057654 24.89835984 25.91724652
 25.14065606 24.45725646 25.56312127 21.91625249 21.56212724 22.33871769
 22.81088469 22.35735586 23.53156064 23.11530815 22.96620278 24.152833
 24.30193837 26.42668986 25.96073559 26.02286282 25.2027833  26.67519881
 22.9972664  21.11481113 22.1833996  23.22713718 23.49428429 20.6861332
 23.54398608 24.152833   24.05964215 23.92917495 24.51317097 24.91078529
 26.75596421 25.097167   21.27634195 21.1583002  22.38220676 22.05293241
 21.97837972 20.51838966 22.90407555 22.95999006 22.35114314 22.64314115
 24.66227634 24.65606362 27.10387674 25.73707753 21.05889662 22.73633201
 21.72365805 23.03454274 22.97862823 22.00323062 23.05939364 23.85462227
 25.42022863 24.76167992 24.31436382 24.22738569 25.4140159  26.78081511
 25.6500994  20.61158052]",49723.28195116732
2025-06-15 19:55:00+00:00,1195,4676.27,9.0,23.729813178969373,23.526186630218685,27.520129224652084,"[21.40059642 20.90357853 23.63096421 24.43240557 24.34542744 21.40680915
 24.68091451 22.43812127 24.07828032 24.05964215 26.67519881 25.58175944
 24.79895626 21.06510934 21.10238569 21.54348907 22.6555666  22.39463221
 23.1028827  21.52485089 23.07181909 21.3943837  26.0166501  24.27708748
 26.11605368 25.28354871 24.84244533 20.7917495  19.62375746 21.56212724
 23.02833002 22.13991054 22.57480119 23.63096421 21.89140159 24.03479125
 25.15308151 24.68712724 26.41426441 25.42644135 26.92370775 20.08971173
 19.79150099 22.13991054 22.35114314 22.27659046 23.19607356 22.04671968
 24.46346918 22.99105368 24.79895626 24.54423459 24.8362326  25.04125249
 26.2527336  24.65606362 20.60536779 22.84194831 22.05914513 22.85437376
 24.37649105 23.76764414 23.15879722 23.99130219 24.9915507  25.097167
 26.02907555 24.15904573 25.47614314 25.77435388 19.84120278 22.74875746
 21.6304672  23.11530815 22.02808151 22.16476143 23.40109344 22.94135189
 23.99130219 24.50695825 24.57529821 25.5444831  26.3832008  25.74329026
 21.45029821 22.25173956 22.64314115 22.56237575 22.82331014 22.08399602
 23.42594433 23.38866799 23.28305169 25.44507952 23.75521869 27.42072565
 24.9915507  25.76192843 26.44532803 20.43141153 21.86033797 18.99627237
 22.25173956 23.66824056 22.6555666  24.20874751 23.51913519 25.10337972
 24.14040755 23.98508946 25.70601392 24.84865805 27.16600398 21.66774354
 23.11530815 20.38792247 22.61207753 22.71148111 21.53727634 22.39463221
 22.98484095 24.55044732 24.92942346 24.82380716 25.60039761 25.24005964
 26.36456262 21.02162028 22.35114314 21.05889662 22.33250497 20.59915507
 21.54970179 23.680666   24.23981113 24.4137674  23.64338966 23.46322068
 26.0166501  25.63767396 24.58151093 20.40656064 19.94060636 22.63692843
 23.15879722 22.89786282 22.13991054 22.69284294 22.6555666  23.96023857
 24.23359841 23.87947316 24.44483101 23.4694334  24.63742545 27.52012922
 21.5        22.71148111 22.26416501 23.97887674 24.22117296 22.35735586
 24.14662028 23.61232604 24.19632207 24.5193837  25.27733598 24.47589463
 25.63767396 26.7249006  21.56833996 21.20178926 21.61804175 23.21471173
 22.06535785 24.14662028 25.40780318 24.58772366 24.64985089 23.86083499
 23.9416004  25.55690855 25.05367793 26.0166501  20.00894632 21.04025845
 21.58076541 21.8665507  22.24552684 24.46968191 23.65581511 22.58722664
 24.64363817 23.55641153 26.15954274 25.92345924 24.8362326  25.63146123
 24.48210736 21.59940358]",49280.062971559935
2025-06-15 19:56:00+00:00,1196,4693.88,9.0,23.780209187357816,23.58088966202783,27.439363817097416,"[21.17693837 20.7917495  23.67445328 24.20874751 24.64985089 24.38270378
 24.00372763 24.55666004 23.09045726 24.7306163  26.07877734 26.1471173
 26.2278827  21.51863817 22.32007952 21.86033797 22.56858847 20.6861332
 23.06560636 22.38841948 24.02236581 23.76764414 24.17147117 25.16550696
 25.18414513 26.29000994 24.87972167 21.40059642 20.63643141 19.67967197
 21.43166004 22.97862823 21.13966203 23.32032803 23.79870775 22.36356859
 25.12823062 24.61878728 25.03503976 23.50049702 25.77435388 21.3943837
 20.54945328 21.12102386 22.81709742 23.96645129 22.06535785 22.10263419
 23.91053678 24.60014911 24.73682903 26.08499006 25.42022863 26.17196819
 25.79920477 27.23434394 21.66153082 21.52485089 19.92196819 21.54970179
 22.71148111 21.64910537 22.66177932 23.15258449 24.19010934 24.98533797
 23.92296223 24.99776342 27.43936382 26.04771372 20.99055666 21.94110338
 21.56833996 22.46918489 22.64314115 23.63717694 22.12748509 23.32654076
 24.68712724 25.03503976 25.44507952 25.48856859 24.53180915 26.97340954
 20.33200795 21.42544732 21.45029821 21.50621272 22.2890159  23.50670974
 23.87326044 24.74925447 22.73011928 25.06610338 24.23359841 22.7611829
 25.46993042 25.40780318 26.27137177 21.72987078 22.2890159  23.20849901
 22.81709742 21.8416998  22.79845924 25.4388668  24.91699801 24.14040755
 24.97912525 25.7805666  24.99776342 25.00397614 26.78702783 19.85362823
 21.62425447 21.29498012 22.14612326 24.10313121 22.15854871 24.48210736
 21.53106362 23.32654076 23.64960239 24.80516899 23.88568588 26.87400596
 26.36456262 21.38195825 22.71148111 21.89140159 21.47514911 23.34517893
 22.84816103 23.20228628 23.99751491 25.87375746 24.44483101 23.72415507
 25.25248509 26.04150099 24.81138171 19.74801193 22.35114314 22.10263419
 23.4694334  23.17122266 22.71148111 21.33225646 24.17147117 23.50670974
 26.1222664  24.69333996 24.95427435 27.33996024 24.56287276 26.42047714
 23.13394632 21.63667992 22.2082505  22.17718688 23.18986083 22.15233598
 24.0472167  24.53180915 23.97266402 25.68116302 24.39512922 26.26515905
 24.93563618 24.45104374 21.48136183 20.56187873 22.58101392 23.7055169
 22.85437376 22.54373757 23.51913519 24.57529821 24.90457256 24.60014911
 25.12201789 26.06635189 23.13394632 25.23384692 20.67992048 19.99652087
 23.35139165 20.79796223 21.62425447 21.22042744 23.54398608 24.59393638
 24.8610835  25.05989066 23.96023857 25.15929423 25.38295229 25.18414513
 26.45154076 21.41923459]",49448.66785722431
2025-06-15 19:57:00+00:00,1197,4726.95,9.0,23.87622636402744,23.68361704771372,27.849403578528825,"[22.7611829  22.98484095 23.40109344 23.9416004  22.91028827 23.76764414
 23.64960239 24.21496024 25.15308151 26.68141153 25.73707753 24.22738569
 25.51341948 21.48136183 21.81684891 23.92917495 22.40705765 22.95999006
 23.75521869 24.43861829 22.54373757 23.73658052 24.70576541 24.30193837
 24.55044732 25.35810139 26.38941352 21.77957256 20.64885686 21.7360835
 20.82281312 22.94756461 22.62450298 23.40109344 23.61853877 23.55641153
 26.90506958 24.56287276 24.80516899 24.20253479 27.84940358 21.7112326
 22.38220676 22.38220676 21.49378728 22.5250994  21.99701789 23.53156064
 22.32007952 24.22738569 23.37002982 24.26466203 24.47589463 26.99204771
 27.6195328  26.33349901 20.76689861 21.56833996 21.33846918 21.17693837
 23.47564612 25.46993042 23.61232604 25.44507952 24.35164016 24.8362326
 23.53777336 24.37649105 24.60014911 26.21545726 21.40059642 22.83573559
 22.4194831  21.2887674  21.42544732 22.3138668  23.68687873 23.04696819
 24.46346918 25.65631213 24.21496024 25.55069583 26.30864811 26.58200795
 20.88494036 21.45029821 22.40084493 21.56833996 21.13966203 22.89786282
 22.17097416 23.11530815 23.47564612 25.38916501 26.24652087 24.26466203
 26.54473161 24.2833002  26.47639165 19.6610338  19.44358847 23.51292247
 23.29547714 22.50024851 23.43836978 24.56908549 24.14662028 24.84865805
 24.97291252 23.90432406 25.2027833  25.32082505 25.81784294 20.08971173
 21.76714712 23.66202783 24.09691849 21.83548708 23.59368787 24.2833002
 22.83573559 22.82331014 24.37649105 24.55666004 23.67445328 26.26515905
 26.94855865 21.15208748 22.23931412 22.30765408 20.84145129 22.58101392
 23.64960239 23.15879722 23.87326044 23.48807157 25.24005964 25.23384692
 25.64388668 24.84244533 25.0723161  20.20154076 21.64910537 23.13394632
 23.55641153 23.20228628 21.69880716 22.35114314 23.39488072 24.57529821
 24.66848907 25.56312127 24.45104374 24.19632207 25.6500994  26.64413519
 20.67370775 21.44408549 23.22092445 21.70501988 24.33300199 22.61207753
 23.32654076 25.09095427 26.29622266 23.58126243 25.75571571 26.40805169
 27.26540755 26.68762425 23.38866799 22.54373757 23.07803181 21.82306163
 23.15879722 21.23906561 23.49428429 24.12176938 24.65606362 24.35785288
 24.72440358 24.40134195 26.69383698 25.8861829  21.97837972 21.87897614
 20.64264414 22.43190855 21.51242545 23.05939364 23.00347913 22.91028827
 23.60611332 24.64363817 24.39512922 24.73682903 25.91724652 24.43240557
 26.33971173 20.88494036]",49769.90292349019
2025-06-15 19:58:00+00:00,1198,4693.32,9.0,23.775406985462745,23.579150099403577,27.041749502982107,"[22.0777833  22.26416501 23.82355865 24.45725646 23.88568588 25.22142147
 23.42594433 25.06610338 25.42022863 25.2027833  26.66277336 25.8054175
 24.43240557 20.85387674 22.06535785 20.81038767 23.21471173 23.28305169
 22.99105368 25.8054175  23.87947316 24.12176938 24.23981113 23.55019881
 25.07852883 24.8610835  25.76192843 20.9222167  21.87897614 20.51217694
 23.05939364 22.49403579 22.84816103 24.00994036 24.18389662 24.48832008
 24.41998012 23.40730616 26.56336978 25.56312127 24.76789264 18.03951292
 20.25124254 22.38841948 21.40680915 22.08399602 21.67395626 23.87947316
 24.84865805 23.60611332 23.84840954 25.28976143 25.78677932 24.70576541
 24.64985089 26.51366799 21.61182903 20.48111332 22.12748509 21.08374751
 22.85437376 24.57529821 22.99105368 23.26441352 23.64960239 25.19657058
 24.76167992 23.84219682 24.87350895 26.02286282 20.80417495 21.83548708
 22.36356859 22.69284294 21.3943837  21.87276342 23.48185885 25.27733598
 23.8111332  24.0472167  25.04746521 25.01018887 24.78653082 24.7554672
 19.23856859 22.14612326 20.76068588 22.88543738 22.55616302 24.23359841
 24.34542744 23.12152087 24.27708748 25.48235586 24.88593439 24.64985089
 26.40805169 26.38941352 25.37673956 22.77360835 21.5        22.12748509
 20.98434394 22.42569583 23.14015905 24.29572565 24.2584493  24.68091451
 25.14686879 24.64985089 25.60661034 26.8305169  26.1471173  20.40656064
 20.53702783 22.50024851 20.26366799 22.37599404 20.96570577 23.61232604
 24.32678926 22.82331014 24.56287276 24.60014911 26.53851889 25.00397614
 24.79895626 20.82902584 20.84766402 22.17097416 22.5499503  24.53180915
 22.09642147 22.63071571 24.21496024 25.10959245 25.04125249 25.51341948
 26.33349901 25.63146123 25.4388668  21.51242545 20.94085487 22.35114314
 21.56833996 23.8359841  20.65506958 23.64960239 23.35139165 25.34567594
 24.29572565 23.87947316 24.68712724 24.8610835  25.05989066 26.44532803
 21.04025845 22.51267396 22.8916501  22.444334   21.87276342 22.41327038
 24.84865805 23.55019881 24.02857853 25.31461233 25.76814115 25.79299205
 27.0417495  25.74950298 19.7666501  20.77932406 22.22688867 22.04671968
 23.20849901 22.74875746 24.92321074 23.21471173 23.76764414 23.48185885
 25.81163022 24.45104374 24.30193837 26.21545726 20.56809145 22.56237575
 21.54348907 22.97862823 22.04050696 23.42594433 24.55044732 24.00372763
 23.29547714 22.99105368 25.77435388 23.2582008  25.39537773 25.59418489
 24.88593439 19.85984095]",49432.601610564154
2025-06-15 19:59:00+00:00,1199,4668.4400000000005,9.0,23.700407331664284,23.50186381709741,27.116302186878727,"[22.47539761 22.39463221 23.51292247 21.27012922 22.84816103 23.22713718
 24.27708748 25.05989066 24.44483101 24.91078529 25.81784294 26.76838966
 27.11630219 22.04050696 21.76714712 22.27659046 22.69905567 22.32629225
 22.56858847 23.61853877 24.67470179 24.50695825 24.27708748 24.42619284
 22.83573559 25.14065606 26.94234592 21.43166004 22.55616302 20.90357853
 22.74875746 22.91650099 22.94756461 22.74875746 22.27659046 23.45079523
 23.43215706 24.10934394 25.3083996  26.33971173 24.24602386 20.63021869
 20.77932406 20.73583499 20.94706759 20.46247515 22.86058648 24.14040755
 24.77410537 23.59368787 23.42594433 23.82977137 23.98508946 24.11555666
 25.94209742 25.59418489 20.97813121 21.44408549 22.17097416 20.7917495
 22.2890159  23.03454274 22.17097416 25.91724652 23.32654076 23.79870775
 23.46322068 24.09691849 25.16550696 25.15308151 21.36332008 22.71148111
 21.08374751 21.87276342 22.33871769 23.04075547 22.61829026 23.59368787
 24.5193837  24.20874751 24.57529821 25.25869781 25.16550696 25.66873757
 22.12748509 20.59294235 21.27012922 22.14612326 24.33921471 24.53802187
 22.7860338  22.48161034 24.70576541 25.76814115 24.4945328  24.66227634
 25.33946322 25.37052684 26.86158052 21.18936382 20.91600398 21.65531809
 24.16525845 21.47514911 23.78006958 22.99105368 23.45079523 23.06560636
 26.10362823 25.55069583 25.61903579 23.28926441 25.42644135 20.6861332
 22.50024851 21.92246521 22.21446322 20.51217694 22.56237575 24.71819085
 25.22763419 24.66848907 23.7055169  25.59418489 24.98533797 24.74925447
 26.71868787 21.92867793 21.29498012 22.27037773 23.14637177 23.18364811
 22.15233598 23.9416004  22.84194831 25.16550696 25.75571571 26.11605368
 25.097167   24.37027833 26.20303181 20.11456262 20.17047714 21.17072565
 22.23310139 22.74875746 22.4194831  23.00969185 23.3389662  23.51292247
 24.87972167 24.89214712 24.58151093 24.23359841 25.27733598 26.27758449
 21.82927435 21.33846918 22.37599404 23.92296223 27.09766402 22.82952286
 23.3389662  23.81734592 23.66202783 22.8916501  24.625      24.48210736
 26.86779324 25.4140159  19.8971173  20.94085487 21.82306163 22.95377734
 22.2082505  23.58126243 21.45651093 20.97813121 26.45775348 25.63767396
 24.58772366 24.58151093 24.59393638 27.04796223 20.63643141 20.94085487
 21.40059642 21.972167   23.78006958 22.99105368 22.88543738 24.30815109
 24.40755467 24.13419483 24.27087475 25.5444831  24.37649105 25.95452286
 24.37649105 20.62400596]",49181.68276881603
2025-06-15 20:00:00+00:00,1200,4658.129999999999,9.0,23.668402507221593,23.469837226640156,28.178677932405567,"[22.68663022 21.86033797 23.20228628 21.49378728 22.86058648 24.43861829
 22.51267396 23.2582008  25.76814115 24.89835984 25.55690855 25.45129225
 25.19035785 20.41277336 20.9222167  21.12102386 23.00969185 23.04075547
 21.9473161  21.35710736 23.42594433 22.76739563 24.06585487 25.29597416
 24.89214712 24.7554672  25.90482107 21.99080517 21.08374751 21.86033797
 23.69930417 22.84194831 21.41923459 22.82952286 23.17122266 24.19632207
 23.14637177 24.17147117 26.36456262 26.79945328 25.5444831  21.18315109
 21.62425447 21.0526839  21.95352883 22.84194831 22.17718688 20.95949304
 24.18389662 24.625      24.81138171 25.69358847 25.21520875 25.14686879
 27.19085487 26.84915507 20.08971173 22.1833996  20.71719682 22.66799205
 21.18315109 22.87301193 21.99701789 23.17743539 23.71172962 24.76167992
 23.91053678 25.39537773 25.39537773 25.04125249 22.91650099 21.02162028
 22.59965209 21.62425447 21.82927435 22.23931412 21.90382704 22.22067594
 24.00372763 23.04075547 23.93538767 25.05367793 24.96048708 27.06038767
 19.99652087 21.83548708 22.17718688 21.84791252 21.50621272 23.72415507
 24.21496024 24.23981113 23.46322068 24.33300199 24.64985089 24.21496024
 25.59418489 25.48235586 24.91078529 21.81684891 22.76739563 23.01590457
 20.1083499  22.59965209 23.98508946 25.5444831  22.59965209 24.99776342
 25.76192843 24.63742545 26.74975149 26.24030815 26.33971173 22.56237575
 21.99701789 22.28280318 22.66177932 22.43812127 22.46918489 24.46968191
 23.22713718 24.22738569 25.5444831  24.24602386 25.68116302 23.39488072
 28.17867793 21.08996024 20.74826044 20.60536779 22.18961233 21.25770378
 23.4694334  23.49428429 21.76714712 24.9915507  25.32082505 25.71222664
 23.4445825  24.8610835  23.21471173 18.97142147 20.82902584 21.42544732
 23.35139165 22.2082505  21.7112326  21.93489066 23.50049702 25.45129225
 25.20899602 25.42022863 26.55715706 22.58722664 26.38941352 26.45775348
 21.29498012 20.74204771 23.30790258 22.53752485 22.86058648 22.70526839
 22.98484095 25.37673956 23.27683897 25.24627237 24.66848907 26.21545726
 25.6749503  23.56883698 19.52435388 22.9972664  21.24527833 22.77982107
 22.97241551 21.1583002  24.28951292 22.27659046 24.4945328  24.71819085
 24.85487078 26.17818091 24.69955268 25.6500994  21.46272366 21.43787276
 20.91600398 22.27037773 20.2139662  22.88543738 23.59368787 25.33946322
 24.12798211 25.15308151 25.25248509 22.95377734 25.97937376 26.33349901
 24.71819085 21.88518887]",49074.60742816056
2025-06-15 20:01:00+00:00,1201,4682.320000000001,9.0,23.73820684389715,23.54498011928429,27.743787276341948,"[20.76068588 21.22664016 22.5250994  24.73682903 22.40084493 24.00372763
 23.86083499 23.63096421 23.51292247 25.21520875 23.99751491 25.62524851
 26.75596421 22.02186879 21.64289264 22.60586481 23.63096421 21.58697813
 24.00994036 23.45079523 23.99130219 23.32654076 25.19035785 24.76789264
 26.79324056 25.20899602 26.05392644 20.99676938 21.44408549 21.22664016
 22.23931412 24.12176938 23.84219682 23.82977137 24.55044732 23.62475149
 24.11555666 25.07852883 24.9666998  26.1222664  26.13469185 21.46272366
 21.11481113 21.28255467 22.12748509 19.99030815 21.90382704 23.61853877
 24.00372763 24.79274354 24.37027833 24.48210736 24.56287276 25.12201789
 24.48832008 26.30864811 22.43812127 20.58672962 22.95377734 21.68638171
 24.54423459 21.13966203 24.61257455 23.66824056 24.60014911 24.39512922
 25.38295229 24.81138171 24.94806163 25.13444334 21.8416998  19.71694831
 22.45675944 22.15854871 19.81013917 23.04075547 22.62450298 25.0723161
 24.52559642 24.23359841 23.92296223 26.20924453 25.16550696 24.68091451
 21.53727634 21.84791252 21.38817097 21.92867793 23.15258449 23.37624254
 25.15929423 22.53131213 23.50049702 23.92296223 26.28379722 23.26441352
 25.23384692 25.48856859 25.46993042 22.88543738 22.30765408 22.43812127
 21.77335984 22.19582505 22.33250497 22.81709742 25.81163022 23.95402584
 25.09095427 23.04696819 25.68116302 25.60039761 26.68762425 20.54324056
 19.6610338  22.30765408 21.48136183 21.79199801 20.6861332  21.98459245
 23.22713718 24.06585487 24.64363817 24.52559642 24.00994036 26.50745527
 26.50745527 21.46893638 22.3138668  21.00298211 22.05293241 24.09691849
 21.77957256 22.58722664 24.10934394 24.13419483 23.61853877 25.73086481
 26.07877734 25.22142147 24.42619284 20.28230616 22.05293241 20.36928429
 22.0777833  24.02236581 22.68663022 23.19607356 24.14040755 24.27087475
 22.81709742 25.69358847 26.33971173 24.18389662 24.70576541 25.03503976
 20.48732604 22.33871769 20.89736581 22.02808151 24.02857853 21.2639165
 20.30094433 23.37624254 24.74304175 24.07828032 25.61282306 24.68091451
 26.3583499  27.04796223 22.66177932 20.78553678 23.1277336  22.53131213
 23.42594433 24.31436382 21.68016899 25.01018887 23.46322068 25.45129225
 24.09070577 24.09070577 24.58151093 27.74378728 19.21993042 22.60586481
 23.14637177 23.9416004  23.79249503 22.63692843 24.89835984 25.00397614
 23.5999006  24.74925447 23.99751491 23.34517893 25.48856859 23.78006958
 27.14736581 21.47514911]",49308.14481694231
2025-06-15 20:02:00+00:00,1202,4647.84,9.0,23.63487162676892,23.43787276341948,27.42693836978131,"[23.02833002 21.99080517 21.95352883 24.40134195 22.0777833  23.30168986
 22.15233598 25.38916501 25.95452286 24.9915507  24.84865805 25.55690855
 25.65631213 22.97862823 21.027833   21.72987078 22.70526839 21.82306163
 23.24577535 22.88543738 24.07828032 24.23981113 22.94135189 25.32082505
 25.60661034 26.07877734 27.15357853 21.29498012 22.42569583 20.16426441
 22.19582505 22.14612326 22.79845924 22.81709742 23.95402584 23.41973161
 24.7306163  25.89860835 25.09095427 25.12201789 25.66252485 21.10859841
 19.59890656 20.99055666 20.06486083 22.58722664 21.71744533 23.09666998
 21.87276342 24.2833002  23.56883698 24.22738569 24.94806163 26.10984095
 24.7306163  26.63792247 20.35064612 20.90357853 21.45029821 21.42544732
 24.3889165  22.59343936 23.18986083 25.60661034 24.22738569 24.00372763
 23.46322068 24.81138171 26.61307157 25.06610338 20.92842942 21.27012922
 21.33225646 21.93489066 20.28851889 23.4445825  24.55666004 24.01615308
 24.46968191 25.95452286 25.10959245 27.38966203 23.87326044 25.85511928
 21.12102386 20.91600398 21.66153082 22.82952286 24.45725646 22.00944334
 22.29522863 21.22664016 25.02882704 24.92321074 23.65581511 24.3889165
 23.88568588 23.99130219 27.02311133 24.36406561 20.93464215 21.92867793
 22.7611829  23.14015905 22.56237575 22.51267396 23.3638171  22.00323062
 25.10337972 25.15929423 24.22117296 24.47589463 25.3332505  18.51167992
 21.69880716 21.93489066 22.92892644 21.98459245 22.85437376 23.33275348
 23.96023857 24.92942346 23.21471173 24.12176938 25.38916501 24.9666998
 27.11630219 20.08971173 21.00919483 21.58076541 22.62450298 22.90407555
 22.37599404 24.26466203 23.53777336 23.10909543 23.89811133 24.79274354
 24.79895626 25.4388668  25.6749503  21.25149105 20.56809145 22.63692843
 22.63692843 22.74254473 20.70477137 22.98484095 22.7860338  22.26416501
 26.55715706 24.77410537 25.66252485 25.71222664 26.58822068 25.06610338
 20.97191849 20.89115308 20.69234592 23.56883698 22.25795229 22.38841948
 23.89189861 24.20253479 24.30815109 23.2582008  25.94209742 23.30790258
 24.89835984 25.38295229 21.40680915 21.50621272 21.74850895 19.6610338
 22.8916501  22.85437376 23.96645129 23.9167495  24.29572565 24.63742545
 25.45129225 23.03454274 25.71222664 24.92942346 21.77957256 21.20178926
 20.48732604 21.55591451 22.02186879 23.94781312 23.01590457 23.28926441
 25.58175944 25.05989066 24.4137674  25.15929423 25.34567594 25.91724652
 27.42693837 21.23906561]",48962.426514518105
2025-06-15 20:03:00+00:00,1203,4619.820000000001,9.0,23.55059836460754,23.350832504970175,27.71893638170974,"[21.31983101 22.72390656 22.77982107 23.35760437 22.17097416 22.59965209
 24.52559642 22.51888668 24.33921471 24.96048708 25.74329026 26.12847913
 24.19632207 20.63021869 21.72365805 23.55641153 22.58101392 22.02808151
 20.36307157 23.75521869 23.0221173  22.73011928 25.27733598 25.14065606
 24.81138171 26.34592445 25.57554672 21.14587475 21.82306163 20.96570577
 22.20203777 21.32604374 22.12748509 21.81684891 24.97912525 24.625
 24.92321074 24.37027833 25.24627237 24.61257455 25.98558648 20.72340954
 22.74254473 21.17072565 23.8111332  21.98459245 21.98459245 23.21471173
 23.13394632 22.37599404 24.44483101 24.95427435 23.97266402 24.89835984
 25.26491054 24.68091451 21.47514911 21.47514911 22.08399602 22.82952286
 22.21446322 23.87947316 24.14040755 22.83573559 24.00994036 23.79870775
 25.70601392 24.63742545 23.64960239 25.10337972 22.53131213 19.99030815
 22.35735586 21.70501988 21.51242545 22.79845924 23.2333499  24.23981113
 22.91028827 23.76764414 25.15929423 24.61257455 25.72465209 24.52559642
 19.48707753 21.06510934 21.81063618 21.1334493  22.94756461 21.81063618
 24.07206759 23.76764414 24.17147117 23.86704771 23.7055169  22.82952286
 24.4137674  27.71893638 24.2833002  20.61158052 22.11505964 21.49378728
 23.2333499  20.89115308 24.12798211 23.7055169  22.32007952 23.71172962
 23.69309145 23.99130219 25.15929423 24.59393638 25.40159046 20.7109841
 21.43787276 23.46322068 21.68016899 23.71172962 22.16476143 23.21471173
 22.40705765 22.92271372 25.74329026 26.53230616 24.94806163 24.79895626
 26.64413519 20.10213718 23.2582008  23.31411531 21.28255467 21.86033797
 21.99701789 24.00994036 25.18414513 24.152833   24.22738569 23.05318091
 23.38245527 25.64388668 25.06610338 19.73558648 21.67395626 21.00298211
 22.37599404 21.51242545 23.2582008  22.45054672 23.9416004  24.50695825
 25.0723161  24.92321074 24.46346918 24.56908549 26.94234592 26.17196819
 21.25770378 20.52460239 20.36928429 21.84791252 21.74229622 24.00994036
 22.55616302 25.12823062 25.06610338 23.64338966 25.69358847 25.37673956
 26.43290258 24.58151093 20.46247515 20.98434394 21.33225646 22.19582505
 23.00969185 22.72390656 24.1776839  24.16525845 24.09070577 23.50670974
 26.09120278 25.17171968 24.03479125 23.4445825  21.3943837  19.77907555
 21.82927435 22.61207753 22.27037773 21.94110338 23.99751491 24.19010934
 22.74875746 25.22763419 24.69955268 24.70576541 24.13419483 24.32057654
 25.81784294 21.91003976]",48680.48188863099
2025-06-15 20:04:00+00:00,1204,4657.98,9.0,23.66162341959739,23.469371272365805,28.023359840954274,"[22.08399602 21.18936382 22.63692843 23.8111332  21.21421471 23.66824056
 22.85437376 24.45104374 25.58797217 25.0723161  27.65059642 24.87350895
 26.43911531 21.56212724 22.06535785 22.17718688 23.31411531 21.21421471
 24.46968191 22.55616302 24.81759443 23.48185885 23.58747515 24.69955268
 25.3083996  23.9167495  23.94781312 20.87872763 22.15233598 19.83499006
 22.07157058 22.67420477 21.35089463 23.29547714 23.80492048 24.68712724
 24.89214712 25.00397614 25.02261431 26.74975149 23.56262425 20.48111332
 21.20800199 20.31336978 22.27659046 21.54348907 21.12102386 21.79821074
 23.26441352 22.75497018 24.67470179 23.45079523 26.10362823 25.13444334
 26.29622266 26.51988072 21.17693837 22.73633201 22.09642147 23.31411531
 22.15854871 22.16476143 24.58151093 23.40109344 23.18364811 23.04075547
 23.78628231 25.12823062 26.19060636 25.71843936 20.05243539 21.46893638
 21.24527833 21.69880716 23.40730616 23.1028827  22.91650099 24.44483101
 25.28976143 24.09070577 24.48210736 28.02335984 23.69930417 25.28976143
 20.4749006  21.08374751 22.2082505  20.67992048 22.05293241 21.48757455
 22.6804175  24.65606362 22.08399602 24.03479125 23.30790258 24.92321074
 24.09070577 24.69333996 26.32728628 21.55591451 20.9222167  20.69234592
 23.680666   23.55641153 24.41998012 24.12176938 22.98484095 23.38245527
 24.84865805 25.11580517 24.58151093 25.40159046 25.17171968 20.2388171
 21.02162028 20.86008946 23.30790258 22.33871769 21.65531809 22.80467197
 24.31436382 24.37027833 23.56262425 25.19657058 25.58797217 26.78702783
 24.98533797 20.31336978 22.7860338  22.35114314 22.00944334 22.69284294
 23.03454274 23.18364811 23.3389662  24.58772366 23.0221173  25.94831014
 26.20924453 26.50745527 24.02857853 21.42544732 20.50596421 22.11505964
 23.2333499  22.46918489 23.69930417 23.1028827  23.87326044 23.47564612
 25.53205765 25.15308151 25.16550696 25.50720676 26.71868787 25.95452286
 21.78578529 21.37574553 23.0221173  22.30765408 24.1776839  23.3638171
 24.55044732 24.18389662 25.58797217 23.31411531 25.36431412 24.99776342
 26.31486083 24.48210736 20.08971173 22.82331014 22.00944334 23.06560636
 21.97837972 23.67445328 24.19632207 22.22688867 22.51267396 23.82977137
 22.51888668 25.7805666  26.24652087 25.36431412 19.85984095 21.08996024
 22.13991054 22.87922465 22.30144135 22.64935388 21.69259443 24.0472167
 24.16525845 25.24627237 25.38295229 26.14090457 24.77410537 24.45104374
 26.11605368 20.1332008 ]",49051.927312605025
2025-06-15 20:05:00+00:00,1205,4616.63,9.0,23.538009259821123,23.340923210735586,27.30889662027833,"[21.81684891 21.65531809 20.61779324 21.82306163 22.72390656 23.67445328
 23.18986083 24.0472167  22.91028827 24.44483101 25.38916501 26.24652087
 25.14065606 21.3943837  20.81038767 22.13991054 22.43812127 21.17693837
 22.36356859 21.84791252 25.05367793 22.81709742 22.98484095 25.19035785
 24.35785288 26.30243539 24.89214712 19.12052684 23.4694334  20.11456262
 19.96545726 23.0221173  24.15904573 23.93538767 25.12823062 24.67470179
 24.57529821 24.89214712 24.56908549 25.50720676 26.02286282 19.94060636
 20.38170974 21.89140159 21.93489066 21.63667992 21.84791252 21.17072565
 22.40084493 25.06610338 23.89189861 24.95427435 22.54373757 24.78653082
 25.97937376 25.84269384 20.69234592 20.66128231 22.90407555 22.03429423
 23.80492048 22.53752485 22.25795229 24.625      24.64985089 25.0723161
 25.01018887 24.05342942 25.53827038 25.47614314 22.63071571 20.95949304
 20.08971173 23.20849901 22.74254473 23.43836978 22.36356859 21.87276342
 22.87922465 25.25248509 24.36406561 23.7055169  25.17793241 25.569334
 20.91600398 22.53752485 22.09642147 21.92246521 21.17072565 22.43812127
 21.87897614 23.55641153 24.55666004 24.61257455 25.21520875 25.04125249
 25.8861829  24.8362326  26.75596421 19.90954274 21.52485089 22.00323062
 21.70501988 22.48161034 23.48807157 24.7554672  23.92296223 22.4194831
 24.66848907 24.77410537 24.32057654 26.04771372 25.53827038 20.76068588
 21.79199801 22.30765408 21.88518887 21.38817097 24.60636183 22.62450298
 23.71172962 23.66202783 23.8359841  25.6500994  24.78653082 23.4694334
 25.93588469 22.74875746 22.11505964 20.54945328 23.55019881 22.97241551
 23.04075547 24.51317097 22.50024851 24.01615308 23.40730616 24.39512922
 24.27708748 25.24627237 25.46993042 20.04622266 21.10859841 20.64264414
 22.11505964 21.99080517 22.73011928 22.04050696 23.64960239 24.76167992
 24.95427435 26.33349901 25.42022863 23.81734592 26.79945328 25.23384692
 19.82877734 19.64239563 21.61182903 21.03404573 22.73633201 22.6555666
 23.61232604 22.71769384 22.97862823 25.22763419 27.10387674 25.62524851
 26.10984095 24.39512922 22.40084493 21.79821074 21.93489066 21.98459245
 21.97837972 22.41327038 23.55641153 24.74304175 23.80492048 25.25869781
 24.51317097 23.80492048 24.48832008 27.30889662 18.87201789 20.72962227
 20.42519881 22.45675944 22.87922465 22.77982107 23.65581511 22.46918489
 23.81734592 24.82380716 25.22763419 25.17171968 24.69333996 25.61282306
 25.569334   21.44408549]",48638.363779657535
2025-06-15 20:06:00+00:00,1206,4587.03,9.0,23.449068167012562,23.248974900596423,26.780815109343933,"[23.30168986 21.64289264 21.69880716 22.41327038 22.95377734 23.50670974
 24.00372763 25.10959245 22.76739563 25.50099404 24.95427435 24.8610835
 24.8362326  22.05914513 21.7360835  22.45054672 22.49403579 23.00347913
 23.32654076 22.88543738 21.99080517 22.73011928 23.60611332 24.22117296
 23.79870775 23.87326044 24.68712724 21.80442346 22.68663022 20.53081511
 22.95999006 21.77957256 23.06560636 22.99105368 23.62475149 23.5750497
 23.58126243 24.81759443 26.51988072 24.58772366 24.27087475 21.10859841
 21.65531809 20.66749503 20.29473161 20.94706759 21.43166004 23.71794235
 23.04696819 23.3638171  24.02857853 24.35785288 25.55069583 26.42047714
 26.78081511 26.26515905 21.51863817 21.68016899 20.32579523 21.82306163
 23.28926441 22.93513917 24.84865805 23.54398608 24.29572565 23.18986083
 24.11555666 25.8861829  26.33349901 23.75521869 19.71694831 22.22067594
 22.53752485 23.1277336  22.58722664 21.35710736 23.65581511 23.0221173
 24.48832008 25.00397614 25.4388668  24.38270378 25.0723161  24.57529821
 20.78553678 20.9222167  21.5        20.98434394 22.18961233 22.0777833
 23.60611332 22.30765408 24.43861829 24.58772366 22.72390656 24.81138171
 25.35188867 24.84244533 24.74925447 20.36307157 21.9473161  22.45054672
 22.00944334 22.80467197 22.6804175  22.40705765 23.26441352 24.68091451
 23.39488072 26.40183897 24.71197813 24.81138171 25.9917992  19.81013917
 20.7917495  22.444334   20.26366799 20.78553678 22.66177932 22.77360835
 22.53131213 23.84840954 24.88593439 24.3889165  24.56287276 25.38916501
 25.59418489 20.50596421 21.027833   21.07753479 22.15233598 21.85412525
 22.39463221 23.64960239 23.51913519 23.39488072 24.48210736 25.14065606
 25.79299205 25.19035785 24.68712724 19.82877734 21.76093439 20.4500497
 22.38841948 22.68663022 22.07157058 23.69930417 23.43215706 24.03479125
 23.3638171  24.89214712 25.73086481 26.31486083 25.18414513 24.38270378
 20.44383698 22.05293241 21.35089463 21.8665507  23.48807157 22.05914513
 23.63717694 23.5999006  25.09095427 23.2582008  21.81063618 24.72440358
 25.73707753 25.47614314 20.61158052 21.027833   21.57455268 22.17718688
 22.90407555 22.37599404 23.73658052 24.18389662 23.63717694 25.63767396
 23.73658052 23.82355865 25.04746521 24.19632207 21.1334493  20.81038767
 21.6056163  22.6555666  21.79199801 21.82306163 21.46272366 23.06560636
 24.22117296 23.49428429 23.81734592 25.92345924 24.16525845 24.68091451
 26.76838966 21.91625249]",48340.802459557235
2025-06-15 20:07:00+00:00,1207,4622.450000000001,9.0,23.552002271347394,23.35900223658052,26.917495029821072,"[22.05914513 22.12748509 23.25198807 22.25173956 23.46322068 23.91053678
 23.78006958 25.04125249 24.94806163 25.33946322 25.60039761 25.87997018
 26.63792247 19.95924453 20.51217694 21.27634195 22.03429423 22.61829026
 21.25770378 22.7860338  23.82977137 24.25223658 25.94831014 26.35213718
 25.45129225 23.09045726 26.34592445 21.04647117 20.1332008  22.85437376
 23.39488072 22.0777833  22.35735586 23.1028827  24.30815109 24.15904573
 22.64935388 24.78031809 25.09095427 25.10337972 25.61282306 21.38817097
 20.88494036 23.28305169 21.2639165  21.80442346 21.83548708 23.60611332
 24.09070577 23.71794235 23.05939364 26.04150099 25.06610338 23.95402584
 25.2027833  26.65034791 19.94060636 19.82877734 21.9473161  22.57480119
 22.6555666  21.36332008 24.96048708 25.14686879 22.94135189 25.61903579
 25.89239563 24.20253479 25.46371769 25.97316103 21.2639165  20.86630219
 21.10859841 21.88518887 22.2890159  23.40730616 21.72987078 21.80442346
 24.19632207 25.22142147 25.05367793 24.12798211 24.60636183 25.43265408
 21.29498012 23.14637177 21.43787276 21.35710736 23.92917495 21.5
 21.81684891 24.61878728 23.82977137 25.097167   24.4945328  25.24005964
 25.29597416 24.68091451 25.01640159 19.92196819 20.33822068 23.01590457
 21.3695328  21.46272366 23.19607356 21.99701789 25.38916501 24.64985089
 23.76764414 23.92296223 23.9416004  26.45154076 24.25223658 20.41277336
 21.94110338 21.81063618 24.2584493  22.58101392 21.44408549 21.33846918
 23.56262425 23.8359841  23.59368787 24.55666004 25.3083996  26.0166501
 25.40780318 20.77311133 22.15233598 20.96570577 22.63071571 23.77385686
 22.38220676 22.07157058 23.84840954 23.30168986 23.00969185 24.93563618
 25.08474155 25.58175944 24.48210736 20.81038767 20.40656064 19.65482107
 22.57480119 22.19582505 22.81709742 21.24527833 21.88518887 24.12798211
 23.11530815 25.36431412 24.84865805 24.56287276 26.1471173  26.91749503
 20.79796223 19.8722664  20.89736581 22.71148111 20.59294235 21.81684891
 22.39463221 23.37624254 22.95377734 26.50745527 25.19657058 24.68712724
 25.69980119 25.25248509 20.89736581 20.48732604 22.00323062 21.56833996
 24.99776342 21.68638171 23.86083499 24.85487078 23.07803181 25.23384692
 25.75571571 25.69358847 23.66202783 24.152833   20.79796223 21.53106362
 21.46893638 22.72390656 22.4194831  23.32654076 23.73036779 24.23359841
 23.40109344 25.71843936 24.77410537 23.680666   26.47017893 26.88021869
 24.9915507  20.76689861]",48685.17879901984
2025-06-15 20:08:00+00:00,1208,4595.9,9.0,23.47205855889783,23.276528330019882,27.091451292246518,"[21.68016899 21.46272366 21.97837972 24.44483101 21.50621272 23.01590457
 22.66177932 23.81734592 26.45775348 23.20849901 25.49478131 25.15308151
 24.68091451 20.67992048 20.77311133 22.85437376 22.63071571 22.79845924
 21.79821074 23.87947316 23.86083499 24.95427435 22.94135189 25.66873757
 25.68737575 23.07181909 26.18439364 21.76714712 19.64239563 19.38767396
 22.48782306 22.13991054 23.15879722 24.32057654 24.26466203 23.03454274
 23.94781312 23.84840954 23.01590457 26.63170974 26.27758449 21.23906561
 22.17097416 21.2887674  22.40084493 24.22117296 23.68687873 22.48161034
 24.19010934 24.32057654 24.22738569 24.29572565 23.85462227 23.61232604
 24.14040755 27.09145129 20.96570577 22.7611829  21.07132207 21.72365805
 20.57430417 23.27062624 22.1833996  24.50695825 23.18364811 23.93538767
 24.81138171 23.40109344 26.71247515 24.45725646 21.6056163  23.07181909
 21.82306163 22.69284294 22.11505964 23.03454274 25.28354871 22.59343936
 24.87972167 23.41973161 23.68687873 24.60636183 25.19035785 25.24627237
 21.91003976 21.76093439 20.67992048 19.53677932 24.12798211 24.39512922
 24.63742545 23.35760437 22.87922465 23.50049702 23.61232604 25.18414513
 25.6500994  24.90457256 24.2833002  20.83523857 21.70501988 22.91650099
 22.87301193 22.19582505 22.24552684 24.60636183 23.28305169 22.82331014
 24.02236581 23.87326044 25.39537773 23.56262425 25.37673956 20.58672962
 21.74229622 20.94085487 21.66774354 22.35114314 23.41351889 21.9473161
 25.38295229 24.74304175 25.46993042 23.35760437 25.22142147 24.79895626
 26.24030815 20.75447316 20.16426441 21.38817097 22.15854871 21.69880716
 23.47564612 22.64935388 23.35760437 24.07206759 23.4445825  25.40159046
 23.96645129 25.36431412 24.69333996 21.59940358 19.4000994  21.19557654
 23.00347913 22.84816103 23.72415507 24.95427435 24.16525845 22.7611829
 21.79821074 23.88568588 25.9110338  24.16525845 22.35114314 25.52584493
 20.30094433 21.14587475 22.36356859 21.92867793 22.56237575 21.16451292
 23.07181909 24.46968191 25.17171968 24.87350895 25.15929423 24.21496024
 24.87350895 24.46346918 19.79771372 19.71073559 22.56858847 23.09045726
 21.85412525 22.97241551 22.70526839 22.5499503  24.30193837 23.91053678
 25.87375746 24.69333996 24.21496024 25.94209742 19.34418489 18.81610338
 21.82927435 21.43166004 20.32579523 21.38817097 24.32678926 24.20253479
 23.92917495 24.58772366 25.17171968 24.5193837  25.4388668  25.14065606
 27.05417495 20.67370775]",48417.719114648586
2025-06-15 20:09:00+00:00,1209,4570.43,9.0,23.395300367655924,23.19740929423459,27.259194831013914,"[21.1334493  21.19557654 22.56237575 21.63667992 23.00347913 23.56883698
 25.56312127 24.58151093 22.88543738 23.05939364 24.99776342 24.37649105
 25.42022863 21.09617296 19.23235586 21.75472167 20.90979125 22.55616302
 21.61804175 24.86729622 23.46322068 24.23359841 23.14015905 24.95427435
 25.51963221 24.77410537 24.19010934 19.48707753 22.16476143 20.25745527
 23.47564612 22.55616302 22.43190855 22.48782306 23.41351889 24.05964215
 25.5444831  23.58747515 25.32703777 24.71197813 25.3332505  22.51267396
 21.55591451 21.64910537 21.23285288 22.26416501 20.72340954 22.33871769
 23.78006958 23.73036779 25.34567594 24.29572565 23.06560636 25.52584493
 26.36456262 24.55044732 21.95974155 21.20800199 24.01615308 20.36928429
 22.22688867 23.4694334  22.91650099 23.4445825  23.25198807 24.50695825
 24.29572565 24.43861829 25.22142147 26.01043738 20.5805169  20.06486083
 21.76714712 20.53081511 22.13369781 23.77385686 23.10909543 23.07803181
 23.98508946 24.06585487 25.02882704 24.38270378 24.46346918 26.35213718
 20.66749503 21.87276342 23.06560636 23.2582008  23.73658052 23.69930417
 23.82355865 23.56262425 24.56287276 23.17743539 23.66824056 25.04746521
 25.28976143 24.43240557 25.85511928 19.87847913 18.86580517 22.95377734
 21.38195825 22.79224652 23.05318091 22.33250497 23.60611332 24.19010934
 22.30144135 25.74950298 24.97912525 24.63121272 26.4639662  22.33871769
 21.47514911 20.59915507 22.36978131 21.32604374 22.73633201 22.61207753
 24.08449304 22.87922465 24.67470179 23.45700795 24.15904573 24.33921471
 26.41426441 21.71744533 20.72340954 22.43190855 21.07132207 20.41898608
 21.20800199 22.97862823 24.4137674  23.88568588 24.76789264 24.625
 23.63096421 24.29572565 26.74353877 20.66128231 20.51217694 21.0526839
 20.60536779 20.84145129 21.35710736 22.36356859 22.77982107 24.26466203
 24.78031809 25.20899602 23.25198807 22.77360835 24.95427435 25.74950298
 21.45651093 22.40084493 21.42544732 21.35710736 21.41302187 23.50049702
 21.27634195 24.95427435 25.84269384 24.23981113 23.85462227 22.36978131
 24.12176938 24.89214712 22.09642147 21.87276342 22.00323062 20.89736581
 22.4194831  22.46918489 22.63071571 22.79224652 24.152833   25.65631213
 24.73682903 23.79870775 26.56336978 26.91128231 20.43762425 21.58076541
 21.22664016 21.85412525 22.94756461 22.54373757 22.87922465 22.69905567
 21.95974155 24.83001988 24.79895626 24.70576541 22.74875746 26.41426441
 27.25919483 21.33846918]",48160.91691002965
2025-06-15 20:10:00+00:00,1210,4583.639999999999,9.0,23.43268697252301,23.23844433399602,27.16600397614314,"[21.78578529 23.76764414 23.3389662  20.95328032 22.5250994  23.85462227
 25.66252485 22.22688867 25.10959245 25.36431412 24.29572565 24.55666004
 25.4388668  20.11456262 19.89090457 19.94681909 21.11481113 22.04050696
 22.10263419 22.69284294 24.25223658 24.95427435 23.90432406 24.22117296
 25.27733598 25.11580517 25.66252485 23.21471173 21.72987078 21.64289264
 22.09020875 23.71794235 21.68638171 22.5250994  23.2582008  24.35785288
 23.85462227 23.4694334  23.4694334  25.79920477 24.94184891 21.48136183
 23.01590457 20.31336978 21.72365805 22.35735586 23.25198807 23.69309145
 24.09070577 22.71769384 23.00347913 24.32678926 24.72440358 24.78653082
 24.20874751 25.6749503  21.45651093 20.54324056 21.69880716 22.98484095
 22.60586481 21.61182903 24.45104374 23.680666   23.58747515 22.63692843
 23.96645129 25.31461233 25.89239563 26.41426441 18.62350895 21.7112326
 23.28926441 20.41898608 21.95974155 21.92246521 23.32654076 24.66848907
 24.22117296 24.50695825 23.89189861 25.42644135 24.02236581 23.82355865
 19.68588469 21.74229622 22.62450298 23.37624254 22.41327038 22.40084493
 23.06560636 23.56262425 23.5999006  24.12798211 24.07828032 24.2584493
 24.48832008 27.16600398 26.3583499  19.77907555 20.86008946 22.60586481
 22.32007952 21.33846918 23.1028827  24.64363817 24.22117296 24.28951292
 23.65581511 23.74900596 24.09691849 25.06610338 26.25894632 21.20178926
 19.90333002 21.64910537 22.58101392 22.28280318 23.19607356 23.43215706
 25.49478131 22.81088469 23.89189861 23.72415507 24.97912525 25.46371769
 26.88021869 19.9778827  20.53702783 21.027833   21.50621272 20.65506958
 21.20178926 23.38866799 23.66202783 22.85437376 23.60611332 23.72415507
 24.03479125 25.73707753 26.38941352 19.08946322 22.04671968 22.39463221
 21.30119284 21.78578529 24.19632207 22.63071571 23.73658052 22.61207753
 23.48185885 23.51292247 26.08499006 25.96694831 25.79299205 24.48210736
 20.05864811 20.74826044 21.76093439 21.19557654 24.07828032 22.35735586
 22.41327038 25.03503976 23.25198807 22.61829026 24.55666004 24.48832008
 25.38916501 27.06038767 19.86605368 20.43762425 20.7109841  21.23906561
 22.01565606 23.29547714 23.98508946 23.93538767 24.77410537 24.7554672
 24.17147117 25.63767396 25.56312127 25.27733598 21.05889662 21.59940358
 22.14612326 21.51242545 22.58101392 23.2582008  20.41277336 23.08424453
 22.82331014 23.14637177 22.8916501  25.99801193 24.89835984 26.54473161
 26.02907555 21.22664016]",48285.997535272974
2025-06-15 20:11:00+00:00,1211,4558.26,9.0,23.356191254295247,23.159604870775347,26.811878727634195,"[21.64910537 20.52460239 21.20800199 21.7112326  23.74900596 24.56287276
 23.89189861 22.82331014 23.78006958 25.51341948 23.88568588 25.53205765
 26.04150099 21.07132207 20.10213718 22.84194831 21.63667992 22.12748509
 21.79821074 22.51888668 21.6056163  22.9972664  23.680666   23.55019881
 25.64388668 24.88593439 24.22117296 22.50646123 20.58672962 22.89786282
 23.16500994 21.79821074 21.88518887 23.69930417 21.28255467 23.75521869
 23.40730616 24.66848907 25.27112326 23.42594433 25.8054175  19.0583996
 19.84120278 21.42544732 22.61829026 22.71769384 22.02808151 22.58722664
 23.5999006  23.11530815 23.87326044 26.09741551 26.20303181 25.3332505
 23.63096421 26.10984095 18.5862326  21.30740557 21.75472167 20.56809145
 23.31411531 23.22713718 21.48136183 23.1277336  23.2582008  25.20899602
 24.72440358 23.89189861 26.24030815 25.90482107 24.22738569 21.80442346
 20.95949304 21.99080517 22.40084493 22.32629225 23.71794235 24.45725646
 24.5193837  24.47589463 23.13394632 24.60014911 26.81187873 25.38916501
 18.97763419 21.24527833 22.8667992  21.29498012 22.61829026 23.4445825
 21.53727634 24.93563618 23.87326044 25.44507952 25.03503976 24.1776839
 23.34517893 24.74304175 26.41426441 22.32007952 22.40084493 22.81709742
 21.27012922 21.7360835  22.21446322 23.62475149 23.74900596 23.90432406
 23.61232604 23.24577535 24.63121272 24.67470179 24.10934394 20.18911531
 22.00323062 20.89736581 21.76093439 22.33871769 19.67967197 24.46346918
 23.22092445 23.40109344 24.40755467 24.40134195 23.65581511 23.42594433
 25.94831014 20.95949304 22.22067594 22.0777833  22.74875746 21.90382704
 22.05914513 23.40109344 22.22688867 23.72415507 25.44507952 23.08424453
 23.71794235 26.24030815 24.44483101 20.85387674 20.67992048 20.03379722
 22.36356859 22.04671968 22.96620278 21.85412525 23.69930417 23.9167495
 23.66824056 23.95402584 25.49478131 25.32082505 24.96048708 23.45700795
 22.9972664  21.81684891 21.61804175 21.04025845 20.72962227 22.50024851
 22.46918489 22.47539761 22.88543738 26.15954274 24.53802187 25.6749503
 24.59393638 26.45775348 19.91575547 22.0777833  22.15233598 22.00944334
 22.45675944 22.63692843 24.1776839  24.52559642 23.26441352 24.94184891
 24.27087475 25.79299205 23.7055169  25.14686879 21.01540755 19.61754473
 21.59940358 21.64289264 22.81088469 22.90407555 21.79199801 22.17097416
 23.89811133 23.22092445 25.01640159 25.35188867 24.4945328  25.56312127
 25.12823062 19.72316103]",48030.07346037017
2025-06-15 20:12:00+00:00,1212,4529.25,9.0,23.2689817324662,23.06948931411531,27.215705765407552,"[21.87276342 22.07157058 19.48086481 21.57455268 20.17668986 23.38245527
 21.18936382 24.5193837  23.1028827  25.48235586 26.01043738 27.09145129
 26.99826044 22.61207753 20.85387674 21.00919483 22.444334   21.51863817
 21.19557654 22.22688867 23.10909543 24.45725646 24.44483101 23.5750497
 25.02882704 24.81759443 26.30243539 20.78553678 20.19532803 19.99652087
 22.60586481 21.35089463 23.18986083 23.39488072 22.05914513 23.94781312
 24.33921471 24.97912525 25.46371769 24.93563618 23.58126243 20.26366799
 23.04696819 21.35089463 21.98459245 22.56237575 20.95328032 22.91650099
 23.86704771 22.88543738 25.25248509 24.14662028 25.03503976 23.97266402
 24.10313121 25.36431412 20.26366799 19.4249503  22.51888668 21.69880716
 23.71794235 22.71769384 22.75497018 25.02261431 24.10934394 24.53180915
 23.93538767 24.625      24.78653082 24.57529821 20.59915507 20.48111332
 20.87872763 24.60014911 22.5250994  20.84145129 23.79870775 22.10884692
 23.15258449 24.7554672  24.74304175 25.02261431 24.66848907 24.80516899
 21.09617296 22.05914513 20.73583499 21.62425447 20.41277336 22.6555666
 23.05939364 22.8667992  23.11530815 23.86704771 24.72440358 23.45700795
 25.9110338  24.65606362 23.1028827  20.0027336  21.09617296 21.81684891
 23.45079523 21.42544732 21.9473161  21.51242545 22.77360835 23.22092445
 25.9917992  22.73011928 24.84244533 24.46968191 23.7055169  21.47514911
 21.36332008 22.42569583 20.84145129 22.17097416 21.07132207 22.20203777
 23.45700795 22.84194831 24.30815109 25.07852883 25.82405567 25.48235586
 25.79920477 19.88469185 18.97763419 20.36307157 24.32057654 21.64910537
 22.89786282 23.3638171  23.37002982 23.12152087 23.73036779 25.11580517
 23.43836978 22.37599404 24.87972167 20.555666   21.08374751 20.20154076
 22.22688867 20.75447316 22.45675944 24.48832008 22.16476143 25.4388668
 23.41973161 23.62475149 24.72440358 26.01043738 25.28354871 25.86133201
 21.22664016 20.75447316 22.05914513 22.41327038 23.32654076 21.70501988
 22.79845924 23.97887674 24.34542744 24.00372763 24.625      24.70576541
 25.38916501 27.21570577 20.99055666 21.27634195 21.13966203 21.93489066
 21.9473161  22.58101392 22.95377734 23.30790258 23.74900596 23.17743539
 22.73011928 24.87350895 24.96048708 25.63767396 18.86580517 22.58101392
 18.35636183 21.75472167 21.78578529 23.29547714 22.13369781 23.04075547
 24.12176938 24.41998012 24.9666998  24.35785288 25.45750497 26.7000497
 26.63170974 20.42519881]",47738.30528413893
2025-06-15 20:13:00+00:00,1213,4556.08,9.0,23.34655700856623,23.152833001988075,27.38344930417495,"[22.30765408 22.76739563 23.14015905 21.82306163 20.94706759 23.12152087
 23.33275348 23.95402584 24.92942346 23.86704771 25.63767396 24.50074553
 24.84865805 22.17097416 21.05889662 21.91003976 22.23931412 22.04050696
 24.66848907 25.19035785 21.74229622 22.40705765 25.68737575 24.73682903
 24.48832008 25.097167   25.25869781 21.21421471 20.15805169 22.33250497
 20.86630219 21.76093439 22.50024851 22.91650099 22.22067594 23.30168986
 23.08424453 24.76167992 23.3638171  24.87972167 24.47589463 20.87872763
 20.60536779 20.51217694 20.65506958 21.74850895 22.0777833  22.67420477
 22.45675944 23.14015905 22.43190855 23.78628231 23.34517893 25.37052684
 24.52559642 27.3834493  22.17097416 22.0777833  22.46297217 21.23285288
 21.48136183 23.56883698 21.99080517 22.24552684 25.20899602 22.63071571
 22.17097416 25.3083996  23.77385686 26.47639165 20.89115308 21.69880716
 20.22017893 22.63692843 21.79821074 22.13369781 23.51292247 22.36978131
 23.92296223 22.7611829  24.31436382 24.60636183 25.17793241 25.94831014
 19.82877734 20.96570577 21.16451292 22.45675944 23.17743539 22.41327038
 23.37624254 22.77982107 23.9167495  23.95402584 24.19632207 24.66848907
 23.88568588 26.31486083 25.07852883 20.42519881 22.22067594 22.32007952
 22.56858847 22.40705765 22.54373757 22.01565606 25.51341948 23.55019881
 24.72440358 25.32703777 24.58772366 24.9666998  26.53851889 20.97813121
 21.31983101 22.57480119 22.09020875 24.27087475 23.35139165 23.22092445
 22.88543738 23.01590457 23.61853877 25.99801193 24.02236581 25.40159046
 25.12823062 20.84145129 20.85387674 21.81063618 23.55641153 22.37599404
 23.78006958 23.45079523 23.76143141 22.64935388 25.15929423 23.33275348
 22.8667992  25.4140159  26.28379722 20.41277336 20.54945328 19.40631213
 20.82281312 22.46297217 23.35760437 21.47514911 21.79821074 24.61878728
 23.32654076 24.76167992 25.01640159 25.6500994  25.09095427 23.22713718
 21.66153082 22.54373757 21.51863817 22.54373757 22.36978131 22.75497018
 22.63692843 23.77385686 24.10313121 23.63717694 22.47539761 25.0723161
 26.18439364 26.55715706 20.83523857 22.08399602 21.17072565 19.39388668
 20.41898608 23.48185885 22.28280318 22.08399602 22.82331014 24.60636183
 22.46297217 23.53777336 24.07206759 25.76192843 20.36307157 22.13991054
 21.13966203 22.20203777 22.5250994  23.00347913 24.14662028 23.58747515
 23.33275348 23.72415507 24.81759443 25.97937376 24.73682903 25.84269384
 27.35859841 20.84766402]",47997.84112785918
2025-06-15 20:14:00+00:00,1214,4576.78,9.0,23.40604093266291,23.217134691848905,27.439363817097416,"[20.46868787 20.1083499  20.33822068 22.79224652 22.66177932 22.58101392
 23.14637177 24.70576541 24.31436382 24.21496024 27.43936382 25.097167
 25.6749503  20.07728628 20.89736581 22.08399602 21.66153082 22.14612326
 24.3889165  22.30765408 22.94756461 23.23956262 25.53205765 24.51317097
 23.74279324 24.45104374 24.53802187 19.33175944 21.87276342 21.72987078
 22.23931412 21.72365805 20.87251491 22.66177932 24.99776342 23.64960239
 23.43836978 22.97862823 25.65631213 25.56312127 25.49478131 21.72987078
 21.01540755 21.11481113 21.12102386 20.88494036 22.90407555 22.88543738
 22.90407555 24.34542744 27.07902584 24.14662028 24.28951292 25.15929423
 24.54423459 26.40183897 21.62425447 21.27634195 21.86033797 23.77385686
 23.00347913 22.71769384 22.66799205 23.15258449 24.23981113 24.73682903
 23.66202783 24.64985089 24.91699801 25.73086481 20.51217694 21.58697813
 21.18936382 22.69905567 20.67992048 25.14686879 24.96048708 22.17097416
 24.33921471 24.61257455 24.89835984 22.63071571 25.25869781 27.20949304
 21.08996024 23.45700795 20.94706759 22.51267396 22.6804175  22.03429423
 22.27659046 22.25795229 23.3638171  22.32007952 22.94756461 23.37002982
 26.81809145 25.82405567 26.10362823 21.23285288 20.23260437 21.41302187
 21.57455268 21.72365805 21.45651093 23.61232604 22.84194831 24.10313121
 22.66177932 26.61928429 23.08424453 25.89239563 25.9917992  20.92842942
 21.41302187 21.99701789 22.32629225 20.99676938 22.02186879 22.79845924
 23.49428429 23.22092445 24.22117296 25.45129225 24.55666004 24.71819085
 25.87997018 20.77932406 20.1083499  21.83548708 20.12077535 21.81063618
 21.82927435 23.03454274 23.81734592 22.61207753 25.48235586 24.91078529
 23.3638171  25.6749503  23.37002982 20.43141153 21.56212724 22.06535785
 20.23260437 21.48136183 22.18961233 23.14015905 23.68687873 24.77410537
 23.73658052 25.19035785 22.84816103 24.01615308 25.92967197 24.81759443
 20.2139662  22.20203777 21.58076541 20.79796223 22.79845924 24.20874751
 22.61207753 24.24602386 22.93513917 24.34542744 26.74353877 24.08449304
 23.35139165 25.97937376 22.04671968 20.41898608 22.07157058 23.37002982
 21.69880716 22.22067594 21.31983101 22.21446322 23.14637177 24.27087475
 26.12847913 26.3832008  24.2584493  25.98558648 21.22664016 20.29473161
 23.09045726 22.91028827 20.93464215 23.30168986 25.5444831  24.32057654
 23.01590457 23.03454274 24.84244533 27.14115308 26.29622266 26.20303181
 26.40183897 19.20129225]",48196.85054431704
2025-06-15 20:15:00+00:00,1215,4513.280000000001,9.0,23.217045550676524,23.019880715705764,27.228131212723657,"[21.74850895 22.91028827 22.58101392 22.444334   21.48757455 22.10884692
 23.96645129 21.30740557 23.77385686 24.37649105 24.56287276 23.87326044
 24.64363817 22.12127237 22.60586481 21.65531809 22.51888668 22.20203777
 22.83573559 24.31436382 23.99130219 24.48832008 23.67445328 23.53777336
 25.14686879 23.90432406 24.81138171 20.15183897 22.45054672 21.30740557
 20.61158052 21.41302187 20.64264414 21.46272366 22.38841948 23.16500994
 24.80516899 23.02833002 24.51317097 25.81163022 24.47589463 20.86630219
 21.30740557 19.9778827  22.71769384 20.50596421 22.4194831  21.99701789
 21.06510934 22.38841948 23.19607356 23.98508946 22.80467197 26.55094433
 22.87301193 24.48210736 20.59294235 21.22664016 22.0777833  22.69905567
 22.73011928 23.00347913 23.41973161 23.94781312 24.58772366 23.95402584
 24.44483101 25.7805666  23.62475149 26.58822068 19.61133201 20.59294235
 20.84145129 21.61182903 22.16476143 21.66774354 24.10313121 22.92271372
 23.9416004  25.26491054 23.9167495  24.20253479 24.35164016 22.69905567
 20.49975149 22.50024851 20.81038767 22.36978131 23.33275348 22.8667992
 22.79845924 23.23956262 24.77410537 23.05939364 22.23310139 24.42619284
 24.03479125 24.80516899 25.97316103 19.53677932 21.35089463 21.58697813
 22.30144135 21.24527833 20.99676938 24.14662028 22.66799205 24.9666998
 23.22092445 25.10959245 24.24602386 24.30815109 25.50720676 20.74204771
 21.38195825 21.91625249 21.45651093 20.90979125 23.40730616 22.42569583
 23.05939364 22.85437376 24.10313121 22.84194831 24.37027833 27.22813121
 25.2027833  21.45651093 20.62400596 21.15208748 21.76714712 21.92867793
 23.24577535 22.77982107 23.32654076 24.01615308 22.87301193 23.14015905
 21.32604374 24.84244533 24.98533797 21.00298211 21.22664016 21.59319085
 21.70501988 21.78578529 21.69880716 22.9972664  22.13991054 24.02857853
 25.72465209 24.63742545 23.04075547 26.40183897 25.38295229 26.00422465
 22.03429423 19.77907555 21.3695328  20.90979125 22.37599404 22.74875746
 22.88543738 21.33846918 23.7055169  24.93563618 24.32678926 26.1471173
 23.14637177 23.30168986 21.92246521 20.74826044 21.16451292 19.43737575
 22.75497018 25.0723161  24.53802187 21.47514911 22.8916501  23.84840954
 25.69980119 26.09741551 24.97291252 27.06038767 20.74204771 21.12723658
 23.33275348 21.59940358 23.82355865 21.95974155 24.87972167 21.46272366
 22.2082505  23.3638171  25.25248509 25.64388668 25.57554672 24.64363817
 25.02261431 21.47514911]",47564.54759434338
2025-06-15 20:16:00+00:00,1216,4548.6,9.0,23.31967091799781,23.12959741550696,27.128727634194828,"[20.61779324 22.74254473 22.42569583 22.54373757 24.02857853 23.63096421
 23.63717694 24.01615308 24.7306163  25.06610338 25.86754473 25.97316103
 24.45104374 21.8665507  20.16426441 20.32579523 20.29473161 22.64314115
 22.2890159  22.51888668 23.17122266 24.60636183 23.23956262 23.58126243
 25.12201789 25.20899602 25.36431412 21.50621272 20.76068588 19.84741551
 22.32629225 21.88518887 21.76093439 21.04647117 22.68663022 22.43812127
 24.91699801 23.75521869 24.45725646 26.1222664  24.69333996 21.54970179
 22.66799205 21.15208748 22.96620278 21.45029821 22.22067594 24.77410537
 22.56858847 22.35114314 23.33275348 24.3889165  25.58797217 24.08449304
 25.73086481 26.07256461 20.76068588 20.7917495  20.63021869 22.5250994
 23.71794235 20.94085487 24.83001988 23.81734592 23.48807157 22.87922465
 24.87972167 26.58200795 25.04746521 24.66227634 20.59294235 19.36282306
 22.09642147 21.36332008 23.15258449 22.32007952 24.43861829 22.62450298
 22.51267396 23.1277336  22.14612326 24.48832008 25.29597416 26.51366799
 20.38792247 20.86008946 22.25795229 20.57430417 19.95303181 23.27683897
 22.02186879 22.97241551 24.81759443 24.41998012 23.91053678 25.15929423
 23.84840954 24.8610835  25.93588469 19.89090457 22.87922465 22.12748509
 21.3943837  21.33225646 22.6804175  23.63717694 25.02261431 23.79870775
 25.09095427 24.37027833 24.58772366 24.1776839  25.17793241 20.15183897
 21.21421471 22.39463221 21.38195825 21.27012922 23.12152087 23.19607356
 21.78578529 24.86729622 23.50670974 23.71794235 25.84269384 24.78031809
 25.42022863 20.25745527 20.86630219 21.35710736 22.14612326 21.01540755
 22.10884692 24.41998012 24.41998012 24.12176938 23.2582008  23.27683897
 24.40755467 25.05989066 25.75571571 21.35089463 20.25745527 21.41302187
 20.2139662  22.13991054 23.18364811 22.16476143 23.05939364 24.83001988
 24.68712724 24.60014911 25.68116302 24.56287276 25.98558648 24.12798211
 22.32007952 21.13966203 22.0777833  22.15854871 22.36356859 23.10909543
 20.31336978 23.34517893 23.7055169  25.15929423 23.82355865 25.69980119
 24.58772366 25.42022863 19.45601392 19.82877734 22.71769384 21.62425447
 20.49353877 22.81088469 23.59368787 23.46322068 23.58126243 24.09070577
 23.42594433 25.2027833  27.12872763 26.1222664  21.45651093 22.43812127
 21.1583002  21.59319085 21.84791252 21.61804175 21.50621272 24.05964215
 23.69930417 24.21496024 23.64338966 24.46346918 23.98508946 24.5193837
 26.02286282 21.30740557]",47907.89102325348
2025-06-15 20:17:00+00:00,1217,4534.950000000001,9.0,23.277782311216995,23.087195576540754,27.035536779324055,"[21.74229622 20.18911531 22.66799205 22.27659046 22.73011928 22.60586481
 23.48185885 23.71794235 24.35785288 23.22092445 25.04125249 25.24627237
 25.97316103 19.45601392 18.7415507  21.88518887 22.12748509 22.09642147
 20.91600398 24.36406561 21.66774354 23.5999006  24.66227634 24.60636183
 24.66848907 26.95477137 25.98558648 19.37524851 21.23285288 22.30765408
 23.54398608 22.24552684 21.86033797 23.49428429 25.28354871 23.71794235
 24.07828032 24.33921471 24.37027833 25.15929423 24.77410537 21.32604374
 19.58648111 22.88543738 20.22639165 23.96023857 21.57455268 20.77311133
 23.3638171  22.66177932 23.45700795 24.64985089 23.16500994 23.81734592
 23.67445328 26.17818091 21.68016899 21.20178926 20.57430417 22.4194831
 22.40705765 22.99105368 22.05293241 24.13419483 24.91699801 25.36431412
 24.56287276 24.12798211 24.7306163  25.60039761 19.21371769 19.8722664
 21.27634195 23.17743539 21.20178926 24.2584493  24.53180915 24.32057654
 24.20253479 23.61853877 25.12823062 25.14686879 25.48235586 25.51341948
 20.7109841  21.41923459 22.73011928 20.84145129 21.18936382 21.06510934
 21.16451292 21.31983101 23.64338966 23.9416004  25.18414513 25.73707753
 24.23359841 25.8861829  25.68737575 21.23906561 20.78553678 21.78578529
 22.15233598 22.41327038 22.25173956 23.61853877 24.23359841 24.40755467
 24.4945328  23.99130219 23.97266402 24.8610835  26.34592445 20.63021869
 21.1583002  21.43787276 22.8916501  23.87326044 21.76093439 20.77932406
 21.47514911 24.55044732 22.27659046 23.97887674 23.8111332  25.35810139
 24.41998012 22.3138668  20.15805169 21.59940358 22.10263419 21.38195825
 22.00944334 21.56212724 22.97241551 22.48161034 23.45700795 24.87350895
 24.60636183 24.74925447 26.2278827  20.53081511 21.07132207 21.55591451
 20.97813121 20.63021869 20.62400596 23.59368787 23.04075547 24.78031809
 23.86083499 25.8861829  24.82380716 26.81187873 26.55094433 25.3332505
 20.38170974 22.00944334 22.77360835 21.66153082 22.69284294 21.50621272
 22.17097416 21.94110338 23.50049702 22.8916501  24.50074553 24.23981113
 24.61257455 25.10337972 19.75422465 23.22092445 22.15854871 20.59915507
 22.23931412 21.38195825 22.92271372 23.84840954 23.86083499 23.73658052
 24.53802187 23.28305169 24.67470179 27.03553678 19.12052684 22.53131213
 21.9473161  21.65531809 21.52485089 21.7360835  23.01590457 22.74254473
 22.82952286 25.65631213 25.05367793 24.68712724 25.39537773 24.06585487
 25.2027833  20.98434394]",47767.74850040757
2025-06-15 20:18:00+00:00,1218,4511.62,9.0,23.207326269375656,23.01472415506958,28.377485089463217,"[20.79796223 22.09642147 22.92271372 22.23931412 22.50024851 23.63096421
 23.09666998 22.92892644 22.59343936 23.95402584 23.89811133 26.5944334
 24.57529821 20.27609344 19.46843936 23.15258449 20.9222167  23.01590457
 23.4694334  21.97837972 23.51292247 21.91625249 23.90432406 25.45750497
 26.89885686 23.9167495  25.32703777 19.98409543 21.92246521 20.41898608
 23.04075547 20.52460239 22.43190855 22.87301193 23.04696819 24.05342942
 23.55641153 24.14662028 25.097167   23.8359841  24.2833002  18.02087475
 20.00894632 21.31361829 20.12077535 21.69880716 24.00372763 22.28280318
 21.35089463 24.53180915 24.10934394 22.54373757 24.9915507  24.0472167
 25.15929423 25.66873757 19.97166998 21.3695328  22.9972664  21.94110338
 20.87872763 22.444334   23.58126243 23.77385686 26.1471173  23.69309145
 24.45725646 24.61257455 24.78653082 28.37748509 19.77286282 20.2139662
 20.50596421 20.72340954 21.41923459 23.64960239 22.12127237 23.87326044
 23.91053678 24.90457256 25.27112326 26.17818091 24.42619284 25.56312127
 20.42519881 20.39413519 21.31983101 21.50621272 21.53727634 24.06585487
 22.02186879 22.83573559 23.96023857 23.17122266 24.9666998  25.04746521
 26.05392644 26.33349901 25.21520875 21.07753479 21.25149105 21.53727634
 21.38817097 21.93489066 22.7611829  23.37624254 25.04125249 23.26441352
 24.07206759 25.55069583 23.80492048 24.02857853 25.17793241 20.56809145
 21.72987078 19.70452286 20.92842942 22.36356859 23.71172962 23.01590457
 24.79274354 23.53777336 23.29547714 24.76789264 23.87947316 26.02907555
 25.01640159 18.97142147 21.58697813 21.28255467 22.444334   20.85387674
 23.56883698 23.00969185 22.2082505  21.3695328  23.31411531 24.91699801
 23.05318091 25.53827038 24.50074553 19.14537773 21.76714712 20.36307157
 20.73583499 21.972167   21.2887674  22.36978131 23.95402584 22.51888668
 21.95974155 23.9416004  24.43861829 25.11580517 25.8054175  25.45129225
 20.99676938 22.02186879 21.91625249 21.48136183 22.4194831  23.48807157
 22.33250497 24.14662028 23.35139165 22.43190855 24.18389662 23.90432406
 26.06013917 24.23359841 19.09567594 22.30765408 20.95949304 21.83548708
 21.68638171 22.93513917 23.03454274 23.73658052 22.2890159  23.59368787
 25.14065606 24.08449304 26.45775348 24.16525845 21.66153082 20.87872763
 22.06535785 22.30765408 21.77957256 21.87897614 22.68663022 24.27087475
 21.13966203 25.38916501 23.9167495  24.96048708 23.56262425 25.4388668
 25.38295229 21.74850895]",47532.03076682319
2025-06-15 20:19:00+00:00,1219,4527.64,9.0,23.25299249754474,23.064488071570576,27.46421471172962,"[20.69234592 20.45626243 21.76093439 22.06535785 22.00944334 23.93538767
 22.2082505  23.07181909 23.82355865 23.79870775 24.7306163  24.5193837
 24.68091451 20.24502982 20.23260437 22.50024851 21.17693837 21.9473161
 22.45675944 22.53131213 22.96620278 24.27087475 25.97937376 22.94756461
 24.7306163  25.24005964 25.58175944 21.30119284 20.78553678 21.6304672
 23.00347913 22.07157058 21.72365805 23.05318091 22.58722664 23.32032803
 24.45725646 24.08449304 23.680666   24.73682903 26.26515905 19.35661034
 20.40656064 22.61207753 21.57455268 21.92867793 20.86008946 23.80492048
 22.17718688 24.77410537 22.58101392 24.14662028 25.53827038 22.49403579
 24.5193837  25.17793241 21.83548708 21.89140159 23.35760437 22.40084493
 22.04671968 21.88518887 23.02833002 22.83573559 22.85437376 23.92296223
 22.81088469 23.49428429 25.71843936 26.47017893 19.67345924 20.81038767
 22.33250497 22.25173956 22.92271372 20.07728628 22.55616302 23.58126243
 24.10313121 21.47514911 25.87375746 25.22142147 24.83001988 25.69980119
 21.47514911 21.62425447 20.19532803 21.31983101 21.10238569 23.19607356
 21.98459245 21.87276342 24.06585487 23.95402584 24.48210736 22.56858847
 26.22166998 26.48260437 25.97316103 21.59940358 22.22067594 21.43166004
 22.68663022 22.1833996  22.95377734 23.43836978 22.24552684 24.18389662
 22.5499503  24.87350895 23.28926441 23.21471173 26.85536779 20.67370775
 21.1583002  22.82331014 22.82331014 20.51838966 21.48136183 23.3638171
 22.68663022 23.84219682 23.78628231 22.87922465 26.15333002 25.38295229
 26.92992048 20.28851889 19.56163022 20.94085487 23.79249503 21.6056163
 23.38245527 23.21471173 23.14015905 24.43861829 24.39512922 25.55069583
 25.74329026 25.25248509 25.37673956 19.99652087 20.40656064 20.05864811
 19.94681909 22.48782306 23.49428429 23.78006958 21.65531809 22.43812127
 23.55019881 23.71794235 23.48185885 25.34567594 24.69333996 25.47614314
 20.28851889 22.28280318 21.61804175 20.10213718 22.14612326 22.6804175
 21.83548708 22.9972664  25.43265408 25.46993042 23.82977137 24.68091451
 26.3832008  25.64388668 20.86630219 19.97166998 21.59940358 22.73633201
 22.40084493 22.75497018 23.24577535 23.30790258 22.7860338  23.9416004
 22.21446322 24.68712724 24.35164016 24.79895626 22.48782306 19.92818091
 20.20775348 21.6056163  23.06560636 22.66799205 22.1833996  23.63096421
 23.82977137 24.78653082 25.12823062 25.21520875 25.81784294 27.46421471
 24.9915507  21.69880716]",47684.81169978568
2025-06-15 20:20:00+00:00,1220,4449.1,9.0,23.01960675946804,22.820514413518886,27.02311133200795,"[20.24502982 21.15208748 22.36356859 22.95377734 22.40705765 24.22117296
 22.68663022 23.78628231 24.22738569 22.63692843 24.89214712 27.02311133
 25.2027833  20.73583499 21.79821074 19.53677932 19.96545726 21.33846918
 22.53131213 23.15258449 23.66202783 22.84816103 23.26441352 23.17743539
 23.69930417 23.90432406 23.53156064 21.46272366 20.56809145 22.03429423
 21.72365805 21.67395626 20.43762425 22.38220676 22.84816103 24.09070577
 24.16525845 23.47564612 23.66824056 23.64338966 23.75521869 19.95303181
 19.59269384 21.72365805 21.22664016 21.51242545 22.38841948 22.444334
 23.14637177 24.23359841 21.29498012 22.63692843 25.78677932 23.97266402
 24.24602386 25.16550696 21.86033797 21.07132207 20.7109841  24.29572565
 21.3943837  21.69259443 20.42519881 23.89811133 22.87922465 26.26515905
 25.20899602 25.86754473 23.40730616 25.85511928 20.43141153 20.3444334
 20.63021869 21.43787276 21.59319085 22.74254473 23.25198807 21.25149105
 24.23359841 22.53131213 24.99776342 21.36332008 23.07803181 24.7306163
 21.06510934 21.14587475 23.92917495 20.51838966 20.62400596 23.31411531
 21.59319085 24.61878728 21.92246521 23.96645129 23.99751491 25.20899602
 25.51963221 23.65581511 26.42047714 20.95328032 21.53106362 20.90979125
 20.43141153 21.59940358 21.63667992 21.01540755 23.58126243 24.00372763
 23.38866799 24.5193837  24.63121272 25.09095427 23.54398608 20.7917495
 21.46272366 20.39413519 22.64314115 20.83523857 22.82331014 22.77360835
 23.68687873 24.23359841 24.69333996 24.17147117 24.3889165  23.88568588
 24.34542744 18.66078529 21.45029821 22.66799205 20.18290258 21.19557654
 21.7360835  23.15879722 22.95377734 24.27087475 23.69309145 23.43836978
 24.12798211 24.82380716 23.87326044 19.76043738 21.41302187 21.67395626
 20.91600398 21.972167   21.53727634 21.12723658 21.32604374 21.51242545
 23.8359841  22.89786282 24.50695825 25.87997018 26.76217694 24.67470179
 19.6361829  22.13369781 21.86033797 22.63071571 21.98459245 23.2333499
 22.93513917 23.30790258 23.71172962 23.59368787 26.79945328 24.12176938
 24.84244533 24.51317097 22.02186879 21.36332008 22.82331014 22.13369781
 21.2887674  21.8665507  20.5805169  23.79870775 21.90382704 24.30193837
 23.13394632 25.49478131 24.53180915 23.74900596 20.65506958 19.26963221
 21.89140159 21.68638171 21.48136183 23.56262425 23.10909543 23.12152087
 25.37673956 22.4194831  24.625      24.54423459 23.09666998 26.70626243
 26.94855865 20.17047714]",46903.99637447627
2025-06-15 20:21:00+00:00,1221,4483.75,9.0,23.120248422293287,22.928149850894634,26.706262425447314,"[20.61158052 21.31361829 22.05914513 21.7360835  23.5999006  23.5750497
 22.77360835 22.90407555 23.43215706 23.09045726 25.89860835 24.92942346
 23.55641153 20.00894632 19.61133201 22.87301193 22.59965209 20.24502982
 23.21471173 21.43787276 22.22688867 24.1776839  24.51317097 23.17743539
 24.28951292 25.28354871 24.84865805 19.99030815 21.12723658 21.20800199
 21.38817097 22.95999006 22.51267396 22.70526839 23.76764414 22.04050696
 23.59368787 23.96645129 22.35114314 25.30218688 25.04746521 20.8166004
 21.5        22.10884692 21.55591451 22.79845924 22.43190855 21.82306163
 23.53777336 23.39488072 24.14662028 24.14662028 24.02857853 24.91699801
 24.99776342 23.43215706 21.3943837  21.86033797 20.82281312 21.76714712
 23.78006958 21.76714712 23.84219682 21.32604374 24.55044732 23.11530815
 23.41973161 24.2584493  25.61282306 23.80492048 21.17072565 20.95328032
 19.82877734 21.76714712 21.5        23.42594433 24.3889165  21.38817097
 22.71769384 23.60611332 23.19607356 24.11555666 24.77410537 24.80516899
 19.93439364 21.19557654 22.83573559 22.12748509 22.10263419 21.10859841
 21.01540755 22.32007952 22.94135189 25.22763419 24.87972167 23.35760437
 24.28951292 25.2027833  24.47589463 19.95924453 20.51838966 23.32032803
 21.06510934 22.26416501 21.46893638 23.37002982 22.23310139 23.45079523
 23.76764414 24.27708748 23.75521869 23.2582008  24.79274354 21.18936382
 20.81038767 21.64910537 22.444334   20.56809145 22.12127237 23.61232604
 21.36332008 26.24030815 22.81709742 25.00397614 23.55641153 25.86754473
 24.03479125 19.85362823 21.81063618 22.27659046 20.4500497  21.27634195
 21.33225646 24.23359841 22.75497018 23.1028827  23.5999006  24.36406561
 25.46371769 25.63146123 26.55094433 19.30690855 20.05864811 19.69831014
 21.11481113 21.75472167 22.03429423 23.41973161 22.23931412 23.72415507
 24.81138171 25.94209742 24.83001988 23.45700795 25.87375746 26.7000497
 19.59890656 21.027833   20.1332008  22.00944334 22.48782306 22.15854871
 23.28305169 23.94781312 23.74279324 23.43836978 24.2584493  23.55641153
 25.8054175  24.35785288 20.51217694 19.33797217 21.89761431 22.51888668
 22.87922465 22.30765408 23.46322068 24.50695825 23.32654076 24.81138171
 24.90457256 26.15333002 24.43240557 24.17147117 18.67942346 21.84791252
 19.79771372 22.92892644 21.63667992 21.68016899 24.94184891 24.02236581
 24.02857853 21.8665507  23.97887674 26.43911531 26.41426441 24.71819085
 26.70626243 20.90979125]",47240.70312162443
2025-06-15 20:22:00+00:00,1222,4470.8,9.0,23.080419194146064,22.88792246520875,26.849155069582505,"[20.04000994 21.2639165  23.63717694 21.77335984 23.91053678 23.78628231
 25.72465209 24.38270378 24.21496024 24.19010934 26.13469185 26.04150099
 23.58747515 19.51814115 21.32604374 22.13369781 21.66774354 22.74875746
 22.89786282 24.625      23.99130219 24.07206759 23.99130219 25.03503976
 25.46993042 23.37002982 24.74925447 21.17693837 19.14537773 22.22067594
 21.68016899 22.38220676 23.45079523 21.00919483 23.72415507 24.48210736
 25.14686879 25.19657058 24.21496024 24.60014911 24.09070577 21.82927435
 19.6361829  21.54970179 21.31983101 22.47539761 22.0777833  21.1334493
 23.93538767 22.02186879 22.30765408 23.99751491 22.59343936 25.07852883
 25.42022863 25.4140159  18.70427435 21.01540755 22.00323062 23.86083499
 23.51292247 20.41898608 22.73011928 21.56833996 23.49428429 24.88593439
 23.4694334  22.24552684 24.43240557 24.02236581 21.07753479 19.30069583
 23.2582008  21.62425447 20.36307157 23.51292247 21.54970179 23.66202783
 22.55616302 22.7860338  23.27062624 23.63096421 25.28976143 24.86729622
 20.60536779 20.72962227 20.06486083 20.41277336 22.73011928 21.1334493
 22.5499503  22.43190855 23.73036779 24.32057654 23.35139165 25.00397614
 23.16500994 25.93588469 26.7000497  20.54324056 21.45651093 20.35064612
 22.66177932 20.81038767 23.28305169 21.13966203 24.68712724 23.51913519
 23.25198807 25.36431412 23.42594433 25.45750497 25.05367793 20.41277336
 22.83573559 21.69259443 20.15805169 22.91028827 23.97887674 23.76143141
 24.59393638 21.12723658 23.48185885 23.74900596 22.47539761 24.85487078
 24.84244533 20.35064612 20.61158052 20.44383698 20.4500497  22.23310139
 21.70501988 22.4194831  23.28926441 23.17743539 24.4137674  23.62475149
 24.22117296 25.02261431 25.02261431 20.53702783 21.38817097 21.12102386
 22.82331014 21.82927435 24.00994036 21.21421471 22.5499503  22.71769384
 24.48832008 24.05964215 23.27683897 24.59393638 24.56908549 26.10984095
 19.70452286 20.10213718 21.85412525 20.76068588 22.04671968 24.53802187
 24.39512922 21.95974155 23.09045726 23.54398608 23.32654076 22.53752485
 23.86704771 25.26491054 22.2082505  20.88494036 20.85387674 21.0526839
 21.35710736 22.60586481 22.76739563 21.59319085 23.14015905 22.66177932
 23.30168986 23.96645129 24.65606362 24.53180915 21.21421471 20.41898608
 21.35710736 22.30765408 21.27634195 22.82952286 20.96570577 21.82927435
 21.30119284 24.43861829 25.097167   24.30193837 26.35213718 25.59418489
 26.84915507 21.15208748]",47107.45045593506
2025-06-15 20:23:00+00:00,1223,4441.13,9.0,22.991247336355908,22.795756709741546,27.302683896620277,"[23.22713718 21.04647117 19.15159046 20.97191849 22.79224652 24.17147117
 23.04075547 22.45675944 22.64314115 25.15308151 25.20899602 25.24005964
 24.50074553 19.71073559 19.17644135 20.14562624 20.66749503 22.24552684
 22.5250994  22.33250497 23.18364811 22.69905567 23.07181909 26.37077535
 23.99751491 24.96048708 24.98533797 20.25124254 20.17047714 21.84791252
 21.22042744 21.27012922 22.38220676 22.54373757 22.58722664 23.8359841
 22.01565606 23.27683897 24.23359841 26.53230616 24.45104374 19.97166998
 22.17718688 21.46272366 22.22688867 21.93489066 21.86033797 23.09666998
 22.04671968 24.18389662 22.29522863 22.47539761 22.73633201 25.8054175
 25.97937376 26.4888171  19.1888668  21.58076541 21.14587475 21.24527833
 20.91600398 22.05914513 21.54348907 23.52534791 23.28926441 22.48161034
 23.71172962 24.7554672  24.59393638 24.46968191 19.64239563 20.80417495
 22.05293241 21.19557654 22.79224652 22.28280318 23.75521869 22.15233598
 23.79870775 23.69309145 22.05914513 24.45725646 25.00397614 24.78031809
 20.31336978 19.49950298 21.95974155 19.93439364 21.70501988 22.77360835
 21.70501988 23.43836978 22.67420477 22.95999006 22.77360835 25.30218688
 26.36456262 25.22142147 25.93588469 18.27559642 21.76714712 21.27634195
 21.89761431 22.40084493 22.14612326 22.6804175  23.72415507 23.09666998
 22.71769384 24.50074553 23.14637177 22.40084493 26.62549702 21.40059642
 19.62997018 23.04075547 21.22664016 21.54348907 22.33871769 21.40680915
 22.14612326 23.80492048 22.62450298 24.97291252 25.66252485 24.71819085
 25.48235586 21.23906561 21.62425447 22.70526839 21.92246521 21.20800199
 21.93489066 22.20203777 21.95352883 23.14637177 23.32654076 23.37624254
 23.02833002 24.09691849 25.35188867 21.0526839  20.14562624 19.82256461
 21.51242545 22.51888668 21.17693837 23.43215706 23.80492048 23.56262425
 24.12798211 24.63742545 24.60014911 24.8610835  25.73086481 27.3026839
 20.7109841  21.9473161  21.88518887 21.2887674  21.77957256 21.98459245
 22.40084493 22.84816103 23.64338966 25.24627237 23.47564612 23.68687873
 22.92271372 24.82380716 21.30740557 21.62425447 21.12102386 21.29498012
 21.30119284 23.10909543 22.5499503  24.09691849 23.28926441 23.98508946
 23.58126243 23.75521869 26.44532803 27.0666004  21.99701789 18.79746521
 20.61779324 20.63643141 22.4194831  22.90407555 19.56163022 23.5750497
 22.26416501 23.48185885 23.69309145 24.89214712 24.71197813 24.91699801
 26.03528827 20.84145129]",46809.11708851233
2025-06-15 20:24:00+00:00,1224,4432.13,9.0,22.963072405006386,22.767799453280315,26.780815109343933,"[21.57455268 20.82902584 20.87251491 23.47564612 22.50024851 22.39463221
 23.22713718 24.02236581 24.43240557 24.09691849 23.69930417 23.87947316
 25.07852883 21.36332008 20.72962227 21.33846918 20.36928429 21.20178926
 22.82331014 23.52534791 21.83548708 23.14637177 24.43861829 24.05964215
 23.58126243 22.81088469 22.85437376 20.5805169  21.48757455 21.10238569
 22.21446322 23.15879722 23.1028827  21.64289264 23.05318091 23.89811133
 23.0221173  21.51863817 24.18389662 25.3332505  24.05342942 20.23260437
 19.98409543 20.93464215 21.25149105 20.98434394 22.09020875 22.48161034
 24.18389662 25.46371769 21.12102386 23.02833002 23.99751491 24.32057654
 24.8362326  26.02907555 20.69855865 19.36282306 21.63667992 21.72987078
 22.38841948 22.30144135 22.12127237 24.01615308 24.17147117 24.72440358
 24.48832008 25.57554672 26.27758449 24.46968191 18.62972167 21.40680915
 21.63667992 21.97837972 20.95949304 22.27037773 22.27037773 22.7860338
 24.02857853 21.80442346 25.60661034 24.89835984 23.82355865 24.50074553
 20.84766402 20.12077535 21.27634195 20.58672962 22.07157058 21.51242545
 21.45651093 19.95924453 22.93513917 23.27062624 23.82977137 24.94184891
 25.16550696 22.88543738 24.79274354 19.76043738 20.41277336 21.15208748
 21.59940358 22.10884692 21.70501988 23.20849901 23.680666   23.12152087
 23.76764414 23.17122266 25.64388668 25.14686879 26.32728628 19.4249503
 22.62450298 21.05889662 21.45029821 21.50621272 22.15854871 22.09020875
 22.18961233 23.08424453 25.32082505 22.23310139 24.22117296 22.87301193
 25.60661034 20.18290258 20.46868787 21.54970179 21.15208748 23.74900596
 23.09666998 21.48757455 22.34493042 21.89761431 23.09045726 23.78006958
 24.77410537 25.71222664 26.45154076 20.46868787 20.82902584 21.14587475
 19.66724652 22.2890159  21.99080517 21.87276342 21.68638171 23.08424453
 21.9473161  24.84244533 24.5193837  24.01615308 24.24602386 24.97912525
 21.48757455 21.56212724 20.61779324 23.49428429 22.34493042 23.18364811
 22.43812127 22.96620278 25.58175944 23.42594433 24.8610835  25.6749503
 23.09666998 25.84269384 20.89736581 20.4749006  19.62997018 20.69855865
 21.49378728 20.99055666 21.8665507  21.74850895 23.40730616 25.07852883
 23.4694334  24.09691849 23.33275348 25.86754473 22.17718688 21.47514911
 21.19557654 21.09617296 22.5250994  21.86033797 22.36356859 21.95974155
 23.20228628 23.79870775 24.58772366 24.59393638 26.78081511 25.79299205
 24.18389662 22.69905567]",46714.85503818937
2025-06-15 20:25:00+00:00,1225,4435.51,9.0,22.97143027827052,22.778298956262425,26.880218687872762,"[22.35114314 22.74254473 21.52485089 22.04671968 22.27659046 23.27062624
 21.92867793 23.49428429 23.89811133 24.152833   23.78006958 25.0723161
 25.14686879 20.46868787 21.7112326  22.29522863 21.40680915 23.74900596
 22.35735586 21.54348907 23.27062624 23.27062624 24.94806163 22.00944334
 24.92321074 25.87375746 25.18414513 20.22639165 20.57430417 22.71769384
 20.72340954 21.81684891 20.41277336 21.09617296 22.0777833  21.74850895
 22.22067594 21.91003976 24.03479125 26.88021869 25.74329026 19.88469185
 19.4249503  21.01540755 20.97813121 20.77311133 23.51292247 22.75497018
 23.74279324 22.39463221 23.64960239 24.26466203 24.25223658 25.00397614
 23.4694334  24.86729622 19.77907555 21.36332008 21.25770378 20.60536779
 21.20178926 22.38841948 21.79199801 22.06535785 24.01615308 23.41351889
 23.04696819 24.81138171 24.40134195 25.97937376 21.6304672  21.81063618
 20.18290258 21.28255467 23.25198807 20.83523857 23.5999006  22.24552684
 23.40730616 24.01615308 22.59965209 23.68687873 24.60636183 25.17171968
 21.10238569 20.82902584 20.23260437 21.1583002  21.99080517 22.56237575
 22.73633201 21.46272366 24.60014911 22.64935388 25.01640159 23.55019881
 23.9416004  23.93538767 25.71222664 18.38121272 20.82902584 22.43190855
 21.53106362 23.04075547 22.3138668  22.84194831 23.67445328 22.5250994
 24.20874751 23.61853877 25.68737575 23.17743539 23.30790258 20.2139662
 20.63643141 20.19532803 22.69284294 21.41302187 22.69905567 23.73036779
 22.98484095 24.53180915 23.0221173  23.66202783 25.19657058 25.49478131
 22.9972664  19.86605368 19.53677932 19.8971173  22.444334   22.64314115
 24.53802187 22.43812127 22.12127237 22.15854871 25.08474155 24.65606362
 22.46918489 24.01615308 25.56312127 22.40705765 19.93439364 21.1583002
 20.12698807 23.23956262 21.16451292 22.10263419 22.77982107 24.27087475
 23.3638171  24.01615308 24.10313121 25.97316103 24.69955268 26.07877734
 20.67992048 21.2887674  21.58076541 21.48757455 21.96595427 21.82306163
 21.33225646 22.91650099 23.40109344 22.51267396 24.99776342 24.69955268
 24.42619284 24.53802187 20.80417495 20.69234592 22.46297217 21.27634195
 20.99055666 23.63096421 22.7611829  21.83548708 24.10934394 23.68687873
 24.27708748 24.02236581 24.7554672  26.09741551 21.12102386 21.69259443
 21.22664016 22.17718688 21.10238569 22.61207753 22.80467197 21.2887674
 22.36978131 24.68091451 23.96645129 23.29547714 24.25223658 25.01018887
 26.33971173 19.9778827 ]",46742.81713898186
2025-06-15 20:26:00+00:00,1226,4474.97,9.0,23.0862607235076,22.900875994035783,26.718687872763418,"[22.5250994  21.01540755 22.34493042 23.30790258 22.5250994  22.3138668
 23.93538767 23.5999006  24.7554672  25.48856859 25.14686879 25.2027833
 26.71868787 19.30069583 22.33250497 21.42544732 20.89115308 21.96595427
 23.04075547 21.66153082 22.71148111 22.63071571 23.89189861 24.48210736
 23.26441352 24.84244533 26.06635189 21.53727634 20.63021869 21.93489066
 21.80442346 20.02758449 20.51217694 21.44408549 25.24005964 23.99130219
 21.36332008 23.97266402 25.4140159  24.81138171 24.22117296 20.83523857
 20.48111332 20.77311133 23.00347913 18.96520875 21.47514911 19.30690855
 23.4694334  24.12798211 23.27062624 23.87326044 24.35785288 23.51292247
 25.03503976 25.01018887 19.61754473 21.64910537 20.74204771 20.61158052
 21.48136183 22.04050696 22.6555666  22.96620278 24.61878728 24.81759443
 24.53180915 24.66227634 24.87972167 25.14065606 20.05243539 19.59890656
 19.58026839 20.80417495 21.17072565 21.79199801 25.00397614 23.92296223
 22.24552684 24.04100398 24.64363817 22.82952286 24.23359841 25.79920477
 22.0777833  20.31336978 23.47564612 22.77360835 21.90382704 21.21421471
 22.22688867 24.19632207 22.64314115 22.85437376 23.72415507 24.45725646
 24.87350895 25.53205765 25.53205765 20.96570577 19.96545726 22.27037773
 22.67420477 22.85437376 22.85437376 22.5499503  23.78006958 23.26441352
 25.18414513 23.45079523 23.99130219 25.79920477 26.02907555 21.17072565
 18.69184891 21.21421471 23.47564612 22.63071571 22.18961233 21.75472167
 22.15854871 23.59368787 25.29597416 24.00372763 25.11580517 25.25248509
 24.21496024 19.15780318 20.13941352 20.02137177 21.20178926 23.1277336
 21.38817097 22.94756461 22.01565606 24.64985089 23.86083499 25.76814115
 22.11505964 25.27112326 25.47614314 19.02112326 22.8916501  20.67992048
 23.35760437 20.52460239 24.00372763 20.94706759 23.99130219 24.18389662
 25.02882704 25.18414513 23.27683897 24.19632207 26.29000994 26.56336978
 20.31336978 21.38195825 21.70501988 20.88494036 22.5250994  22.45054672
 22.48782306 22.02808151 23.63096421 24.06585487 25.20899602 23.69309145
 23.72415507 24.60014911 19.28205765 21.5        20.86630219 22.02186879
 20.56187873 22.79224652 22.54373757 23.20228628 22.89786282 22.61829026
 23.77385686 24.41998012 25.06610338 25.97937376 20.8166004  22.7860338
 20.84766402 20.81038767 21.56833996 22.87301193 23.32032803 22.56237575
 23.48807157 23.67445328 23.84219682 23.06560636 23.58747515 24.05964215
 26.09741551 21.15208748]",47126.99387656703
2025-06-15 20:27:00+00:00,1227,4410.860000000001,9.0,22.895450513564782,22.701727137176942,26.563369781312126,"[21.63667992 20.42519881 24.23359841 23.04075547 22.48161034 21.87276342
 22.95999006 22.43812127 23.15258449 23.98508946 24.11555666 24.45104374
 23.89189861 20.97191849 21.91625249 20.41898608 21.40680915 21.972167
 22.12748509 23.09666998 22.33871769 22.66799205 23.46322068 25.25248509
 25.32082505 26.13469185 24.28951292 21.12723658 18.79125249 20.25124254
 22.47539761 21.64289264 23.5999006  21.00919483 24.17147117 21.48136183
 23.3389662  24.21496024 25.02882704 23.99130219 24.43861829 22.24552684
 20.12698807 19.25720676 21.25770378 22.01565606 22.77982107 20.38170974
 21.77957256 25.15308151 23.10909543 24.47589463 25.28976143 24.9666998
 24.9915507  24.79895626 19.35661034 21.41923459 19.83499006 21.24527833
 21.18315109 21.20178926 21.58076541 22.01565606 24.27087475 24.71819085
 24.35785288 22.27037773 24.74925447 24.50074553 21.10238569 20.96570577
 20.36307157 20.08349901 21.12102386 22.02186879 22.74875746 23.680666
 23.92296223 23.56262425 24.72440358 23.73658052 24.55666004 24.73682903
 22.40084493 19.10188867 23.16500994 22.09020875 20.48111332 22.8667992
 22.23931412 22.82952286 22.50024851 24.34542744 24.13419483 23.10909543
 24.25223658 23.86704771 24.71819085 19.28205765 22.12127237 20.98434394
 22.07157058 20.74826044 22.75497018 21.18936382 22.6804175  23.0221173
 21.90382704 23.81734592 24.92942346 24.66227634 26.2278827  21.74229622
 21.7360835  20.49975149 21.59940358 20.15805169 20.22017893 22.97862823
 22.34493042 24.1776839  23.63717694 22.92271372 25.10959245 24.63742545
 25.26491054 20.60536779 20.97191849 21.70501988 19.51192843 20.6861332
 21.95352883 22.15233598 22.59965209 23.56262425 22.4194831  23.79249503
 25.81784294 23.02833002 24.8610835  21.34468191 20.26988072 21.2639165
 21.33225646 21.1334493  20.87872763 22.45054672 21.98459245 23.0221173
 24.35164016 21.55591451 24.76167992 24.80516899 23.39488072 25.16550696
 21.3695328  22.58722664 21.19557654 21.6056163  19.94681909 22.17718688
 23.87947316 21.77335984 22.09020875 24.22738569 23.89811133 25.42644135
 23.74900596 23.5750497  20.5805169  20.54324056 20.74204771 20.3195825
 21.70501988 22.9972664  22.16476143 22.26416501 22.67420477 24.51317097
 25.68737575 23.22713718 24.76167992 26.02286282 20.27609344 19.99030815
 21.05889662 23.69930417 22.81088469 24.31436382 23.4694334  23.05318091
 23.5999006  22.04671968 22.36978131 25.08474155 26.56336978 26.36456262
 24.95427435 19.79150099]",46488.61923818234
2025-06-15 20:28:00+00:00,1228,4365.88,9.0,22.76109274586201,22.562002982107355,26.370775347912524,"[20.06486083 22.32629225 20.16426441 21.40680915 21.9473161  21.07753479
 23.32032803 23.56883698 25.72465209 22.9972664  23.85462227 24.50695825
 24.61257455 21.45029821 19.8971173  19.41873757 20.01515905 20.52460239
 22.59965209 22.93513917 21.98459245 22.37599404 25.78677932 22.11505964
 25.17171968 25.83026839 23.09045726 19.62997018 21.78578529 19.37524851
 19.23235586 21.04647117 22.91028827 21.30740557 22.24552684 24.44483101
 24.58772366 24.00994036 23.95402584 25.45750497 25.81163022 20.42519881
 21.10238569 20.76689861 22.45675944 22.02186879 21.82306163 23.2582008
 22.89786282 22.0777833  23.53777336 23.52534791 23.73036779 25.22142147
 24.26466203 24.38270378 21.40059642 19.84120278 21.69259443 21.74229622
 22.11505964 22.0777833  22.99105368 22.77360835 21.53727634 23.47564612
 24.07206759 22.82331014 25.01640159 25.25248509 19.73558648 21.62425447
 19.75422465 21.86033797 21.47514911 20.27609344 21.37574553 22.42569583
 22.66799205 23.73036779 22.87922465 24.64363817 24.08449304 24.06585487
 17.62947316 22.7611829  19.4249503  21.47514911 22.09020875 21.64289264
 19.72316103 24.32678926 23.00347913 23.37624254 21.95974155 25.44507952
 24.00372763 25.4140159  23.680666   19.1640159  20.84145129 21.04647117
 21.20800199 20.76068588 22.20203777 22.25173956 23.69930417 23.56883698
 23.20228628 23.60611332 24.87350895 23.34517893 26.25894632 20.30715706
 20.38170974 20.59915507 21.30119284 22.13369781 20.71719682 23.78006958
 22.20203777 23.04696819 23.0221173  22.38841948 25.53205765 25.45750497
 24.8362326  19.44980119 20.56187873 19.0583996  20.64264414 21.89761431
 22.13991054 22.62450298 22.46297217 24.00372763 22.68663022 22.27659046
 23.51292247 23.45079523 24.7554672  19.8722664  20.93464215 21.27634195
 21.70501988 21.87897614 21.79821074 21.31361829 21.86033797 22.04671968
 23.3638171  24.83001988 24.07206759 24.63121272 24.74925447 24.55666004
 19.02112326 19.99030815 21.55591451 20.78553678 22.27037773 21.18315109
 22.34493042 24.72440358 22.45054672 23.48807157 23.11530815 25.08474155
 25.15308151 24.30815109 20.17047714 22.45675944 20.25745527 21.75472167
 22.50024851 20.22639165 22.23931412 22.51267396 22.71148111 24.40755467
 25.46993042 25.60661034 26.37077535 25.097167   21.79821074 20.77932406
 21.31361829 20.88494036 21.23906561 21.87897614 21.40059642 23.3389662
 24.57529821 23.97887674 23.93538767 25.09095427 25.13444334 25.13444334
 24.152833   20.93464215]",46039.11189055595
2025-06-15 20:29:00+00:00,1229,4380.49,9.0,22.802586680860596,22.607386928429424,26.712475149105366,"[20.73583499 22.04671968 22.60586481 22.48782306 22.05914513 23.79249503
 21.82927435 22.35735586 24.46346918 23.65581511 25.40159046 23.64960239
 25.25248509 20.26366799 20.91600398 20.85387674 20.86630219 21.07132207
 22.97241551 21.69259443 21.23906561 24.55666004 22.99105368 23.73658052
 24.84865805 23.53156064 25.87375746 19.77907555 19.56784294 20.13941352
 21.11481113 21.1583002  23.27062624 22.53752485 23.39488072 23.49428429
 22.97862823 23.68687873 23.89189861 24.72440358 22.62450298 21.90382704
 21.68638171 21.17693837 22.84816103 21.13966203 21.81063618 20.63643141
 23.22713718 22.89786282 22.91650099 23.74279324 23.94781312 24.55666004
 23.85462227 25.66252485 21.01540755 20.10213718 21.27012922 21.95352883
 20.33822068 21.58076541 23.52534791 24.63742545 23.97887674 23.8359841
 23.53777336 23.94781312 23.23956262 24.99776342 20.17668986 20.38792247
 20.78553678 19.75422465 21.04025845 20.51838966 21.94110338 22.77982107
 21.22664016 23.69309145 24.10934394 24.66227634 23.15879722 24.87972167
 19.74801193 22.33871769 21.12102386 21.28255467 22.10884692 21.00919483
 21.37574553 22.82952286 21.46272366 24.31436382 22.64935388 22.77360835
 24.01615308 25.44507952 24.81759443 19.39388668 20.94706759 20.87251491
 22.87922465 22.61829026 21.41923459 21.79821074 20.54945328 22.73011928
 23.47564612 24.69955268 25.4388668  24.06585487 24.43861829 20.38792247
 19.33797217 22.05293241 20.89736581 20.80417495 22.84194831 21.54348907
 21.54348907 24.07206759 25.14686879 23.07181909 24.69333996 25.55690855
 24.18389662 21.81063618 22.02186879 22.27659046 21.3695328  21.027833
 22.94135189 19.59890656 22.64314115 23.71794235 22.5499503  24.152833
 22.79845924 24.17147117 26.38941352 21.27012922 20.26988072 20.83523857
 20.01515905 21.74850895 21.66774354 20.43141153 22.58722664 22.57480119
 22.74254473 23.22713718 24.5193837  24.58151093 25.44507952 25.21520875
 21.10238569 19.47465209 20.50596421 19.88469185 21.17693837 21.96595427
 23.12152087 23.18364811 23.82355865 23.86704771 23.34517893 23.86083499
 24.23359841 23.48185885 20.17047714 20.46868787 20.61158052 21.62425447
 21.8416998  22.42569583 22.45675944 23.81734592 24.18389662 24.7306163
 26.71247515 24.25223658 24.38270378 24.00372763 20.20154076 20.79796223
 22.26416501 21.61182903 21.82927435 23.49428429 23.58747515 22.56858847
 23.32032803 23.22092445 23.71794235 23.69930417 24.7554672  26.0166501
 25.11580517 20.01515905]",46177.93399948721
2025-06-15 20:30:00+00:00,1230,4364.52,9.0,22.753836735601404,22.55777833001988,26.43911530815109,"[19.38767396 22.17097416 20.62400596 24.1776839  20.82281312 19.7417992
 23.16500994 24.04100398 21.98459245 24.47589463 23.63717694 25.81784294
 25.86754473 20.20154076 22.07157058 20.71719682 22.12127237 19.90333002
 21.56833996 22.82331014 22.13369781 22.77982107 23.56262425 24.43861829
 24.21496024 24.06585487 24.24602386 20.51217694 20.38170974 22.40084493
 20.46868787 21.91003976 21.96595427 21.31361829 25.0723161  23.32032803
 23.84219682 25.46993042 24.57529821 24.17147117 25.52584493 20.26366799
 20.08971173 20.64264414 19.46843936 21.51863817 20.13941352 22.43812127
 23.09666998 22.20203777 24.15904573 22.15233598 23.96645129 23.64338966
 25.0723161  24.91699801 19.72937376 21.92246521 22.04050696 21.30119284
 21.35710736 19.50571571 23.61853877 23.1277336  24.28951292 21.38195825
 24.58151093 23.63717694 23.07181909 24.23359841 20.26988072 21.6304672
 21.06510934 21.2887674  20.52460239 20.98434394 22.58722664 22.36356859
 22.73633201 24.19632207 24.5193837  24.46968191 23.18986083 24.26466203
 19.95303181 20.25745527 21.52485089 21.2887674  23.58747515 22.51888668
 23.74900596 21.90382704 20.37549702 24.83001988 23.29547714 25.7805666
 24.35164016 25.24627237 24.21496024 20.05243539 20.07107356 22.47539761
 22.22688867 22.07157058 23.22713718 20.86008946 22.05914513 23.58747515
 25.48856859 24.88593439 23.20849901 26.43911531 24.61257455 19.91575547
 20.87872763 20.98434394 21.33846918 23.07181909 24.28951292 23.89811133
 21.44408549 23.92296223 22.66177932 22.36356859 23.97266402 22.69905567
 26.05392644 20.85387674 20.79796223 19.61754473 22.35114314 22.51267396
 22.51267396 21.86033797 21.54970179 23.3389662  24.32678926 23.73036779
 23.60611332 24.35164016 24.69955268 21.5        20.22017893 20.61158052
 20.40034791 19.83499006 21.23285288 21.76093439 21.10859841 23.96645129
 23.5999006  24.43240557 23.87947316 25.12201789 25.6500994  25.32703777
 19.8722664  21.54348907 18.82852883 20.4749006  20.20154076 22.49403579
 20.65506958 24.46346918 20.93464215 22.5250994  23.33275348 24.82380716
 24.57529821 23.86704771 20.06486083 21.69259443 19.5305666  20.46868787
 21.46272366 21.87276342 21.27012922 22.444334   23.45700795 24.80516899
 25.4140159  22.13991054 24.37649105 25.00397614 20.74826044 19.64860835
 21.52485089 20.29473161 20.84766402 21.35089463 22.12748509 23.71794235
 22.26416501 23.88568588 24.27708748 25.02882704 25.55069583 24.14662028
 24.2584493  19.54299205]",46014.83618262806
2025-06-15 20:31:00+00:00,1231,4369.39,9.0,22.766585609946812,22.572906312127234,26.53851888667992,"[22.14612326 22.27037773 21.0526839  21.16451292 22.03429423 22.24552684
 22.41327038 23.63096421 23.2582008  24.76167992 24.02857853 24.87972167
 24.3889165  19.5554175  20.15183897 22.17097416 21.09617296 21.94110338
 22.56237575 21.29498012 23.77385686 23.15879722 22.99105368 23.76143141
 23.2582008  25.08474155 25.22763419 20.76068588 21.35710736 19.14537773
 20.59294235 22.74875746 20.99676938 21.67395626 22.95377734 25.19035785
 24.11555666 23.46322068 25.11580517 24.64985089 25.00397614 21.06510934
 20.94085487 18.68563618 21.43166004 21.30119284 21.22664016 22.08399602
 23.39488072 21.99701789 22.91028827 23.91053678 23.92296223 22.95377734
 24.0472167  23.8111332  20.7917495  20.46868787 21.88518887 20.22017893
 22.51267396 21.31361829 21.93489066 22.02186879 22.22067594 24.3889165
 22.45054672 24.16525845 24.26466203 25.87375746 20.27609344 20.33200795
 20.67992048 23.48807157 20.04622266 22.33871769 20.50596421 22.51888668
 24.24602386 22.67420477 22.82331014 25.14686879 24.56287276 23.64960239
 21.18936382 20.98434394 23.66824056 21.0526839  21.17693837 21.59940358
 22.97241551 21.27012922 21.20800199 21.88518887 24.10934394 24.78653082
 23.37002982 26.53851889 23.5750497  23.22092445 20.15183897 20.56809145
 21.28255467 23.3389662  22.64314115 23.78628231 22.23931412 24.8362326
 22.02808151 23.89189861 22.79224652 22.73011928 24.9915507  20.39413519
 20.8166004  21.59319085 20.51217694 21.56833996 20.63643141 21.03404573
 23.20228628 23.16500994 23.41973161 23.1277336  24.15904573 24.06585487
 25.71222664 20.58672962 23.61853877 21.66774354 21.76714712 22.84194831
 20.02137177 23.24577535 21.8416998  23.79249503 23.74279324 23.67445328
 23.47564612 25.50720676 24.92321074 20.72962227 21.16451292 21.09617296
 21.54970179 20.74204771 21.31983101 22.51888668 22.98484095 22.1833996
 22.84194831 24.63121272 24.78031809 25.68116302 25.12201789 26.04771372
 19.25720676 22.32007952 20.90357853 21.14587475 21.2639165  21.59940358
 22.12748509 23.07181909 24.42619284 24.35164016 23.8359841  23.64960239
 24.0472167  23.27683897 18.2693837  21.41923459 20.86630219 20.99676938
 22.00323062 21.98459245 20.37549702 21.41923459 22.38220676 23.87326044
 23.71172962 24.21496024 26.04771372 24.10934394 19.66724652 20.83523857
 19.51814115 21.13966203 21.23906561 19.47465209 20.70477137 24.33921471
 22.49403579 24.71197813 24.93563618 23.97266402 24.30193837 25.24627237
 24.32057654 21.77957256]",46057.488816638055
2025-06-15 20:32:00+00:00,1232,4414.99,9.0,22.899529594731206,22.71455641153081,26.563369781312126,"[20.29473161 21.34468191 21.97837972 24.35164016 22.79224652 21.31361829
 21.92246521 23.37002982 22.50024851 21.91003976 25.06610338 25.45750497
 23.30168986 20.32579523 20.90979125 21.86033797 22.34493042 23.19607356
 21.37574553 22.59343936 22.88543738 23.97266402 24.152833   23.67445328
 25.53205765 24.97291252 24.27087475 18.53653082 22.25795229 20.97813121
 20.89115308 21.18936382 22.14612326 22.92892644 23.23956262 23.30168986
 24.28951292 22.34493042 23.67445328 24.02236581 25.63767396 20.0027336
 20.20154076 20.75447316 20.74826044 21.31983101 21.00919483 21.93489066
 24.45725646 23.21471173 23.05939364 24.28951292 24.54423459 25.61903579
 25.44507952 24.27087475 22.99105368 20.46247515 21.46893638 23.40109344
 22.12127237 22.6804175  22.00944334 21.09617296 23.79870775 22.75497018
 23.54398608 25.22763419 24.66848907 24.03479125 19.54920477 19.48707753
 20.41277336 21.56833996 20.89736581 22.97241551 22.27037773 22.23310139
 23.47564612 23.61232604 24.66227634 22.56237575 23.85462227 24.76789264
 21.30119284 19.67967197 21.77335984 22.94756461 22.27037773 20.83523857
 22.68663022 23.58126243 22.97241551 21.38195825 24.20253479 24.625
 23.62475149 24.60636183 24.98533797 20.61158052 21.57455268 22.73633201
 21.17072565 21.87276342 19.72316103 23.30168986 23.8359841  23.15258449
 22.71769384 24.70576541 24.76789264 24.23359841 23.11530815 20.93464215
 22.2890159  22.77360835 21.49378728 22.22067594 21.63667992 23.13394632
 23.59368787 24.7306163  23.37002982 24.19010934 23.99751491 24.9915507
 24.56908549 21.1334493  23.32654076 20.94085487 21.77957256 21.63667992
 21.12723658 21.89761431 24.2833002  22.13369781 23.64338966 24.46346918
 23.20849901 23.63096421 25.18414513 20.33200795 22.33250497 23.14637177
 21.76093439 21.66153082 20.64885686 22.43190855 21.30740557 22.51267396
 24.87350895 24.10313121 23.78006958 25.35810139 23.50049702 25.16550696
 19.7666501  20.97191849 21.48136183 22.79224652 22.82331014 21.25149105
 21.48757455 22.23931412 22.18961233 23.88568588 22.56237575 23.66824056
 23.15879722 24.35164016 21.79199801 20.94706759 18.87823062 20.96570577
 22.35114314 22.84816103 22.61829026 22.77982107 22.69284294 24.71819085
 25.14065606 24.83001988 25.00397614 24.42619284 19.5305666  19.50571571
 21.9473161  20.2388171  22.59965209 21.24527833 22.36356859 22.22688867
 22.09020875 23.65581511 24.77410537 24.23359841 22.12748509 26.56336978
 26.21545726 20.18290258]",46502.26621213272
2025-06-15 20:33:00+00:00,1233,4317.89,9.0,22.61135876808247,22.412928677932406,27.563618290258447,"[21.10238569 20.67370775 21.97837972 22.13369781 21.35089463 23.73658052
 21.18936382 23.71172962 22.87922465 24.21496024 24.77410537 26.13469185
 24.43240557 20.0027336  18.51167992 20.95949304 20.60536779 20.92842942
 20.78553678 20.92842942 22.86058648 21.91003976 24.9666998  26.02286282
 25.05989066 23.91053678 23.31411531 20.86008946 20.28851889 20.35685885
 21.31983101 20.88494036 22.03429423 22.69284294 22.41327038 23.64960239
 23.02833002 25.2027833  23.72415507 23.51292247 25.10337972 19.84120278
 20.84145129 21.81684891 21.6304672  21.75472167 22.30144135 22.30144135
 23.92296223 22.32007952 22.92271372 23.84219682 24.03479125 24.01615308
 25.52584493 23.21471173 20.31336978 19.41873757 21.07753479 20.62400596
 20.41898608 21.79821074 21.93489066 21.75472167 22.70526839 23.05939364
 23.7055169  24.95427435 23.86704771 23.7055169  20.48732604 20.18290258
 21.76093439 21.10859841 21.38195825 21.48757455 23.37624254 22.09020875
 23.37624254 22.37599404 23.18364811 24.48210736 24.35164016 25.03503976
 19.48707753 20.94706759 20.43141153 21.58076541 20.98434394 22.35735586
 21.81063618 23.09666998 22.61207753 23.1028827  23.68687873 23.17743539
 25.84269384 23.1277336  24.14040755 19.91575547 20.77311133 20.64264414
 21.85412525 19.81635189 21.75472167 22.41327038 23.28926441 22.13991054
 21.22664016 21.2887674  23.61853877 26.09120278 27.56361829 20.85387674
 21.57455268 19.68588469 21.69880716 21.30119284 22.66799205 21.38817097
 22.15233598 21.51863817 23.87947316 22.64935388 24.53802187 23.4445825
 24.38270378 20.11456262 19.6361829  20.26988072 21.72987078 21.00919483
 21.48757455 22.54373757 21.77335984 23.93538767 23.21471173 25.26491054
 24.27087475 24.8610835  24.23359841 20.18290258 19.71073559 20.22639165
 19.90333002 20.76689861 21.10238569 20.84145129 20.87872763 23.09045726
 24.27087475 23.84840954 25.25869781 24.2833002  23.31411531 24.63742545
 18.92793241 19.84741551 22.6555666  20.76068588 21.43787276 21.22042744
 21.46893638 22.1833996  21.95974155 23.12152087 22.88543738 24.93563618
 23.95402584 25.02261431 21.42544732 19.38146123 22.10263419 21.27634195
 21.20178926 22.33250497 23.29547714 22.58722664 23.72415507 22.30765408
 24.83001988 24.98533797 23.28926441 22.9972664  20.05243539 20.30094433
 19.82877734 22.04050696 21.87276342 21.49378728 23.64338966 23.75521869
 23.89189861 22.02186879 24.84244533 24.11555666 23.38245527 24.43240557
 24.61257455 20.555666  ]",45538.16189449672
2025-06-15 20:34:00+00:00,1234,4340.040000000001,9.0,22.675099067986025,22.481734592445328,27.290258449304172,"[20.64885686 21.59319085 20.79796223 22.66799205 22.47539761 21.5
 22.29522863 23.17743539 23.26441352 24.43861829 24.69955268 24.52559642
 24.44483101 21.18936382 19.90954274 21.59319085 23.05939364 19.46222664
 21.17072565 22.00944334 22.2890159  22.83573559 23.35760437 24.34542744
 24.02236581 25.49478131 23.52534791 21.23285288 19.85984095 21.78578529
 21.38817097 21.64289264 20.97813121 23.24577535 22.72390656 23.62475149
 22.35735586 22.09642147 23.5999006  24.56908549 24.47589463 18.36878728
 18.12649105 20.1332008  22.26416501 20.62400596 22.79845924 23.53777336
 21.79821074 22.74254473 23.84840954 22.53752485 23.2333499  23.09666998
 24.625      23.63717694 21.35710736 20.74826044 19.74801193 21.82306163
 22.34493042 22.32007952 20.04622266 23.87947316 23.97266402 23.48807157
 24.34542744 24.70576541 25.10959245 23.37002982 19.03976143 21.40059642
 19.95924453 22.48782306 20.86008946 21.90382704 22.71769384 22.36356859
 23.92917495 23.55019881 21.40059642 24.38270378 22.47539761 24.76789264
 18.80989066 20.37549702 22.54373757 20.38170974 20.15183897 22.97241551
 24.71819085 23.14637177 24.19010934 23.92296223 22.71148111 23.2582008
 24.12798211 22.45675944 24.37649105 20.00894632 21.72365805 21.01540755
 20.6861332  21.38195825 22.50646123 22.6804175  23.79249503 23.39488072
 22.32007952 23.84219682 22.63692843 22.74875746 24.40134195 19.64860835
 21.69880716 21.89761431 21.21421471 22.71148111 21.7360835  22.91028827
 22.5499503  23.53777336 24.17147117 23.80492048 25.03503976 24.09691849
 27.29025845 20.64885686 22.23931412 20.13941352 21.93489066 20.43762425
 21.2887674  22.69284294 22.42569583 23.9167495  22.95999006 22.84194831
 24.60014911 25.10337972 23.20849901 21.25770378 20.99055666 20.59915507
 21.31361829 21.18936382 22.73011928 21.98459245 21.79199801 24.64363817
 22.17097416 25.10959245 22.75497018 25.15308151 24.39512922 24.69955268
 20.48111332 19.7417992  20.46247515 19.8971173  21.24527833 22.92271372
 23.0221173  21.15208748 23.32654076 24.8362326  22.3138668  24.26466203
 24.37027833 26.02907555 20.36928429 20.14562624 22.71148111 21.48757455
 21.66774354 21.99701789 22.64314115 22.87301193 22.13991054 22.95999006
 22.27037773 23.71172962 24.07206759 23.90432406 20.54324056 20.1083499
 19.79771372 22.92892644 21.11481113 22.30144135 22.0777833  22.77982107
 21.49378728 21.57455268 23.59368787 23.1277336  24.71819085 24.53180915
 24.8610835  20.72340954]",45751.41144185404
2025-06-15 20:35:00+00:00,1235,4316.35,9.0,22.603562714749405,22.408144880715703,25.87375745526839,"[22.06535785 21.75472167 21.46893638 22.45675944 23.2333499  20.96570577
 23.07181909 23.61853877 23.03454274 22.48161034 23.99751491 23.97266402
 25.19657058 19.85362823 19.44980119 20.43141153 22.2890159  20.97813121
 21.65531809 21.86033797 23.46322068 22.85437376 23.84840954 25.87375746
 23.79249503 23.2333499  25.25869781 18.72912525 20.22639165 21.53106362
 23.74279324 19.60511928 21.17072565 21.42544732 23.20228628 22.62450298
 22.9972664  22.93513917 24.39512922 24.20874751 24.91699801 19.319334
 22.25795229 20.62400596 21.30740557 21.22664016 20.71719682 21.94110338
 22.12127237 22.35735586 23.78006958 23.88568588 24.1776839  23.99130219
 25.46993042 24.19632207 20.63643141 20.29473161 20.84766402 21.65531809
 21.38817097 20.91600398 23.55641153 22.20203777 21.6056163  22.84194831
 22.84816103 24.41998012 24.46346918 24.84244533 19.85362823 20.67370775
 20.82902584 21.05889662 20.555666   22.58722664 21.9473161  23.30790258
 20.83523857 21.89761431 23.71794235 22.96620278 24.81759443 25.24627237
 19.59269384 19.34418489 20.58672962 22.37599404 21.88518887 21.37574553
 23.20228628 21.49378728 24.01615308 24.17147117 24.41998012 23.41973161
 23.67445328 24.45725646 25.73086481 20.17668986 20.92842942 21.27634195
 20.71719682 21.52485089 21.68016899 21.46272366 24.01615308 23.18986083
 22.15233598 24.11555666 25.64388668 24.2584493  23.80492048 21.3695328
 20.97813121 22.28280318 21.9473161  21.81063618 21.78578529 21.99701789
 22.35735586 23.42594433 23.15879722 24.43861829 22.8916501  21.52485089
 24.70576541 21.47514911 20.59294235 20.63643141 21.71744533 18.41848907
 24.38270378 22.01565606 20.73583499 23.19607356 23.50049702 25.22142147
 24.24602386 24.28951292 23.74279324 18.65457256 19.28827038 20.17047714
 20.77932406 21.91625249 21.93489066 21.24527833 24.09070577 22.85437376
 24.03479125 22.66177932 24.25223658 23.58126243 24.48832008 23.89811133
 19.72937376 21.48136183 20.46247515 20.70477137 22.32629225 22.57480119
 22.05914513 23.79870775 24.18389662 23.17743539 23.80492048 23.09045726
 23.49428429 25.13444334 19.66724652 20.6861332  20.95328032 21.24527833
 20.91600398 20.74204771 22.04050696 20.3444334  21.81063618 22.36978131
 24.19632207 24.92321074 24.48832008 24.53802187 21.77335984 21.18936382
 20.02758449 20.49353877 21.35089463 20.81038767 22.04671968 20.42519881
 22.62450298 24.34542744 23.87947316 24.4945328  23.72415507 23.86704771
 23.49428429 20.69234592]",45512.07941846562
2025-06-15 20:36:00+00:00,1236,4328.71,9.0,22.63841071100171,22.446539512922463,26.718687872763418,"[21.49378728 20.48732604 21.6056163  22.22067594 22.53752485 22.43812127
 23.03454274 22.81088469 21.3943837  23.24577535 23.10909543 23.67445328
 25.02261431 19.77907555 19.82877734 20.14562624 21.32604374 22.38841948
 23.0221173  21.91003976 21.74229622 22.79224652 23.14637177 24.66227634
 24.79274354 22.85437376 25.19657058 19.64239563 21.23906561 20.20775348
 21.08374751 20.33200795 23.28305169 23.74279324 22.42569583 22.3138668
 24.27087475 24.76789264 23.14637177 23.61853877 25.097167   21.12723658
 19.02112326 20.73583499 22.80467197 20.17668986 19.34418489 21.78578529
 21.36332008 21.81684891 21.68638171 24.51317097 21.3695328  22.56237575
 24.03479125 23.49428429 21.92867793 21.32604374 22.03429423 21.95352883
 21.83548708 23.73036779 21.46893638 22.61829026 22.56858847 24.94184891
 23.00347913 22.72390656 23.49428429 23.79249503 21.61182903 20.17047714
 20.86630219 20.57430417 21.81063618 21.29498012 21.33225646 21.41302187
 23.02833002 23.89189861 22.73011928 24.06585487 22.83573559 23.56883698
 19.62375746 19.73558648 21.35089463 20.7109841  22.2082505  23.97266402
 23.32654076 21.78578529 22.13991054 22.77982107 22.77360835 23.79249503
 25.24627237 24.4945328  22.82952286 20.24502982 19.21371769 20.12698807
 21.30119284 23.31411531 21.71744533 24.12798211 21.69880716 23.17122266
 23.41351889 24.08449304 23.05318091 26.71868787 24.46968191 21.58697813
 19.73558648 20.69855865 21.23285288 21.37574553 23.05318091 22.03429423
 21.89761431 24.02236581 24.92942346 22.8667992  24.44483101 24.48832008
 22.84194831 20.42519881 21.72365805 21.19557654 21.41302187 21.08374751
 22.19582505 21.87897614 23.71794235 21.3695328  24.61257455 23.94781312
 26.0166501  23.21471173 23.51913519 20.73583499 20.23260437 19.54299205
 20.44383698 21.20800199 23.07181909 21.48136183 23.86083499 23.18986083
 22.94756461 23.56262425 24.60014911 22.69905567 24.35164016 24.84865805
 20.72962227 20.58672962 21.1583002  21.94110338 22.3138668  21.95974155
 21.22664016 23.00347913 24.08449304 24.57529821 21.63667992 24.65606362
 23.91053678 23.35139165 19.41873757 21.46893638 20.52460239 22.04671968
 20.42519881 22.95999006 23.52534791 21.45029821 23.18986083 25.07852883
 22.60586481 24.8610835  25.40780318 23.30790258 19.25099404 20.59294235
 20.48732604 22.36978131 21.94110338 23.45079523 23.61853877 22.13369781
 22.5499503  23.45079523 22.89786282 24.32057654 24.45104374 24.37027833
 26.41426441 19.59269384]",45628.66687472733
2025-06-15 20:37:00+00:00,1237,4319.530000000001,9.0,22.60969247886994,22.418023111332005,26.992047713717692,"[21.45029821 21.69259443 21.74850895 22.15233598 22.77982107 21.35710736
 23.16500994 23.19607356 22.92271372 24.02857853 22.56237575 25.37673956
 24.32678926 20.61158052 21.51863817 21.67395626 19.54920477 20.25124254
 22.45675944 21.87276342 23.78628231 22.79845924 22.7611829  24.34542744
 25.37673956 22.51888668 24.40755467 19.81635189 22.56858847 19.92818091
 21.80442346 19.49329026 19.2944831  20.84766402 24.69333996 20.60536779
 24.18389662 22.90407555 23.2333499  25.24005964 25.02882704 20.20775348
 20.30094433 20.54945328 20.75447316 19.53677932 22.41327038 23.08424453
 21.8416998  22.23310139 22.66799205 23.21471173 23.25198807 23.58747515
 25.48235586 24.52559642 19.22614314 21.81684891 21.38817097 22.09642147
 21.72987078 21.96595427 23.37002982 21.24527833 23.74279324 24.22117296
 22.83573559 23.95402584 23.28305169 25.50720676 20.18290258 19.50571571
 21.58076541 21.14587475 21.96595427 22.74254473 20.2388171  21.16451292
 22.27037773 23.1277336  23.43215706 25.30218688 22.50646123 26.40183897
 21.30119284 21.027833   20.27609344 19.90954274 22.32629225 21.54348907
 20.45626243 22.77360835 22.5499503  23.32654076 22.28280318 23.48185885
 23.77385686 22.79224652 23.68687873 20.19532803 19.96545726 20.45626243
 20.82281312 20.05243539 22.76739563 23.40730616 20.48732604 22.444334
 23.92296223 23.26441352 26.99204771 23.54398608 26.29000994 20.66128231
 19.45601392 19.25099404 22.0777833  21.88518887 21.90382704 22.09642147
 23.50049702 22.77360835 22.15233598 24.08449304 24.00994036 24.7554672
 25.37673956 20.3195825  20.90357853 21.91625249 20.22639165 21.22042744
 20.89736581 22.39463221 21.82927435 23.22092445 25.71843936 24.45725646
 24.68712724 23.71794235 24.13419483 19.87847913 22.79224652 21.74850895
 21.67395626 21.7112326  20.89115308 23.96023857 22.48782306 23.58126243
 23.84840954 23.27683897 24.43861829 22.84816103 24.91699801 25.3332505
 20.99055666 20.8166004  20.06486083 21.04647117 21.90382704 19.94681909
 21.68016899 21.46893638 23.62475149 24.27708748 24.97291252 23.39488072
 24.82380716 24.68712724 19.49329026 21.97837972 21.87276342 21.11481113
 21.52485089 21.12102386 21.8416998  23.86704771 24.54423459 22.66177932
 24.53802187 24.57529821 23.49428429 24.73682903 20.60536779 20.39413519
 21.22664016 21.30740557 22.3138668  20.9222167  21.17072565 22.98484095
 21.92867793 22.25795229 23.50049702 22.68663022 24.33921471 21.94110338
 24.36406561 19.5305666 ]",45532.587157307265
2025-06-15 20:38:00+00:00,1238,4303.42,9.0,22.560522798348167,22.367979622266397,26.929920477137177,"[20.86630219 19.99030815 21.6056163  22.53131213 21.34468191 23.64960239
 21.53727634 24.05342942 23.41351889 23.34517893 24.14040755 23.53777336
 22.25795229 19.81635189 21.70501988 20.78553678 21.96595427 20.82902584
 20.39413519 21.3695328  22.00323062 23.49428429 22.36356859 21.84791252
 23.53777336 24.36406561 24.37027833 21.07132207 18.89065606 20.96570577
 21.95352883 21.59319085 21.58076541 22.82952286 22.67420477 22.94135189
 22.02186879 23.48185885 25.86754473 24.64363817 24.77410537 20.24502982
 20.20775348 21.2887674  20.02758449 20.31336978 19.22614314 23.04075547
 21.90382704 22.71148111 22.7860338  23.74279324 23.28926441 22.87922465
 24.48210736 26.01043738 21.23285288 20.97191849 20.74826044 20.61158052
 21.99701789 19.78528827 21.79821074 22.13369781 23.32032803 25.03503976
 23.31411531 24.82380716 25.12201789 23.30168986 19.41252485 19.49329026
 22.02808151 20.09592445 20.51217694 20.25124254 21.66774354 23.00969185
 22.7611829  23.76143141 23.4445825  23.43215706 24.97912525 26.92992048
 19.319334   20.89115308 21.42544732 20.24502982 21.8416998  21.21421471
 23.46322068 22.45675944 23.62475149 23.74900596 22.72390656 24.60636183
 25.21520875 24.02236581 25.65631213 20.72340954 21.11481113 22.13991054
 21.82927435 20.88494036 20.72962227 22.43190855 23.97266402 23.76143141
 24.23359841 23.61232604 22.62450298 26.16575547 25.3332505  19.9778827
 19.37524851 21.23906561 22.12748509 23.78628231 23.4694334  21.87897614
 22.35114314 22.68663022 23.21471173 23.84219682 23.01590457 24.45104374
 25.27733598 19.33797217 19.82877734 20.33200795 19.07082505 20.28230616
 21.64910537 22.58722664 23.29547714 22.35114314 22.6804175  23.48185885
 25.3332505  22.33871769 22.91650099 21.12723658 20.88494036 21.51863817
 21.23285288 19.91575547 21.79821074 21.97837972 22.74875746 23.54398608
 22.97862823 22.91650099 24.35785288 25.24005964 23.3638171  25.72465209
 19.81013917 20.49975149 21.17693837 19.56163022 21.69880716 23.08424453
 22.64314115 22.16476143 23.54398608 22.45054672 22.63071571 22.59965209
 24.23981113 23.90432406 19.95303181 20.86630219 21.23906561 20.11456262
 19.97166998 21.35710736 21.80442346 23.18986083 23.12152087 22.38841948
 23.73658052 23.48185885 24.47589463 24.50074553 19.94681909 20.17668986
 21.25149105 22.64314115 19.85362823 23.04696819 20.15805169 21.17072565
 22.48161034 22.87922465 22.40705765 25.77435388 24.06585487 24.64363817
 24.94806163 21.87897614]",45368.08507415362
2025-06-15 20:39:00+00:00,1239,4308.52,9.0,22.57394407121349,22.383822067594433,25.817842942345923,"[22.15233598 21.92246521 20.46868787 21.43787276 23.09045726 21.68016899
 22.04050696 23.9167495  22.77982107 24.13419483 24.65606362 23.78006958
 23.76143141 21.11481113 20.25124254 19.97166998 19.98409543 21.19557654
 21.61804175 22.50646123 22.50646123 22.27037773 22.85437376 22.36356859
 23.75521869 24.00372763 23.34517893 17.38096421 19.32554672 21.57455268
 21.92867793 22.77982107 22.71769384 21.04647117 22.33250497 23.72415507
 23.4694334  22.91028827 23.9167495  23.99130219 24.25223658 20.41277336
 19.19507952 21.11481113 21.81684891 21.3695328  21.67395626 22.66177932
 22.49403579 23.92917495 24.05964215 22.08399602 25.04125249 23.84219682
 25.22142147 24.55044732 21.63667992 20.96570577 22.4194831  22.10263419
 22.2890159  22.40084493 22.00323062 22.5499503  22.71769384 23.27062624
 23.80492048 21.88518887 23.56262425 23.67445328 20.5805169  19.83499006
 22.11505964 19.36903579 21.43787276 23.05939364 21.58697813 23.26441352
 22.56858847 22.3138668  24.14662028 23.66202783 24.14662028 24.83001988
 19.11431412 20.98434394 20.53081511 22.33250497 22.32629225 21.21421471
 21.99080517 22.84816103 20.6861332  24.19010934 23.15258449 23.3389662
 23.5750497  24.29572565 23.45700795 20.58672962 20.02137177 21.8665507
 20.33200795 20.77932406 20.52460239 20.30715706 22.71769384 23.79870775
 24.0472167  23.32032803 23.55641153 24.13419483 25.81784294 21.7112326
 20.8166004  21.30740557 20.19532803 22.30144135 22.29522863 21.7360835
 21.41302187 22.09642147 24.152833   23.86704771 22.88543738 24.3889165
 23.8359841  20.66128231 19.27584493 21.58697813 19.85362823 21.45029821
 21.0526839  22.68663022 22.64314115 23.5750497  23.92296223 23.01590457
 23.9416004  24.15904573 22.92271372 21.07753479 20.74826044 20.3195825
 20.30715706 21.48757455 20.53081511 21.47514911 21.6056163  23.72415507
 21.69259443 24.9666998  24.23981113 24.76789264 24.46968191 24.90457256
 19.17644135 22.2082505  21.89761431 20.90979125 21.20178926 22.00944334
 22.92892644 24.37649105 21.98459245 22.27037773 24.11555666 22.0777833
 24.20874751 25.66873757 20.14562624 20.02758449 20.56187873 19.92196819
 21.97837972 22.24552684 21.27634195 22.17718688 22.95999006 23.71794235
 24.39512922 24.69955268 24.40755467 25.68116302 19.30069583 21.27012922
 19.84120278 21.06510934 22.27037773 23.27683897 21.972167   23.40109344
 24.07206759 22.58101392 24.23359841 24.51317097 22.74875746 23.72415507
 25.20899602 19.56163022]",45412.98728465184
2025-06-15 20:40:00+00:00,1240,4266.120000000001,9.0,22.447190113271926,22.252112326043733,25.54448310139165,"[21.23906561 20.71719682 21.57455268 21.79821074 21.1334493  23.11530815
 23.1028827  21.41923459 21.85412525 24.41998012 24.81759443 24.10934394
 25.04746521 19.48707753 20.00894632 21.08374751 22.49403579 20.5805169
 21.14587475 22.34493042 21.14587475 22.97241551 22.47539761 23.41973161
 22.58722664 23.79249503 23.94781312 20.79796223 19.26341948 21.13966203
 21.89761431 21.51863817 20.08971173 21.71744533 23.24577535 23.09045726
 22.09642147 23.32032803 23.69309145 23.76764414 24.10934394 20.30094433
 19.94681909 20.35685885 20.63021869 21.2887674  21.68016899 23.78006958
 22.38220676 22.444334   21.75472167 23.35760437 23.09045726 24.53180915
 24.79274354 23.66202783 19.95924453 20.18911531 20.8166004  22.38220676
 21.29498012 21.83548708 21.63667992 23.88568588 23.51913519 24.14662028
 25.19657058 22.63071571 22.83573559 24.61878728 18.79125249 18.41848907
 21.27012922 20.53702783 22.04671968 20.41277336 23.35760437 19.85362823
 22.62450298 23.00969185 22.92271372 23.5999006  25.35810139 23.04696819
 19.84741551 21.6056163  21.29498012 19.89090457 21.30119284 22.63071571
 23.55641153 21.68638171 23.7055169  23.33275348 24.08449304 23.02833002
 22.55616302 25.40780318 25.25248509 20.38170974 22.38220676 20.52460239
 19.69831014 23.05939364 22.26416501 21.8665507  22.46297217 21.06510934
 22.87922465 22.73011928 23.91053678 25.12823062 24.32678926 20.08971173
 22.71148111 22.84816103 18.90308151 20.97191849 20.74826044 24.76167992
 21.67395626 23.5750497  23.21471173 24.0472167  23.02833002 24.63121272
 24.14662028 19.92818091 19.44980119 21.10238569 20.38170974 20.00894632
 21.027833   23.45700795 22.76739563 22.22688867 24.01615308 23.84219682
 22.77360835 23.88568588 25.38916501 19.81635189 19.1640159  21.25149105
 21.91625249 22.39463221 21.55591451 21.27634195 23.82355865 23.17122266
 22.60586481 23.1277336  24.25223658 24.37649105 24.25223658 25.5444831
 18.05193837 20.26988072 21.56212724 20.66128231 20.53081511 21.54970179
 22.08399602 22.07157058 24.55666004 22.29522863 24.43240557 23.3638171
 22.02808151 25.4140159  19.6610338  19.11431412 19.13295229 20.33822068
 20.4500497  21.43166004 22.15233598 24.29572565 22.24552684 21.40680915
 21.61804175 24.02857853 25.05989066 24.03479125 20.20154076 21.6304672
 19.67967197 21.92246521 20.82902584 19.12673956 22.62450298 22.29522863
 24.0472167  23.55019881 23.79249503 24.05964215 23.08424453 24.80516899
 23.81734592 19.33797217]",44988.919242962555
2025-06-15 20:41:00+00:00,1241,4290.709999999999,9.0,22.51812595306558,22.32849776341948,26.09741550695825,"[21.41302187 21.93489066 22.09642147 20.06486083 21.20800199 21.46893638
 22.03429423 22.82331014 24.39512922 23.74279324 25.48856859 23.80492048
 25.01640159 20.03379722 21.41302187 20.74204771 23.30168986 20.10213718
 20.90979125 21.8416998  23.10909543 23.23956262 23.27062624 24.42619284
 22.04671968 23.90432406 25.49478131 19.8722664  19.82877734 20.90979125
 21.50621272 20.90979125 21.79199801 21.90382704 22.81709742 23.23956262
 25.89860835 22.43190855 22.33871769 24.09070577 25.97937376 20.50596421
 22.94135189 20.36928429 19.44980119 21.02162028 22.55616302 21.36332008
 21.48757455 22.34493042 23.88568588 23.77385686 23.96023857 22.99105368
 22.95377734 25.31461233 21.23285288 20.64885686 20.07728628 22.69284294
 22.82331014 21.01540755 23.61232604 23.31411531 22.73011928 24.03479125
 24.54423459 22.73011928 24.58151093 24.40134195 18.21968191 18.88444334
 21.65531809 19.32554672 21.91003976 22.20203777 20.59294235 22.14612326
 23.86083499 22.77360835 23.67445328 23.62475149 23.09045726 25.11580517
 18.48682903 18.71048708 20.89115308 22.21446322 21.06510934 20.77311133
 23.40109344 20.19532803 23.29547714 23.55641153 23.38245527 24.73682903
 25.57554672 24.00994036 23.48807157 20.26988072 21.33225646 21.0526839
 22.46297217 21.2639165  21.43166004 21.35710736 23.58126243 23.4694334
 22.0777833  25.10959245 24.69333996 24.87972167 24.89214712 19.49950298
 19.52435388 21.32604374 21.54970179 21.09617296 21.24527833 21.92867793
 21.66774354 23.29547714 23.37624254 24.58151093 23.2333499  24.86729622
 21.87276342 18.59244533 21.5        20.40034791 21.10859841 20.1083499
 20.98434394 20.28851889 22.69284294 24.07206759 24.03479125 24.79895626
 22.97241551 24.54423459 23.64960239 19.28205765 19.03976143 21.13966203
 19.35661034 21.01540755 22.06535785 22.61829026 22.36978131 22.71148111
 23.50670974 24.65606362 24.50695825 23.9416004  23.95402584 24.8610835
 20.77932406 20.20775348 19.82256461 20.76068588 20.7917495  22.46918489
 22.82952286 21.43166004 21.027833   24.00372763 25.94209742 23.86704771
 25.89860835 24.43240557 21.17072565 19.43737575 20.27609344 20.3444334
 21.25770378 21.31983101 21.68016899 22.4194831  21.89761431 22.41327038
 24.37027833 23.97266402 22.76739563 23.35139165 19.71073559 20.94085487
 20.86008946 19.43737575 21.69880716 22.11505964 22.89786282 22.98484095
 21.61182903 22.77982107 23.35760437 23.0221173  24.152833   25.09095427
 26.09741551 19.22614314]",45226.242188576216
2025-06-15 20:42:00+00:00,1242,4262.02,9.0,22.43182959131544,22.239376242544733,26.277584493041747,"[19.2944831  21.91625249 21.40059642 20.8166004  23.16500994 21.41302187
 24.63121272 23.28926441 22.82952286 23.69930417 22.99105368 23.21471173
 23.73658052 19.64860835 20.01515905 21.64910537 20.74826044 19.77286282
 22.36356859 21.58697813 23.63096421 22.57480119 23.53156064 24.30815109
 24.78031809 22.69905567 25.35810139 20.91600398 21.70501988 20.51838966
 21.04647117 21.61182903 22.13369781 23.14637177 23.14015905 23.61232604
 21.22042744 22.26416501 24.92321074 24.66227634 24.152833   19.44358847
 19.4249503  20.77932406 21.23285288 22.01565606 22.12748509 23.05939364
 21.38195825 22.39463221 22.67420477 21.79821074 23.97887674 26.04150099
 23.17743539 24.92321074 18.7415507  20.26988072 20.66128231 19.67967197
 22.27037773 21.91625249 22.00323062 22.88543738 22.13369781 23.04075547
 22.33250497 23.71172962 24.65606362 24.00372763 20.48732604 20.13941352
 19.94681909 21.3695328  21.77957256 23.30168986 21.59319085 23.92917495
 22.66177932 20.96570577 24.33300199 22.6555666  22.96620278 23.86704771
 20.64264414 21.68638171 20.40034791 20.11456262 21.25770378 22.68663022
 21.18315109 21.68016899 22.64314115 21.75472167 21.77335984 22.81709742
 23.79249503 23.43836978 26.27758449 19.44358847 21.78578529 20.555666
 21.84791252 20.67370775 22.73011928 22.05914513 21.94110338 25.79299205
 22.41327038 23.81734592 23.02833002 23.52534791 25.73707753 19.79150099
 21.04647117 20.89736581 20.3444334  20.61158052 20.95328032 20.77311133
 22.43812127 22.5250994  22.05293241 23.680666   24.07206759 23.53777336
 24.11555666 19.44358847 20.36307157 20.38792247 20.36928429 21.61804175
 20.97813121 20.76068588 22.8667992  22.46918489 22.59965209 23.22092445
 23.48185885 23.64960239 23.53777336 21.51863817 20.82281312 20.66749503
 19.95303181 21.50621272 20.20154076 22.91028827 23.04696819 22.15854871
 22.00944334 22.01565606 25.16550696 24.91699801 23.43836978 24.66227634
 20.30094433 20.20775348 20.70477137 20.88494036 20.94706759 21.58076541
 20.8166004  21.97837972 23.13394632 22.69284294 23.85462227 23.4694334
 21.49378728 24.37649105 20.5805169  20.04622266 19.21993042 19.85984095
 20.62400596 22.02808151 20.95949304 21.10238569 23.96645129 22.19582505
 24.53802187 24.37027833 22.5250994  25.26491054 20.30715706 23.51913519
 21.14587475 21.82927435 21.80442346 22.36356859 21.99701789 23.56883698
 22.29522863 24.00372763 23.8359841  24.76167992 24.20874751 24.89214712
 25.55690855 20.1083499 ]",44937.52908070493
2025-06-15 20:43:00+00:00,1243,4291.110000000001,9.0,22.516043976566813,22.329740308151095,26.02907554671968,"[21.20178926 21.11481113 22.66177932 19.75422465 22.97862823 22.40084493
 23.24577535 23.56883698 22.49403579 23.89189861 25.25248509 21.7112326
 24.02857853 19.79150099 20.79796223 21.67395626 23.10909543 21.35710736
 22.23310139 21.17693837 21.42544732 23.63717694 24.74304175 21.91003976
 25.76814115 22.82952286 24.02236581 20.85387674 21.65531809 20.86008946
 20.69234592 21.37574553 22.35114314 22.43812127 21.92246521 21.68638171
 22.28280318 23.2333499  22.97241551 24.11555666 25.02261431 20.36928429
 19.17644135 21.00298211 22.40084493 20.49353877 21.35710736 22.88543738
 22.77982107 23.00347913 23.5750497  23.58126243 24.80516899 22.07157058
 23.84219682 25.70601392 19.96545726 21.16451292 19.92196819 20.57430417
 22.04671968 21.17072565 20.81038767 21.90382704 23.03454274 25.55690855
 22.30765408 22.15854871 24.26466203 24.84865805 20.02137177 20.7109841
 20.84145129 20.83523857 20.40656064 20.25745527 24.22117296 21.81063618
 22.63071571 21.99080517 22.45054672 24.35164016 24.82380716 23.75521869
 20.54324056 20.83523857 21.02162028 22.91028827 20.88494036 21.41923459
 20.46868787 21.02162028 21.95974155 24.41998012 22.50646123 23.69930417
 23.45079523 24.9915507  23.60611332 20.38792247 20.15805169 22.20203777
 21.69259443 20.87872763 21.37574553 21.94110338 23.49428429 22.05293241
 23.67445328 22.93513917 23.96023857 26.02907555 24.45725646 19.20129225
 19.26341948 21.48757455 21.972167   21.77335984 21.7360835  23.35760437
 22.32629225 24.08449304 23.85462227 24.31436382 23.81734592 23.92917495
 24.19632207 21.06510934 20.92842942 21.59319085 22.15854871 23.00347913
 22.26416501 20.40034791 20.98434394 24.07828032 22.46297217 21.89761431
 23.22092445 23.48185885 25.61282306 19.80392644 19.10188867 20.64264414
 21.30740557 20.73583499 21.35089463 22.00944334 22.18961233 22.53131213
 23.00347913 24.29572565 24.26466203 24.90457256 23.43836978 24.77410537
 20.69855865 18.28802187 20.89115308 22.23310139 23.61853877 20.7917495
 20.95328032 22.94135189 23.37624254 23.13394632 23.05318091 23.43836978
 24.14662028 25.28976143 19.30690855 22.33250497 18.97142147 20.69855865
 22.21446322 22.0777833  22.51888668 22.2890159  21.87897614 24.32678926
 23.0221173  24.50695825 23.07803181 24.86729622 20.41898608 19.92196819
 21.8665507  19.6610338  21.3695328  22.68663022 22.66177932 21.57455268
 22.66177932 21.68638171 24.33300199 23.96645129 21.9473161  22.64935388
 25.42644135 20.24502982]",45219.27672800193
2025-06-15 20:44:00+00:00,1244,4253.33,9.0,22.402921537992018,22.2123819582505,25.96073558648111,"[20.28230616 21.2887674  21.20800199 19.77907555 21.0526839  21.78578529
 22.7611829  22.47539761 22.90407555 22.38841948 23.29547714 24.51317097
 25.96073559 21.31361829 20.25745527 21.56833996 20.84766402 23.09045726
 22.8667992  22.59343936 21.95974155 21.2887674  22.13369781 21.2639165
 23.26441352 23.53777336 24.97291252 19.33175944 21.04025845 20.15183897
 20.40034791 21.98459245 20.7917495  21.20178926 21.55591451 23.7055169
 22.99105368 23.05318091 24.33921471 24.48832008 24.47589463 20.1083499
 20.07107356 21.45651093 22.20203777 19.85984095 22.09020875 21.74850895
 21.0526839  24.43240557 24.5193837  23.45700795 23.80492048 23.84219682
 24.24602386 24.01615308 21.27012922 20.37549702 21.22042744 20.49975149
 19.89090457 21.95352883 23.21471173 21.70501988 23.87326044 22.76739563
 23.62475149 23.67445328 23.30790258 25.26491054 20.10213718 20.95949304
 21.70501988 21.52485089 21.12102386 21.43787276 19.99030815 20.83523857
 22.6804175  24.19010934 20.69855865 23.00969185 25.38295229 24.70576541
 20.67370775 20.35064612 20.61158052 22.30765408 22.43190855 21.09617296
 23.08424453 22.83573559 23.34517893 22.08399602 22.98484095 24.61257455
 23.49428429 24.76167992 24.63121272 19.58648111 19.65482107 20.18290258
 19.9778827  21.82927435 23.15258449 21.9473161  23.51913519 22.92892644
 22.77360835 21.54970179 24.04100398 25.569334   24.87350895 18.23210736
 20.03379722 20.98434394 20.64885686 19.72316103 22.89786282 20.64885686
 23.2582008  22.23931412 23.4694334  23.3389662  24.07206759 23.81734592
 25.29597416 19.03354871 19.9778827  19.89090457 20.52460239 19.77907555
 20.5805169  20.67370775 22.05914513 23.47564612 22.46918489 23.64338966
 23.29547714 23.68687873 25.45750497 20.35064612 20.81038767 20.65506958
 20.65506958 21.64910537 22.25795229 23.03454274 20.18911531 21.5
 23.10909543 21.27634195 23.33275348 23.51292247 23.81734592 24.30815109
 20.04000994 20.06486083 22.53131213 21.17693837 21.28255467 21.92246521
 22.55616302 22.85437376 22.4194831  21.1583002  24.58772366 24.10934394
 23.79870775 24.19010934 19.01491054 20.79796223 20.79796223 21.28255467
 21.9473161  20.09592445 21.85412525 21.89140159 23.50670974 22.21446322
 23.32032803 23.55641153 23.23956262 23.89189861 20.20775348 20.54324056
 20.86008946 19.25720676 22.09020875 23.26441352 23.41351889 21.3695328
 22.64935388 23.53156064 25.05989066 24.2584493  24.90457256 23.30790258
 23.87326044 21.16451292]",44840.81429750609
2025-06-15 20:45:00+00:00,1245,4262.03,9.0,22.426963114316173,22.23940730616302,25.62524850894632,"[20.41277336 21.56833996 20.80417495 21.37574553 21.81684891 21.33225646
 23.8359841  22.41327038 22.97862823 25.03503976 23.50049702 24.8362326
 24.90457256 19.49329026 20.5805169  22.50024851 21.61182903 20.64264414
 23.62475149 20.95328032 23.0221173  21.23285288 23.74900596 24.76789264
 22.66177932 23.37002982 25.33946322 18.84095427 19.77286282 18.62350895
 21.1334493  21.43166004 19.7666501  20.89115308 23.09045726 22.05914513
 20.555666   22.45054672 23.22713718 24.152833   23.61232604 18.35014911
 19.58648111 18.93414513 22.40705765 21.9473161  19.96545726 23.01590457
 23.08424453 21.027833   22.8667992  22.83573559 24.10313121 22.94756461
 23.88568588 24.14662028 20.98434394 20.33200795 21.2887674  22.08399602
 20.61779324 19.80392644 21.25770378 22.15854871 22.36978131 20.91600398
 23.63717694 24.66848907 24.46968191 24.01615308 21.01540755 20.89115308
 21.52485089 19.90954274 21.89140159 22.61207753 20.95328032 23.2582008
 22.3138668  22.2082505  23.8359841  23.28926441 23.51292247 25.33946322
 20.37549702 19.48707753 20.45626243 20.50596421 21.09617296 22.57480119
 20.95949304 23.55019881 22.63692843 22.94135189 23.56262425 23.55019881
 23.85462227 24.46346918 22.7860338  20.89115308 18.92171968 21.87276342
 20.92842942 22.35735586 22.50024851 23.48185885 21.66153082 21.40680915
 24.46346918 22.84816103 22.91650099 24.78031809 24.00372763 20.28851889
 21.43166004 22.39463221 21.59940358 20.93464215 22.15233598 22.32629225
 22.49403579 22.53131213 23.93538767 21.68016899 23.2333499  23.52534791
 24.05342942 19.51814115 21.80442346 21.57455268 21.29498012 21.22042744
 20.52460239 20.9222167  22.42569583 21.93489066 22.72390656 21.92867793
 22.95377734 24.50074553 23.29547714 18.77882704 19.00869781 19.60511928
 20.4500497  21.35089463 22.36978131 22.04050696 22.6555666  21.84791252
 22.97862823 23.50670974 23.04075547 23.78006958 23.89189861 25.17793241
 21.62425447 20.46247515 20.93464215 20.95328032 23.76764414 21.81684891
 23.41973161 22.42569583 24.40755467 23.10909543 23.9167495  22.61829026
 25.12823062 24.36406561 21.22042744 20.84766402 20.85387674 21.86033797
 21.972167   21.51242545 25.01640159 22.17718688 23.88568588 23.63717694
 24.16525845 25.05367793 23.00347913 22.97241551 20.07107356 20.27609344
 20.08349901 22.69905567 22.10263419 23.00969185 22.45054672 22.92271372
 21.10238569 22.64935388 23.4694334  22.18961233 23.8359841  23.4694334
 25.62524851 21.04025845]",44921.24779525618
2025-06-15 20:46:00+00:00,1246,4289.71,9.0,22.507015033836502,22.325391401590455,26.047713717693835,"[20.15183897 22.19582505 20.85387674 22.93513917 22.09020875 20.59294235
 20.94085487 23.90432406 23.42594433 23.07181909 24.01615308 24.20874751
 24.53180915 18.49925447 19.92818091 20.88494036 21.54970179 22.13991054
 21.64910537 22.92892644 22.5250994  19.94681909 22.69905567 22.91650099
 24.0472167  24.152833   24.61878728 19.03976143 19.8722664  21.25149105
 21.68638171 22.12748509 20.30094433 23.2582008  21.69880716 22.79845924
 23.13394632 22.66799205 22.6555666  24.7554672  24.81759443 19.17022863
 20.09592445 20.5805169  22.87922465 22.10884692 21.46893638 23.04696819
 23.66824056 22.26416501 23.2582008  24.40755467 22.27659046 22.34493042
 23.69309145 25.69358847 20.14562624 21.8416998  22.22067594 20.49353877
 20.86630219 21.16451292 23.97887674 23.48185885 23.34517893 23.43836978
 21.77335984 23.32654076 25.6500994  24.99776342 20.32579523 20.9222167
 21.20178926 20.18290258 22.50646123 21.69259443 20.56187873 21.86033797
 21.62425447 22.83573559 24.19632207 22.6555666  24.09691849 24.8610835
 20.95949304 20.26366799 20.19532803 19.81013917 19.60511928 19.92196819
 23.1277336  21.59940358 23.26441352 23.73658052 23.94781312 23.79870775
 23.27062624 24.38270378 23.2582008  20.15183897 20.90357853 19.30690855
 20.5805169  23.19607356 22.55616302 22.84194831 21.94110338 21.58076541
 22.2082505  23.72415507 24.09070577 24.10934394 24.84865805 20.15183897
 22.17097416 21.43787276 21.05889662 21.2639165  21.69880716 21.59319085
 23.02833002 22.92892644 24.68091451 24.8362326  23.81734592 22.66799205
 24.10313121 19.25720676 19.69209742 20.71719682 21.72365805 19.85984095
 22.09642147 21.80442346 22.66177932 22.32007952 24.22117296 22.77982107
 24.48210736 23.37624254 26.04771372 21.30119284 19.10188867 21.77335984
 21.53106362 21.07753479 20.5805169  22.35114314 22.82331014 22.86058648
 23.22092445 23.5750497  23.54398608 23.74279324 25.12201789 25.8054175
 20.26988072 21.12723658 22.33250497 21.11481113 21.27634195 21.99701789
 23.1277336  22.84816103 22.93513917 23.72415507 22.99105368 24.16525845
 24.43240557 24.88593439 19.50571571 20.57430417 20.49975149 20.95949304
 19.19507952 21.43166004 22.36356859 22.97862823 21.92246521 23.14015905
 23.30168986 24.17147117 22.91650099 24.35785288 20.51838966 20.86630219
 20.23260437 22.5499503  20.18911531 21.7112326  21.82306163 23.22092445
 22.8667992  21.36332008 23.95402584 22.8916501  24.44483101 24.92321074
 24.82380716 21.40680915]",45189.06949720341
2025-06-15 20:47:00+00:00,1247,4268.38,9.0,22.442435863924732,22.259132703777333,26.084990059642145,"[20.40034791 22.12748509 21.46272366 20.66128231 20.87251491 22.73633201
 22.59965209 23.27683897 23.79249503 23.74279324 22.22067594 25.76192843
 23.37624254 21.08374751 20.64885686 20.74826044 19.41252485 22.70526839
 21.52485089 22.13369781 22.72390656 22.86058648 22.19582505 22.39463221
 25.48856859 24.23359841 24.58772366 21.31361829 19.25720676 19.90333002
 18.21346918 21.8416998  22.97241551 21.77957256 22.38841948 22.84816103
 24.55666004 21.80442346 25.81784294 23.84840954 24.53802187 19.64860835
 19.54299205 20.08349901 20.20775348 23.46322068 22.92271372 20.75447316
 22.06535785 21.87276342 24.41998012 23.76143141 24.45725646 25.07852883
 24.99776342 24.61878728 19.59269384 21.08996024 19.36282306 20.87251491
 22.58101392 21.77335984 22.15233598 22.74254473 19.59269384 22.84816103
 23.30790258 25.19657058 25.21520875 23.8359841  18.82852883 19.23856859
 20.97191849 20.07728628 21.68016899 21.54970179 22.6555666  22.25795229
 20.90357853 23.40730616 25.14065606 24.8610835  23.74900596 24.79274354
 19.85362823 20.73583499 20.85387674 20.61779324 21.64910537 21.80442346
 23.08424453 23.19607356 22.69284294 21.96595427 21.82306163 23.17743539
 23.67445328 24.2833002  23.81734592 20.18290258 20.78553678 20.4500497
 20.38792247 21.22042744 21.46893638 21.30740557 22.33250497 23.5999006
 23.7055169  23.80492048 25.17171968 26.08499006 25.68116302 19.41252485
 20.80417495 20.76068588 20.58672962 20.22017893 20.94706759 22.01565606
 22.40084493 22.87922465 22.17718688 22.89786282 22.26416501 22.45675944
 23.5999006  19.72316103 19.6610338  20.15183897 20.5805169  22.22688867
 20.58672962 22.67420477 22.04050696 23.12152087 22.99105368 24.74925447
 23.20228628 24.43240557 22.59965209 20.85387674 20.97191849 20.05243539
 20.28851889 22.57480119 23.60611332 21.1334493  22.95999006 21.84791252
 22.67420477 23.45079523 23.37624254 25.12201789 22.87301193 24.31436382
 20.13941352 20.4749006  21.64910537 22.0777833  20.65506958 20.70477137
 21.61182903 23.14015905 23.02833002 23.69309145 24.41998012 23.24577535
 24.50695825 23.4694334  19.64239563 20.2388171  20.04000994 21.30119284
 20.15183897 20.26366799 20.33822068 22.63692843 23.06560636 24.55044732
 23.05318091 24.20253479 24.14662028 23.24577535 20.62400596 18.29423459
 20.04622266 21.09617296 22.03429423 22.63692843 21.99080517 22.87922465
 23.86704771 24.01615308 21.96595427 25.04746521 23.74279324 24.74925447
 25.51341948 20.9222167 ]",44973.01342634659
2025-06-15 20:48:00+00:00,1248,4213.1900000000005,9.0,22.277933948302838,22.087692594433403,25.538270377733596,"[20.67370775 19.91575547 20.2139662  21.18936382 19.94060636 21.24527833
 22.23931412 21.8665507  22.40705765 22.38841948 23.55641153 22.8667992
 23.18364811 19.9778827  20.82902584 19.319334   21.29498012 20.66749503
 21.88518887 20.53081511 23.07803181 22.64314115 23.96645129 21.52485089
 22.96620278 24.12176938 23.98508946 19.23235586 19.88469185 20.64264414
 20.66128231 20.60536779 22.21446322 21.99701789 22.22067594 23.5750497
 24.46968191 22.87301193 21.52485089 23.09666998 22.25173956 20.93464215
 19.50571571 19.59890656 22.27659046 21.79821074 22.12127237 22.43190855
 21.78578529 21.91625249 22.53752485 23.14015905 23.99751491 24.15904573
 23.33275348 23.43836978 20.48732604 20.48111332 20.18911531 22.09642147
 21.74850895 22.79845924 22.91650099 21.72365805 23.12152087 23.37002982
 21.91625249 21.53727634 24.94806163 25.44507952 20.96570577 21.17693837
 20.16426441 22.33871769 21.03404573 22.4194831  21.89140159 21.68638171
 23.84219682 23.52534791 23.46322068 22.67420477 23.93538767 24.34542744
 20.30094433 20.04622266 21.12723658 21.88518887 22.3138668  22.5250994
 21.91003976 21.34468191 22.13991054 23.89189861 23.78628231 22.17718688
 22.92271372 24.43861829 24.56908549 19.49329026 19.02112326 19.58648111
 22.17097416 20.44383698 21.85412525 22.79845924 21.40059642 22.3138668
 22.95999006 24.20253479 24.4945328  24.82380716 23.98508946 19.92818091
 20.20775348 20.17668986 19.73558648 22.83573559 22.00944334 23.05939364
 21.1334493  21.08374751 22.37599404 22.59343936 23.97266402 25.53827038
 22.68663022 20.06486083 20.20154076 22.27659046 19.27584493 22.74254473
 22.63692843 22.444334   22.66799205 22.46918489 22.94135189 22.7860338
 24.59393638 24.4137674  24.00372763 19.60511928 19.79771372 20.62400596
 21.82306163 21.10859841 22.87301193 22.07157058 23.3389662  21.00298211
 22.98484095 22.3138668  24.4945328  23.48807157 24.69333996 23.78006958
 20.69855865 20.48732604 19.98409543 21.3695328  20.29473161 20.81038767
 22.58101392 23.15879722 22.24552684 22.67420477 22.92892644 23.10909543
 23.8111332  23.50049702 18.44955268 18.99005964 19.90333002 19.90954274
 19.69209742 21.81063618 22.87301193 21.09617296 24.01615308 22.51267396
 24.25223658 23.3638171  24.35164016 24.78031809 18.31287276 17.0889662
 19.80392644 19.70452286 22.47539761 22.74254473 22.38220676 23.04075547
 24.82380716 21.9473161  22.76739563 23.5750497  23.87947316 23.51913519
 25.29597416 19.79771372]",44422.65581744196
2025-06-15 20:49:00+00:00,1249,4215.639999999999,9.0,22.283529820064288,22.095303180914513,26.122266401590455,"[19.28205765 20.33822068 22.5250994  20.73583499 21.69880716 22.19582505
 22.13991054 23.2333499  21.81684891 21.95352883 22.91028827 23.56262425
 24.23359841 21.19557654 19.20129225 20.2388171  20.79796223 21.43166004
 23.09045726 21.45029821 22.11505964 24.23981113 21.72365805 24.43240557
 23.14015905 24.1776839  23.14637177 19.8971173  20.3444334  21.17693837
 19.81013917 21.43787276 22.15854871 22.29522863 22.84194831 23.02833002
 22.35114314 22.57480119 25.07852883 23.20228628 23.30168986 20.20775348
 19.8971173  19.98409543 19.65482107 21.29498012 20.74826044 22.48782306
 21.1334493  21.30119284 23.29547714 23.1277336  24.35785288 24.42619284
 22.36978131 23.89811133 21.41302187 20.3444334  19.85362823 20.18290258
 22.35735586 22.45054672 21.33225646 21.54348907 22.27659046 23.98508946
 23.12152087 23.4694334  23.2582008  24.34542744 20.76068588 20.95949304
 22.16476143 21.09617296 21.3695328  21.31983101 23.5999006  22.90407555
 23.81734592 22.12127237 23.02833002 22.38220676 23.09045726 23.88568588
 20.45626243 19.13295229 20.555666   21.99701789 21.07753479 23.09045726
 20.66128231 22.43812127 22.74254473 22.74254473 22.70526839 22.08399602
 24.87972167 25.11580517 26.1222664  20.25745527 19.74801193 21.12102386
 21.43166004 20.63643141 22.30765408 22.33871769 22.59343936 24.27087475
 23.74900596 25.17793241 21.54348907 23.76143141 24.68091451 19.35039761
 18.79125249 21.45651093 20.9222167  21.12723658 20.99676938 20.67992048
 21.95352883 23.43215706 22.444334   22.98484095 24.22117296 23.93538767
 25.46993042 20.2388171  21.17072565 22.32007952 20.95328032 21.15208748
 22.19582505 20.67992048 19.80392644 23.66202783 22.51267396 24.03479125
 23.8359841  22.66799205 23.03454274 19.99652087 19.33797217 19.7417992
 21.89761431 20.17668986 20.26988072 22.6555666  20.9222167  23.34517893
 21.95352883 23.84219682 24.25223658 22.7611829  24.33300199 23.69309145
 20.15183897 21.66153082 20.5805169  21.22664016 21.09617296 21.74850895
 21.98459245 22.04671968 23.3638171  21.12102386 21.48136183 23.48807157
 23.30790258 22.81709742 18.49304175 20.51217694 20.82902584 21.33846918
 21.0526839  20.86630219 23.25198807 21.74850895 24.31436382 24.24602386
 22.21446322 23.71794235 24.93563618 24.87350895 20.41898608 19.62375746
 20.5805169  22.22688867 20.49975149 21.71744533 21.77335984 22.69905567
 22.59343936 21.40059642 23.09666998 22.51267396 22.6555666  24.25223658
 24.8610835  17.9276839 ]",44441.37736600709
2025-06-15 20:50:00+00:00,1250,4194.13,9.0,22.218418341335557,22.028485337972164,26.308648111332005,"[20.27609344 21.03404573 19.54920477 21.91003976 21.96595427 21.06510934
 21.59940358 21.66774354 22.41327038 25.10337972 23.20228628 23.99751491
 23.64960239 19.95924453 20.4749006  21.23285288 21.89761431 21.37574553
 21.04647117 20.63643141 21.88518887 24.01615308 22.4194831  24.65606362
 22.50646123 23.30168986 24.56908549 22.59343936 20.25124254 20.63021869
 19.94060636 19.90954274 20.90979125 23.14015905 23.11530815 24.64985089
 20.17047714 21.27012922 24.86729622 22.33871769 25.04746521 20.05243539
 20.81038767 19.06461233 21.45029821 23.1028827  22.91650099 22.07157058
 22.36356859 22.45054672 22.38841948 22.89786282 23.03454274 24.00994036
 25.06610338 26.30864811 20.36307157 19.64860835 19.65482107 21.07753479
 19.84120278 21.9473161  21.42544732 21.24527833 22.64314115 22.7860338
 23.76143141 22.7611829  22.73633201 22.13369781 20.0027336  20.65506958
 22.49403579 20.69855865 21.37574553 20.18290258 20.86630219 22.77982107
 22.58722664 23.31411531 23.09666998 22.94756461 24.12176938 25.94209742
 21.52485089 19.51814115 20.08971173 20.57430417 21.6304672  19.6361829
 20.95949304 21.8416998  23.84219682 22.74254473 23.37624254 21.64289264
 23.67445328 24.0472167  24.00994036 21.30119284 20.82902584 20.90357853
 19.40631213 22.43190855 21.72987078 21.04647117 22.60586481 22.36978131
 24.12798211 22.71769384 23.51913519 22.06535785 25.39537773 18.42470179
 18.88444334 20.63021869 22.87301193 19.6361829  22.4194831  22.09642147
 22.21446322 22.2082505  22.27037773 22.33871769 24.61257455 25.0723161
 23.8111332  18.88444334 19.48086481 20.18290258 20.86630219 21.06510934
 20.85387674 22.38841948 20.29473161 22.79224652 23.76143141 22.0777833
 23.78006958 23.29547714 23.14637177 20.72340954 21.57455268 18.66699801
 20.63021869 20.27609344 20.81038767 20.92842942 22.64935388 23.50670974
 23.25198807 23.09045726 24.71197813 22.32007952 25.06610338 24.23359841
 20.94085487 20.18290258 21.51863817 21.12723658 21.68638171 22.24552684
 21.85412525 21.18315109 22.85437376 23.39488072 22.50646123 24.33300199
 23.45079523 24.152833   18.13270378 19.67967197 20.4749006  19.7666501
 21.07132207 21.18936382 21.66153082 22.56858847 22.90407555 21.93489066
 23.46322068 24.27708748 23.63717694 23.53156064 20.13941352 20.41277336
 21.46272366 21.027833   21.59940358 21.03404573 20.52460239 23.3638171
 22.27037773 23.09666998 22.86058648 22.09020875 24.00994036 22.48782306
 23.50670974 20.40034791]",44223.54040277224
2025-06-15 20:51:00+00:00,1251,4187.0599999999995,9.0,22.19591962275856,22.006523359840955,26.1036282306163,"[19.03976143 20.27609344 20.33822068 21.43787276 21.87897614 22.97862823
 21.49378728 24.2584493  21.91625249 21.57455268 22.70526839 21.83548708
 22.32629225 19.35039761 21.98459245 20.19532803 21.20800199 20.92842942
 22.48161034 21.36332008 22.81709742 23.45079523 21.96595427 22.22067594
 22.73011928 24.12176938 24.84244533 19.51192843 19.81635189 20.98434394
 20.90979125 21.93489066 21.45029821 20.78553678 23.99130219 21.53106362
 21.41923459 22.81709742 23.680666   22.30765408 25.0723161  19.80392644
 18.29423459 18.82852883 21.04647117 20.76068588 21.54970179 21.48136183
 22.53752485 22.04671968 23.38866799 22.7860338  23.73036779 23.33275348
 23.58747515 23.03454274 21.25770378 19.81013917 19.84741551 21.90382704
 21.05889662 21.91625249 22.97241551 20.64264414 22.17097416 21.95352883
 22.32629225 24.25223658 23.07803181 24.98533797 18.69184891 19.85984095
 20.28230616 21.27012922 20.77311133 19.03354871 22.54373757 20.4749006
 24.11555666 23.56883698 21.27012922 24.27708748 22.43812127 23.99751491
 19.41873757 20.4500497  19.75422465 19.35039761 22.11505964 21.40059642
 20.38792247 20.95949304 22.25795229 23.97887674 23.40730616 23.41351889
 24.01615308 26.10362823 23.97887674 19.19507952 20.99676938 20.48732604
 22.04671968 20.99676938 21.74850895 21.72365805 22.96620278 20.90979125
 22.23931412 23.00969185 23.94781312 24.89214712 24.88593439 22.05293241
 20.80417495 19.58648111 20.82281312 19.47465209 21.66774354 22.6555666
 21.41302187 21.72987078 22.48161034 22.91028827 24.0472167  24.28951292
 24.64363817 18.67942346 20.35064612 19.98409543 20.57430417 19.99652087
 23.04696819 21.27634195 22.04050696 22.27037773 24.06585487 23.24577535
 22.73633201 24.66227634 25.569334   18.94035785 19.19507952 20.79796223
 21.17693837 20.43762425 22.32629225 21.09617296 20.97191849 20.85387674
 22.48782306 22.79224652 24.5193837  24.31436382 23.40109344 24.37649105
 19.46843936 21.63667992 20.28851889 20.64264414 20.25745527 22.03429423
 22.81088469 23.17743539 22.75497018 24.27087475 24.35164016 23.49428429
 24.70576541 24.56908549 21.35710736 19.27584493 20.63021869 20.7109841
 20.84145129 20.90979125 21.65531809 23.08424453 22.59965209 22.5250994
 23.99751491 21.46893638 24.60014911 26.08499006 20.02758449 20.26988072
 20.42519881 21.50621272 22.94135189 20.65506958 22.27659046 23.41351889
 23.48807157 22.9972664  24.00372763 20.78553678 24.40134195 24.97912525
 24.152833   20.05864811]",44148.26868990103
2025-06-15 20:52:00+00:00,1252,4232.22,9.0,22.32755363830121,22.14680666003976,26.867793240556658,"[20.92842942 19.51814115 22.27037773 21.7112326  21.70501988 22.43812127
 21.58076541 20.7917495  23.32032803 25.04746521 21.70501988 23.03454274
 25.07852883 19.77286282 19.15159046 21.10238569 21.82927435 21.97837972
 21.6304672  21.94110338 22.72390656 21.69880716 22.54373757 23.46322068
 25.07852883 23.43836978 26.86779324 18.88444334 20.44383698 20.54945328
 20.81038767 22.58101392 21.87276342 21.92867793 23.24577535 22.59343936
 22.38220676 24.56287276 24.79895626 22.87922465 22.68663022 19.75422465
 21.44408549 19.98409543 21.43787276 20.67992048 21.00298211 21.79821074
 23.56262425 22.61829026 22.33871769 22.30144135 21.027833   23.61853877
 23.8359841  24.78031809 19.48707753 20.00894632 20.25745527 21.25149105
 22.6555666  22.60586481 22.43190855 23.58126243 21.08374751 22.13369781
 23.56262425 23.47564612 24.86729622 24.63121272 20.56809145 20.17668986
 20.84766402 21.34468191 21.14587475 19.61754473 20.66128231 22.66177932
 23.46322068 22.12748509 24.27708748 23.34517893 22.46918489 24.91078529
 19.33797217 20.46868787 19.84120278 20.82902584 22.1833996  22.28280318
 21.12723658 21.58076541 22.5250994  22.71148111 23.32032803 23.80492048
 24.41998012 25.04125249 24.02857853 20.97191849 19.34418489 20.54324056
 22.77982107 19.51814115 23.15879722 23.05939364 23.15258449 22.43812127
 23.40109344 23.78628231 23.22092445 24.20874751 23.86704771 19.85362823
 20.08349901 21.56212724 18.10785288 19.72316103 22.33250497 23.65581511
 23.45079523 21.40059642 23.05318091 22.28280318 23.98508946 24.71819085
 25.12823062 20.12698807 20.07728628 21.81684891 20.19532803 21.74229622
 21.99701789 20.72962227 22.11505964 23.75521869 22.22688867 24.07206759
 24.84244533 24.82380716 24.95427435 18.90929423 20.14562624 19.84741551
 22.43190855 21.11481113 19.82256461 21.63667992 21.91003976 21.58076541
 21.81063618 23.63717694 23.96645129 25.34567594 23.66202783 25.09095427
 19.56784294 19.60511928 20.83523857 21.79821074 22.34493042 19.56163022
 22.59343936 21.6056163  24.15904573 22.86058648 22.67420477 24.30193837
 23.45700795 23.28305169 20.20154076 21.27012922 20.19532803 21.23906561
 20.82281312 21.76714712 22.02186879 21.90382704 22.1833996  23.05939364
 22.77982107 23.07803181 24.05342942 22.99105368 18.23832008 21.7112326
 20.59915507 21.41923459 20.66128231 19.72316103 20.4749006  22.17718688
 23.2582008  22.29522863 23.74279324 24.68091451 22.74875746 24.25223658
 23.8359841  20.24502982]",44588.66345230053
2025-06-15 20:53:00+00:00,1253,4193.8099999999995,9.0,22.21256867953122,22.027491302186878,26.1036282306163,"[20.15183897 20.38170974 21.71744533 21.23906561 21.88518887 23.59368787
 21.76714712 23.63096421 22.81088469 22.61207753 22.33250497 23.3389662
 23.43836978 19.61754473 20.9222167  20.51838966 21.13966203 20.8166004
 21.21421471 21.43787276 21.00298211 22.51267396 23.73658052 23.20849901
 23.06560636 25.45750497 24.13419483 18.55516899 19.50571571 21.5
 21.06510934 20.4500497  21.3943837  22.79224652 22.36978131 21.61182903
 22.79845924 22.74875746 24.87972167 22.99105368 26.10362823 18.6110835
 20.01515905 20.26366799 22.09020875 24.29572565 21.45029821 21.77957256
 22.38220676 21.97837972 22.22688867 22.50646123 23.30168986 24.55666004
 22.47539761 23.93538767 17.46172962 19.06461233 21.64910537 20.10213718
 22.25173956 23.30790258 22.25795229 21.88518887 23.74279324 22.97241551
 22.07157058 22.8916501  23.31411531 25.27733598 19.41252485 19.4249503
 20.94085487 20.87872763 20.23260437 20.12698807 22.61207753 21.76714712
 23.18986083 22.71769384 21.61804175 23.45700795 21.61804175 23.40109344
 19.41873757 20.27609344 19.08946322 21.3943837  23.8111332  20.75447316
 22.22688867 24.17147117 24.09070577 23.61853877 22.91028827 23.81734592
 23.80492048 23.27062624 23.56262425 18.98384692 20.89736581 20.28230616
 20.54324056 21.36332008 21.76714712 20.59915507 21.7360835  21.51242545
 24.12176938 22.23931412 23.99130219 25.35188867 24.5193837  19.5554175
 19.50571571 20.555666   21.41302187 22.38841948 23.04696819 23.06560636
 21.42544732 20.95949304 21.68638171 25.06610338 24.40755467 21.35710736
 24.22117296 19.12673956 19.92196819 20.24502982 19.39388668 20.40656064
 21.13966203 21.57455268 21.84791252 22.97862823 25.05989066 23.20228628
 22.10884692 24.03479125 22.0777833  20.49975149 19.91575547 21.8665507
 22.56237575 20.25745527 20.72340954 21.83548708 21.46893638 23.76143141
 22.92271372 22.71148111 22.94135189 22.56237575 22.63692843 26.04150099
 19.94681909 20.4749006  19.68588469 20.22017893 21.3695328  21.58697813
 22.64314115 23.1028827  24.01615308 22.21446322 23.71172962 24.64363817
 23.40730616 23.24577535 21.08996024 20.51217694 19.30690855 21.2639165
 20.30715706 21.58076541 20.29473161 23.04075547 21.55591451 23.53156064
 23.26441352 23.41351889 24.46968191 25.04125249 20.90357853 20.30094433
 19.48086481 20.86630219 21.17072565 20.84766402 20.5805169  22.30765408
 22.19582505 22.05914513 23.84219682 24.53180915 23.92296223 23.71172962
 23.40109344 19.85984095]",44203.969774239646
2025-06-15 20:54:00+00:00,1254,4168.55,9.0,22.136389727881852,21.94902460238568,25.556908548707753,"[19.85984095 21.30740557 19.64239563 22.0777833  22.11505964 21.84791252
 21.71744533 23.75521869 23.78006958 21.51242545 24.27708748 23.79870775
 23.21471173 20.12077535 21.08996024 18.92171968 22.27037773 19.90333002
 19.17644135 22.06535785 20.53081511 23.71172962 22.77982107 22.82331014
 22.34493042 23.50049702 24.70576541 19.71073559 20.16426441 20.20775348
 20.01515905 22.53752485 22.82331014 20.64885686 20.52460239 20.81038767
 22.99105368 23.22713718 22.23310139 23.97887674 23.43215706 19.60511928
 20.87251491 19.20129225 20.2139662  20.78553678 22.30144135 22.0777833
 21.72365805 22.88543738 21.99701789 19.53677932 23.62475149 22.14612326
 25.38916501 25.50720676 20.01515905 20.28851889 19.56163022 20.555666
 21.27012922 20.78553678 21.41302187 21.76714712 21.41302187 23.12152087
 23.28305169 23.25198807 24.29572565 25.55690855 19.71694831 21.31361829
 19.98409543 21.68016899 20.1332008  21.36332008 21.96595427 20.91600398
 22.444334   22.8667992  23.18364811 25.03503976 23.52534791 23.64960239
 20.25745527 20.51838966 20.15805169 21.72987078 20.29473161 20.74204771
 22.94135189 23.17743539 21.07132207 22.50646123 22.75497018 23.33275348
 24.12798211 25.15929423 24.31436382 20.32579523 20.26988072 19.85984095
 22.06535785 21.48136183 20.08971173 23.04696819 22.96620278 24.37649105
 21.25149105 22.64935388 22.6555666  23.14015905 25.37673956 19.99652087
 19.6361829  19.98409543 20.76068588 22.02808151 22.38220676 22.38841948
 21.46893638 22.70526839 21.9473161  23.96645129 22.79845924 22.56858847
 23.17743539 19.95303181 20.5805169  20.59294235 20.66749503 21.98459245
 22.8916501  20.71719682 20.90357853 23.38866799 22.58101392 22.81088469
 22.72390656 24.30193837 24.17147117 18.46819085 19.15780318 20.42519881
 20.05243539 21.7112326  22.62450298 23.59368787 20.60536779 22.19582505
 23.59368787 24.11555666 24.39512922 24.53180915 24.27708748 25.3083996
 18.89686879 21.1334493  20.64885686 20.54324056 22.58722664 21.69880716
 20.9222167  21.05889662 22.07157058 22.56858847 25.10959245 21.41302187
 24.34542744 24.82380716 18.20725646 21.12723658 19.09567594 21.25770378
 19.59269384 20.69234592 21.27012922 22.6804175  22.83573559 21.65531809
 21.6056163  22.09020875 24.24602386 23.96645129 17.97738569 20.08349901
 21.28255467 18.98384692 20.71719682 22.72390656 22.63692843 23.14637177
 21.96595427 23.1028827  22.66177932 23.63717694 23.4445825  24.54423459
 24.56908549 20.02758449]",43949.10547360152
2025-06-15 20:55:00+00:00,1255,4169.25,9.0,22.136819684770664,21.951199055666002,25.84269383697813,"[19.91575547 19.33797217 20.95949304 21.31361829 21.63667992 22.98484095
 22.80467197 21.90382704 23.43836978 23.05939364 22.51267396 23.32032803
 23.84219682 19.90333002 20.77932406 20.42519881 21.13966203 21.33846918
 23.15879722 22.87922465 22.45675944 21.16451292 23.09666998 20.91600398
 24.3889165  23.09666998 24.81138171 20.41898608 20.33822068 20.1083499
 22.03429423 21.54970179 20.61779324 21.27012922 21.12723658 22.13991054
 21.97837972 24.2833002  24.92942346 23.04075547 23.73036779 20.30094433
 19.01491054 20.69234592 20.40034791 19.14537773 21.59940358 23.37624254
 21.19557654 22.3138668  23.5750497  23.62475149 23.0221173  25.84269384
 23.48807157 23.41973161 20.35685885 19.90954274 21.36332008 20.43141153
 20.00894632 19.54299205 20.22017893 24.71197813 24.19632207 23.26441352
 22.97241551 23.48185885 25.6500994  20.4749006  18.17619284 19.82877734
 20.00894632 22.04671968 20.58672962 20.46868787 22.95999006 22.25795229
 22.6555666  24.19632207 22.80467197 22.32007952 22.94135189 24.33921471
 19.62375746 19.92818091 19.45601392 21.36332008 20.25745527 21.11481113
 21.00298211 21.31983101 23.30168986 22.6804175  21.36332008 22.66177932
 24.43240557 22.79224652 24.48832008 20.76068588 20.07107356 21.01540755
 21.17693837 21.027833   21.2639165  21.48757455 20.67370775 22.94756461
 22.02186879 23.1028827  22.35735586 24.65606362 23.96645129 20.3195825
 19.5305666  20.99676938 21.01540755 22.23310139 22.82952286 21.20800199
 21.21421471 23.8111332  22.95377734 23.20228628 23.73658052 23.82977137
 24.97291252 20.04622266 20.05243539 18.12027833 20.4500497  22.63692843
 20.46868787 21.43166004 21.97837972 21.22664016 24.14040755 22.50646123
 24.13419483 23.9167495  24.44483101 20.30715706 20.48111332 19.69209742
 20.59294235 20.9222167  20.9222167  22.13369781 21.30740557 21.38817097
 23.07803181 22.30144135 22.48161034 24.22117296 24.40755467 24.56287276
 19.85362823 19.81013917 22.16476143 19.43737575 20.17047714 20.28230616
 21.38817097 21.67395626 22.56237575 23.5999006  24.29572565 23.67445328
 23.39488072 23.77385686 19.46222664 21.29498012 20.30094433 20.18911531
 22.46918489 20.9222167  22.58101392 21.62425447 22.94756461 22.50024851
 23.54398608 22.26416501 23.76764414 23.68687873 20.64885686 19.67345924
 22.27037773 22.18961233 20.66749503 19.88469185 19.19507952 24.27087475
 21.52485089 21.76714712 23.3389662  22.57480119 24.35164016 22.55616302
 25.48856859 20.33822068]",43950.54393736874
2025-06-15 20:56:00+00:00,1256,4126.68,9.0,22.009557823388135,21.81896123260437,26.016650099403577,"[19.03354871 19.83499006 20.35685885 21.61804175 22.27037773 23.06560636
 22.39463221 23.53156064 21.93489066 22.81088469 21.86033797 24.02236581
 24.60636183 19.39388668 19.72937376 20.30715706 19.58026839 21.20800199
 21.63667992 20.17668986 21.31361829 21.71744533 23.11530815 21.68016899
 23.0221173  23.69309145 23.38866799 19.01491054 19.92196819 20.01515905
 21.41923459 21.41302187 20.88494036 23.22092445 21.54970179 22.64935388
 21.72365805 22.50024851 24.32678926 21.96595427 24.17147117 20.63643141
 19.8722664  21.42544732 22.81088469 20.72340954 21.1334493  20.83523857
 21.29498012 21.69259443 20.98434394 22.10884692 23.82355865 22.69905567
 24.91078529 25.33946322 17.62326044 20.38792247 20.89736581 21.1334493
 21.30740557 22.37599404 20.79796223 22.18961233 22.51888668 21.41923459
 22.26416501 22.81088469 22.90407555 24.22117296 20.97191849 19.36282306
 20.99055666 21.78578529 20.94706759 22.23310139 22.9972664  20.95328032
 22.66799205 21.81684891 23.35139165 22.39463221 24.63121272 23.32032803
 19.21993042 19.65482107 19.95924453 20.18290258 21.46272366 21.92867793
 22.23310139 19.85362823 23.08424453 23.55019881 21.33846918 23.85462227
 21.76714712 24.2584493  24.74925447 19.26963221 17.75372763 21.00298211
 20.43762425 22.71769384 21.56833996 21.92867793 24.41998012 21.30740557
 22.04050696 22.55616302 23.31411531 24.48210736 23.48807157 18.7166998
 20.67370775 19.35661034 22.444334   22.17718688 20.33822068 22.35114314
 22.01565606 21.3695328  24.43861829 21.96595427 24.41998012 24.48210736
 22.9972664  19.23856859 19.38767396 19.91575547 22.58722664 22.66177932
 20.8166004  20.36928429 21.5        23.2582008  22.40705765 22.63692843
 20.94706759 22.47539761 22.50646123 20.28230616 18.95899602 20.25745527
 21.33225646 22.87922465 20.35685885 21.76714712 20.20154076 21.95974155
 22.35735586 21.7112326  23.96645129 24.01615308 21.92867793 24.58772366
 20.4500497  18.90308151 20.17668986 21.3695328  20.79796223 22.1833996
 22.17718688 20.06486083 22.7860338  23.35139165 23.2582008  24.44483101
 22.63692843 22.62450298 19.41873757 18.21968191 20.15183897 20.32579523
 21.2887674  22.04671968 21.48136183 22.48782306 22.14612326 23.73658052
 23.98508946 22.41327038 24.47589463 23.79249503 18.85959245 20.04622266
 20.51838966 19.46843936 20.92842942 21.59940358 22.33250497 22.56237575
 22.03429423 22.53131213 22.12748509 23.50670974 23.89189861 24.44483101
 26.0166501  19.67967197]",43524.77665392735
2025-06-15 20:57:00+00:00,1257,4162.99,9.0,22.115074167424737,21.931753230616305,25.761928429423456,"[20.91600398 21.08374751 21.63667992 20.53702783 21.75472167 20.64885686
 22.02808151 22.00323062 22.6555666  23.84840954 23.79249503 23.55019881
 24.05964215 19.74801193 20.59915507 19.6610338  19.64860835 21.20800199
 22.71148111 21.89140159 22.03429423 22.89786282 22.61207753 22.82952286
 21.68638171 24.29572565 24.9666998  20.75447316 19.01491054 20.28230616
 19.54299205 22.86058648 23.04075547 22.06535785 22.22067594 21.61182903
 23.21471173 21.62425447 23.19607356 23.8111332  22.82952286 19.05218688
 20.52460239 23.02833002 20.71719682 19.02733598 20.98434394 21.95352883
 23.5999006  22.04671968 23.54398608 21.972167   23.81734592 23.3638171
 25.12201789 23.63717694 18.25695825 19.92196819 20.02758449 21.48757455
 20.8166004  21.22042744 22.444334   21.68638171 23.91053678 22.56237575
 25.50099404 24.72440358 23.20228628 24.48832008 20.44383698 19.03354871
 20.08349901 19.67967197 20.1332008  20.91600398 21.58697813 21.67395626
 22.17718688 22.19582505 22.25173956 21.95352883 22.75497018 23.58126243
 20.12077535 20.4749006  19.38146123 21.56833996 21.69259443 19.06461233
 22.30144135 22.66177932 23.20228628 21.89140159 23.9416004  23.1028827
 23.26441352 23.4694334  23.8359841  19.36282306 21.64289264 20.3195825
 19.99030815 20.54945328 20.59294235 20.3195825  21.66153082 22.23310139
 22.23931412 20.56809145 24.09070577 22.93513917 25.42022863 20.5805169
 19.56163022 20.48111332 21.92867793 20.77932406 22.09642147 22.59343936
 22.32629225 20.90357853 22.7860338  21.84791252 24.40134195 23.58747515
 24.54423459 20.87872763 19.69831014 19.69209742 20.99055666 21.37574553
 20.91600398 20.89115308 22.87301193 23.4445825  23.62475149 23.35760437
 22.06535785 22.39463221 23.20228628 19.77907555 19.0583996  19.60511928
 20.92842942 19.56163022 21.99701789 22.13369781 22.10884692 22.03429423
 24.94806163 22.04671968 23.3389662  23.4694334  23.4445825  24.05964215
 18.6110835  22.15233598 19.84741551 20.555666   21.94110338 21.75472167
 22.8667992  21.99701789 24.17147117 22.66799205 23.51292247 22.73633201
 24.85487078 22.91650099 21.40059642 20.51217694 20.10213718 21.41302187
 21.64910537 20.96570577 23.4694334  21.50621272 22.10263419 23.38245527
 21.3943837  23.61853877 24.83001988 24.00994036 18.06436382 18.03951292
 21.38195825 19.38146123 21.84791252 21.37574553 21.57455268 21.58697813
 23.75521869 22.09642147 23.79249503 24.27708748 23.30168986 25.76192843
 23.18364811 19.26963221]",43877.79213453621
2025-06-15 20:58:00+00:00,1258,4149.23,9.0,22.072831658068353,21.889009691848905,25.724652087475146,"[20.17668986 21.25770378 23.23956262 20.84766402 20.15805169 23.43836978
 22.97862823 22.40705765 21.41923459 23.18364811 22.46918489 23.11530815
 23.66824056 19.14537773 20.07107356 19.7417992  20.17047714 21.06510934
 20.64885686 20.57430417 24.14662028 23.29547714 22.32007952 23.48185885
 22.94135189 23.48807157 22.50646123 20.15183897 20.8166004  21.91625249
 22.02186879 20.43762425 20.8166004  20.48111332 21.22042744 20.40656064
 21.48757455 22.43190855 23.97887674 25.09095427 24.45104374 20.48732604
 20.15805169 19.50571571 20.00894632 20.4749006  22.40084493 20.15805169
 20.02758449 20.94085487 24.07828032 23.14015905 22.91028827 24.33921471
 22.23310139 23.53777336 20.25124254 20.33200795 19.2944831  20.51217694
 21.40059642 20.83523857 22.63071571 21.66153082 21.51863817 22.43812127
 23.09666998 22.58101392 23.21471173 23.2333499  19.21371769 20.01515905
 20.65506958 21.15208748 21.83548708 21.24527833 19.85362823 22.24552684
 21.52485089 22.90407555 24.27087475 22.1833996  24.12798211 24.33921471
 18.97142147 19.35039761 21.54970179 21.10859841 19.68588469 22.10884692
 22.5250994  22.58722664 22.81088469 22.92892644 23.66824056 23.5999006
 22.67420477 22.67420477 23.48807157 20.05243539 21.15208748 21.82306163
 22.12127237 22.91028827 23.28305169 22.46297217 23.18364811 21.58076541
 21.10859841 22.9972664  24.52559642 22.51888668 23.82355865 17.89662028
 19.14537773 20.88494036 19.68588469 19.71694831 21.35710736 22.59343936
 21.18936382 23.96645129 23.26441352 24.20253479 23.11530815 22.4194831
 24.69333996 19.52435388 21.18315109 19.74801193 20.74826044 21.10238569
 20.75447316 22.79845924 22.48161034 22.47539761 22.82952286 21.79199801
 22.94135189 22.7860338  23.66202783 20.89736581 21.53106362 18.49304175
 20.14562624 23.46322068 21.1334493  23.53777336 21.70501988 21.82927435
 20.97813121 23.52534791 23.22092445 23.22092445 23.99751491 22.26416501
 20.73583499 20.41277336 21.07132207 20.43141153 21.58076541 20.57430417
 21.92867793 21.07753479 23.43836978 22.50646123 23.48807157 23.96645129
 23.38866799 24.64363817 20.40656064 20.3444334  20.24502982 20.39413519
 21.92246521 19.35661034 20.79796223 21.89761431 21.29498012 22.8667992
 24.07206759 22.92892644 25.72465209 23.21471173 20.98434394 18.59244533
 21.55591451 21.12102386 22.89786282 20.94706759 20.25124254 22.6804175
 21.47514911 21.49378728 23.30790258 22.33250497 23.15879722 23.93538767
 23.90432406 21.64289264]",43736.46559523348
2025-06-15 20:59:00+00:00,1259,4123.53,9.0,21.995353624182577,21.809176192842937,26.8367296222664,"[19.59890656 20.97191849 19.05218688 20.20154076 21.91003976 22.28280318
 23.15258449 21.35089463 21.46893638 23.0221173  22.38841948 23.79249503
 23.8359841  19.4249503  19.49950298 20.31336978 21.59319085 20.94706759
 20.98434394 21.56833996 22.06535785 21.25770378 24.24602386 23.71794235
 22.79224652 23.09045726 25.13444334 18.27559642 19.62997018 21.77335984
 21.52485089 22.33871769 22.27037773 20.69855865 21.12102386 21.99701789
 22.6555666  24.80516899 24.77410537 23.04075547 24.29572565 19.70452286
 18.69806163 19.89090457 21.43787276 21.33225646 21.22042744 22.64314115
 21.82306163 23.29547714 22.06535785 22.72390656 22.47539761 22.25173956
 24.46346918 24.51317097 18.20725646 19.07082505 21.27012922 22.82331014
 19.99030815 20.32579523 20.75447316 21.00298211 22.59343936 22.10263419
 21.32604374 22.14612326 24.39512922 25.11580517 18.13270378 19.38146123
 20.54324056 21.07753479 19.85362823 20.11456262 19.59890656 20.25745527
 21.38817097 21.74850895 22.2082505  24.20253479 22.95999006 23.92917495
 19.94060636 20.11456262 20.67992048 18.2693837  21.06510934 21.72987078
 23.74900596 21.89761431 22.71148111 22.3138668  23.51913519 22.82331014
 22.99105368 22.66799205 25.3332505  20.8166004  19.80392644 21.61182903
 20.85387674 21.67395626 22.07157058 22.92271372 22.32629225 21.31361829
 24.42619284 22.03429423 22.53752485 24.0472167  26.83672962 19.95303181
 19.33175944 23.14015905 20.555666   20.72340954 23.22713718 22.51267396
 22.17718688 21.87276342 23.79870775 22.08399602 23.43215706 23.25198807
 24.12798211 19.69209742 20.4749006  20.87872763 20.30094433 20.89736581
 21.84791252 23.02833002 21.89140159 19.37524851 20.82902584 22.59343936
 25.12823062 22.69905567 24.06585487 19.91575547 20.62400596 22.09642147
 22.57480119 21.29498012 20.90979125 22.59343936 22.80467197 21.72987078
 21.71744533 22.66799205 23.52534791 23.35760437 23.26441352 24.10313121
 20.1083499  19.7666501  19.70452286 20.46247515 20.36928429 21.08996024
 21.15208748 20.76689861 22.12748509 22.61207753 23.26441352 23.17122266
 23.66824056 23.07803181 19.31312127 18.21346918 19.80392644 19.7666501
 20.85387674 20.69234592 19.91575547 22.7611829  22.16476143 24.05964215
 21.3943837  22.95999006 24.46346918 24.5193837  19.319334   20.54324056
 21.09617296 19.81013917 20.5805169  22.10884692 22.00944334 22.17718688
 20.8166004  23.76143141 21.972167   22.90407555 21.72365805 22.86058648
 23.82355865 20.02758449]",43477.25508506522
2025-06-15 21:00:00+00:00,1260,4131.48,9.0,22.01717818091451,21.833871769383695,26.159542743538765,"[20.67992048 19.47465209 21.30119284 21.027833   20.12077535 22.63071571
 22.17097416 23.74900596 23.51292247 22.17718688 21.55591451 21.81063618
 22.9972664  19.57405567 20.18911531 20.86008946 19.76043738 20.63643141
 22.35735586 21.33225646 20.1332008  21.59940358 22.7860338  20.59915507
 24.41998012 23.71172962 22.04050696 19.18265408 20.90979125 20.1332008
 20.28230616 22.27659046 21.05889662 20.44383698 21.98459245 22.62450298
 25.01018887 23.56262425 23.7055169  23.45079523 22.10884692 21.38817097
 18.67321074 19.07703777 21.38817097 21.21421471 21.74850895 23.04696819
 22.58722664 22.35114314 22.81709742 23.40730616 24.19632207 23.41973161
 23.61232604 24.84865805 20.77311133 21.81063618 18.90308151 21.28255467
 21.01540755 20.78553678 22.18961233 22.59965209 20.49975149 21.87897614
 22.56237575 24.00994036 23.52534791 23.55019881 21.82306163 19.69831014
 21.1334493  21.54970179 21.30119284 20.37549702 22.32007952 19.41252485
 21.10238569 23.63717694 22.37599404 23.03454274 24.27087475 23.66202783
 20.67992048 19.03354871 21.25149105 22.25173956 20.09592445 21.33225646
 21.92246521 22.45675944 23.66202783 21.6056163  21.45651093 22.69284294
 22.64314115 25.25869781 24.69955268 19.98409543 18.85959245 20.02758449
 20.87251491 21.25149105 22.30765408 23.1277336  21.69880716 21.75472167
 22.03429423 22.55616302 24.07828032 22.93513917 22.85437376 19.0583996
 19.80392644 20.6861332  19.28205765 21.14587475 20.58672962 21.44408549
 20.38792247 21.03404573 21.96595427 20.96570577 23.47564612 23.96645129
 23.45079523 19.70452286 20.30715706 21.5        21.11481113 21.77335984
 20.42519881 22.3138668  21.96595427 23.23956262 23.43215706 22.85437376
 21.91003976 22.66177932 22.66177932 18.31908549 20.61158052 19.5554175
 19.66724652 21.63667992 21.6304672  20.08971173 22.15233598 22.9972664
 24.64985089 22.96620278 21.99701789 23.69930417 24.04100398 26.15954274
 18.53031809 20.63021869 20.59294235 21.40680915 20.555666   20.35064612
 21.58697813 20.90357853 22.18961233 20.97813121 22.27659046 24.40134195
 23.86704771 24.2833002  19.32554672 21.00298211 21.61804175 21.76093439
 20.10213718 22.04050696 20.38792247 21.30740557 23.29547714 23.2333499
 22.63071571 22.11505964 25.25248509 24.30193837 19.34418489 19.68588469
 19.4249503  20.96570577 20.09592445 22.13369781 21.17693837 23.74900596
 21.91003976 22.5250994  22.57480119 25.37673956 24.27087475 23.97887674
 24.59393638 20.56187873]",43550.27132206758
2025-06-15 21:01:00+00:00,1261,4122.83,9.0,21.990015411602712,21.80700173956262,25.830268389662027,"[22.09642147 20.95949304 21.38195825 20.66128231 21.87897614 21.02162028
 21.75472167 23.65581511 23.45700795 21.44408549 22.6555666  23.26441352
 22.09642147 20.07728628 19.49329026 20.8166004  20.91600398 20.17668986
 22.05293241 19.88469185 23.0221173  21.85412525 23.32032803 22.77982107
 23.89189861 24.51317097 23.00347913 18.64835984 20.1332008  21.53727634
 20.63643141 20.25124254 20.64885686 21.28255467 21.90382704 23.28926441
 21.31983101 21.44408549 22.38841948 24.94184891 25.83026839 19.26963221
 19.95303181 21.05889662 20.46868787 21.8665507  19.7417992  21.88518887
 21.33225646 22.53752485 23.88568588 21.30119284 23.5750497  23.17743539
 23.88568588 24.20253479 20.30094433 19.85362823 20.82281312 21.59940358
 23.56883698 21.8416998  23.50049702 21.1583002  22.92892644 22.27659046
 22.02186879 22.2082505  24.10313121 22.92271372 17.30641153 20.17047714
 21.8665507  21.97837972 20.95328032 22.73011928 20.81038767 22.5250994
 24.64985089 22.38220676 22.57480119 24.1776839  22.61207753 24.52559642
 19.04597416 21.0526839  19.67345924 20.12698807 21.78578529 20.97191849
 21.59940358 22.43812127 21.81063618 22.35735586 23.35139165 23.3389662
 24.3889165  23.41973161 24.3889165  20.26988072 19.49950298 20.24502982
 20.38170974 21.19557654 20.82281312 19.81635189 23.66202783 22.03429423
 21.37574553 22.55616302 22.13369781 23.22713718 24.17147117 20.36928429
 18.74776342 20.24502982 20.59915507 21.59940358 22.0777833  21.42544732
 23.41973161 22.8916501  21.23906561 24.89214712 23.14015905 23.8359841
 23.93538767 19.36903579 20.01515905 20.23260437 22.08399602 20.79796223
 21.972167   20.40656064 20.0027336  22.63692843 23.16500994 22.91028827
 23.99751491 23.66202783 24.32678926 17.97738569 19.03354871 20.36928429
 21.44408549 20.70477137 20.6861332  22.95999006 23.24577535 21.78578529
 22.91650099 22.444334   22.82331014 24.32678926 22.10884692 24.37649105
 19.30069583 19.7417992  21.83548708 20.25745527 21.22664016 21.3695328
 21.7360835  22.33871769 22.33871769 22.9972664  22.57480119 22.6804175
 21.70501988 22.36978131 19.37524851 20.51217694 19.69209742 20.92842942
 20.95949304 21.7112326  21.91003976 21.97837972 22.77982107 22.6804175
 22.37599404 24.40755467 22.71769384 23.68687873 19.41873757 18.94035785
 20.27609344 21.13966203 20.63021869 20.26366799 21.027833   21.04025845
 21.2887674  22.43190855 20.41898608 22.23310139 22.53131213 24.53802187
 23.20849901 18.5862326 ]",43459.39556105804
2025-06-15 21:02:00+00:00,1262,4098.46,9.0,21.91646226588791,21.73129970178927,26.749751491053676,"[19.7417992  21.2639165  20.94706759 21.027833   21.95352883 22.58101392
 22.69284294 22.88543738 22.97862823 22.58722664 22.50646123 24.97291252
 23.9416004  18.21968191 19.72316103 21.38817097 19.56784294 22.51888668
 21.0526839  22.35735586 22.66177932 22.70526839 21.51863817 23.61232604
 22.74254473 21.49378728 22.20203777 18.78503976 20.15183897 20.75447316
 20.61779324 21.40059642 19.96545726 21.17693837 22.6555666  23.07181909
 22.92271372 24.625      23.20849901 21.04025845 23.18986083 20.30094433
 20.36307157 18.77882704 22.41327038 20.08971173 20.4500497  21.22042744
 20.76068588 21.59940358 21.25149105 24.21496024 22.02808151 22.58722664
 24.61257455 23.68687873 20.64264414 21.8416998  19.44358847 21.41302187
 20.69234592 22.77360835 21.14587475 22.07157058 20.38792247 25.01018887
 22.36356859 23.55019881 22.10263419 23.80492048 20.4500497  22.2082505
 21.32604374 20.44383698 20.30094433 21.8665507  23.63717694 21.99080517
 21.49378728 20.77311133 22.8667992  22.8916501  22.9972664  23.92917495
 17.97738569 19.28827038 20.89736581 21.14587475 19.92818091 19.58026839
 23.35760437 22.72390656 23.48807157 22.33871769 23.45700795 23.99751491
 23.5999006  24.95427435 24.18389662 18.82852883 19.48707753 21.29498012
 22.09642147 20.00894632 20.90357853 22.70526839 23.04075547 22.62450298
 21.23285288 22.38220676 23.15258449 23.92917495 23.11530815 18.76018887
 19.85984095 20.48111332 20.04000994 20.44383698 21.82306163 20.90357853
 19.81013917 20.65506958 23.42594433 23.01590457 23.58747515 23.17743539
 24.70576541 19.46222664 20.77932406 20.71719682 20.43762425 21.52485089
 21.76714712 21.91625249 21.47514911 22.35114314 21.21421471 23.12152087
 23.32654076 22.30144135 24.41998012 19.43737575 18.96520875 18.33772366
 18.95899602 20.59915507 19.36903579 22.24552684 23.65581511 21.027833
 21.29498012 22.92271372 23.58747515 23.73658052 21.89761431 26.74975149
 18.60487078 19.79771372 19.48707753 20.62400596 20.555666   20.48732604
 22.05293241 20.85387674 22.40705765 24.24602386 22.22688867 22.96620278
 21.35089463 24.81759443 20.32579523 19.01491054 19.9778827  20.05864811
 20.07107356 19.25720676 20.51217694 22.36978131 23.76764414 21.51863817
 22.71769384 23.47564612 22.02808151 22.81088469 19.14537773 20.15183897
 20.03379722 21.19557654 20.25124254 21.6056163  21.20800199 21.59319085
 21.9473161  23.74279324 23.53156064 21.79199801 23.35139165 24.43240557
 26.51366799 19.18265408]",43213.3161567546
2025-06-15 21:03:00+00:00,1263,4078.7400000000002,9.0,21.856631535855577,21.670042246520875,25.28354870775348,"[20.24502982 20.84766402 21.74850895 18.92171968 21.20178926 21.57455268
 22.62450298 22.56858847 23.78628231 22.55616302 23.96645129 22.8916501
 22.3138668  19.18265408 18.79125249 21.07132207 20.87251491 20.38792247
 22.69905567 21.91003976 21.37574553 23.41351889 21.2887674  21.85412525
 24.35785288 22.97241551 25.28354871 18.62350895 20.58672962 20.79796223
 20.15183897 20.1083499  21.54970179 22.35735586 22.50646123 21.68638171
 22.53752485 21.2639165  23.07181909 22.19582505 24.36406561 20.03379722
 20.06486083 19.59269384 20.90357853 19.11431412 21.1583002  22.00944334
 20.93464215 21.63667992 23.18986083 21.96595427 20.62400596 23.78006958
 23.98508946 23.15258449 18.70427435 20.25124254 20.13941352 19.4000994
 22.19582505 20.01515905 22.05293241 24.02236581 21.18315109 23.21471173
 23.76143141 22.71148111 24.64363817 23.73036779 19.41252485 19.95303181
 20.48111332 19.44358847 20.17047714 20.26988072 21.44408549 22.93513917
 21.89761431 22.8667992  23.39488072 23.76764414 21.85412525 24.02236581
 19.34418489 21.0526839  19.22614314 21.03404573 21.31361829 21.64910537
 22.71148111 22.82331014 21.22664016 22.87922465 21.56212724 23.53777336
 22.05914513 23.98508946 24.07828032 18.94035785 18.45576541 21.51863817
 19.5305666  20.51217694 20.82281312 18.62972167 21.94110338 24.40755467
 22.2082505  21.88518887 23.43215706 24.39512922 24.14040755 20.07107356
 20.64885686 19.18265408 22.1833996  19.80392644 21.05889662 21.64289264
 23.08424453 23.10909543 22.17718688 23.03454274 23.61853877 24.48832008
 24.22117296 19.11431412 18.82852883 21.18315109 20.72962227 20.86630219
 22.05914513 22.94135189 19.48086481 23.19607356 23.29547714 22.12748509
 22.24552684 23.27062624 24.21496024 19.02733598 20.80417495 21.77957256
 20.12077535 20.7109841  20.50596421 20.17668986 21.20178926 20.49353877
 23.43836978 23.3389662  22.91650099 22.15854871 24.05964215 24.58151093
 19.61133201 19.15159046 20.66128231 19.95924453 22.99105368 22.05293241
 20.12077535 21.53106362 21.6304672  22.87301193 24.74304175 24.46968191
 22.89786282 22.61207753 19.83499006 19.25720676 19.40631213 19.5305666
 18.9527833  19.67345924 21.25770378 22.93513917 22.74875746 21.38817097
 21.12102386 23.74279324 23.71794235 21.72365805 18.69806163 20.94085487
 20.42519881 20.56809145 21.37574553 20.7917495  21.95974155 22.36356859
 23.10909543 22.56858847 22.77982107 21.85412525 23.40730616 22.82952286
 22.72390656 17.9276839 ]",43013.14646635842
2025-06-15 21:04:00+00:00,1264,4058.83,9.0,21.79624020096574,21.608194582504964,25.43886679920477,"[19.13916501 18.28802187 20.15183897 20.64885686 22.22688867 21.45029821
 22.33871769 21.07132207 21.13966203 24.0472167  22.2082505  22.48782306
 22.91028827 19.03354871 18.35636183 19.69831014 19.83499006 21.1334493
 21.34468191 20.78553678 21.87897614 20.69234592 22.29522863 20.7917495
 21.7112326  24.86729622 24.23981113 19.39388668 20.06486083 19.2944831
 20.86008946 21.01540755 22.74875746 21.95352883 21.45029821 22.63071571
 22.30144135 23.1028827  21.30119284 22.22688867 23.02833002 19.8971173
 19.25720676 20.36307157 21.08996024 19.60511928 21.50621272 21.20800199
 20.6861332  21.7360835  22.97241551 22.14612326 22.70526839 24.88593439
 24.44483101 23.43215706 21.07132207 20.86630219 20.31336978 20.41277336
 20.05243539 21.78578529 20.72340954 22.51888668 21.89761431 23.30168986
 23.5750497  23.99751491 24.27087475 23.68687873 22.02186879 19.17644135
 21.25770378 19.69831014 20.15805169 20.08971173 22.8667992  22.50024851
 21.40680915 21.30740557 24.30815109 23.9416004  24.70576541 23.12152087
 19.44980119 20.56187873 20.54945328 21.82927435 21.21421471 21.21421471
 20.5805169  22.76739563 21.68638171 21.77335984 22.82331014 21.98459245
 24.27708748 23.54398608 24.01615308 19.03976143 21.48136183 19.84741551
 21.10238569 20.17047714 21.64910537 22.05293241 20.95328032 22.93513917
 22.21446322 23.01590457 22.67420477 22.84816103 23.09666998 19.56784294
 19.23235586 19.59269384 19.84120278 20.3195825  22.59965209 21.01540755
 21.54970179 22.04671968 22.79845924 20.52460239 24.56908549 23.56883698
 21.83548708 18.56138171 20.05864811 20.73583499 19.78528827 21.54970179
 19.67967197 21.59319085 21.00919483 20.61158052 21.72987078 22.04671968
 22.59343936 25.4388668  23.00347913 20.26988072 18.93414513 21.36332008
 20.64264414 19.86605368 21.72987078 21.81063618 20.45626243 21.87276342
 21.93489066 21.9473161  22.00944334 23.4694334  22.62450298 24.23981113
 19.39388668 21.3695328  21.69259443 22.4194831  20.02137177 21.68016899
 21.82306163 20.83523857 21.52485089 22.32629225 21.92867793 22.09642147
 25.33946322 24.12176938 19.44358847 19.71694831 20.49353877 21.16451292
 20.93464215 19.82256461 19.48086481 20.11456262 22.84194831 23.48807157
 22.21446322 22.6555666  24.27708748 24.51317097 18.85959245 19.56784294
 18.45576541 20.11456262 21.17072565 21.71744533 21.00298211 22.79224652
 20.86630219 22.17097416 22.14612326 23.08424453 24.38270378 22.99105368
 24.5193837  20.96570577]",42811.10121635098
2025-06-15 21:05:00+00:00,1265,4052.7999999999993,9.0,21.776809477754185,21.589463220675942,25.24627236580517,"[20.69234592 20.58672962 20.49975149 21.31361829 20.74204771 20.14562624
 20.87251491 22.15854871 22.81709742 24.40134195 22.50646123 23.51292247
 23.42594433 19.02112326 19.0832505  19.11431412 21.67395626 19.67345924
 21.11481113 22.35735586 20.17047714 20.28851889 21.32604374 22.75497018
 21.64289264 23.07803181 23.30168986 19.56784294 21.3943837  20.02137177
 20.67370775 19.38146123 20.53702783 22.00944334 25.24627237 23.66824056
 20.94706759 22.89786282 22.98484095 24.09070577 24.2833002  19.86605368
 19.4000994  19.32554672 21.92867793 21.24527833 20.16426441 21.7112326
 20.95328032 22.63071571 22.06535785 23.60611332 24.4137674  22.96620278
 23.97266402 24.48210736 20.59915507 19.85984095 18.43712724 19.19507952
 20.49975149 20.82281312 21.56212724 22.12748509 21.41923459 23.28926441
 22.72390656 24.60014911 22.90407555 23.74900596 19.50571571 20.31336978
 18.97763419 19.21993042 20.73583499 19.99652087 21.45029821 21.78578529
 22.64935388 22.93513917 23.8111332  22.46918489 24.41998012 21.07753479
 19.90333002 19.36903579 21.56833996 19.50571571 20.61158052 21.05889662
 20.04000994 22.35735586 21.40680915 23.96023857 22.36356859 21.76093439
 21.96595427 23.51292247 23.04075547 18.15134195 20.25745527 20.9222167
 22.01565606 20.81038767 19.50571571 20.12077535 22.39463221 22.2082505
 21.86033797 23.79870775 24.11555666 24.11555666 25.21520875 18.67942346
 18.59865805 18.70427435 20.20154076 21.86033797 20.51217694 22.08399602
 21.19557654 21.38817097 20.63021869 21.59940358 23.4445825  23.97887674
 22.45054672 19.50571571 19.27584493 20.51838966 19.92818091 20.00894632
 21.08374751 20.42519881 22.46918489 22.35735586 21.31361829 22.85437376
 24.50695825 24.06585487 23.11530815 18.51167992 19.48707753 20.32579523
 19.87847913 20.60536779 21.67395626 21.06510934 20.77932406 21.52485089
 23.05318091 24.30815109 23.14637177 23.37002982 21.87897614 24.56287276
 20.12077535 20.18290258 21.31361829 18.30666004 22.48782306 22.8916501
 20.02137177 22.62450298 21.78578529 20.86008946 23.22713718 22.12127237
 24.61257455 23.58747515 20.30094433 19.03354871 19.5305666  19.78528827
 21.1583002  20.61158052 21.01540755 22.14612326 23.66824056 22.86058648
 22.66799205 22.7860338  22.97862823 22.59343936 18.38121272 21.78578529
 21.93489066 18.18240557 22.05293241 21.27012922 21.57455268 21.47514911
 21.77957256 21.61182903 22.0777833  21.32604374 24.46968191 24.40755467
 24.54423459 21.04647117]",42746.09378877441
2025-06-15 21:06:00+00:00,1266,4055.5299999999997,9.0,21.78323005343027,21.597943588469178,25.09716699801193,"[19.67345924 20.3444334  19.74801193 22.06535785 23.34517893 23.18364811
 22.08399602 23.79870775 22.90407555 21.76093439 23.38866799 22.56858847
 23.8111332  20.54945328 18.94035785 18.67321074 19.95303181 22.444334
 21.3943837  21.77957256 21.08996024 23.1277336  22.22067594 23.89811133
 22.91650099 24.46968191 25.097167   20.12698807 19.8971173  17.79100398
 22.05914513 20.76068588 21.10859841 21.68638171 22.18961233 24.21496024
 24.37649105 22.25173956 24.98533797 21.55591451 23.37624254 18.26317097
 21.78578529 19.62997018 20.90357853 20.10213718 22.26416501 21.1334493
 21.61804175 20.94085487 22.53752485 21.97837972 22.87301193 23.32032803
 24.33300199 23.40109344 20.01515905 20.62400596 20.02137177 20.41277336
 21.06510934 21.44408549 21.7360835  22.27037773 23.22713718 22.23931412
 23.97266402 23.30168986 22.68663022 22.87301193 18.10164016 20.4500497
 20.1083499  19.95924453 20.2388171  20.63021869 21.01540755 22.66177932
 21.25149105 21.94110338 21.89140159 23.85462227 23.06560636 23.77385686
 18.92793241 19.10188867 20.50596421 19.67967197 20.23260437 20.8166004
 22.26416501 20.97813121 20.63643141 22.39463221 21.94110338 24.03479125
 24.12176938 22.89786282 24.71819085 18.91550696 18.49304175 19.15780318
 20.26988072 19.12052684 22.12127237 21.95974155 20.98434394 21.40680915
 21.54970179 23.14015905 24.27087475 22.63071571 22.81709742 20.58672962
 19.87847913 20.63643141 20.50596421 19.68588469 20.35064612 20.94706759
 22.58722664 22.99105368 22.08399602 23.5999006  24.09070577 24.14040755
 22.22067594 17.46794235 20.30715706 19.14537773 19.9778827  20.46247515
 19.92196819 19.37524851 21.54970179 22.72390656 23.35139165 22.73011928
 22.8667992  23.3638171  24.67470179 19.02112326 20.73583499 20.04000994
 19.21371769 20.46247515 19.67967197 20.03379722 22.28280318 21.41302187
 23.20228628 22.09642147 22.00323062 23.74279324 23.82977137 22.28280318
 19.15159046 18.90308151 21.24527833 19.79771372 21.61804175 22.39463221
 19.30690855 22.47539761 20.36928429 21.66774354 23.99751491 24.22738569
 21.06510934 23.51913519 18.40606362 18.5862326  21.77335984 20.13941352
 21.23285288 21.2887674  20.40034791 21.41923459 21.88518887 22.73011928
 22.92271372 23.87947316 21.3943837  22.27659046 18.73533797 19.53677932
 18.76018887 20.44383698 20.69234592 22.10884692 22.8916501  21.81063618
 22.77360835 21.22664016 23.04696819 22.21446322 24.65606362 24.37027833
 24.64985089 19.71694831]",42767.57446675631
2025-06-15 21:07:00+00:00,1267,4091.4700000000003,9.0,21.88765497852047,21.70958623260437,25.631461232604373,"[21.33846918 19.0583996  19.1640159  21.17693837 22.05914513 21.47514911
 20.84766402 22.21446322 23.04075547 21.65531809 22.83573559 25.06610338
 23.48807157 19.30069583 18.95899602 19.50571571 21.08996024 20.96570577
 20.94085487 22.09020875 21.38195825 20.86008946 22.50024851 22.61207753
 22.24552684 22.89786282 25.63146123 19.46843936 18.62350895 20.75447316
 20.66749503 21.21421471 20.94085487 20.52460239 21.74850895 22.85437376
 24.33921471 22.04671968 22.05914513 22.94135189 24.14662028 19.17022863
 18.89686879 19.90954274 19.00248509 20.83523857 22.48161034 22.8667992
 22.23310139 23.34517893 23.4694334  23.48807157 22.04050696 21.99080517
 23.19607356 24.40134195 20.07107356 20.43762425 21.91625249 18.33151093
 21.06510934 23.01590457 21.68638171 21.85412525 22.03429423 21.35089463
 21.35089463 23.18364811 23.34517893 23.5999006  19.82256461 19.15780318
 21.74850895 21.29498012 21.42544732 21.21421471 20.45626243 20.6861332
 21.8416998  22.42569583 21.07132207 23.48185885 23.41351889 23.64960239
 18.34393638 21.03404573 21.95352883 19.90333002 19.83499006 21.40680915
 22.61207753 21.47514911 20.17047714 23.5999006  20.2139662  23.32654076
 24.22738569 22.56858847 23.50049702 18.82852883 19.64239563 21.04025845
 20.56809145 19.40631213 20.86630219 21.95974155 21.25149105 22.88543738
 21.66774354 23.27062624 24.48832008 24.06585487 24.13419483 20.05864811
 21.13966203 19.46843936 21.58076541 21.80442346 20.6861332  23.09045726
 21.64289264 22.79845924 22.55616302 21.91625249 24.34542744 22.94135189
 24.43240557 18.21968191 18.49925447 20.14562624 19.91575547 21.35089463
 21.68016899 22.79224652 20.69855865 21.86033797 23.1028827  23.25198807
 22.64935388 22.3138668  23.71794235 20.7917495  20.18290258 21.54348907
 20.31336978 21.57455268 20.67992048 24.52559642 22.95377734 21.32604374
 23.86083499 23.52534791 24.18389662 24.42619284 23.61232604 22.95999006
 20.23260437 19.54299205 20.22639165 20.42519881 20.15805169 19.12052684
 22.22688867 21.5        22.11505964 23.59368787 23.04696819 24.20874751
 23.4694334  22.8916501  18.6110835  21.1583002  20.61158052 21.64289264
 21.22664016 21.07132207 20.30094433 20.62400596 23.41973161 23.67445328
 22.66799205 23.09666998 22.55616302 22.87301193 20.26988072 19.65482107
 19.61754473 20.91600398 21.69259443 22.30144135 19.39388668 21.27012922
 22.23310139 21.95352883 22.61207753 23.79249503 21.87276342 23.89189861
 22.42569583 19.36903579]",43116.938496138086
2025-06-15 21:08:00+00:00,1268,4032.4700000000003,9.0,21.711908029193815,21.52631088469185,25.563121272365805,"[20.53702783 20.82902584 21.85412525 21.3943837  20.08971173 21.64289264
 23.27683897 20.05243539 22.10263419 23.71794235 22.94135189 23.49428429
 22.64314115 19.94681909 20.24502982 17.86555666 20.52460239 21.36332008
 21.70501988 20.99055666 21.16451292 22.82952286 23.87326044 21.58697813
 21.42544732 21.97837972 23.10909543 18.88444334 20.58672962 19.76043738
 20.08971173 19.69209742 20.95949304 21.31983101 21.70501988 21.972167
 21.47514911 21.27012922 22.73011928 22.88543738 22.33250497 18.95899602
 20.38792247 18.11406561 21.06510934 20.98434394 22.43190855 20.15183897
 22.24552684 20.78553678 22.04671968 20.38170974 22.83573559 22.7860338
 24.12798211 23.07803181 19.61754473 19.50571571 20.59915507 20.90357853
 21.31983101 20.77932406 21.9473161  21.72987078 22.94756461 21.45651093
 21.79199801 21.55591451 24.09070577 23.53777336 19.13916501 18.23210736
 19.81635189 19.00869781 21.64289264 19.6361829  23.18364811 21.09617296
 21.64910537 23.4445825  22.98484095 22.09642147 21.96595427 24.70576541
 20.46868787 20.18290258 21.34468191 20.0027336  18.53653082 21.36332008
 21.85412525 23.56883698 21.69880716 21.95974155 21.64910537 22.41327038
 22.82331014 22.56237575 23.49428429 18.21346918 19.98409543 20.49353877
 21.71744533 20.5805169  21.08996024 22.6804175  21.31361829 24.19632207
 21.23285288 21.36332008 24.10934394 23.74279324 23.27683897 19.36903579
 20.48732604 19.53677932 19.5554175  20.59294235 21.51242545 20.62400596
 22.35114314 22.94135189 21.43166004 24.27708748 22.04671968 25.56312127
 23.13394632 20.74204771 19.02112326 19.92818091 21.45651093 22.0777833
 20.90357853 21.00919483 21.3943837  21.27634195 23.64960239 23.0221173
 22.24552684 23.03454274 24.53180915 19.32554672 19.68588469 19.03354871
 19.99030815 20.66128231 21.21421471 23.28926441 21.74229622 22.25173956
 23.10909543 22.12127237 22.20203777 21.2639165  21.48757455 24.26466203
 18.10164016 20.11456262 18.93414513 20.17668986 20.88494036 23.07181909
 21.25770378 22.46297217 23.03454274 22.77982107 23.59368787 24.58772366
 22.50024851 24.45725646 18.97142147 20.28851889 20.6861332  19.18265408
 20.70477137 20.66128231 21.87276342 21.12723658 23.04696819 23.3389662
 22.77360835 22.13369781 23.3638171  22.43190855 18.92793241 17.25670974
 21.53106362 21.20178926 18.98384692 21.41302187 21.35089463 20.76689861
 22.2890159  22.50646123 22.55616302 22.25173956 22.81709742 22.45675944
 25.53827038 19.98409543]",42528.95950247083
2025-06-15 21:09:00+00:00,1269,4042.6000000000004,9.0,21.74016698260923,21.557778330019882,25.382952286282304,"[21.24527833 19.4000994  20.2388171  19.77286282 21.46893638 20.36928429
 20.63643141 22.88543738 23.56883698 23.00347913 22.55616302 23.3389662
 22.97862823 20.46247515 19.27584493 20.33200795 20.73583499 21.5
 20.5805169  21.13966203 21.76093439 23.08424453 21.89140159 22.30765408
 23.94781312 21.12723658 24.55044732 20.77932406 18.20725646 19.93439364
 21.76093439 21.20800199 20.37549702 21.64910537 21.75472167 21.66774354
 22.19582505 22.86058648 22.43190855 22.92271372 22.56237575 19.47465209
 21.10859841 18.76640159 19.18265408 20.66128231 20.66749503 22.29522863
 21.90382704 22.9972664  21.99701789 23.76143141 24.84244533 22.8667992
 23.7055169  23.5999006  21.56833996 22.5499503  19.82256461 21.40680915
 20.41898608 21.03404573 22.90407555 20.7109841  21.0526839  23.15258449
 24.47589463 22.5250994  23.24577535 24.37027833 18.31908549 18.42470179
 19.79771372 20.90979125 18.9527833  21.18315109 20.95328032 22.04671968
 22.1833996  23.58126243 22.14612326 20.72962227 24.52559642 24.35785288
 17.74751491 21.83548708 20.38792247 21.20178926 21.47514911 20.50596421
 21.7112326  20.1083499  21.94110338 22.03429423 20.69855865 21.8416998
 22.51888668 22.50024851 23.69309145 18.98384692 19.98409543 22.00944334
 21.93489066 20.94706759 20.44383698 20.59294235 22.02808151 23.67445328
 23.13394632 22.74875746 22.6804175  22.82331014 21.5        19.21371769
 20.33200795 18.62350895 20.08349901 21.01540755 20.14562624 21.3695328
 20.70477137 20.70477137 23.22713718 23.1028827  22.74875746 21.027833
 24.55044732 20.83523857 18.69184891 21.59319085 20.77311133 20.69234592
 22.4194831  22.09642147 21.91003976 22.13991054 22.64935388 21.17693837
 22.5499503  23.680666   23.45700795 20.26988072 18.63593439 20.49975149
 19.73558648 18.97763419 19.48707753 20.61779324 21.76714712 21.05889662
 23.78628231 22.22067594 22.18961233 24.05964215 23.61853877 25.38295229
 18.33772366 20.4749006  20.40656064 20.35064612 19.20750497 23.17122266
 20.49975149 23.06560636 21.04025845 23.75521869 23.90432406 22.77360835
 23.74279324 23.30168986 17.90904573 19.27584493 19.81013917 21.08374751
 21.04647117 18.8223161  20.93464215 19.53677932 22.75497018 21.88518887
 22.87922465 21.61182903 23.14015905 23.00969185 21.75472167 19.57405567
 18.847167   21.90382704 20.02758449 22.5250994  22.02186879 21.29498012
 23.78628231 21.77957256 22.82331014 22.59343936 21.5        22.09642147
 25.30218688 18.83474155]",42623.50265701745
2025-06-15 21:10:00+00:00,1270,4089.1299999999997,9.0,21.875844208366228,21.70231734592445,25.718439363817097,"[20.67992048 19.56163022 20.08349901 21.23285288 21.027833   22.62450298
 20.56809145 22.6804175  23.27683897 23.22092445 23.46322068 22.39463221
 24.06585487 20.05243539 19.90954274 20.67370775 21.64910537 19.07082505
 21.41923459 20.95328032 21.59319085 23.69309145 21.67395626 23.2333499
 22.37599404 22.53752485 23.63096421 19.25099404 19.71073559 21.28255467
 21.89761431 20.53081511 21.35710736 21.58076541 22.92271372 23.08424453
 21.11481113 22.81709742 22.87922465 23.28305169 25.71843936 21.04647117
 20.61158052 19.07703777 18.56138171 20.25124254 24.10313121 21.45029821
 21.79821074 23.06560636 21.95974155 21.68638171 21.77957256 22.95377734
 23.05318091 22.64935388 18.59244533 20.43141153 20.72962227 20.62400596
 19.75422465 20.86630219 20.97813121 22.2082505  21.10238569 21.64910537
 24.04100398 22.9972664  22.62450298 24.36406561 19.1640159  19.56784294
 20.40656064 21.17693837 22.10884692 19.88469185 21.68638171 21.09617296
 21.55591451 21.46893638 22.82331014 21.79821074 23.45700795 24.73682903
 19.46222664 20.75447316 18.33772366 21.7112326  21.48757455 22.84194831
 21.16451292 22.2082505  23.81734592 22.48161034 21.9473161  23.71172962
 24.36406561 24.45104374 24.01615308 19.59890656 19.99652087 21.37574553
 21.77957256 20.2388171  19.7417992  22.56237575 19.51192843 22.38841948
 22.3138668  22.36978131 24.26466203 22.10263419 24.30815109 19.61754473
 20.20775348 20.86630219 18.54895626 22.05914513 19.48086481 21.83548708
 21.78578529 23.00969185 21.22664016 22.77360835 24.98533797 24.15904573
 22.7860338  18.56759443 19.64860835 20.77311133 20.33822068 21.27012922
 19.32554672 21.08374751 22.64935388 21.25770378 20.94706759 24.10934394
 22.53131213 22.29522863 24.39512922 19.68588469 19.71694831 18.99005964
 20.78553678 21.41302187 21.07753479 20.10213718 21.91625249 20.77932406
 22.39463221 21.96595427 24.69955268 23.02833002 23.74900596 25.66873757
 19.7666501  21.85412525 21.24527833 20.76689861 20.2388171  21.61804175
 22.45054672 22.73633201 22.60586481 22.56237575 23.37002982 23.1028827
 23.29547714 24.22738569 19.70452286 19.64860835 19.11431412 19.11431412
 21.53106362 23.50670974 20.59294235 21.01540755 23.59368787 23.33275348
 23.0221173  21.64910537 23.2582008  22.94135189 18.75397614 20.94706759
 20.88494036 18.41848907 19.8971173  19.43737575 22.56858847 22.15233598
 23.15258449 21.77957256 22.82331014 22.64935388 21.87276342 23.22092445
 24.71197813 20.7917495 ]",43077.42438351006
2025-06-15 21:11:00+00:00,1271,4004.9300000000003,9.0,21.62573179772895,21.440761679920477,25.519632206759443,"[21.1334493  18.87201789 19.94681909 20.63021869 20.83523857 21.74850895
 22.16476143 22.53752485 22.5250994  21.17072565 22.77360835 21.59319085
 23.88568588 18.56138171 20.82281312 19.5554175  21.11481113 19.9778827
 19.69209742 22.73633201 21.33846918 21.38195825 21.7360835  23.35139165
 24.64363817 21.34468191 23.62475149 19.02112326 21.00298211 20.98434394
 20.12077535 21.32604374 20.61779324 19.82256461 22.2082505  21.70501988
 23.3638171  21.11481113 24.05342942 23.52534791 22.9972664  18.85959245
 19.32554672 19.31312127 20.07728628 20.72340954 23.09666998 21.25770378
 24.52559642 23.23956262 21.74229622 21.2639165  22.19582505 22.79845924
 23.89189861 23.63717694 19.09567594 19.20129225 20.94085487 20.61158052
 20.26988072 21.08996024 21.79199801 21.8665507  23.42594433 22.74875746
 20.30094433 24.30815109 22.5250994  23.96023857 20.19532803 18.99005964
 18.77261431 18.5862326  20.01515905 21.82927435 20.65506958 22.43190855
 20.44383698 20.43762425 20.73583499 22.2890159  23.05939364 25.51963221
 20.76689861 20.04622266 19.10188867 20.99676938 20.46247515 20.78553678
 22.24552684 21.58076541 20.77932406 21.27012922 23.09045726 22.7611829
 23.45079523 24.02857853 21.85412525 19.14537773 22.51888668 19.77286282
 19.9778827  22.28280318 21.92867793 21.10859841 23.40730616 23.2333499
 22.47539761 21.8665507  22.02186879 22.83573559 24.40755467 19.46222664
 20.4500497  20.74826044 18.90929423 19.86605368 19.91575547 20.83523857
 21.34468191 21.71744533 21.5        21.75472167 23.40730616 24.03479125
 22.29522863 19.86605368 20.48732604 18.90308151 19.80392644 20.14562624
 20.95328032 20.38170974 21.12102386 21.62425447 23.23956262 23.58126243
 21.78578529 23.48807157 23.38866799 19.02733598 19.81013917 19.30690855
 19.95924453 21.27012922 20.61158052 21.98459245 21.18936382 20.95328032
 22.56858847 21.66153082 22.48782306 23.18364811 22.71769384 21.74850895
 18.63593439 19.48086481 19.03354871 20.26988072 21.16451292 19.71073559
 21.35089463 23.38866799 20.22639165 21.31361829 21.29498012 24.25223658
 23.43215706 24.93563618 19.79150099 20.57430417 19.92818091 18.6110835
 20.02758449 21.34468191 21.74229622 22.45675944 21.78578529 22.67420477
 24.43861829 22.77982107 23.06560636 22.88543738 19.81013917 19.44358847
 18.03951292 19.13295229 19.4000994  22.19582505 20.60536779 20.77311133
 21.34468191 21.48757455 21.13966203 24.08449304 24.87350895 23.45700795
 24.13419483 20.33200795]",42240.648302481975
2025-06-15 21:12:00+00:00,1272,4011.8799999999997,9.0,21.644607366309494,21.462350894632205,25.5506958250497,"[21.77957256 20.84145129 20.49353877 21.46893638 21.20178926 20.41277336
 21.93489066 21.02162028 22.84816103 22.43190855 22.89786282 24.36406561
 24.27087475 19.56784294 19.43116302 19.36903579 21.06510934 20.54324056
 22.74875746 21.66774354 20.36928429 21.64910537 22.84816103 23.73036779
 22.2082505  22.40084493 24.79274354 20.02137177 18.82852883 19.46222664
 19.79150099 20.74204771 20.14562624 20.26366799 22.20203777 22.24552684
 22.85437376 21.97837972 23.50670974 23.09045726 22.34493042 18.22589463
 20.4500497  19.49329026 20.29473161 19.92196819 20.50596421 22.64935388
 21.19557654 22.94756461 20.67992048 23.46322068 20.81038767 23.4445825
 23.06560636 22.12127237 19.70452286 20.53081511 20.94085487 19.72316103
 21.61182903 21.82927435 22.45054672 22.77360835 21.97837972 21.56833996
 22.09642147 23.55019881 22.47539761 23.30168986 19.25720676 20.92842942
 18.77261431 19.04597416 20.97191849 20.4500497  21.25770378 22.6804175
 22.72390656 20.24502982 21.64289264 22.63692843 23.11530815 24.50074553
 20.00894632 20.13941352 19.4249503  19.54299205 19.87847913 21.01540755
 21.84791252 21.72987078 22.43190855 22.63071571 22.16476143 24.28951292
 22.87922465 21.41302187 25.55069583 19.26963221 18.69806163 20.73583499
 19.76043738 21.04647117 19.88469185 21.91625249 23.61232604 22.48161034
 21.62425447 23.29547714 21.45651093 22.71148111 22.444334   19.77907555
 19.25720676 19.70452286 20.61779324 19.33797217 22.06535785 23.4694334
 20.80417495 23.35760437 23.84219682 21.20178926 22.80467197 22.84194831
 22.04671968 19.69831014 19.84741551 19.40631213 20.12077535 20.35685885
 20.72962227 21.78578529 21.77957256 22.20203777 22.51267396 21.61182903
 23.51292247 22.36356859 21.94110338 19.67967197 19.50571571 20.0027336
 19.79150099 19.56163022 21.72987078 20.24502982 19.90333002 19.88469185
 22.57480119 20.15805169 22.32629225 23.41973161 23.46322068 23.40730616
 18.78503976 19.75422465 19.84120278 21.08374751 22.25173956 20.78553678
 21.64289264 21.82306163 21.37574553 23.79249503 23.04075547 24.40755467
 22.74254473 22.0777833  20.36928429 19.74801193 21.1334493  20.17668986
 20.25124254 21.47514911 21.51242545 21.18315109 22.47539761 22.69905567
 21.11481113 22.01565606 24.03479125 23.31411531 18.78503976 18.51789264
 19.57405567 19.88469185 21.37574553 21.23906561 20.1332008  21.3695328
 22.96620278 21.28255467 22.64935388 22.59965209 22.60586481 22.4194831
 25.05367793 20.69855865]",42303.79840472504
2025-06-15 21:13:00+00:00,1273,3953.0299999999997,9.0,21.46930463060807,21.279541500994036,26.122266401590455,"[20.04622266 22.30765408 20.65506958 21.23285288 20.94085487 21.72987078
 20.61158052 22.63692843 22.09642147 20.59294235 20.45626243 23.26441352
 23.46322068 20.3444334  20.51217694 20.4500497  19.26963221 20.92842942
 22.95377734 21.66153082 21.71744533 22.13991054 23.2582008  23.1028827
 22.26416501 22.13369781 26.1222664  18.6110835  19.07082505 19.00248509
 19.41252485 21.35710736 20.38170974 23.01590457 21.46893638 21.23906561
 21.53727634 22.69905567 21.37574553 23.79249503 23.92917495 18.72291252
 18.67321074 19.96545726 19.24478131 19.62997018 20.15805169 20.54945328
 21.35089463 19.92196819 20.90979125 22.30765408 21.58076541 21.51863817
 22.13369781 21.75472167 18.64214712 20.97813121 18.49925447 19.83499006
 19.74801193 20.7109841  20.79796223 21.80442346 21.83548708 21.61182903
 21.99701789 23.74279324 24.19632207 23.37002982 18.67321074 21.12102386
 18.44333996 20.82902584 20.43762425 20.10213718 22.32007952 20.12698807
 22.33250497 20.89736581 24.76167992 22.50646123 24.17147117 22.91650099
 18.00223658 18.47440358 19.59890656 20.72962227 20.29473161 19.79771372
 21.25149105 20.64885686 20.15805169 21.70501988 21.76093439 21.69880716
 22.70526839 23.69309145 21.98459245 20.22017893 18.13270378 17.430666
 20.03379722 20.50596421 20.13941352 20.61779324 22.49403579 20.03379722
 22.91028827 22.3138668  22.47539761 22.4194831  24.40755467 19.82256461
 20.7109841  18.69806163 19.7417992  20.03379722 21.8416998  20.71719682
 23.0221173  21.67395626 23.27062624 21.64910537 21.91625249 23.61232604
 22.82331014 21.12723658 20.61779324 19.35039761 21.00919483 21.23285288
 19.99652087 20.14562624 22.33250497 22.92892644 22.68663022 23.62475149
 23.35139165 22.00323062 23.86083499 20.31336978 18.02087475 20.04622266
 18.51167992 19.81013917 22.00944334 21.82927435 22.3138668  19.8971173
 21.66774354 22.75497018 23.48185885 23.79249503 24.16525845 24.45104374
 18.72912525 18.78503976 17.62947316 21.42544732 19.6610338  20.48111332
 20.86008946 22.45054672 21.38817097 22.73011928 22.09020875 21.53727634
 23.82977137 23.77385686 21.78578529 18.56138171 18.5862326  21.08374751
 20.43141153 21.2887674  22.07157058 21.67395626 22.30144135 21.17072565
 21.97837972 23.43836978 22.95999006 24.30193837 19.40631213 20.97191849
 17.15109344 18.91550696 18.97763419 20.03379722 20.69855865 22.85437376
 21.04025845 23.8359841  23.09045726 22.71769384 21.6304672  23.3389662
 23.79870775 17.31883698]",41717.30557216235
2025-06-15 21:14:00+00:00,1274,4013.4999999999995,9.0,21.646120838429894,21.46738320079523,25.500994035785286,"[19.25099404 20.66749503 22.73633201 20.65506958 20.74204771 20.86630219
 21.41302187 22.50024851 23.02833002 22.84816103 20.58672962 23.76143141
 22.56237575 19.79771372 20.43141153 20.38792247 20.95328032 20.97191849
 22.27037773 20.97191849 21.02162028 21.6056163  22.05293241 23.53777336
 25.14065606 23.98508946 24.60636183 19.04597416 19.25720676 19.8722664
 21.64289264 20.26366799 20.1332008  21.07753479 20.84145129 22.20203777
 22.05914513 25.04746521 21.61804175 21.69259443 22.76739563 18.97142147
 18.72291252 21.02162028 19.319334   23.27062624 20.37549702 22.14612326
 23.49428429 21.93489066 21.2639165  20.41898608 23.51913519 24.05964215
 23.1277336  24.32678926 18.47440358 18.07057654 19.6610338  20.2139662
 21.90382704 20.85387674 21.35089463 23.45700795 20.77932406 23.06560636
 21.7112326  23.16500994 23.78006958 23.53156064 18.04572565 20.58672962
 20.51217694 21.27634195 21.10859841 20.78553678 19.20750497 21.69880716
 21.23906561 22.32007952 21.2887674  23.82355865 23.96645129 24.30193837
 19.07703777 20.07107356 17.94010934 21.32604374 20.05243539 21.78578529
 21.07132207 21.95974155 21.69259443 22.22688867 22.53131213 23.67445328
 23.60611332 23.80492048 24.00372763 19.47465209 19.94681909 19.1640159
 19.17022863 19.79771372 21.027833   21.14587475 21.70501988 21.71744533
 21.93489066 23.05939364 22.81709742 24.09070577 23.35139165 21.41923459
 19.95924453 19.86605368 22.0777833  19.8971173  21.76714712 21.66153082
 22.24552684 20.96570577 21.43166004 22.30144135 23.78628231 23.23956262
 25.50099404 19.21371769 18.30044732 19.67345924 20.27609344 19.07703777
 21.6056163  21.18936382 21.96595427 20.07107356 22.20203777 21.19557654
 22.51888668 23.47564612 22.72390656 20.90979125 18.39985089 18.35636183
 20.74204771 18.75397614 20.97191849 20.28230616 24.0472167  21.7112326
 20.89115308 20.83523857 23.84840954 22.55616302 23.69930417 23.01590457
 20.83523857 19.01491054 20.555666   20.12077535 19.93439364 20.11456262
 22.02186879 20.84766402 23.80492048 22.18961233 21.98459245 22.57480119
 23.95402584 23.09045726 20.07728628 19.08946322 19.71073559 20.53081511
 19.36282306 20.64264414 20.11456262 21.51242545 19.71694831 22.444334
 24.09691849 21.87276342 22.63071571 23.21471173 18.18861829 20.64885686
 18.87201789 20.38792247 19.76043738 19.8722664  21.82306163 22.63692843
 23.96023857 22.98484095 21.36332008 23.21471173 24.03479125 23.08424453
 23.2582008  18.44333996]",42308.86187705106
2025-06-15 21:15:00+00:00,1275,3940.51,9.0,21.4290911848886,21.240649850894634,24.954274353876738,"[19.61754473 19.82877734 20.33822068 20.41277336 21.65531809 21.47514911
 22.3138668  22.0777833  21.22042744 21.91003976 22.28280318 22.58101392
 22.4194831  19.95924453 19.8722664  19.54299205 20.35064612 20.25745527
 19.30690855 20.22639165 21.00298211 21.79199801 20.89736581 22.59343936
 23.07803181 23.40109344 19.82256461 19.20750497 20.89115308 17.81585487
 19.90333002 20.59294235 21.8416998  22.46918489 21.0526839  21.58076541
 21.43787276 22.35114314 20.96570577 22.71148111 23.7055169  18.87823062
 18.46819085 21.20800199 19.83499006 21.2887674  20.51838966 20.28851889
 20.40034791 22.67420477 22.63692843 22.5250994  23.08424453 23.50049702
 22.32629225 23.74279324 18.73533797 19.74801193 18.11406561 20.05864811
 20.01515905 21.08996024 21.76714712 21.35089463 20.81038767 20.35685885
 23.51913519 23.74900596 22.72390656 24.17147117 19.49950298 17.48658052
 19.11431412 20.00894632 20.75447316 20.20775348 22.20203777 20.82281312
 23.86704771 22.8916501  21.51863817 23.94781312 24.95427435 22.47539761
 17.7972167  18.79746521 18.61729622 21.17072565 22.02808151 19.99652087
 22.33871769 21.04647117 21.1583002  20.66128231 22.22688867 21.972167
 21.027833   23.64338966 23.02833002 18.99005964 19.69209742 19.17022863
 19.46843936 21.56212724 20.84145129 20.33200795 22.79224652 21.35089463
 22.62450298 22.82952286 21.40680915 21.21421471 24.44483101 20.27609344
 20.79796223 20.01515905 19.50571571 20.46868787 19.30690855 21.61182903
 20.94085487 22.5499503  22.95377734 24.09691849 22.10263419 22.84816103
 22.19582505 19.48086481 19.85362823 21.32604374 21.68638171 18.34393638
 21.90382704 19.85984095 23.4445825  23.46322068 21.57455268 20.94085487
 23.02833002 23.07803181 21.95352883 19.98409543 20.07728628 19.04597416
 18.90308151 19.94060636 21.31361829 20.30715706 21.27634195 21.44408549
 21.35710736 22.58722664 24.46346918 23.20228628 23.30790258 24.82380716
 18.25074553 19.6610338  20.65506958 20.44383698 19.56784294 20.07107356
 21.2887674  20.25745527 21.63667992 23.06560636 21.79821074 21.83548708
 22.97862823 22.73633201 18.73533797 19.56784294 19.94681909 21.04647117
 21.53727634 21.11481113 21.25149105 20.67370775 22.88543738 20.31336978
 21.99701789 22.84194831 22.59965209 22.53752485 17.97738569 18.11406561
 19.52435388 20.93464215 22.3138668  19.90954274 21.38195825 22.444334
 21.03404573 20.97191849 21.81063618 22.85437376 22.10263419 23.92296223
 23.78628231 19.77907555]",41582.76746816329
2025-06-15 21:16:00+00:00,1276,3963.98,9.0,21.496719677216728,21.313556163021868,25.090954274353876,"[20.43141153 19.98409543 20.11456262 23.2333499  20.32579523 21.08374751
 21.68016899 22.26416501 21.62425447 21.47514911 22.79845924 23.72415507
 22.73633201 18.76018887 19.2944831  20.74826044 20.60536779 20.06486083
 20.39413519 22.16476143 21.33225646 21.76714712 20.53702783 22.95377734
 24.7306163  21.58697813 24.2833002  18.44333996 19.97166998 18.69806163
 21.61804175 20.4749006  20.30715706 21.72365805 21.59940358 22.13369781
 22.77360835 23.0221173  24.54423459 22.4194831  23.94781312 18.66699801
 21.20800199 18.77882704 19.76043738 19.51192843 21.07753479 21.04025845
 21.91625249 19.9778827  23.33275348 23.69309145 22.83573559 24.53802187
 22.79224652 23.80492048 20.61779324 18.64835984 19.99030815 19.03354871
 21.02162028 20.07107356 21.94110338 22.15854871 19.93439364 19.84120278
 21.08996024 21.04647117 23.03454274 22.48161034 18.75397614 19.85984095
 20.17668986 19.69831014 20.12698807 18.92793241 21.10859841 21.50621272
 21.0526839  22.88543738 23.0221173  21.31983101 25.09095427 24.10313121
 20.48732604 20.77311133 19.43116302 20.44383698 20.97191849 20.65506958
 20.60536779 22.19582505 20.52460239 22.63071571 24.20253479 23.71172962
 21.72987078 24.28951292 24.10934394 20.91600398 18.43712724 19.79771372
 22.63071571 21.72365805 21.00298211 21.22042744 21.46272366 21.79821074
 22.56237575 21.00919483 23.4694334  23.06560636 24.34542744 19.8722664
 18.39363817 19.64239563 19.46222664 20.48732604 19.46222664 21.64289264
 20.35685885 23.12152087 22.60586481 21.45651093 23.96645129 22.86058648
 21.98459245 19.41873757 19.44358847 20.28851889 20.17668986 19.4249503
 20.26366799 19.12673956 20.8166004  21.31361829 23.96023857 22.80467197
 22.25795229 23.55019881 22.50024851 19.31312127 18.28180915 20.22017893
 19.99030815 20.64885686 19.02112326 20.82281312 21.31361829 21.90382704
 21.66774354 20.67992048 23.84840954 22.61829026 23.15879722 23.55641153
 18.56759443 21.58076541 20.555666   19.94060636 20.72340954 20.82281312
 21.22042744 20.22017893 20.26988072 23.07181909 21.77335984 24.25223658
 23.48185885 23.38245527 19.11431412 21.79199801 18.62972167 20.555666
 20.20154076 19.54920477 21.9473161  22.23931412 21.00919483 22.43812127
 21.56212724 22.87301193 23.38866799 23.04075547 20.59294235 19.23235586
 19.12052684 18.28802187 18.9527833  19.97166998 21.3695328  20.66749503
 21.11481113 22.06535785 22.32007952 21.68016899 22.40084493 23.50049702
 22.22688867 19.23856859]",41809.02535209628
2025-06-15 21:17:00+00:00,1277,3965.6600000000003,9.0,21.500045424526625,21.318774850894634,25.935884691848905,"[17.7972167  20.555666   20.51838966 20.97813121 21.52485089 21.91625249
 21.74850895 22.88543738 23.41351889 21.97837972 22.76739563 23.45700795
 23.3389662  19.49950298 18.44333996 18.54895626 20.08349901 21.52485089
 19.69209742 21.48136183 22.77360835 20.90979125 20.57430417 22.5499503
 22.39463221 23.32654076 23.50049702 18.67321074 18.14512922 18.847167
 18.68563618 19.52435388 19.23856859 21.50621272 21.30740557 19.7666501
 22.74875746 20.28851889 23.51913519 22.45054672 22.2082505  18.15755467
 19.85362823 20.09592445 20.32579523 20.0027336  21.02162028 19.9778827
 21.7112326  20.84145129 21.69880716 23.43215706 21.91625249 23.09666998
 24.9915507  22.04050696 20.11456262 21.40059642 19.33797217 20.77932406
 20.26366799 21.91625249 20.54324056 22.05914513 21.21421471 22.64314115
 23.16500994 24.03479125 22.82952286 23.33275348 20.76689861 19.25720676
 19.45601392 20.62400596 20.52460239 20.05243539 21.10238569 22.83573559
 21.57455268 21.86033797 24.37027833 21.91625249 23.0221173  21.1583002
 20.25124254 19.56163022 19.38146123 20.92842942 21.01540755 23.09045726
 22.09642147 21.7112326  21.47514911 20.1332008  21.16451292 21.46893638
 23.68687873 24.625      23.29547714 18.28802187 20.09592445 19.38767396
 19.81635189 19.50571571 22.41327038 19.7666501  22.43812127 21.72987078
 22.43190855 21.48136183 22.77982107 21.77957256 22.86058648 19.52435388
 19.67967197 20.01515905 20.65506958 20.36307157 20.88494036 21.82306163
 19.12673956 22.86058648 21.17693837 22.61207753 23.59368787 25.25869781
 24.36406561 18.29423459 20.15183897 20.81038767 20.43141153 20.78553678
 20.73583499 19.49950298 19.01491054 22.74875746 23.18986083 23.34517893
 23.2582008  22.64935388 25.93588469 18.41227634 21.7360835  19.58648111
 19.90954274 20.4500497  21.17072565 21.56212724 22.19582505 21.83548708
 21.37574553 22.66799205 21.58697813 23.06560636 22.59965209 22.59343936
 21.21421471 21.6304672  20.1083499  19.40631213 20.36307157 20.35064612
 19.7417992  20.60536779 20.94706759 19.64860835 21.13966203 24.56908549
 21.80442346 23.35139165 19.28205765 19.15780318 19.36282306 21.94110338
 18.58001988 21.19557654 20.72340954 22.73011928 21.85412525 23.20849901
 22.50646123 22.14612326 23.23956262 22.63071571 20.35685885 19.12052684
 19.07703777 19.5554175  20.1083499  19.92818091 22.13369781 23.1277336
 21.59940358 21.50621272 22.87922465 23.2333499  22.84816103 23.12152087
 22.94756461 20.16426441]",41820.151972296284
2025-06-15 21:18:00+00:00,1278,3982.9900000000002,9.0,21.549555535424126,21.372608101391652,26.016650099403577,"[19.80392644 18.36257455 20.19532803 20.8166004  19.86605368 21.34468191
 21.00919483 22.03429423 22.91028827 21.00298211 22.53131213 23.69309145
 25.55069583 20.37549702 22.32629225 20.73583499 20.76068588 20.67370775
 20.3195825  21.61182903 21.20800199 21.89140159 23.1028827  23.06560636
 22.2890159  22.82331014 24.66848907 21.36332008 19.58026839 18.12027833
 19.89090457 21.20800199 21.51863817 20.08971173 23.64338966 22.06535785
 22.04050696 21.7360835  21.2639165  22.77982107 24.32057654 20.26988072
 18.77261431 19.27584493 19.31312127 18.66078529 20.25745527 22.08399602
 22.25173956 19.38146123 22.92892644 21.86033797 23.15879722 23.78006958
 22.66177932 23.41351889 18.39985089 18.74776342 19.40631213 20.39413519
 21.3695328  23.19607356 18.99005964 22.37599404 21.35710736 19.96545726
 22.17097416 23.1028827  24.05342942 22.84194831 18.70427435 19.94681909
 20.57430417 19.0832505  21.30740557 20.64885686 21.76093439 22.35114314
 22.02186879 22.22067594 22.34493042 21.3943837  22.61207753 24.29572565
 18.69184891 18.847167   19.8971173  21.23285288 21.42544732 21.08996024
 21.07753479 20.555666   22.10263419 21.08374751 20.35685885 21.58076541
 21.74229622 22.92271372 22.64314115 21.13966203 19.5305666  20.8166004
 20.49975149 19.52435388 20.64885686 22.68663022 20.27609344 21.76093439
 23.61232604 23.17743539 22.27037773 23.62475149 22.59343936 18.12649105
 18.53653082 20.32579523 21.3943837  21.08374751 19.79771372 20.92842942
 22.63071571 21.53106362 23.17743539 20.89736581 22.03429423 22.64314115
 23.00347913 19.77907555 20.89115308 20.53081511 20.07728628 19.93439364
 21.11481113 20.63021869 19.97166998 22.19582505 21.01540755 23.67445328
 22.50646123 24.60636183 24.57529821 20.79796223 19.01491054 18.89686879
 20.36928429 19.44980119 20.555666   21.10238569 20.78553678 22.7611829
 21.76093439 23.07803181 22.51267396 22.7860338  22.73633201 26.0166501
 19.64239563 20.1332008  19.20750497 21.03404573 20.86630219 20.77311133
 22.84816103 20.46868787 22.91028827 22.89786282 22.79224652 22.36978131
 23.63717694 22.79224652 18.67321074 18.80989066 18.43091451 20.20154076
 20.77311133 22.87922465 20.22017893 22.29522863 21.51242545 22.87922465
 24.56287276 22.69284294 22.59965209 23.45700795 18.39985089 17.44309145
 19.8971173  20.31336978 20.20775348 20.50596421 22.05914513 22.02186879
 20.36307157 22.29522863 23.29547714 21.21421471 21.94110338 24.07206759
 22.5499503  19.62997018]",41985.79299931495
2025-06-15 21:19:00+00:00,1279,3929.8200000000006,9.0,21.391017622978154,21.207442842942346,24.32678926441352,"[17.80342942 19.8971173  19.62375746 19.64239563 22.38841948 19.22614314
 20.90357853 21.07753479 22.08399602 22.53752485 21.99701789 22.59343936
 24.0472167  19.51192843 18.78503976 21.42544732 20.40656064 19.31312127
 20.41898608 21.19557654 22.09642147 22.94756461 22.00944334 20.51217694
 22.57480119 23.87326044 24.32678926 19.30690855 20.24502982 19.10188867
 18.87823062 19.99030815 17.80342942 20.44383698 20.70477137 22.62450298
 22.43190855 21.5        22.13369781 23.22713718 22.61207753 19.28205765
 19.72937376 19.36282306 21.06510934 19.93439364 21.32604374 21.5
 19.22614314 21.92246521 22.74254473 20.74204771 21.87897614 22.46918489
 22.82331014 21.6304672  20.25745527 21.24527833 19.52435388 20.64885686
 20.77932406 19.85984095 20.84145129 19.5554175  22.80467197 23.05939364
 23.09045726 23.41973161 22.27037773 23.64338966 19.23235586 19.21993042
 19.89090457 19.08946322 20.46247515 19.57405567 21.67395626 20.31336978
 21.76093439 22.56858847 23.22092445 21.76714712 23.69930417 21.51242545
 20.20775348 19.38146123 20.72962227 19.76043738 18.20725646 20.69234592
 20.49975149 21.9473161  21.81684891 21.41302187 23.1277336  24.19632207
 22.74875746 22.81088469 23.06560636 20.17668986 19.11431412 22.10263419
 19.25720676 21.56212724 20.33200795 21.99080517 21.10238569 22.18961233
 22.23931412 23.69309145 23.18364811 22.46918489 23.24577535 19.13295229
 20.17047714 20.97813121 19.31312127 19.33797217 20.69234592 22.25795229
 19.7666501  19.88469185 20.53702783 22.53752485 21.68638171 21.97837972
 23.58747515 19.27584493 20.2139662  19.01491054 20.01515905 20.90357853
 19.51814115 20.32579523 19.46222664 20.87251491 23.16500994 21.8416998
 21.80442346 21.97837972 22.82952286 18.15755467 18.85337972 19.82877734
 19.53677932 18.19483101 21.19557654 19.99030815 22.96620278 23.33275348
 21.18315109 23.23956262 23.87326044 22.98484095 22.11505964 24.16525845
 18.68563618 21.33846918 19.46222664 19.4000994  22.22067594 21.89761431
 21.55591451 19.99652087 21.40059642 21.7112326  23.07803181 23.59368787
 23.84219682 23.06560636 20.61158052 21.04647117 20.03379722 20.58672962
 20.27609344 20.83523857 20.90979125 21.05889662 19.98409543 22.26416501
 23.7055169  22.18961233 23.92917495 22.77360835 19.03976143 19.5554175
 19.87847913 21.25149105 20.86008946 21.61804175 21.74850895 20.93464215
 21.82306163 21.31361829 21.41923459 22.43812127 22.22688867 22.32007952
 23.37002982 19.43116302]",41455.38855943571
2025-06-15 21:20:00+00:00,1280,3959.2899999999995,9.0,21.476354556211177,21.29898732604374,24.463469184890656,"[20.1332008  19.33175944 19.48086481 18.56759443 21.97837972 20.20154076
 19.85984095 22.15233598 22.30144135 22.23310139 23.27062624 23.24577535
 23.48185885 19.59269384 20.78553678 20.76689861 18.73533797 21.00919483
 21.80442346 21.10238569 20.46247515 19.87847913 22.10263419 23.09045726
 23.25198807 23.20228628 20.93464215 20.2388171  20.64264414 20.72962227
 21.027833   21.13966203 21.41923459 21.972167   22.45054672 22.91650099
 21.77335984 23.61853877 21.82927435 24.06585487 23.52534791 16.84045726
 21.66774354 19.20750497 20.44383698 19.25099404 21.10238569 22.3138668
 20.90979125 21.69259443 19.51814115 22.10884692 21.59940358 21.93489066
 22.94756461 24.30815109 19.9778827  19.59269384 19.5305666  19.03976143
 21.08374751 20.3444334  19.02733598 22.28280318 21.99080517 21.23285288
 20.67370775 21.67395626 24.46346918 22.4194831  18.02087475 20.40656064
 20.15805169 20.20154076 21.66153082 20.84145129 19.82256461 20.36307157
 20.40656064 21.69880716 22.93513917 23.11530815 22.64314115 23.78628231
 18.97142147 19.47465209 19.32554672 19.81635189 21.19557654 21.14587475
 20.67992048 21.00298211 19.5305666  21.27012922 22.80467197 23.04696819
 22.92271372 23.43215706 23.49428429 18.44955268 19.86605368 21.82306163
 19.66724652 20.97813121 20.94085487 21.48757455 20.08971173 21.99701789
 23.04075547 21.25770378 22.71148111 23.3638171  23.13394632 19.92196819
 20.77311133 19.84741551 20.15805169 20.59294235 20.69855865 21.08996024
 21.44408549 22.27659046 22.57480119 20.79796223 22.12127237 22.59965209
 22.20203777 18.08921471 19.03354871 20.77932406 20.85387674 22.36978131
 18.97763419 21.44408549 22.4194831  22.83573559 22.79845924 22.50646123
 22.06535785 23.22092445 23.96023857 19.35039761 18.25695825 20.56187873
 21.98459245 20.27609344 20.57430417 21.37574553 22.10263419 22.0777833
 23.62475149 20.90979125 23.76143141 22.87922465 23.33275348 23.53777336
 19.11431412 18.35636183 20.73583499 20.97813121 21.65531809 21.03404573
 19.77286282 21.15208748 22.04050696 22.17718688 23.00347913 21.56833996
 22.04050696 23.45079523 19.02733598 18.25074553 19.92196819 20.39413519
 21.23285288 20.53702783 21.45651093 21.23285288 20.95949304 22.63071571
 23.14637177 22.63071571 22.57480119 23.7055169  19.48086481 19.46222664
 18.87201789 21.1583002  20.59294235 21.34468191 20.98434394 19.58648111
 20.02758449 21.76093439 24.22738569 21.59940358 24.06585487 23.41351889
 23.40109344 19.51192843]",41740.891803260114
2025-06-15 21:21:00+00:00,1281,3907.97,9.0,21.32327728813045,21.13956883697813,25.718439363817097,"[19.67967197 19.12673956 20.95328032 21.25149105 21.1583002  20.3195825
 21.04025845 21.48136183 23.79870775 23.28305169 22.53131213 22.6804175
 23.96645129 18.21346918 17.80964215 17.97738569 20.43141153 20.42519881
 19.51192843 22.17097416 21.99701789 21.90382704 22.6804175  21.27012922
 21.77335984 24.10934394 23.45079523 18.71048708 21.2639165  20.82902584
 19.40631213 20.08349901 20.52460239 22.3138668  20.88494036 21.35710736
 21.72987078 22.76739563 21.31983101 22.66177932 23.31411531 18.76018887
 19.58026839 19.56784294 20.95949304 20.57430417 20.67992048 19.92196819
 21.92867793 20.56187873 21.23906561 20.94085487 23.68687873 23.9416004
 22.12748509 25.71843936 18.28802187 19.19507952 20.92842942 20.54324056
 20.01515905 20.83523857 22.45675944 21.44408549 22.48782306 21.47514911
 23.17743539 22.00944334 22.55616302 24.07206759 18.39985089 19.40631213
 19.84120278 20.27609344 18.15755467 23.07181909 21.12723658 20.77932406
 21.32604374 21.29498012 21.88518887 22.59343936 21.22042744 21.76093439
 17.85934394 21.33225646 19.95303181 21.68638171 21.10859841 20.86630219
 20.8166004  21.02162028 20.20775348 20.04622266 21.40059642 21.48757455
 21.45029821 24.89835984 23.37002982 17.39338966 19.67345924 18.85959245
 21.22664016 20.555666   20.51838966 22.26416501 19.59890656 22.09020875
 22.48782306 20.79796223 21.81063618 21.81684891 21.49378728 19.38767396
 20.01515905 20.23260437 20.20154076 20.48111332 21.17072565 20.94706759
 22.19582505 21.33225646 21.9473161  22.09020875 23.48185885 21.42544732
 21.61804175 19.0832505  20.09592445 19.17022863 22.08399602 19.93439364
 20.43762425 21.09617296 20.97191849 21.027833   22.53131213 22.32007952
 22.70526839 22.01565606 22.92271372 18.80367793 19.52435388 20.49353877
 20.28851889 20.32579523 20.03379722 19.7666501  20.38170974 20.52460239
 22.49403579 21.40059642 21.35089463 22.71148111 23.84219682 23.68687873
 19.45601392 17.89662028 20.83523857 19.30690855 20.82902584 20.53702783
 21.0526839  21.17072565 22.45054672 21.89140159 20.53702783 22.70526839
 21.56212724 22.444334   19.48707753 18.78503976 19.98409543 20.46868787
 20.91600398 20.49353877 22.59343936 22.32007952 21.72365805 23.41351889
 22.69905567 23.14637177 22.25795229 22.47539761 17.5859841  19.45601392
 18.58001988 18.30666004 20.53081511 22.05293241 20.93464215 22.36356859
 21.27634195 20.37549702 21.13966203 23.82355865 23.75521869 24.35785288
 21.53727634 18.77882704]",41228.75649516923
2025-06-15 21:22:00+00:00,1282,3864.65,9.0,21.193809023222414,21.005001242544733,24.438618290258447,"[21.91625249 19.50571571 19.22614314 18.34393638 21.84791252 20.46247515
 21.40059642 22.18961233 21.64910537 22.60586481 22.71148111 23.66824056
 22.17718688 19.7417992  20.12077535 19.98409543 20.84766402 20.18290258
 20.17668986 21.07753479 21.53106362 21.77335984 20.15805169 22.60586481
 22.58722664 22.22067594 23.54398608 16.71620278 17.93389662 18.89065606
 19.86605368 21.41923459 19.52435388 21.40680915 20.40656064 19.48707753
 21.31983101 22.40084493 22.57480119 22.40705765 23.22713718 19.71073559
 19.03976143 20.18911531 18.77882704 20.33200795 20.11456262 20.26366799
 21.44408549 22.45054672 21.91625249 21.18936382 22.20203777 23.55019881
 24.31436382 23.56262425 19.7666501  19.36903579 20.89736581 18.66699801
 19.77907555 20.76068588 21.42544732 21.92867793 21.69259443 21.81684891
 21.52485089 21.35710736 23.11530815 22.7860338  20.0027336  19.90954274
 18.39985089 20.98434394 19.17022863 22.69284294 21.77957256 21.08996024
 22.46297217 20.90357853 22.66177932 20.4749006  23.0221173  23.21471173
 19.20129225 19.12673956 19.74801193 19.03354871 20.58672962 20.29473161
 20.98434394 20.18290258 22.79224652 23.17122266 21.28255467 22.58101392
 20.77311133 23.26441352 22.95999006 19.43116302 19.51814115 19.23235586
 17.89040755 21.79821074 20.14562624 22.41327038 21.98459245 22.25795229
 20.04000994 21.87276342 22.5250994  22.0777833  24.09691849 19.20129225
 19.25720676 19.93439364 20.7109841  20.56809145 19.81013917 21.05889662
 21.8416998  19.21993042 22.51267396 22.21446322 20.86008946 22.64314115
 22.7611829  18.27559642 19.07082505 18.49925447 19.6610338  20.11456262
 19.84741551 21.40059642 21.82927435 22.2082505  20.00894632 20.71719682
 21.97837972 23.84840954 23.94781312 18.47440358 17.9276839  19.24478131
 20.64885686 18.83474155 20.46247515 21.0526839  21.25770378 20.46247515
 22.18961233 22.27037773 21.64289264 22.17718688 23.26441352 21.77335984
 18.91550696 20.23260437 20.29473161 19.88469185 20.1332008  21.03404573
 20.88494036 21.25149105 21.0526839  22.63692843 22.47539761 24.43861829
 22.51888668 23.07803181 18.43091451 19.319334   19.90333002 20.22017893
 20.33200795 18.02708748 20.49353877 21.38195825 19.81013917 21.7112326
 20.40034791 22.16476143 22.58101392 22.92892644 19.1888668  19.58026839
 20.01515905 19.69209742 18.56759443 21.17072565 21.51863817 21.06510934
 20.54324056 22.86058648 23.00969185 22.29522863 21.25149105 22.54373757
 23.79249503 17.86555666]",40795.6074680929
2025-06-15 21:23:00+00:00,1283,3906.06,9.0,21.314383378485925,21.13363568588469,25.165506958250496,"[18.90308151 19.24478131 18.38742545 19.69831014 20.4500497  20.89736581
 20.17047714 20.97191849 22.38220676 23.12152087 22.43190855 22.09020875
 23.56883698 19.20129225 18.49925447 19.66724652 19.81635189 20.11456262
 20.0027336  20.70477137 21.78578529 21.81684891 21.87897614 22.22688867
 21.50621272 21.13966203 23.02833002 19.73558648 19.25720676 18.49304175
 18.59865805 21.22664016 20.07728628 19.82256461 20.76689861 22.99105368
 20.14562624 23.18986083 23.17743539 22.71148111 23.00969185 17.6916004
 20.73583499 20.11456262 19.45601392 18.94035785 19.93439364 21.12723658
 19.44358847 21.54970179 21.27634195 21.86033797 24.39512922 22.2890159
 22.46918489 23.41973161 20.40034791 19.25720676 20.10213718 18.58001988
 20.10213718 21.52485089 20.33822068 20.79796223 22.54373757 22.74254473
 22.71769384 21.64289264 22.35735586 23.79249503 17.53628231 19.69831014
 20.59915507 20.43141153 23.12152087 19.85362823 20.48111332 21.10859841
 21.90382704 21.44408549 21.89140159 22.45675944 23.43215706 22.97862823
 18.72291252 18.20725646 19.12052684 18.99005964 19.77907555 21.8416998
 19.9778827  21.00919483 22.85437376 22.28280318 23.95402584 21.83548708
 22.04050696 23.07181909 22.50646123 21.58076541 21.03404573 19.15159046
 19.79150099 21.68016899 21.56212724 21.16451292 20.63643141 20.67992048
 21.99080517 22.7860338  23.64960239 21.93489066 23.84219682 18.77882704
 19.23235586 20.07728628 20.86630219 20.31336978 20.66128231 21.89761431
 20.56187873 21.59940358 22.43190855 21.55591451 22.5250994  23.03454274
 24.70576541 17.05790258 21.51863817 20.17047714 21.35710736 20.37549702
 21.21421471 21.17693837 20.3444334  22.00323062 21.68638171 22.56237575
 20.63021869 21.77335984 23.20849901 18.28802187 19.37524851 20.43762425
 19.15780318 19.58648111 20.30094433 20.56187873 22.81709742 21.1334493
 21.99701789 22.0777833  21.22042744 23.54398608 24.38270378 24.12176938
 19.10188867 19.85984095 19.66724652 21.12723658 21.28255467 21.81684891
 20.61779324 20.12077535 20.81038767 23.52534791 22.09642147 21.6304672
 24.12176938 22.25173956 19.02112326 20.26366799 19.67967197 20.14562624
 20.51838966 20.41277336 19.50571571 21.50621272 20.92842942 20.91600398
 23.58126243 23.30168986 25.16550696 22.69905567 18.72291252 18.67942346
 19.04597416 20.18290258 21.41923459 19.58026839 21.93489066 20.66749503
 21.58697813 21.03404573 21.2639165  21.45029821 23.90432406 21.70501988
 23.24577535 21.17693837]",41199.00103106251
2025-06-15 21:24:00+00:00,1284,3894.5999999999995,9.0,21.278936766632484,21.098036779324058,25.14686878727634,"[20.28230616 22.30144135 20.41277336 20.75447316 20.84145129 22.28280318
 20.28230616 21.93489066 20.08349901 22.05293241 22.21446322 24.08449304
 22.67420477 19.79771372 19.98409543 20.67992048 22.32629225 20.7917495
 20.89736581 21.77957256 20.71719682 22.87301193 21.72987078 22.53752485
 22.22067594 23.680666   23.02833002 20.18911531 20.24502982 19.27584493
 20.30715706 18.82852883 19.93439364 21.22664016 22.09642147 20.72962227
 20.17668986 20.88494036 22.50646123 22.91028827 23.28305169 19.80392644
 18.07678926 20.3444334  18.43091451 19.82256461 22.59965209 20.38170974
 21.15208748 22.04050696 22.21446322 23.00347913 24.2833002  22.45054672
 25.14686879 23.47564612 18.12649105 19.98409543 18.97142147 20.90979125
 19.58648111 21.33225646 20.38792247 21.72365805 22.05293241 22.71148111
 22.99105368 20.52460239 22.89786282 21.70501988 19.96545726 19.92818091
 19.02112326 20.12698807 20.41898608 21.10238569 21.56833996 21.74229622
 21.17072565 22.02186879 21.61804175 21.76714712 21.94110338 22.0777833
 17.61083499 19.00248509 19.59890656 21.03404573 20.60536779 20.39413519
 20.66749503 22.0777833  20.62400596 22.10263419 20.83523857 22.43812127
 22.13991054 21.82927435 23.40109344 19.02733598 20.53081511 19.02112326
 19.13916501 18.93414513 21.61804175 18.98384692 20.89115308 22.2082505
 20.76068588 22.91028827 23.40109344 21.55591451 24.9666998  19.12052684
 19.27584493 19.45601392 18.79746521 19.05218688 20.67370775 20.29473161
 20.02137177 19.65482107 21.97837972 22.77982107 23.01590457 21.97837972
 22.77982107 18.847167   20.02758449 17.98359841 20.70477137 18.83474155
 20.46868787 22.1833996  20.97191849 21.972167   23.89811133 21.61804175
 22.36978131 22.69905567 23.34517893 18.58001988 19.50571571 20.6861332
 20.50596421 20.1083499  19.77907555 20.97813121 20.80417495 22.19582505
 22.66799205 21.40680915 21.64910537 23.26441352 23.64338966 23.3638171
 18.07678926 18.86580517 21.2639165  20.81038767 18.94657058 20.09592445
 21.25149105 20.46868787 20.40656064 23.1277336  23.07803181 21.07753479
 22.09642147 22.93513917 19.54299205 18.4806163  20.06486083 19.21993042
 19.77907555 21.972167   20.91600398 18.88444334 22.444334   22.45054672
 22.05293241 21.7360835  23.85462227 23.63096421 20.57430417 19.34418489
 18.6110835  19.71694831 20.48111332 20.05243539 21.22042744 21.45651093
 21.56212724 20.43762425 22.12748509 22.59343936 21.1583002  21.43787276
 23.2333499  18.375     ]",41080.41084644563
2025-06-15 21:25:00+00:00,1285,3885.43,9.0,21.25024879121481,21.069551441351887,24.761679920477135,"[19.22614314 21.027833   18.22589463 20.94085487 20.76689861 19.49950298
 21.09617296 21.13966203 22.73633201 22.0777833  22.27037773 21.89140159
 23.68687873 17.48658052 20.35685885 19.70452286 18.52410537 21.58076541
 20.7109841  18.93414513 19.52435388 21.95352883 23.11530815 22.97241551
 22.88543738 23.74279324 22.59343936 18.66078529 18.6110835  18.96520875
 20.18911531 18.54274354 20.2139662  20.63643141 21.41923459 21.32604374
 19.85984095 22.82952286 21.98459245 22.71769384 21.92867793 19.77907555
 19.46222664 19.10188867 19.19507952 21.36332008 22.10884692 21.2887674
 22.04671968 21.82927435 20.07728628 21.72365805 23.00347913 23.61853877
 21.76714712 23.09045726 18.72912525 19.47465209 19.99652087 19.78528827
 20.64264414 22.60586481 19.44980119 22.27037773 20.66128231 21.69259443
 21.93489066 22.59965209 21.77957256 23.99130219 20.94085487 20.48111332
 19.05218688 20.84145129 20.29473161 22.94756461 22.02186879 20.45626243
 21.94110338 21.23285288 21.38195825 21.49378728 22.07157058 22.23310139
 18.47440358 20.75447316 19.69209742 20.53702783 19.94681909 20.1332008
 20.43762425 21.8416998  22.1833996  22.69905567 20.15183897 23.1277336
 22.94756461 22.36978131 23.62475149 18.84095427 18.46819085 19.77286282
 19.90954274 21.30740557 21.86033797 19.36903579 22.09020875 22.23310139
 21.17693837 21.69880716 22.60586481 23.35139165 22.86058648 18.22589463
 19.35661034 18.38121272 19.26963221 20.51838966 22.05293241 21.01540755
 19.95303181 21.79821074 21.14587475 22.23310139 23.12152087 22.67420477
 23.88568588 18.96520875 20.23260437 20.41898608 19.26963221 20.97191849
 21.59319085 21.88518887 22.37599404 20.81038767 21.69259443 21.95352883
 22.56237575 22.97241551 21.04647117 17.69781312 19.00869781 20.2139662
 19.69831014 20.31336978 20.06486083 21.1583002  20.69855865 21.09617296
 23.38866799 22.51888668 21.68016899 21.83548708 24.00372763 20.6861332
 20.27609344 18.73533797 17.94010934 20.67992048 21.94110338 20.69234592
 21.07132207 18.80989066 22.12748509 21.53727634 23.05318091 22.56237575
 23.86083499 22.90407555 19.12052684 19.20750497 20.04000994 19.69209742
 20.76068588 20.04622266 21.40059642 20.67992048 21.41923459 22.23931412
 20.86008946 22.27037773 22.63692843 23.18986083 19.03976143 20.08349901
 18.96520875 19.61754473 19.43116302 20.36928429 19.74801193 21.07132207
 23.91053678 21.77957256 22.64935388 22.17097416 21.86033797 21.46893638
 24.76167992 19.30069583]",40984.43235588826
2025-06-15 21:26:00+00:00,1286,3902.5699999999997,9.0,21.299203553783357,21.122794483101387,25.308399602385684,"[19.58026839 18.5054672  19.87847913 20.41898608 18.79125249 20.2139662
 22.48161034 23.05318091 22.64935388 21.34468191 22.04671968 21.88518887
 22.19582505 19.74801193 19.41873757 20.19532803 19.36903579 21.81684891
 19.96545726 20.48111332 19.77907555 21.87897614 21.77335984 21.79199801
 20.42519881 24.28951292 23.00347913 19.82256461 19.35661034 18.65457256
 18.48682903 19.56784294 21.48757455 20.84145129 21.68638171 22.28280318
 22.40084493 20.87872763 22.46297217 22.38220676 22.71769384 18.80989066
 19.26341948 19.40631213 18.83474155 19.19507952 20.75447316 20.54324056
 22.12127237 22.02808151 21.79821074 22.85437376 22.59343936 25.3083996
 21.77335984 23.22092445 17.73508946 18.46197813 19.49950298 19.88469185
 21.76714712 24.27087475 21.31361829 20.59294235 20.30094433 21.972167
 22.0777833  22.39463221 22.80467197 22.8667992  19.15159046 21.12723658
 18.79125249 20.51838966 20.87251491 20.51838966 19.84120278 22.9972664
 22.25173956 21.79199801 21.61804175 22.99105368 22.5499503  23.15258449
 18.79746521 18.17619284 19.0832505  20.52460239 19.98409543 20.15183897
 21.43166004 21.49378728 23.14637177 22.46297217 22.9972664  22.02186879
 22.86058648 22.71769384 24.44483101 18.12649105 19.17644135 20.22639165
 21.16451292 20.69234592 21.90382704 19.12052684 21.3695328  21.66153082
 21.69880716 21.6304672  21.28255467 22.72390656 25.16550696 21.00298211
 18.76018887 19.38767396 20.25745527 20.86630219 19.33797217 20.05243539
 22.32629225 21.61182903 23.56262425 22.38841948 22.79224652 22.61207753
 23.0221173  18.59244533 17.3250497  19.59269384 20.82281312 19.0832505
 20.93464215 21.7360835  19.6610338  22.00323062 22.48161034 22.53131213
 22.81088469 21.86033797 23.07181909 18.41227634 20.70477137 19.07703777
 19.40631213 17.91525845 19.56784294 19.82256461 19.53677932 20.56809145
 21.3695328  22.81088469 23.2333499  22.50646123 24.20874751 23.0221173
 20.23260437 19.05218688 20.1083499  20.06486083 21.22664016 20.78553678
 20.18290258 23.02833002 21.80442346 22.68663022 22.33250497 22.3138668
 24.01615308 23.48807157 19.58026839 19.36282306 19.38767396 21.01540755
 20.86008946 20.08349901 22.48161034 20.84766402 20.43762425 22.11505964
 22.35735586 22.81709742 22.25795229 23.28305169 18.78503976 17.85313121
 19.82256461 19.69831014 20.90357853 21.14587475 19.52435388 19.96545726
 21.63667992 23.20849901 23.54398608 21.84791252 21.90382704 22.38220676
 23.03454274 19.57405567]",41148.2154095376
2025-06-15 21:27:00+00:00,1287,3891.06,9.0,21.263611721480146,21.087040258449303,25.631461232604373,"[20.75447316 18.20725646 19.4249503  21.44408549 19.79771372 20.32579523
 21.70501988 21.3943837  23.37002982 21.83548708 20.53081511 23.48185885
 22.50024851 18.38742545 16.26267396 19.08946322 19.61133201 19.11431412
 20.18911531 20.40656064 21.77335984 19.95924453 21.96595427 22.79845924
 20.61158052 25.47614314 23.87947316 18.375      18.54274354 19.99030815
 19.06461233 21.12102386 19.96545726 21.93489066 23.13394632 19.90333002
 18.97142147 21.04025845 23.43836978 21.77335984 23.15879722 17.85934394
 19.61754473 19.22614314 20.61779324 19.89090457 19.52435388 21.24527833
 19.98409543 20.84145129 22.01565606 21.86033797 23.22713718 21.48136183
 23.78628231 25.63146123 20.72340954 18.80367793 21.00919483 19.46222664
 21.10859841 20.2388171  21.68638171 22.15854871 22.37599404 23.3389662
 22.17718688 22.05293241 22.38220676 23.78006958 19.06461233 19.38767396
 20.48111332 21.42544732 21.45651093 20.54324056 21.67395626 21.43166004
 19.7417992  23.34517893 21.46893638 22.48782306 22.0777833  23.50670974
 18.15755467 18.66078529 19.61754473 20.61779324 20.36928429 20.70477137
 20.77311133 21.38195825 23.15258449 21.9473161  23.05318091 20.22017893
 22.43812127 23.07181909 23.27683897 18.82852883 17.99602386 22.05293241
 21.92867793 20.46868787 20.59915507 20.79796223 20.87872763 22.61829026
 21.25149105 21.94110338 22.57480119 22.35735586 24.21496024 18.96520875
 18.66699801 21.45651093 18.87823062 21.91625249 20.67992048 21.66153082
 20.27609344 21.95974155 21.51863817 21.87897614 22.66177932 23.80492048
 24.48832008 20.85387674 19.35039761 19.1888668  19.15159046 18.79746521
 20.07107356 21.79821074 21.23906561 21.64910537 22.72390656 22.02186879
 22.34493042 22.50646123 22.63071571 19.65482107 19.89090457 20.57430417
 19.70452286 19.46222664 19.17644135 20.31336978 20.70477137 20.8166004
 21.81063618 22.28280318 22.18961233 21.98459245 23.78628231 24.69333996
 20.09592445 20.41898608 19.44358847 20.96570577 20.38792247 21.42544732
 21.65531809 19.81013917 20.94706759 21.972167   22.69284294 23.64960239
 21.93489066 23.61853877 19.06461233 19.58026839 19.49950298 18.89686879
 18.20104374 19.39388668 21.25770378 22.53752485 22.93513917 20.42519881
 21.92867793 20.89115308 21.23906561 21.66153082 18.68563618 18.08921471
 18.56138171 21.92867793 19.99652087 20.51217694 20.5805169  21.35089463
 22.37599404 21.54348907 21.03404573 22.7611829  23.29547714 21.05889662
 23.56883698 18.48682903]",41029.13937538398
2025-06-15 21:28:00+00:00,1288,3896.75,9.0,21.278778680616707,21.10471545725646,25.227634194831012,"[19.54299205 19.75422465 20.88494036 19.58026839 19.33175944 22.17718688
 21.72987078 22.50024851 20.18911531 21.11481113 22.97862823 21.97837972
 24.34542744 20.82281312 18.86580517 20.5805169  20.50596421 20.60536779
 19.34418489 21.51863817 22.58722664 22.17718688 21.30119284 20.69234592
 21.19557654 22.80467197 24.04100398 19.82256461 18.64835984 17.61704771
 19.44358847 20.78553678 19.49329026 21.45651093 23.14637177 20.81038767
 20.67370775 22.64314115 23.71172962 23.61232604 22.17097416 18.80989066
 19.92818091 18.61729622 19.48707753 21.38195825 19.21371769 21.41923459
 20.75447316 21.19557654 22.40084493 21.05889662 22.42569583 23.41351889
 23.21471173 21.90382704 19.10810139 20.00894632 19.26341948 19.5305666
 18.98384692 20.04000994 20.61158052 20.90979125 22.9972664  23.32032803
 23.13394632 22.95999006 23.15879722 22.42569583 19.44980119 19.45601392
 20.05864811 19.92818091 21.25149105 19.26963221 21.79199801 20.2388171
 21.63667992 22.2082505  23.01590457 21.6304672  23.15258449 23.30168986
 20.43762425 19.23235586 21.83548708 19.30069583 20.08971173 19.81635189
 19.7417992  20.64885686 21.99701789 20.29473161 21.62425447 22.54373757
 21.86033797 22.61829026 24.41998012 19.51814115 18.34393638 19.50571571
 19.79150099 20.18911531 19.71694831 20.04622266 20.73583499 20.82281312
 21.78578529 22.1833996  21.3695328  23.08424453 24.07206759 20.06486083
 20.90357853 21.36332008 21.14587475 20.31336978 20.99055666 21.69880716
 21.80442346 20.38792247 23.38245527 22.30144135 21.89140159 22.64314115
 23.14637177 19.72316103 19.70452286 19.96545726 19.26341948 20.90357853
 20.33822068 21.40059642 21.48757455 21.64289264 21.28255467 22.33871769
 22.64935388 20.02137177 22.58722664 20.69234592 18.72912525 20.25745527
 20.42519881 20.07728628 20.76689861 21.51863817 22.35114314 22.53752485
 20.7109841  22.37599404 23.71172962 22.20203777 25.22763419 23.94781312
 18.2693837  17.75372763 19.61133201 20.09592445 20.39413519 18.9527833
 19.08946322 21.27012922 21.22664016 22.72390656 22.73011928 22.4194831
 22.68663022 22.4194831  20.0027336  19.5305666  19.87847913 19.83499006
 20.81038767 19.52435388 22.05914513 19.17644135 20.48732604 23.76764414
 21.88518887 23.40109344 22.80467197 22.0777833  18.04572565 18.99005964
 19.49950298 18.29423459 20.30715706 21.52485089 20.54945328 20.30715706
 21.37574553 21.41302187 21.21421471 21.8416998  23.37002982 24.30815109
 23.45700795 17.80342942]",41079.881953871256
2025-06-15 21:29:00+00:00,1289,3831.3100000000004,9.0,21.08403876878082,20.90143513916501,24.556660039761432,"[21.17072565 20.03379722 20.59915507 20.87872763 19.09567594 19.69209742
 18.92171968 20.10213718 20.86008946 21.25770378 22.00944334 23.08424453
 23.53156064 17.64189861 20.26366799 20.11456262 20.31336978 19.9778827
 19.72937376 20.56809145 21.07132207 20.17668986 20.3444334  21.92246521
 22.36978131 21.94110338 23.04075547 18.66699801 18.5054672  17.87176938
 18.9527833  19.10188867 20.67992048 19.8722664  21.34468191 22.20203777
 22.02808151 21.1583002  22.26416501 22.36978131 23.11530815 19.38146123
 19.84120278 18.97763419 19.4000994  20.56187873 20.89736581 21.30740557
 20.84145129 21.68016899 22.56237575 21.10238569 22.47539761 24.55666004
 21.32604374 22.77982107 19.09567594 20.30715706 20.4500497  18.82852883
 18.11406561 19.96545726 20.20154076 21.62425447 18.30044732 22.69905567
 23.34517893 22.69905567 21.15208748 22.72390656 19.28205765 19.61133201
 19.20750497 18.87823062 19.7417992  19.18265408 19.86605368 21.2887674
 21.87897614 21.58697813 21.88518887 22.27659046 21.97837972 22.30144135
 18.06436382 20.33200795 19.19507952 18.87823062 20.63643141 21.7360835
 20.51217694 21.16451292 20.40656064 22.47539761 21.01540755 21.68638171
 22.69905567 23.8111332  21.75472167 17.98359841 20.67992048 21.2887674
 19.85984095 21.45651093 19.62997018 21.12723658 22.64935388 20.40656064
 21.87897614 21.64910537 22.03429423 23.74900596 21.1334493  18.6110835
 19.91575547 20.38792247 20.8166004  19.64860835 20.62400596 20.56187873
 20.89736581 21.31983101 21.71744533 20.93464215 22.32007952 22.20203777
 23.00347913 18.15134195 19.20129225 19.37524851 19.09567594 20.85387674
 19.71073559 21.97837972 20.95949304 21.38195825 21.75472167 23.22713718
 21.45651093 22.46918489 22.54373757 19.66724652 18.73533797 21.03404573
 21.55591451 18.43091451 21.29498012 21.11481113 20.80417495 23.67445328
 22.43190855 22.20203777 22.55616302 22.72390656 22.51888668 22.25173956
 19.71073559 19.72937376 21.38817097 20.33200795 20.40656064 22.02186879
 21.22664016 20.93464215 20.66749503 21.40680915 21.99701789 22.13991054
 22.73011928 21.46893638 19.21993042 19.49950298 20.44383698 20.31336978
 21.80442346 19.71073559 20.49353877 21.56212724 20.76689861 22.27659046
 20.83523857 22.43812127 20.74204771 20.97191849 19.4249503  18.81610338
 18.4806163  19.25099404 21.30119284 19.26963221 19.43737575 21.08996024
 21.08996024 21.7360835  22.27659046 22.2082505  23.51292247 22.53131213
 22.58722664 19.01491054]",40428.36010483312
2025-06-15 21:30:00+00:00,1290,3865.92,9.0,21.184551683881693,21.008946322067594,24.33921471172962,"[18.94657058 18.90929423 19.36282306 20.06486083 22.02808151 21.24527833
 22.04671968 22.38220676 21.19557654 23.54398608 20.61158052 22.71148111
 22.82331014 18.69806163 18.83474155 18.69184891 19.51814115 19.26963221
 21.51863817 20.04622266 22.32007952 22.05293241 22.22067594 23.32032803
 21.45029821 20.25745527 22.40705765 19.53677932 18.39985089 20.86008946
 20.24502982 20.51838966 21.79199801 22.23931412 19.5305666  20.43762425
 21.40680915 20.99676938 22.64935388 22.83573559 24.17147117 19.87847913
 19.26963221 19.44980119 19.56784294 20.99055666 19.28205765 20.49353877
 21.30119284 22.15233598 21.96595427 23.52534791 22.39463221 22.15233598
 22.57480119 22.96620278 18.10164016 19.82877734 20.12077535 19.15159046
 21.40680915 22.77360835 20.46247515 20.54945328 20.08971173 21.48757455
 23.14015905 22.51267396 24.14662028 21.31361829 18.59244533 19.69831014
 21.15208748 20.555666   21.15208748 20.02758449 21.09617296 21.57455268
 21.20800199 22.66177932 21.24527833 23.61232604 23.14637177 22.13991054
 18.76018887 20.54324056 19.82877734 20.15805169 20.32579523 20.07107356
 20.83523857 20.76689861 20.94085487 22.23310139 20.88494036 22.35114314
 23.32032803 23.10909543 24.16525845 18.72291252 18.94657058 20.08349901
 21.2639165  20.66128231 21.20800199 22.00944334 22.15233598 21.95974155
 22.26416501 22.79224652 22.41327038 22.05293241 24.33921471 19.70452286
 18.64835984 19.26341948 19.12052684 20.35064612 20.32579523 20.76068588
 22.25173956 21.59319085 21.61804175 20.23260437 22.34493042 22.71148111
 22.17718688 18.847167   19.96545726 18.93414513 20.67992048 18.80367793
 20.83523857 20.63643141 22.38220676 21.35089463 23.8111332  19.90333002
 21.45651093 21.74850895 23.9416004  17.46172962 20.52460239 22.35735586
 18.84095427 20.20154076 20.12698807 20.29473161 20.33200795 20.64885686
 21.61804175 22.71148111 22.57480119 19.81013917 21.25770378 22.95999006
 17.87798211 19.71073559 19.51814115 18.98384692 21.34468191 22.53131213
 18.74776342 22.22688867 19.00869781 21.29498012 22.10263419 21.92867793
 21.27634195 23.4694334  19.52435388 19.00869781 21.61804175 18.87823062
 18.46197813 18.97763419 18.28180915 19.92196819 20.2388171  21.38817097
 20.46868787 22.90407555 22.51267396 22.87922465 20.74204771 20.63643141
 20.88494036 18.66078529 21.97837972 19.48086481 21.972167   20.48111332
 20.06486083 22.91028827 22.40084493 23.11530815 20.84145129 22.94135189
 21.59940358 19.69831014]",40764.63611359459
2025-06-15 21:31:00+00:00,1291,3872.58,9.0,21.202583858403813,21.029634691848905,24.469681908548708,"[19.69209742 21.88518887 21.20178926 20.09592445 21.40059642 21.12723658
 21.35089463 21.88518887 21.81684891 21.56833996 22.42569583 23.14015905
 23.1028827  18.92793241 18.97763419 20.84145129 19.35039761 19.11431412
 19.44980119 20.18911531 21.79199801 20.46247515 21.58076541 22.64935388
 23.56883698 21.45651093 22.84816103 18.89686879 20.05864811 19.52435388
 20.19532803 21.17072565 20.02758449 21.2639165  19.79771372 22.50646123
 20.97191849 22.77982107 20.17668986 20.66749503 22.08399602 18.87201789
 16.84666998 18.54274354 20.42519881 19.97166998 21.40680915 22.1833996
 22.0777833  20.22639165 21.79199801 24.05964215 22.69284294 20.52460239
 21.87897614 21.10859841 19.44980119 21.33846918 18.06436382 19.68588469
 17.6916004  20.71719682 19.92818091 21.40059642 23.90432406 20.02758449
 22.444334   24.00372763 23.26441352 23.69930417 18.31287276 19.0832505
 19.62375746 21.30740557 19.30690855 20.17668986 19.8971173  22.09642147
 21.6056163  23.45079523 20.87251491 22.63071571 22.39463221 22.3138668
 20.33200795 21.20178926 18.28802187 20.52460239 20.36307157 20.28851889
 21.88518887 22.0777833  20.80417495 21.46893638 21.61804175 22.84816103
 22.79845924 24.14662028 20.7109841  17.68538767 19.69831014 19.64239563
 19.32554672 20.37549702 19.90333002 21.84791252 21.2887674  22.32629225
 21.8665507  22.72390656 24.27087475 23.58747515 23.2582008  20.03379722
 19.0583996  20.12077535 19.8722664  20.79796223 18.81610338 21.56212724
 22.09020875 21.87276342 21.59319085 21.48136183 22.36978131 22.91650099
 20.36307157 19.61754473 19.61133201 19.33175944 19.13916501 19.61133201
 20.72962227 21.92867793 21.08374751 20.56187873 20.7917495  22.97862823
 21.69880716 21.84791252 23.48185885 19.5305666  18.76018887 20.36928429
 19.9778827  19.5305666  20.00894632 20.17668986 21.03404573 22.33250497
 23.63096421 23.14015905 21.31983101 23.21471173 22.64314115 20.94706759
 17.57977137 19.6610338  20.90979125 19.35661034 19.44980119 20.54324056
 20.2139662  21.14587475 20.28851889 19.96545726 22.50024851 23.61232604
 21.41923459 22.84194831 19.80392644 19.26341948 20.80417495 17.47415507
 20.82902584 21.81684891 21.79199801 21.14587475 20.4500497  23.1277336
 20.09592445 21.65531809 24.46968191 22.10263419 20.12698807 19.17644135
 19.70452286 20.92842942 19.96545726 21.7112326  20.66128231 21.18936382
 23.08424453 22.13369781 23.50049702 22.09642147 21.35710736 22.37599404
 22.01565606 19.12052684]",40824.964556675804
2025-06-15 21:32:00+00:00,1292,3827.33,9.0,21.06742831527119,20.889071819085487,25.39537773359841,"[19.2944831  19.04597416 20.63021869 20.9222167  20.40034791 18.74776342
 21.82306163 19.43737575 20.70477137 22.02186879 21.27012922 24.38270378
 23.55641153 20.41898608 18.51167992 20.82281312 19.71073559 18.65457256
 21.74229622 22.35735586 21.93489066 21.89140159 22.05293241 22.64314115
 23.28305169 22.94756461 21.70501988 17.30019881 17.87798211 18.31908549
 17.98981113 20.6861332  21.23285288 21.79821074 22.24552684 21.94110338
 21.9473161  20.46247515 22.87922465 21.91625249 23.30168986 17.51764414
 20.19532803 19.44358847 18.36878728 20.555666   20.98434394 20.15805169
 19.61754473 20.6861332  21.27012922 23.35760437 24.8362326  23.1028827
 22.72390656 22.87922465 19.64860835 19.15780318 18.59244533 19.65482107
 20.30094433 20.14562624 19.19507952 22.69284294 20.63643141 23.76143141
 22.00944334 20.48732604 21.99080517 22.13369781 19.12052684 18.21346918
 20.48732604 20.0027336  19.68588469 20.89115308 19.00869781 21.27012922
 22.30765408 20.95328032 23.09666998 21.25149105 20.15805169 22.47539761
 18.375      17.59840954 18.70427435 19.54920477 19.79150099 19.45601392
 19.31312127 21.36332008 20.1332008  21.72987078 20.99055666 22.23310139
 22.34493042 22.19582505 23.35139165 20.26366799 18.31908549 20.4500497
 20.35685885 19.7417992  21.86033797 20.26988072 20.46868787 21.71744533
 21.71744533 20.72340954 25.39537773 22.30765408 23.22713718 18.64835984
 19.41252485 20.87251491 19.80392644 18.58001988 21.11481113 20.08971173
 20.46868787 21.63667992 22.48782306 21.74229622 22.04671968 24.53180915
 23.92917495 18.73533797 20.52460239 19.25099404 18.08300199 18.2445328
 21.34468191 20.93464215 20.69234592 21.47514911 22.25173956 21.23906561
 21.5        22.62450298 22.46918489 18.42470179 18.98384692 20.74826044
 18.66699801 19.00869781 20.95949304 19.75422465 21.27634195 20.54945328
 21.94110338 22.28280318 21.36332008 21.56833996 21.89761431 22.87922465
 18.18861829 21.24527833 19.79150099 20.11456262 19.81013917 21.1583002
 21.31361829 20.84766402 21.29498012 23.26441352 21.79199801 20.35064612
 22.53752485 21.66153082 19.8722664  19.58648111 19.88469185 18.39985089
 19.76043738 19.08946322 21.6304672  21.33846918 22.33250497 21.0526839
 23.39488072 21.7112326  22.4194831  22.53752485 20.19532803 20.25745527
 18.94035785 18.74776342 18.48682903 19.90954274 21.94110338 21.64910537
 20.51217694 22.1833996  22.30144135 23.73658052 22.64935388 23.01590457
 23.41973161 18.66078529]",40372.78817157129
2025-06-15 21:33:00+00:00,1293,3841.8199999999997,9.0,21.108569118641974,20.934083001988075,24.69955268389662,"[18.99005964 19.64239563 21.30740557 21.84791252 21.76093439 21.42544732
 20.1332008  22.7611829  21.59319085 21.01540755 23.54398608 21.81063618
 22.10263419 17.10760437 18.41848907 20.69855865 21.40680915 18.66699801
 19.67967197 20.94706759 19.83499006 21.3695328  21.59319085 21.83548708
 22.53131213 21.25149105 21.972167   18.85337972 20.7917495  19.5305666
 20.82281312 20.09592445 20.51838966 20.7917495  19.7417992  21.66153082
 20.76689861 22.45675944 20.97191849 22.55616302 22.92271372 21.18315109
 19.4249503  18.90929423 19.90954274 18.60487078 18.17619284 20.05864811
 20.09592445 21.03404573 21.99080517 22.00944334 22.55616302 21.98459245
 21.63667992 24.69955268 19.7417992  21.31361829 19.319334   20.70477137
 21.00919483 19.47465209 19.25720676 21.02162028 21.37574553 21.64289264
 21.8416998  21.83548708 23.22092445 24.26466203 20.00894632 19.20129225
 20.3195825  19.93439364 21.19557654 21.81684891 21.38817097 21.43787276
 21.12723658 21.22664016 20.79796223 21.14587475 23.69309145 24.45725646
 20.31336978 18.12027833 20.1083499  20.40034791 19.51814115 19.97166998
 21.62425447 20.91600398 19.85362823 20.26366799 21.48136183 21.6304672
 22.09020875 22.76739563 23.63096421 20.59915507 18.66699801 18.33151093
 19.47465209 20.74826044 20.45626243 21.53727634 20.10213718 22.30765408
 21.02162028 22.36356859 20.17668986 22.56237575 22.43812127 18.55516899
 20.54324056 20.2388171  20.48732604 19.61133201 19.77907555 20.91600398
 19.82877734 19.78528827 20.37549702 21.94110338 22.444334   22.80467197
 23.10909543 17.62947316 19.56163022 19.20750497 21.04025845 19.77907555
 19.94060636 20.87251491 19.69831014 21.27012922 20.44383698 22.88543738
 22.83573559 22.88543738 21.56212724 19.13916501 19.70452286 19.4249503
 18.66078529 18.59244533 20.80417495 21.07132207 22.87922465 21.27634195
 22.00323062 22.84816103 21.56833996 23.12152087 22.2890159  21.85412525
 19.47465209 20.00894632 19.76043738 20.05243539 21.7112326  19.95303181
 22.28280318 23.28926441 21.40059642 22.00323062 22.23310139 22.5250994
 21.3943837  23.0221173  18.80367793 18.80367793 19.22614314 20.97191849
 20.79796223 20.44383698 19.21993042 21.09617296 19.76043738 21.18315109
 21.22664016 21.54970179 21.92246521 23.78628231 18.44955268 20.12077535
 19.39388668 19.7417992  19.49329026 20.91600398 20.15805169 20.56809145
 22.14612326 22.55616302 23.26441352 21.07753479 22.09642147 23.3389662
 23.51913519 19.54920477]",40510.428843328584
2025-06-15 21:34:00+00:00,1294,3844.49,9.0,21.114829609494386,20.94237698807157,24.084493041749504,"[19.49950298 19.21993042 20.59915507 19.44358847 21.25149105 22.69284294
 19.60511928 18.94035785 21.45029821 19.71073559 22.75497018 23.30790258
 21.13966203 19.18265408 18.25074553 21.17693837 21.00919483 20.35685885
 20.90357853 21.56212724 21.45029821 21.92246521 20.69234592 23.00347913
 22.73011928 22.67420477 22.79224652 18.41848907 20.63021869 22.70526839
 20.40034791 20.3195825  20.77311133 19.49329026 21.65531809 22.5499503
 20.3444334  22.13991054 21.08996024 22.91028827 22.99105368 19.8722664
 19.00248509 17.55492048 18.83474155 20.69234592 20.40034791 20.77311133
 20.7109841  20.2388171  20.79796223 21.45651093 22.37599404 22.37599404
 21.78578529 22.94756461 21.21421471 18.25074553 19.54920477 19.12673956
 20.57430417 19.92196819 21.68638171 21.61182903 24.08449304 21.31361829
 21.30740557 21.75472167 23.37624254 23.35760437 19.27584493 19.33797217
 19.8971173  20.46868787 20.18911531 20.05864811 19.6361829  22.25795229
 21.2639165  20.35685885 22.13369781 22.9972664  21.19557654 22.7611829
 18.57380716 18.13270378 19.28205765 20.20775348 20.82902584 20.95949304
 21.40059642 20.76689861 20.33200795 22.08399602 22.74875746 22.01565606
 21.99701789 23.99751491 22.82331014 20.71719682 18.46819085 20.92842942
 19.79150099 20.92842942 20.87251491 21.08374751 20.96570577 21.41302187
 21.46893638 23.9416004  22.63071571 23.56262425 22.95999006 18.48682903
 18.33151093 20.42519881 19.26341948 20.2388171  18.47440358 22.07157058
 20.11456262 19.9778827  22.73011928 20.3195825  22.41327038 21.46272366
 21.92246521 19.91575547 17.5611332  18.08921471 19.99652087 18.97142147
 20.77932406 19.58026839 22.43812127 21.5        21.13966203 22.25173956
 22.04671968 22.1833996  20.60536779 19.4000994  20.56187873 20.35685885
 20.93464215 20.59915507 21.02162028 21.81063618 19.82877734 19.45601392
 21.66774354 19.66724652 21.5        22.57480119 23.28305169 23.25198807
 19.37524851 18.80367793 20.4500497  20.20154076 19.4000994  20.1332008
 19.88469185 21.37574553 22.02808151 22.51888668 23.05318091 22.92271372
 23.39488072 22.77360835 19.17022863 20.41277336 19.65482107 19.40631213
 19.61133201 21.87897614 21.71744533 20.77311133 20.53702783 23.32032803
 23.35760437 22.53131213 23.06560636 21.82927435 19.33797217 19.43116302
 17.09517893 19.46843936 19.08946322 19.74801193 21.07132207 20.61779324
 22.20203777 20.99676938 20.76068588 21.78578529 22.12748509 22.61829026
 21.57455268 19.35661034]",40531.37394152442
2025-06-15 21:35:00+00:00,1295,3842.56,9.0,21.10751635443326,20.93638170974155,24.581510934393634,"[18.60487078 18.77882704 21.46893638 19.10188867 20.25745527 20.88494036
 20.33822068 22.38220676 19.96545726 23.15879722 22.25795229 21.71744533
 23.84840954 18.64835984 20.77932406 17.59219682 19.20750497 20.40034791
 21.13966203 21.06510934 22.64935388 20.40656064 20.87872763 23.68687873
 24.50695825 21.20800199 21.99080517 19.76043738 19.84741551 19.62375746
 19.40631213 20.4749006  19.00248509 22.02186879 21.72365805 20.87251491
 21.40680915 23.47564612 22.40705765 24.06585487 21.83548708 17.80342942
 19.54920477 18.54895626 19.74801193 20.96570577 19.44980119 20.83523857
 22.25173956 20.54324056 21.54348907 21.65531809 21.36332008 24.46968191
 22.83573559 22.04671968 18.33772366 18.14512922 20.2139662  19.51192843
 20.65506958 19.81013917 20.86630219 23.05939364 20.69234592 21.42544732
 21.12102386 22.45675944 23.1277336  23.48807157 17.92147117 19.31312127
 17.84691849 19.49329026 19.66724652 22.11505964 20.65506958 22.01565606
 22.00944334 21.08374751 22.48161034 22.48161034 22.97241551 23.8111332
 19.09567594 19.58648111 19.8722664  21.1583002  20.18911531 19.69831014
 21.16451292 20.16426441 21.40059642 22.00944334 21.35710736 23.07181909
 22.35114314 23.4694334  22.13991054 19.6361829  19.69831014 20.94706759
 20.555666   18.57380716 20.93464215 20.90979125 20.30094433 21.31361829
 20.59915507 23.04696819 22.40705765 21.21421471 24.58151093 19.41873757
 18.92793241 20.20775348 19.85362823 20.82902584 21.35710736 20.84145129
 21.20800199 20.555666   20.77311133 22.08399602 21.76093439 21.18315109
 23.3389662  18.81610338 18.62972167 18.83474155 18.28180915 21.19557654
 20.22639165 21.49378728 22.42569583 20.44383698 21.86033797 22.86058648
 20.89736581 23.38866799 22.33871769 18.16998012 18.62972167 20.07728628
 20.67992048 20.87872763 19.36282306 19.46222664 21.27634195 21.32604374
 20.79796223 23.0221173  22.01565606 22.79224652 22.77360835 22.64314115
 19.0583996  21.08996024 20.24502982 19.62997018 19.86605368 18.94035785
 20.1083499  22.14612326 20.81038767 22.64935388 22.26416501 22.58101392
 20.5805169  23.13394632 19.2944831  18.02087475 20.07107356 19.62375746
 20.57430417 21.86033797 18.62972167 20.88494036 21.43787276 22.04671968
 22.75497018 22.10263419 21.77957256 22.95377734 18.23210736 18.92171968
 20.1332008  17.72266402 19.44358847 20.66128231 20.63021869 21.02162028
 21.11481113 21.14587475 21.87276342 20.43141153 22.3138668  22.26416501
 22.53752485 21.06510934]",40506.9067153919
2025-06-15 21:36:00+00:00,1296,3829.83,9.0,21.06833291308506,20.89683772365805,25.25869781312127,"[19.20129225 20.06486083 20.84766402 19.47465209 19.30069583 21.20800199
 21.97837972 19.21371769 21.28255467 21.5        21.93489066 22.26416501
 21.82927435 18.02708748 18.44333996 19.79150099 21.05889662 20.60536779
 19.0832505  21.3695328  20.78553678 20.95328032 21.54348907 21.54970179
 22.01565606 22.17718688 22.09020875 19.00248509 19.85362823 18.48682903
 19.9778827  20.85387674 19.94681909 20.12698807 20.90357853 21.30740557
 21.30740557 22.38220676 22.35735586 21.027833   22.43812127 18.75397614
 21.00919483 19.41873757 19.85362823 20.44383698 21.25770378 20.20775348
 18.90929423 20.59915507 21.99701789 22.76739563 21.65531809 22.46297217
 22.27037773 23.99751491 19.51814115 20.45626243 17.82206759 18.35014911
 20.61779324 19.24478131 21.64289264 21.49378728 19.84120278 20.57430417
 24.04100398 22.86058648 20.66128231 23.00347913 18.90929423 18.32529821
 20.61158052 18.55516899 21.74229622 17.97738569 20.05243539 19.38146123
 19.80392644 21.95352883 21.45651093 21.83548708 22.09020875 22.36356859
 18.28802187 19.15159046 18.9527833  20.83523857 20.81038767 20.38792247
 20.80417495 20.89115308 20.53702783 20.61779324 21.972167   22.13369781
 21.89761431 20.51838966 23.18364811 18.42470179 18.06436382 19.49329026
 20.41277336 19.60511928 20.44383698 18.72291252 20.05864811 21.6056163
 22.17097416 22.94756461 21.77957256 22.67420477 21.2639165  20.66749503
 17.72887674 18.7166998  18.87201789 21.23906561 22.32629225 20.65506958
 21.08996024 23.88568588 21.07753479 22.9972664  22.1833996  23.27062624
 24.10934394 18.77882704 17.9276839  18.847167   21.56212724 20.23260437
 19.5305666  21.0526839  21.30740557 19.74801193 23.17743539 21.18315109
 21.25149105 20.90357853 23.07803181 19.8971173  18.40606362 19.17022863
 18.22589463 19.0832505  21.31361829 21.71744533 20.95328032 22.06535785
 22.75497018 21.5        22.81709742 21.34468191 23.45700795 22.72390656
 20.12698807 19.82256461 21.83548708 20.35064612 20.41277336 20.53081511
 21.74229622 20.73583499 19.78528827 21.54970179 21.72365805 22.8916501
 25.22763419 22.87301193 19.1640159  19.1888668  21.91625249 20.94085487
 21.41923459 21.68638171 21.77335984 21.49378728 22.40084493 21.49378728
 22.47539761 20.44383698 21.64910537 24.10934394 18.72912525 19.95924453
 19.78528827 19.67345924 20.94085487 20.94085487 21.37574553 19.91575547
 21.69880716 21.22664016 22.97862823 21.9473161  21.66774354 22.34493042
 25.25869781 19.32554672]",40375.814594017385
2025-06-15 21:37:00+00:00,1297,3799.6200000000003,9.0,20.977566344061586,20.802994532803176,24.705765407554672,"[19.38767396 19.38767396 19.41873757 19.23235586 19.6361829  19.62375746
 20.97813121 19.58648111 22.43812127 22.74875746 22.60586481 23.79870775
 22.9972664  19.13916501 18.35014911 20.60536779 19.7417992  21.12723658
 20.97191849 21.972167   19.30069583 19.6610338  21.7360835  21.22664016
 22.71769384 24.17147117 23.26441352 20.10213718 18.375      19.00869781
 19.61133201 20.56809145 20.70477137 21.20178926 21.43166004 19.80392644
 22.77360835 22.8916501  22.48782306 22.56858847 22.59965209 19.54920477
 20.23260437 18.94035785 21.32604374 19.6361829  19.33175944 20.1083499
 22.84816103 21.15208748 21.54970179 22.45675944 22.06535785 21.58076541
 22.94756461 22.25173956 20.67992048 21.70501988 18.26317097 19.82256461
 20.37549702 20.58672962 19.56163022 21.07753479 20.54324056 21.41923459
 20.88494036 21.99080517 22.33250497 22.6555666  18.27559642 20.00894632
 19.4249503  21.0526839  18.83474155 20.13941352 20.11456262 20.54945328
 21.01540755 20.36307157 21.51863817 21.96595427 21.89140159 22.24552684
 18.84095427 17.57977137 18.51167992 19.54299205 20.97813121 19.98409543
 19.98409543 21.90382704 19.77286282 21.08996024 21.07753479 21.76714712
 21.07132207 22.33250497 23.15879722 19.48086481 19.45601392 18.82852883
 20.13941352 19.95303181 21.08374751 18.46819085 20.05243539 20.79796223
 20.5805169  22.69284294 21.52485089 22.5250994  23.20228628 19.21371769
 18.69184891 18.99627237 18.76640159 19.07703777 21.20178926 20.86008946
 21.34468191 21.35710736 21.77957256 21.00298211 21.49378728 20.75447316
 23.22092445 18.68563618 20.48111332 20.66749503 21.61182903 21.05889662
 19.81635189 20.93464215 21.36332008 21.25770378 21.85412525 23.96023857
 22.35735586 24.01615308 23.81734592 17.48036779 18.45576541 18.34393638
 17.03926441 19.82256461 19.43737575 20.95328032 18.92171968 20.36307157
 21.88518887 22.8667992  20.83523857 22.69905567 21.25770378 24.70576541
 18.82852883 21.08996024 19.71694831 18.79125249 18.86580517 19.06461233
 20.89736581 21.38817097 21.91625249 22.98484095 21.04647117 22.94756461
 23.1028827  23.40730616 19.02733598 20.3444334  19.52435388 19.35661034
 20.53081511 19.66724652 20.99055666 20.82281312 19.84120278 21.40680915
 21.13966203 22.66177932 21.44408549 22.75497018 17.31262425 17.50521869
 18.97763419 20.5805169  19.99030815 20.76689861 20.94706759 20.18290258
 20.9222167  21.12723658 20.66749503 22.89786282 22.92271372 23.61232604
 22.94135189 19.36282306]",40072.14596069243
2025-06-15 21:38:00+00:00,1298,3817.9700000000003,9.0,21.03010360654976,20.859996272365805,24.84865805168986,"[19.60511928 21.79821074 19.43116302 19.94060636 22.25173956 22.08399602
 20.95949304 22.03429423 21.86033797 21.38195825 22.35735586 21.72365805
 23.89189861 18.72912525 18.69806163 18.64214712 19.5305666  20.92842942
 20.2388171  21.59319085 20.26988072 20.10213718 20.92842942 21.89761431
 20.72962227 22.4194831  23.28305169 18.07678926 18.0084493  18.90929423
 21.25149105 19.68588469 20.02758449 20.67992048 21.46272366 22.35114314
 21.92246521 21.10238569 20.65506958 24.84865805 24.40755467 19.35661034
 18.0084493  19.86605368 17.94632207 19.1888668  18.89065606 20.61779324
 20.61779324 20.62400596 21.96595427 21.18936382 21.76093439 24.06585487
 22.6804175  22.36978131 18.99627237 19.46843936 19.44980119 19.35661034
 20.04622266 21.04025845 21.20178926 21.16451292 22.20203777 21.43787276
 21.79821074 22.91028827 22.40084493 21.32604374 18.25074553 20.33822068
 19.02112326 19.28205765 20.17047714 21.28255467 20.05243539 21.69880716
 21.45651093 20.76689861 22.05293241 23.18986083 22.53752485 24.59393638
 18.56759443 19.82877734 18.08921471 21.04025845 18.94035785 20.57430417
 20.53702783 22.72390656 21.05889662 19.36903579 22.91650099 21.36332008
 22.94756461 23.17743539 23.53156064 16.77833002 19.91575547 21.33225646
 20.58672962 19.02733598 21.09617296 21.56212724 21.25149105 21.69259443
 21.63667992 21.51863817 23.51913519 22.26416501 22.4194831  20.07728628
 18.47440358 19.91575547 19.86605368 22.02186879 19.06461233 20.96570577
 20.82902584 20.08349901 21.33225646 21.45029821 22.50646123 21.37574553
 21.84791252 19.47465209 19.71694831 20.2139662  20.37549702 19.59269384
 20.60536779 19.60511928 19.07082505 20.90357853 21.48136183 22.26416501
 20.38792247 22.25173956 23.3389662  18.61729622 19.21371769 19.2944831
 20.0027336  18.94035785 21.09617296 21.18936382 21.1334493  20.74826044
 20.64264414 21.99080517 21.82927435 23.00969185 22.7611829  23.82977137
 20.04622266 19.62375746 20.69855865 18.93414513 21.24527833 21.24527833
 20.06486083 20.73583499 21.30119284 21.18936382 20.86630219 20.82281312
 22.6555666  23.87326044 18.78503976 17.69781312 19.41873757 20.06486083
 18.87201789 20.02758449 20.90979125 21.71744533 21.87897614 19.9778827
 22.72390656 21.6304672  23.8359841  22.50024851 17.37475149 18.44955268
 18.10785288 19.07082505 20.46868787 20.10213718 20.09592445 21.76714712
 20.46247515 21.41923459 21.52485089 22.30765408 23.00347913 23.51913519
 20.88494036 20.09592445]",40247.914626072874
2025-06-15 21:39:00+00:00,1299,3782.7200000000003,9.0,20.924466103054627,20.75049701789264,24.74304174950298,"[20.07107356 19.75422465 18.36878728 20.08349901 19.67345924 21.91003976
 21.33846918 21.78578529 19.61754473 22.53131213 22.12127237 23.58747515
 22.53752485 19.03354871 17.37475149 19.00248509 19.59269384 20.33200795
 19.72316103 21.45651093 22.40084493 22.53131213 22.12127237 20.20154076
 23.45079523 22.61829026 22.72390656 18.98384692 19.8971173  18.45576541
 19.60511928 18.95899602 20.48111332 21.28255467 20.12698807 22.35735586
 21.7112326  21.42544732 21.37574553 24.35785288 22.32007952 17.94010934
 19.37524851 19.2944831  18.88444334 19.57405567 21.24527833 21.32604374
 21.45651093 19.72316103 22.02808151 22.34493042 22.22067594 24.74304175
 21.15208748 23.23956262 19.6610338  19.6361829  19.32554672 19.43737575
 18.52410537 19.48086481 22.10263419 19.56163022 22.50024851 20.61779324
 21.8665507  23.09666998 22.13369781 22.02808151 17.97117296 18.22589463
 20.18911531 19.64239563 21.81063618 18.98384692 19.54299205 21.2639165
 20.89736581 22.7860338  22.45054672 23.13394632 22.49403579 22.92271372
 17.83449304 19.17644135 18.74776342 21.13966203 18.13270378 19.58648111
 21.83548708 19.69209742 20.82902584 22.04050696 22.61829026 23.61232604
 21.72365805 22.4194831  22.58722664 19.41873757 18.62972167 19.35661034
 21.66774354 19.50571571 19.23235586 20.29473161 20.17668986 21.3943837
 19.80392644 20.90357853 21.79199801 23.88568588 22.42569583 17.26292247
 18.2445328  19.49329026 20.59294235 21.30119284 20.36928429 19.71694831
 21.92867793 20.51217694 21.43787276 21.8665507  21.49378728 22.16476143
 24.10313121 18.80989066 17.38096421 18.05193837 19.91575547 21.63667992
 18.56759443 21.50621272 19.80392644 21.64289264 19.96545726 21.56833996
 21.44408549 21.47514911 22.59965209 19.77286282 19.28827038 20.10213718
 19.1640159  20.10213718 18.97763419 20.48732604 20.69855865 20.72962227
 20.4749006  23.25198807 21.17693837 23.05939364 21.1583002  23.20228628
 18.31287276 18.00223658 20.6861332  18.67321074 20.38792247 20.90979125
 22.34493042 19.03976143 21.46893638 20.36307157 23.60611332 21.27012922
 22.07157058 21.43166004 18.21346918 19.19507952 20.39413519 17.94632207
 19.8722664  20.40656064 20.99676938 21.59319085 22.99105368 22.26416501
 20.67992048 21.36332008 22.27659046 22.99105368 19.39388668 18.78503976
 19.15780318 18.82852883 20.67992048 18.36878728 21.76714712 20.82902584
 22.28280318 19.9778827  22.42569583 21.51863817 22.17718688 22.30765408
 22.34493042 18.41848907]",39894.49379437955
2025-06-15 21:40:00+00:00,1300,3773.84,9.0,20.89664883198325,20.722912524850894,24.40755467196819,"[18.72912525 18.90929423 18.0333002  20.42519881 18.58001988 18.88444334
 21.45651093 21.34468191 22.49403579 22.58722664 21.49378728 20.95949304
 22.94756461 19.07703777 20.14562624 18.87201789 20.22639165 22.03429423
 20.35685885 21.28255467 20.48111332 22.12127237 21.68016899 22.25173956
 24.40755467 22.7611829  21.6056163  19.05218688 19.85362823 17.68538767
 17.77857853 19.68588469 19.98409543 21.08996024 19.98409543 20.49353877
 20.2388171  21.68638171 21.97837972 24.14040755 23.00347913 17.30641153
 17.46794235 19.38146123 19.81635189 20.89736581 20.46247515 19.43116302
 19.7417992  19.8971173  20.89736581 20.4500497  23.86083499 22.01565606
 22.48782306 21.13966203 19.7417992  18.27559642 20.76689861 21.99701789
 20.14562624 19.84741551 20.72962227 22.444334   21.37574553 22.16476143
 22.40084493 22.0777833  23.67445328 23.51292247 18.21346918 19.64860835
 19.12673956 18.52410537 20.20775348 20.79796223 17.44930417 20.75447316
 21.1334493  22.30144135 21.31983101 23.40109344 23.01590457 23.38866799
 17.6667495  19.0832505  21.04647117 21.30119284 20.60536779 19.43116302
 20.36928429 21.59319085 20.10213718 22.82952286 21.40680915 20.97813121
 22.07157058 21.13966203 23.79249503 18.75397614 21.0526839  20.64264414
 19.07703777 19.22614314 19.39388668 23.02833002 19.92196819 21.85412525
 22.24552684 20.87872763 22.56858847 23.49428429 21.36332008 18.99005964
 20.07107356 18.54895626 21.6304672  21.45651093 19.57405567 20.75447316
 20.80417495 20.16426441 22.39463221 20.30715706 20.59294235 24.35785288
 22.58722664 18.02708748 19.41873757 19.5305666  18.76018887 18.94035785
 20.7109841  19.96545726 19.72937376 20.91600398 21.82927435 20.08971173
 21.35089463 21.76714712 21.17072565 18.36257455 20.13941352 20.42519881
 18.97142147 18.07057654 20.44383698 20.30715706 19.81013917 21.42544732
 18.54895626 22.32007952 20.7109841  22.95377734 21.02162028 24.13419483
 18.43091451 18.95899602 18.29423459 19.62375746 20.54945328 21.09617296
 19.4000994  21.13966203 21.2887674  22.25173956 22.17718688 21.90382704
 21.40680915 23.01590457 17.59219682 18.53653082 20.41277336 21.14587475
 20.05243539 19.13916501 20.86008946 21.29498012 21.45029821 22.3138668
 20.42519881 23.15879722 21.77957256 22.30144135 19.65482107 18.80367793
 18.69184891 20.99055666 19.67345924 19.90954274 19.61754473 20.7917495
 21.05889662 23.16500994 20.38792247 22.04050696 22.97241551 22.09020875
 22.58722664 18.64835984]",39801.42833228316
2025-06-15 21:41:00+00:00,1301,3798.08,9.0,20.966571369254464,20.79821073558648,24.637425447316105,"[19.70452286 20.91600398 20.89736581 19.40631213 22.15854871 20.39413519
 21.56212724 20.07728628 20.72962227 20.41898608 22.23310139 21.78578529
 23.22092445 18.08300199 19.02112326 18.9527833  21.19557654 19.79150099
 20.62400596 20.41898608 19.87847913 21.76714712 22.04050696 22.444334
 21.45029821 22.02186879 21.9473161  18.38742545 18.15134195 18.94657058
 18.43712724 20.66128231 22.3138668  19.33797217 20.78553678 20.40656064
 20.38792247 20.05243539 20.91600398 22.444334   22.27659046 19.90333002
 19.54920477 18.30044732 19.26341948 19.17022863 20.73583499 20.18290258
 18.97763419 21.30119284 22.27037773 21.13966203 20.69234592 22.57480119
 22.98484095 22.55616302 16.70377734 21.41302187 19.38767396 20.85387674
 19.41252485 20.89736581 20.99676938 21.35089463 21.0526839  22.04050696
 22.64935388 21.45029821 22.59965209 23.38866799 19.67967197 19.48707753
 19.38146123 17.61704771 20.41277336 19.19507952 19.37524851 21.23285288
 21.72987078 22.444334   20.70477137 22.38841948 21.69259443 22.04671968
 19.18265408 19.62997018 18.87201789 20.12077535 20.83523857 18.21968191
 20.46247515 21.24527833 20.19532803 21.93489066 22.03429423 19.64860835
 21.78578529 22.58101392 24.63742545 19.56784294 18.89065606 19.8722664
 19.79150099 20.69855865 21.0526839  20.53702783 20.01515905 21.48136183
 22.80467197 20.98434394 23.61853877 21.75472167 22.89786282 19.02733598
 19.52435388 20.35064612 19.72937376 18.97142147 19.69831014 21.3695328
 21.00298211 21.72365805 22.22067594 23.50670974 22.73011928 21.76714712
 21.66774354 19.09567594 19.92196819 19.67967197 20.22017893 20.1332008
 19.95924453 22.87301193 22.5250994  20.71719682 22.99105368 21.64910537
 21.15208748 22.38220676 23.37624254 17.9276839  20.13941352 17.71023857
 19.51192843 21.07753479 20.08971173 21.3943837  20.90979125 22.56858847
 21.29498012 21.68016899 20.74826044 22.02186879 22.2890159  23.98508946
 18.93414513 19.9778827  20.41277336 18.96520875 19.71073559 20.35064612
 21.62425447 21.43787276 22.77360835 21.00298211 22.71769384 23.3638171
 22.95377734 24.0472167  18.86580517 18.66699801 19.79150099 20.15805169
 18.68563618 20.53702783 20.98434394 21.29498012 23.50049702 20.64264414
 22.15233598 21.20800199 22.27037773 21.46272366 19.28827038 18.28802187
 18.26317097 18.08300199 19.82256461 18.36878728 19.64239563 21.62425447
 20.70477137 21.32604374 20.77311133 22.37599404 22.95999006 22.05293241
 20.87251491 20.20154076]",40035.361172977726
2025-06-15 21:42:00+00:00,1302,3725.89,9.0,20.751926029332093,20.573962475149106,23.86083499005964,"[20.11456262 20.72962227 18.53653082 19.71073559 20.41898608 20.77932406
 20.56187873 21.25770378 22.12748509 21.58076541 22.62450298 23.18986083
 22.61829026 20.09592445 18.22589463 20.02137177 19.79150099 20.37549702
 19.51814115 20.51838966 20.77311133 18.97142147 21.9473161  22.47539761
 20.61158052 22.04050696 23.17122266 17.44930417 18.7415507  18.76018887
 17.75372763 19.77907555 18.47440358 21.43166004 21.23906561 20.4749006
 20.26988072 20.00894632 20.02137177 22.60586481 22.23931412 17.75994036
 20.59915507 19.48086481 18.35014911 20.30715706 20.52460239 20.98434394
 21.53106362 22.86058648 22.72390656 20.3444334  21.53106362 23.09666998
 22.50024851 23.04696819 18.35636183 21.20800199 23.46322068 18.88444334
 18.74776342 18.71048708 19.69209742 20.70477137 22.66799205 21.5
 20.84766402 21.62425447 22.32629225 23.20228628 17.48036779 19.84741551
 19.03976143 21.49378728 18.83474155 20.97813121 18.84095427 21.06510934
 22.84194831 20.84145129 20.89115308 20.40656064 20.93464215 23.2333499
 17.98359841 18.22589463 18.10164016 21.33846918 20.45626243 19.96545726
 19.76043738 19.1888668  19.56784294 19.6361829  20.59294235 21.87897614
 22.87301193 23.86083499 21.95974155 19.44980119 19.83499006 18.36878728
 20.09592445 20.17668986 18.82852883 19.46222664 21.17072565 20.37549702
 22.11505964 21.08996024 22.04050696 22.62450298 23.18986083 18.54274354
 18.02708748 18.23832008 20.01515905 19.68588469 20.43141153 19.67967197
 20.30094433 19.91575547 20.95328032 22.53131213 20.70477137 21.85412525
 22.83573559 20.25745527 18.0084493  19.75422465 18.92171968 19.85362823
 20.08349901 19.85362823 22.6555666  23.69309145 20.9222167  23.76143141
 21.84791252 22.84816103 22.11505964 17.38096421 19.99030815 19.86605368
 18.85337972 19.02112326 21.77957256 18.00223658 20.3195825  20.75447316
 22.36356859 20.20154076 21.11481113 22.0777833  22.9972664  19.85984095
 17.98981113 19.64239563 20.58672962 21.09617296 19.92196819 19.10810139
 20.1332008  19.73558648 21.58697813 20.99055666 20.38170974 21.43166004
 21.76714712 22.16476143 18.26317097 18.31287276 19.72316103 19.69831014
 18.51789264 19.81635189 19.40631213 19.99652087 22.16476143 21.68638171
 21.51242545 22.74875746 22.15233598 22.58101392 18.51789264 17.82206759
 18.4806163  19.49950298 19.99030815 21.27634195 20.29473161 21.66153082
 20.46868787 20.30094433 20.77311133 22.81709742 21.8416998  22.53131213
 23.04696819 18.92171968]",39317.24372373345
2025-06-15 21:43:00+00:00,1303,3687.87,9.0,20.638119154985787,20.45585859840954,23.78006958250497,"[19.30690855 19.36282306 19.05218688 20.43141153 21.69259443 21.90382704
 20.3444334  21.64289264 21.81684891 22.43812127 21.76714712 22.38220676
 23.22092445 18.64835984 17.74130219 19.61754473 20.40034791 19.57405567
 21.18315109 18.98384692 19.27584493 21.54348907 20.22017893 22.10884692
 21.66774354 20.42519881 22.17718688 17.75994036 20.10213718 19.46222664
 19.6610338  18.81610338 18.05193837 18.75397614 20.97191849 20.77932406
 21.85412525 19.2944831  21.00919483 21.3695328  22.74254473 18.75397614
 18.96520875 19.75422465 20.32579523 18.65457256 19.41252485 22.04671968
 19.75422465 18.95899602 22.48161034 21.41302187 20.40656064 20.33200795
 22.97862823 21.70501988 20.01515905 18.31908549 20.29473161 19.35039761
 20.26988072 19.72937376 20.05864811 20.05243539 20.19532803 21.1583002
 21.58697813 22.35735586 22.36356859 22.25173956 17.93389662 18.15134195
 17.49900596 19.24478131 18.68563618 19.35039761 20.77311133 21.46272366
 21.89140159 21.66153082 21.85412525 21.92867793 20.22639165 23.78006958
 18.33772366 19.40631213 20.26988072 20.06486083 19.46843936 18.94035785
 21.64910537 19.60511928 20.15183897 21.45029821 20.42519881 22.04671968
 22.79224652 22.51888668 23.43836978 19.59890656 18.31908549 19.49329026
 18.4806163  21.00298211 20.07107356 19.90333002 20.50596421 19.85362823
 21.74229622 21.33225646 21.91003976 21.54348907 22.87922465 16.58573559
 18.20104374 20.20154076 18.29423459 19.24478131 19.40631213 22.07157058
 20.14562624 20.64264414 19.92818091 20.01515905 22.14612326 20.56187873
 20.8166004  18.15134195 19.71073559 19.33797217 20.48732604 20.61158052
 20.4749006  20.40656064 20.70477137 22.3138668  23.07181909 21.41302187
 19.7666501  21.48136183 22.2082505  19.51192843 18.09542744 20.53702783
 19.59890656 18.94035785 21.55591451 22.08399602 19.64860835 21.02162028
 20.7109841  20.82902584 21.8416998  22.0777833  20.64885686 22.13991054
 17.84070577 18.10164016 19.23235586 18.52410537 19.25720676 19.98409543
 18.92793241 22.17097416 21.47514911 22.10263419 20.91600398 20.89115308
 21.82927435 22.93513917 18.70427435 17.72887674 20.74826044 18.41848907
 21.12723658 19.89090457 21.06510934 19.33175944 19.77286282 21.19557654
 22.35114314 21.74229622 21.82927435 23.30168986 18.67942346 18.15755467
 19.85362823 20.02137177 20.39413519 19.52435388 22.69284294 20.26988072
 20.19532803 22.29522863 20.77311133 21.59319085 20.7109841  22.86058648
 20.27609344 18.68563618]",38936.49144492045
2025-06-15 21:44:00+00:00,1304,3722.75,9.0,20.739444700789463,20.564208499005964,23.835984095427435,"[18.23832008 19.17022863 19.05218688 18.99627237 20.07728628 18.52410537
 20.09592445 20.33822068 21.24527833 21.10238569 21.89761431 21.31361829
 22.63071571 18.36257455 18.47440358 18.39985089 18.44955268 19.4000994
 20.82281312 21.04647117 20.09592445 21.05889662 21.80442346 22.86058648
 21.40680915 22.97862823 22.14612326 17.77857853 17.75372763 20.12698807
 20.35685885 21.68638171 20.60536779 20.79796223 20.25745527 20.53702783
 20.91600398 22.23931412 21.91003976 21.64910537 21.74229622 18.9527833
 17.98359841 18.0333002  19.5554175  20.18290258 19.99652087 20.05243539
 20.50596421 21.25149105 22.05914513 21.89761431 22.54373757 20.64885686
 23.14637177 22.87301193 19.52435388 20.94706759 19.34418489 18.56759443
 21.20800199 19.79150099 21.12102386 21.57455268 21.46272366 21.32604374
 23.15879722 21.07753479 21.57455268 22.48161034 17.61704771 19.33797217
 20.66128231 18.66699801 20.41898608 18.28802187 19.58648111 19.69831014
 21.2639165  22.11505964 21.31361829 21.53727634 21.10859841 22.10263419
 19.7417992  18.93414513 19.57405567 20.87872763 18.09542744 21.38195825
 20.2139662  21.66774354 19.33175944 23.63096421 21.04647117 22.53752485
 22.83573559 20.6861332  22.59343936 18.4806163  19.19507952 19.18265408
 18.51167992 19.05218688 20.96570577 19.46843936 19.79150099 21.10238569
 20.95328032 20.51838966 22.79224652 20.93464215 23.39488072 19.44980119
 17.77236581 19.96545726 18.61729622 20.27609344 19.32554672 19.75422465
 20.67992048 20.59294235 21.63667992 21.06510934 21.972167   22.24552684
 23.71794235 17.31262425 18.67942346 19.13916501 19.41252485 17.59219682
 22.30765408 19.02112326 21.58076541 20.58672962 22.02186879 21.99701789
 22.94756461 21.44408549 23.76764414 17.55492048 20.87251491 21.36332008
 18.46819085 18.41227634 19.43737575 21.72365805 22.84194831 21.1583002
 21.74229622 21.96595427 22.2082505  21.59940358 21.94110338 23.16500994
 18.39363817 18.63593439 20.17047714 20.42519881 18.34393638 20.20775348
 20.74826044 20.56809145 20.73583499 20.29473161 22.444334   23.17122266
 22.22067594 22.10263419 17.96496024 18.67942346 19.21371769 19.20129225
 19.12052684 20.8166004  18.53653082 20.19532803 20.94085487 21.98459245
 20.22017893 23.0221173  22.73011928 23.8359841  18.89065606 18.72291252
 18.59244533 19.60511928 21.31983101 19.82877734 21.55591451 20.79796223
 21.52485089 19.88469185 20.31336978 20.46868787 22.96620278 21.76714712
 20.91600398 19.02733598]",39275.48619096122
2025-06-15 21:45:00+00:00,1305,3735.64,9.0,20.775878157076953,20.604249502982107,24.314363817097416,"[18.80367793 19.91575547 19.7666501  20.23260437 18.84095427 19.93439364
 21.53106362 22.46297217 21.89761431 20.97813121 22.12127237 22.14612326
 22.22067594 19.4249503  18.11406561 19.5305666  19.74801193 20.45626243
 19.82877734 20.79796223 20.94085487 22.73633201 23.18986083 20.67370775
 21.43166004 22.50646123 22.00944334 18.93414513 18.35014911 16.79075547
 19.48707753 20.73583499 19.64239563 20.66749503 20.29473161 19.1640159
 19.7666501  21.51863817 22.28280318 20.13941352 24.03479125 18.29423459
 19.12052684 19.36903579 19.36282306 18.62972167 18.63593439 21.04025845
 19.99652087 19.59890656 19.09567594 18.56759443 19.99030815 21.68016899
 22.09642147 21.22042744 19.30069583 20.63021869 19.20750497 19.38767396
 19.91575547 21.61804175 19.28827038 20.88494036 23.21471173 20.72340954
 21.42544732 22.14612326 22.01565606 22.22688867 16.5111829  18.69806163
 20.54324056 20.05243539 22.36978131 19.49329026 19.93439364 20.64885686
 20.22017893 20.60536779 23.01590457 21.33846918 21.54970179 22.10884692
 18.26317097 20.57430417 18.25695825 19.05218688 20.19532803 19.21371769
 18.80989066 20.95328032 19.58026839 22.12748509 21.23285288 23.45700795
 24.31436382 21.5        23.09045726 20.38792247 18.54895626 20.05864811
 19.46843936 21.31361829 21.46893638 22.35114314 20.74204771 19.24478131
 21.61804175 21.38195825 21.31983101 23.82355865 22.94756461 18.45576541
 17.81585487 20.02137177 19.62997018 21.02162028 19.76043738 20.51838966
 19.90954274 22.8916501  21.2887674  21.45651093 22.20203777 21.28255467
 22.36356859 17.17594433 18.67942346 19.59890656 21.08996024 19.91575547
 20.27609344 19.20129225 21.43787276 22.05293241 22.06535785 22.58722664
 21.54348907 21.48136183 23.09666998 19.57405567 20.08971173 18.57380716
 18.69184891 19.17022863 20.89115308 20.90979125 21.22664016 20.97813121
 21.24527833 21.08996024 20.99055666 21.82306163 21.95974155 22.61207753
 19.82877734 17.80964215 18.79746521 19.5554175  20.63643141 21.23285288
 18.90308151 19.89090457 21.3943837  21.79199801 22.27037773 23.26441352
 22.21446322 22.80467197 19.74801193 20.35685885 20.41898608 19.64239563
 19.10810139 19.9778827  21.92867793 18.79746521 21.00919483 19.6361829
 19.76043738 21.10859841 21.92867793 20.82902584 17.75372763 17.16351889
 19.48086481 20.05864811 19.44358847 18.66078529 22.25173956 20.49975149
 21.06510934 21.97837972 21.1583002  22.67420477 23.50670974 24.06585487
 22.46297217 20.2139662 ]",39397.377962316656
2025-06-15 21:46:00+00:00,1306,3737.41,9.0,20.77949739984206,20.60974776341948,24.14662027833002,"[18.60487078 19.32554672 19.54920477 20.49975149 19.81013917 20.97191849
 20.69855865 22.34493042 20.22017893 22.42569583 20.69234592 19.27584493
 20.92842942 19.94681909 17.84691849 19.9778827  20.01515905 19.8722664
 19.6361829  20.86630219 23.11530815 20.7109841  22.04050696 20.28851889
 20.49975149 21.81063618 22.62450298 18.87823062 18.6110835  20.05864811
 19.6610338  20.12698807 20.48111332 21.76093439 19.97166998 20.18911531
 21.95352883 22.38220676 21.06510934 20.43141153 23.87326044 18.39985089
 18.53031809 20.05243539 20.02137177 19.59269384 20.48732604 19.49329026
 20.08971173 20.82281312 20.04622266 21.89140159 21.98459245 21.66774354
 23.54398608 22.70526839 18.2693837  20.25745527 17.6916004  19.32554672
 21.00298211 21.12102386 19.56163022 21.0526839  22.23310139 20.89115308
 20.86630219 20.17668986 22.61207753 23.53156064 19.17022863 18.89065606
 19.36903579 20.25745527 19.07703777 22.39463221 18.67942346 19.44980119
 21.27634195 19.77907555 20.86630219 21.58076541 22.95377734 20.97191849
 18.79125249 18.75397614 19.81635189 18.93414513 17.70402584 19.52435388
 20.25745527 20.76689861 21.29498012 21.027833   21.07753479 21.2639165
 23.05318091 23.42594433 21.22042744 19.20750497 19.50571571 19.30069583
 19.41873757 20.49353877 19.30069583 22.36356859 20.58672962 20.69234592
 22.24552684 22.02808151 21.87276342 24.14662028 22.01565606 19.65482107
 20.63643141 18.18861829 19.58026839 20.05864811 20.7109841  21.00298211
 20.43762425 20.555666   20.93464215 19.85362823 22.08399602 22.94135189
 23.76764414 20.20154076 19.35039761 18.81610338 17.89662028 18.53653082
 20.39413519 19.95303181 19.90333002 21.08374751 20.6861332  20.83523857
 22.99105368 21.86033797 22.59965209 20.31336978 17.70402584 19.85984095
 20.22639165 18.87201789 20.51217694 18.86580517 21.89761431 20.10213718
 19.74801193 22.79845924 21.54970179 22.25795229 22.96620278 23.49428429
 18.80989066 17.22564612 20.88494036 19.68588469 18.66699801 20.48111332
 19.72316103 21.5        20.22639165 20.64264414 21.17072565 20.9222167
 22.13369781 23.51292247 19.20129225 20.43762425 19.00248509 20.46868787
 20.78553678 18.63593439 19.78528827 21.99080517 21.59940358 22.30765408
 21.94110338 21.46893638 22.10884692 21.81684891 18.61729622 19.28827038
 17.78479125 21.92867793 19.95303181 21.54348907 17.72887674 20.4749006
 21.51863817 20.04622266 22.48782306 22.45675944 22.32629225 22.04671968
 23.20228628 19.95303181]",39409.48650091159
2025-06-15 21:47:00+00:00,1307,3731.4300000000003,9.0,20.760247477020243,20.591171719681906,24.419980119284293,"[18.13270378 19.84120278 20.13941352 20.65506958 20.03379722 20.89736581
 19.59890656 22.62450298 19.9778827  20.3444334  20.54945328 23.24577535
 22.45054672 19.44980119 19.07082505 19.35661034 19.87847913 20.93464215
 19.71694831 19.99652087 19.61754473 23.63096421 20.01515905 22.39463221
 21.62425447 21.33225646 23.07181909 19.45601392 18.82852883 19.92818091
 19.1640159  20.70477137 19.43116302 19.38146123 21.03404573 22.17097416
 21.31983101 21.53727634 21.43166004 22.77982107 24.41998012 16.59816103
 19.58648111 18.99627237 20.18290258 20.17668986 18.83474155 21.53727634
 19.2944831  19.06461233 20.04000994 21.12723658 22.15233598 21.57455268
 23.15879722 23.2333499  19.04597416 18.77261431 18.72291252 19.38146123
 20.25124254 21.8665507  21.23906561 23.14015905 20.80417495 21.78578529
 21.03404573 20.35685885 22.58722664 21.56212724 19.75422465 19.27584493
 19.27584493 19.50571571 20.32579523 20.86008946 19.39388668 20.29473161
 20.72962227 21.49378728 21.23285288 21.74850895 21.92867793 21.38195825
 19.23856859 18.81610338 18.72291252 20.76689861 20.61779324 20.15183897
 21.04025845 19.1888668  20.40656064 20.53702783 22.05914513 22.05914513
 23.09666998 23.45079523 22.02808151 19.20129225 18.79746521 19.71073559
 19.85984095 18.65457256 19.27584493 20.72340954 18.08921471 19.96545726
 22.94135189 21.92867793 23.14015905 21.59940358 22.45054672 18.0333002
 18.7166998  18.74776342 19.82256461 19.68588469 20.81038767 20.13941352
 21.30119284 18.71048708 21.41923459 22.16476143 23.50670974 21.10859841
 23.22713718 18.16998012 18.95899602 17.63568588 21.2639165  18.80367793
 19.79150099 21.95974155 21.33225646 20.30715706 20.25124254 20.69234592
 21.14587475 20.4749006  22.43190855 19.59890656 19.84741551 19.72937376
 19.92818091 18.62350895 20.66128231 20.56187873 22.32007952 21.7360835
 21.83548708 22.51888668 22.33871769 22.60586481 22.73633201 22.01565606
 17.78479125 19.20129225 19.52435388 17.64811133 19.83499006 21.23906561
 21.10238569 21.45029821 18.90929423 22.20203777 21.51863817 21.46893638
 22.30765408 21.56833996 17.9276839  19.02733598 19.50571571 20.61779324
 18.44955268 19.02112326 19.17644135 22.30765408 20.2139662  20.13941352
 21.79821074 21.90382704 21.3695328  21.86033797 19.52435388 17.0889662
 18.11406561 20.25745527 19.72937376 20.22639165 21.31983101 22.27659046
 22.35114314 20.74826044 21.10859841 22.35735586 21.65531809 21.40680915
 23.05318091 18.2693837 ]",39345.08395911893
2025-06-15 21:48:00+00:00,1308,3701.09,9.0,20.66911158264314,20.49692470178926,23.705516898608348,"[18.73533797 19.34418489 20.62400596 20.36307157 19.0583996  21.97837972
 20.57430417 21.89761431 22.75497018 22.59343936 21.85412525 21.79199801
 22.40705765 21.11481113 18.21346918 16.54845924 17.92147117 19.44980119
 20.73583499 21.8416998  19.21993042 20.33822068 21.56833996 22.09642147
 22.10263419 21.37574553 21.63667992 18.39985089 18.35014911 20.5805169
 19.91575547 21.04025845 19.81013917 21.37574553 19.00869781 21.07753479
 21.94110338 22.15233598 21.61804175 23.10909543 22.02186879 18.71048708
 19.79150099 19.07082505 19.45601392 19.36282306 20.52460239 20.84145129
 20.12077535 20.3444334  20.38792247 21.0526839  21.30740557 23.00347913
 23.24577535 21.95974155 19.19507952 20.4749006  19.79150099 20.08349901
 18.55516899 19.51814115 19.20129225 20.89736581 21.972167   20.94706759
 23.18364811 21.8665507  21.00919483 21.63667992 17.96496024 19.03976143
 19.86605368 19.07703777 17.88419483 20.36928429 21.18936382 19.52435388
 22.07157058 22.45054672 21.72987078 21.92867793 22.40705765 22.54373757
 19.0583996  17.72887674 18.375      21.45651093 19.89090457 21.71744533
 18.29423459 20.40656064 21.94110338 20.08971173 21.08374751 20.66128231
 21.66774354 22.06535785 22.74875746 17.98359841 20.36928429 19.84120278
 18.60487078 20.35064612 18.27559642 20.69234592 21.69880716 21.31361829
 19.97166998 21.2887674  21.10859841 22.42569583 23.47564612 19.12673956
 18.56138171 18.20725646 20.00894632 18.72912525 21.1583002  22.48161034
 20.96570577 20.07728628 21.45651093 22.46918489 20.12698807 21.87276342
 21.18315109 18.80989066 17.3499006  19.28205765 19.67345924 21.56833996
 20.63021869 18.94657058 19.43116302 21.32604374 19.22614314 20.29473161
 22.35735586 21.44408549 22.22067594 17.5611332  19.84120278 19.12052684
 18.31908549 19.94681909 20.87251491 19.5305666  20.04622266 21.13966203
 22.03429423 21.55591451 21.08374751 22.41327038 23.49428429 23.09666998
 17.39338966 18.28802187 21.87276342 19.56784294 19.44358847 22.61207753
 20.99676938 18.65457256 21.06510934 20.73583499 21.20178926 21.30119284
 20.88494036 23.42594433 20.11456262 18.91550696 18.84095427 19.92818091
 18.54895626 19.71694831 21.027833   19.33175944 20.94085487 20.66749503
 20.89115308 20.94085487 20.64264414 21.54970179 18.30044732 18.62350895
 18.80989066 19.48707753 20.42519881 17.98359841 20.66749503 18.79125249
 19.5554175  19.56784294 21.2639165  22.97241551 22.40084493 23.7055169
 21.50621272 18.09542744]",39040.179710890894
2025-06-15 21:49:00+00:00,1309,3661.97,9.0,20.552067008627215,20.375403827037772,24.33921471172962,"[18.07678926 18.13270378 19.49329026 18.7415507  20.31336978 20.54324056
 19.26341948 21.45029821 20.46868787 22.5499503  22.2890159  21.65531809
 21.7112326  18.52410537 19.14537773 19.82877734 19.35039761 21.30740557
 20.48732604 18.36878728 21.8416998  21.77957256 20.45626243 21.6304672
 21.09617296 22.50646123 22.10263419 18.70427435 18.98384692 19.99652087
 18.20725646 19.06461233 19.90333002 20.18290258 20.555666   22.47539761
 21.08374751 21.22042744 20.75447316 21.19557654 22.15233598 17.6667495
 19.69831014 18.26317097 19.58648111 20.69234592 20.81038767 20.6861332
 22.27659046 22.08399602 22.24552684 21.17072565 21.49378728 23.00347913
 21.64289264 22.51888668 19.20129225 18.90929423 19.44980119 20.2388171
 19.64860835 19.52435388 20.66128231 19.79150099 22.7611829  20.31336978
 21.20178926 22.444334   22.46918489 22.30765408 18.21968191 18.53031809
 18.97142147 18.21968191 19.58648111 18.1389165  19.24478131 19.58026839
 20.85387674 21.48136183 21.87276342 20.43141153 20.94706759 22.23310139
 16.39935388 17.62947316 19.75422465 19.0583996  19.04597416 19.51192843
 19.64239563 20.56809145 18.77882704 19.62375746 21.36332008 20.06486083
 21.8665507  22.56237575 20.82902584 20.29473161 19.15159046 19.15159046
 20.42519881 20.69234592 21.53106362 21.30740557 21.51242545 20.24502982
 20.99055666 21.40059642 21.82306163 20.81038767 24.33921471 18.53031809
 20.1083499  20.51838966 20.73583499 20.12698807 20.73583499 18.31287276
 19.77286282 20.74204771 21.49378728 20.02137177 22.77360835 22.27037773
 22.50646123 18.09542744 19.30690855 17.96496024 18.41227634 19.85984095
 19.28827038 19.95924453 20.77932406 22.11505964 20.86630219 20.75447316
 22.12127237 22.3138668  23.32032803 18.44955268 18.12027833 19.98409543
 19.11431412 18.49304175 19.90333002 17.82828032 21.87276342 21.54348907
 20.84766402 22.66177932 21.99701789 21.62425447 22.32629225 22.9972664
 18.28180915 18.05193837 20.30094433 17.72887674 19.27584493 18.51167992
 21.47514911 20.98434394 20.9222167  20.38170974 22.12127237 21.35089463
 21.56212724 22.24552684 18.43091451 18.66699801 18.63593439 18.91550696
 19.23235586 19.95303181 19.14537773 19.20129225 20.61779324 20.95328032
 19.52435388 20.20775348 20.04622266 23.59368787 18.63593439 17.08275348
 19.65482107 19.47465209 19.49950298 20.35064612 18.46819085 19.25099404
 21.04647117 22.9972664  22.25795229 22.12127237 20.87872763 22.45675944
 23.03454274 16.93986083]",38648.595384063214
2025-06-15 21:50:00+00:00,1310,3692.1499999999996,9.0,20.639531280459092,20.469153827037772,24.32678926441352,"[18.02708748 19.47465209 19.72937376 20.6861332  20.07107356 20.67992048
 20.05243539 21.57455268 19.91575547 21.15208748 22.2082505  22.10884692
 21.64910537 19.17644135 17.39960239 20.13941352 19.15780318 18.99627237
 19.88469185 19.7417992  21.07132207 19.43116302 21.72987078 22.18961233
 20.01515905 23.74900596 22.36978131 18.76640159 18.99005964 20.15183897
 18.2693837  20.02758449 19.32554672 19.92196819 20.63643141 21.23906561
 19.39388668 21.42544732 21.04647117 23.53777336 23.03454274 18.91550696
 18.34393638 20.12698807 18.74776342 20.54324056 19.4000994  20.56187873
 20.95949304 20.91600398 19.85984095 20.6861332  23.23956262 20.96570577
 22.444334   23.10909543 19.96545726 19.35039761 20.05243539 20.56809145
 20.38792247 20.97813121 20.77311133 21.12723658 21.22042744 20.85387674
 20.87872763 21.25149105 22.48161034 24.10313121 19.45601392 18.45576541
 19.01491054 19.54299205 19.81013917 20.04000994 20.07728628 20.00894632
 20.02758449 21.10238569 20.83523857 21.23906561 22.05914513 21.43166004
 18.20104374 18.86580517 18.08300199 19.73558648 20.95949304 20.41277336
 20.64264414 19.5554175  19.88469185 21.99080517 20.97813121 21.08374751
 22.32007952 22.30144135 22.39463221 19.03354871 18.57380716 21.10859841
 19.75422465 18.09542744 20.18911531 20.89736581 20.18911531 21.58076541
 22.94756461 21.35089463 21.59940358 22.57480119 22.2890159  18.61729622
 16.82803181 20.49975149 19.37524851 19.02733598 20.94085487 18.72912525
 20.37549702 21.04647117 22.42569583 22.56858847 21.1334493  22.5499503
 22.66177932 17.84691849 18.11406561 18.375      18.97142147 19.00248509
 20.36307157 19.49329026 19.14537773 21.98459245 21.74229622 22.14612326
 23.3389662  21.28255467 21.18936382 18.39985089 19.50571571 19.03976143
 19.31312127 20.22017893 19.81013917 19.59269384 20.54945328 20.87251491
 22.51267396 23.17122266 22.29522863 21.10238569 21.10238569 21.56212724
 18.97142147 18.41848907 19.21371769 18.43091451 20.89115308 20.51217694
 20.69855865 19.5305666  22.10884692 20.40656064 22.71769384 20.33200795
 21.45029821 22.68663022 19.30690855 17.71023857 19.35661034 19.11431412
 19.99652087 18.85337972 20.33822068 19.79771372 21.08374751 21.18315109
 18.56759443 21.82927435 21.98459245 20.83523857 18.20725646 19.77286282
 19.06461233 18.6110835  19.13295229 19.69209742 22.20203777 19.21993042
 20.01515905 22.03429423 21.22042744 20.74826044 21.25149105 22.39463221
 24.32678926 19.13295229]",38941.215851903944
2025-06-15 21:51:00+00:00,1311,3639.14,9.0,20.481499769023994,20.304485586481114,23.581262425447314,"[18.69806163 19.81013917 19.48086481 19.46222664 19.61754473 21.43787276
 21.42544732 20.94706759 19.75422465 20.41277336 22.32007952 21.91003976
 21.08996024 17.7972167  17.02062624 19.30690855 19.10810139 19.91575547
 18.80367793 18.49925447 21.2639165  21.43787276 20.26988072 21.21421471
 23.00347913 23.51292247 21.61182903 17.23807157 18.89686879 19.71694831
 16.9833499  19.26341948 19.10188867 20.5805169  21.3695328  21.32604374
 21.54348907 22.08399602 20.59294235 19.48086481 22.05293241 19.5554175
 18.49925447 19.46843936 18.14512922 20.09592445 19.36282306 20.59915507
 21.3943837  20.48111332 21.64910537 21.79199801 21.7112326  22.97241551
 21.22664016 22.48161034 18.29423459 18.55516899 18.23832008 19.26963221
 20.25124254 20.2139662  21.1334493  20.5805169  20.71719682 23.2582008
 20.43141153 21.8665507  22.95999006 21.76093439 16.73484095 19.38146123
 18.53653082 19.81635189 18.36257455 19.28205765 19.64239563 19.4249503
 19.64239563 22.01565606 19.6361829  21.91625249 23.07181909 22.15854871
 18.1389165  17.48658052 19.83499006 19.48707753 18.46197813 20.16426441
 20.95328032 19.60511928 22.13369781 22.2890159  21.64289264 22.15233598
 20.45626243 23.58126243 22.60586481 16.7472664  19.41873757 18.99627237
 20.18911531 20.38792247 19.82877734 20.79796223 20.90979125 19.69831014
 20.08971173 22.70526839 20.75447316 20.59915507 21.88518887 18.38742545
 19.6361829  18.93414513 19.18265408 20.16426441 20.07107356 19.44980119
 19.51192843 21.09617296 21.85412525 21.58076541 20.79796223 22.73011928
 23.40109344 18.38742545 18.59865805 17.82828032 19.00248509 19.65482107
 18.86580517 20.35685885 20.38170974 20.4749006  20.43141153 22.00944334
 23.45079523 19.32554672 22.13369781 20.26988072 19.19507952 19.32554672
 18.64214712 20.42519881 20.38170974 18.44955268 19.1888668  21.07132207
 21.93489066 20.81038767 19.03354871 21.92867793 21.34468191 23.15879722
 18.1637674  18.70427435 17.07654076 20.25124254 20.03379722 19.35039761
 19.82877734 21.54348907 21.43787276 21.21421471 23.53777336 20.69234592
 21.87276342 21.12102386 18.15755467 19.94060636 18.66699801 18.9527833
 19.02112326 20.77311133 19.10810139 19.83499006 20.72962227 20.4500497
 21.10238569 19.64239563 21.47514911 21.07753479 18.62350895 17.51764414
 19.85362823 19.36903579 19.24478131 18.26317097 20.53081511 19.36903579
 21.53727634 21.19557654 22.25795229 21.81063618 22.24552684 23.48807157
 21.87897614 19.13916501]",38412.505627246675
2025-06-15 21:52:00+00:00,1312,3671.06,9.0,20.57410197788149,20.403640656063615,23.78628230616302,"[18.23210736 20.29473161 19.34418489 19.06461233 20.80417495 19.41252485
 19.94060636 21.45029821 20.39413519 20.30715706 22.40705765 21.27634195
 21.43787276 16.97092445 18.47440358 18.04572565 19.32554672 19.41873757
 18.44333996 20.62400596 21.20800199 20.12077535 20.33822068 19.11431412
 21.25770378 22.36978131 23.77385686 17.9276839  19.57405567 20.14562624
 17.93389662 18.68563618 21.55591451 20.26988072 20.22017893 20.51838966
 20.99676938 21.35710736 20.48732604 21.87897614 22.3138668  20.01515905
 17.05790258 19.93439364 18.9527833  19.71694831 20.7917495  20.82281312
 20.40656064 20.41898608 20.74204771 20.29473161 22.5499503  21.7112326
 22.444334   21.96595427 19.59269384 19.8971173  18.51789264 20.45626243
 19.7417992  19.51814115 20.4500497  21.41923459 20.43141153 21.05889662
 20.76689861 21.79821074 23.06560636 21.51242545 19.00248509 20.69234592
 20.2388171  21.32604374 18.77882704 18.84095427 21.82927435 21.03404573
 21.27012922 20.90357853 21.38817097 22.47539761 21.0526839  21.81684891
 17.89662028 17.86555666 18.99627237 19.23856859 20.04000994 20.41898608
 20.99676938 19.85984095 22.14612326 21.54970179 20.27609344 22.76739563
 21.58076541 20.54324056 21.41923459 17.84691849 18.21346918 19.72316103
 19.59269384 20.9222167  19.79150099 20.09592445 21.66774354 21.42544732
 20.54945328 21.22664016 22.71148111 21.79199801 21.09617296 19.94681909
 18.48682903 19.44980119 18.06436382 20.49975149 18.8223161  19.21993042
 19.27584493 21.58697813 22.59343936 22.10263419 22.76739563 20.58672962
 21.8416998  18.13270378 17.46794235 19.5305666  18.07057654 19.15780318
 19.59890656 19.99652087 21.11481113 20.64264414 21.24527833 22.63071571
 22.90407555 21.81063618 21.82306163 19.46843936 19.26341948 20.08971173
 18.67942346 19.38767396 19.90333002 19.77907555 19.6361829  21.6056163
 20.72962227 19.25099404 21.35089463 21.25149105 22.38220676 22.95377734
 20.07728628 19.89090457 17.85313121 20.1332008  19.77907555 22.07157058
 21.0526839  20.36307157 21.2639165  22.38220676 21.67395626 21.2887674
 23.59368787 22.03429423 18.74776342 19.48707753 17.12002982 20.11456262
 18.02708748 21.53727634 20.15805169 20.76068588 19.4249503  21.1334493
 21.33225646 20.99676938 20.94085487 21.91003976 18.99627237 16.61058648
 20.63643141 19.08946322 19.69209742 19.36282306 19.23856859 20.04622266
 21.7112326  21.87276342 21.65531809 21.2887674  20.7109841  21.6056163
 23.78628231 17.50521869]",38722.3155772003
2025-06-15 21:53:00+00:00,1313,3648.5200000000004,9.0,20.5059919508196,20.333623260437374,24.177683896620277,"[19.56163022 20.89115308 20.41277336 19.12052684 19.61133201 19.28205765
 20.30715706 20.90357853 21.38195825 20.32579523 21.51863817 20.90357853
 20.87251491 17.14488072 17.36232604 19.72316103 20.87251491 19.36282306
 19.94060636 20.76068588 21.81063618 21.81684891 19.4000994  20.64264414
 21.2887674  23.52534791 22.25173956 18.16998012 19.1640159  17.52385686
 18.86580517 19.10188867 19.84741551 20.78553678 19.48086481 21.87897614
 21.15208748 21.62425447 23.04696819 20.92842942 22.26416501 17.4555169
 18.47440358 19.22614314 19.53677932 18.14512922 20.12698807 20.16426441
 22.13369781 20.28851889 20.25745527 20.52460239 20.25124254 24.1776839
 22.74254473 24.05964215 19.0583996  18.6110835  19.20750497 18.80367793
 19.39388668 21.07132207 20.7917495  21.16451292 19.6361829  22.40705765
 20.81038767 20.78553678 22.74254473 22.72390656 18.39363817 18.61729622
 19.28205765 18.80367793 19.74801193 20.1083499  19.26341948 19.66724652
 22.0777833  20.4500497  20.25124254 22.7611829  23.05318091 23.14637177
 19.71694831 19.53677932 18.35014911 19.40631213 19.69209742 18.46819085
 19.1888668  19.48707753 21.35089463 21.86033797 21.07132207 20.90979125
 21.41302187 22.24552684 23.54398608 18.03951292 17.75994036 19.96545726
 19.04597416 20.75447316 20.16426441 20.28230616 22.38220676 22.15233598
 21.46272366 21.04647117 21.82306163 22.7611829  21.8665507  17.80964215
 20.23260437 20.30094433 19.48086481 20.91600398 20.72962227 19.69209742
 20.63643141 21.54970179 21.13966203 20.95328032 21.76714712 22.46918489
 22.36356859 17.72266402 19.6610338  19.13916501 21.06510934 20.03379722
 19.81013917 20.35685885 19.80392644 20.22017893 21.88518887 19.59269384
 21.17072565 21.24527833 21.12102386 18.85959245 19.38146123 19.40631213
 18.80989066 19.13916501 18.77882704 20.13941352 21.96595427 19.81635189
 21.27634195 19.39388668 20.80417495 21.92867793 21.31361829 21.14587475
 18.89065606 17.430666   19.70452286 19.4000994  20.66128231 19.13916501
 20.8166004  20.05243539 22.09020875 20.90979125 20.48732604 21.43787276
 22.34493042 22.42569583 19.05218688 19.15159046 19.4249503  17.92147117
 18.00223658 19.27584493 20.82281312 20.23260437 21.46272366 18.94657058
 20.40034791 20.45626243 20.86630219 20.25745527 17.40581511 20.14562624
 19.10810139 17.40581511 18.72912525 21.24527833 19.36903579 19.82877734
 19.41873757 19.56784294 22.04671968 21.90382704 21.1334493  21.22042744
 22.36356859 17.76615308]",38494.446670662044
2025-06-15 21:54:00+00:00,1314,3674.72,9.0,20.581717431894,20.41500994035785,24.252236580516897,"[18.03951292 20.27609344 20.82902584 18.7415507  20.00894632 19.03354871
 20.26366799 20.32579523 22.77360835 23.12152087 20.79796223 19.43737575
 23.26441352 19.46222664 18.95899602 18.6110835  19.0832505  19.67345924
 19.76043738 19.84741551 20.59915507 19.85362823 21.23285288 21.00919483
 21.08996024 20.89115308 22.07157058 19.1888668  19.54299205 19.34418489
 18.36257455 18.85959245 18.7415507  20.41277336 21.72987078 19.89090457
 20.3444334  22.49403579 20.85387674 22.06535785 21.45029821 17.51764414
 18.03951292 17.87798211 19.26963221 21.07753479 21.12723658 19.17644135
 19.9778827  20.09592445 22.48782306 23.00969185 21.21421471 22.19582505
 23.55641153 23.59368787 17.902833   19.6610338  20.17047714 20.05864811
 20.24502982 18.87201789 20.0027336  19.77907555 19.40631213 19.8722664
 21.68016899 19.89090457 21.6056163  24.25223658 18.73533797 19.33797217
 19.34418489 18.58001988 20.00894632 20.26366799 19.8722664  21.9473161
 21.7112326  20.10213718 22.15854871 21.41302187 20.99676938 22.69905567
 19.90333002 18.1389165  19.28205765 20.99676938 19.74801193 20.60536779
 18.75397614 18.77882704 20.26366799 20.87251491 21.21421471 22.47539761
 22.2082505  21.01540755 21.91003976 17.07032803 19.31312127 19.2944831
 20.01515905 19.66724652 19.05218688 20.98434394 20.42519881 21.33225646
 21.50621272 20.82281312 22.33250497 22.27659046 22.81709742 18.02087475
 18.12649105 18.53031809 21.16451292 20.81038767 21.18315109 19.97166998
 21.64910537 19.88469185 21.12723658 21.88518887 21.78578529 22.38841948
 21.06510934 17.48658052 19.20129225 18.02087475 19.53677932 18.78503976
 20.32579523 20.09592445 21.87276342 21.2639165  20.24502982 20.05864811
 20.87251491 22.02808151 21.43787276 17.75994036 16.97713718 19.43116302
 19.10810139 20.24502982 19.66724652 20.93464215 20.74204771 21.54348907
 21.6056163  21.72987078 21.54970179 20.94706759 21.84791252 22.18961233
 18.49925447 19.00869781 18.73533797 19.94681909 19.03354871 21.74229622
 19.54299205 20.52460239 19.6361829  21.35089463 23.25198807 23.14637177
 23.4694334  22.23931412 21.10238569 18.67321074 18.44333996 18.49304175
 19.43116302 19.99652087 20.35064612 18.53031809 21.30119284 20.20775348
 21.53727634 22.32007952 22.45675944 22.91028827 19.35661034 18.96520875
 19.43116302 19.85362823 21.07753479 19.68588469 19.84120278 19.00248509
 19.09567594 21.83548708 22.08399602 21.94110338 19.92196819 22.59965209
 22.73011928 18.39363817]",38747.79384014455
2025-06-15 21:55:00+00:00,1315,3649.39,9.0,20.50537729584488,20.33632579522863,23.630964214711728,"[18.64835984 19.7417992  20.63643141 19.94060636 20.72340954 20.42519881
 20.40656064 20.56187873 21.77335984 22.93513917 22.55616302 21.77335984
 21.14587475 18.64835984 16.36829026 18.44333996 19.9778827  19.85984095
 20.41898608 20.6861332  20.2388171  20.29473161 22.64314115 22.53752485
 20.54945328 21.42544732 23.5750497  18.53031809 17.47415507 19.49950298
 20.03379722 18.46197813 19.44358847 20.43141153 21.48136183 19.49950298
 20.43762425 20.82281312 21.80442346 21.89761431 20.77311133 18.72291252
 19.97166998 18.85337972 20.59294235 18.63593439 18.38742545 21.23906561
 19.23856859 21.05889662 21.41302187 21.59319085 21.81063618 22.43190855
 22.19582505 20.95328032 19.66724652 18.87823062 18.68563618 18.88444334
 19.23856859 21.27634195 20.82281312 19.5305666  21.89140159 21.33846918
 21.03404573 23.32654076 20.71719682 22.90407555 18.28180915 17.13866799
 19.94681909 18.64835984 18.39985089 20.14562624 19.72937376 20.53081511
 20.28851889 21.77957256 21.87897614 21.25149105 22.00944334 22.40084493
 18.15134195 19.40631213 18.72912525 19.4000994  19.39388668 19.52435388
 19.33175944 19.62375746 19.99030815 20.99055666 21.17072565 22.83573559
 21.95974155 21.31983101 23.5750497  18.31908549 18.20104374 19.82877734
 19.1640159  18.88444334 20.07107356 19.79771372 20.82902584 21.07132207
 19.33797217 20.02137177 20.97191849 21.7360835  23.63096421 17.89040755
 17.73508946 18.48682903 19.40631213 20.3444334  20.41277336 19.23235586
 20.89736581 19.39388668 21.51242545 21.59319085 22.43190855 21.66153082
 21.31983101 17.41202783 17.69781312 18.4806163  18.66078529 18.44333996
 21.07132207 21.07132207 20.17047714 21.18315109 21.66774354 22.22688867
 20.30094433 23.56883698 22.46918489 20.29473161 17.05790258 18.20104374
 18.89065606 17.95874751 20.02758449 19.54920477 20.5805169  21.30119284
 21.46893638 20.26988072 21.66153082 21.62425447 22.5499503  22.73011928
 18.43091451 18.25074553 18.39985089 20.07107356 18.54895626 19.84120278
 20.83523857 21.98459245 20.69855865 20.12698807 21.30119284 21.8665507
 23.60611332 21.10859841 17.0889662  17.41824056 19.77907555 21.32604374
 19.51192843 21.38817097 19.35039761 20.73583499 20.46247515 21.67395626
 21.68016899 21.21421471 19.98409543 20.99055666 18.1637674  17.86555666
 19.93439364 20.69234592 21.07753479 20.79796223 19.81013917 19.21371769
 22.42569583 19.84741551 19.59269384 20.86630219 23.09666998 22.3138668
 22.33871769 18.12649105]",38492.39028097864
2025-06-15 21:56:00+00:00,1316,3629.21,9.0,20.44423673199307,20.273639413518886,24.016153081510932,"[18.46197813 18.29423459 20.43141153 19.21993042 20.95328032 20.04622266
 21.23285288 19.15780318 21.00298211 20.25745527 23.09666998 22.8667992
 22.22688867 18.95899602 18.22589463 18.72291252 20.20775348 19.81635189
 19.58648111 19.62997018 20.90979125 21.13966203 21.69259443 22.4194831
 22.02808151 21.27012922 21.56833996 16.76590457 18.92171968 18.14512922
 19.25099404 20.46247515 19.8971173  21.38817097 20.41898608 18.847167
 20.96570577 20.70477137 21.64289264 21.81684891 21.76714712 17.81585487
 18.32529821 19.02733598 18.78503976 18.99005964 19.84120278 20.6861332
 19.41873757 21.18936382 20.38792247 20.46247515 20.88494036 21.41923459
 20.64885686 20.89115308 17.41824056 17.77236581 18.86580517 18.18861829
 19.21993042 20.58672962 20.39413519 20.35064612 20.63021869 22.09020875
 21.84791252 20.99676938 21.61182903 21.50621272 18.79125249 19.20129225
 19.17022863 20.78553678 20.33822068 20.37549702 19.38767396 19.95303181
 21.48757455 21.23906561 21.45651093 23.27062624 22.09020875 20.64885686
 18.80989066 19.56163022 19.06461233 17.72887674 19.13295229 20.84766402
 18.99627237 21.40059642 22.0777833  20.63643141 20.94085487 21.2887674
 22.444334   24.01615308 22.08399602 18.20725646 18.63593439 20.13941352
 18.46197813 20.41898608 21.43166004 21.01540755 21.48757455 20.4500497
 20.86008946 19.6361829  22.45675944 22.73011928 22.02808151 18.75397614
 16.95228628 18.77882704 18.30044732 19.71694831 20.99055666 21.12723658
 20.73583499 19.20129225 21.27012922 20.4749006  23.3638171  22.59965209
 22.29522863 19.65482107 19.21993042 17.54249503 18.13270378 19.99652087
 19.57405567 20.44383698 19.4249503  19.82256461 23.1028827  20.12698807
 21.17693837 20.17668986 23.20228628 17.40581511 18.75397614 17.75372763
 18.26317097 18.29423459 20.76068588 21.06510934 19.26963221 20.28851889
 19.49329026 20.44383698 22.16476143 22.30144135 23.77385686 22.56237575
 19.04597416 17.29398608 19.54299205 19.77907555 19.71694831 19.22614314
 20.84145129 21.77335984 19.76043738 21.70501988 21.20800199 21.09617296
 21.05889662 21.56212724 19.27584493 19.59269384 19.17022863 18.30044732
 19.70452286 18.90308151 20.75447316 20.41898608 19.8971173  22.30765408
 20.5805169  20.32579523 21.07132207 23.18364811 18.26317097 18.67942346
 17.57977137 18.62350895 18.39363817 19.36282306 19.17644135 20.79796223
 21.32604374 20.90357853 21.07132207 20.82902584 20.78553678 22.00944334
 22.04671968 19.17022863]",38287.83841055601
2025-06-15 21:57:00+00:00,1317,3605.62,9.0,20.37303483618768,20.200360337972164,24.028578528827037,"[19.77907555 19.96545726 19.53677932 21.1583002  20.54324056 19.69209742
 20.05864811 22.04671968 20.86008946 21.04647117 22.35735586 22.27659046
 21.17693837 18.22589463 19.60511928 18.55516899 18.51167992 19.62997018
 20.67992048 20.18290258 18.64214712 19.09567594 22.34493042 20.99055666
 20.7917495  20.74204771 22.11505964 19.33797217 19.81635189 18.83474155
 19.6610338  19.1888668  18.31908549 19.86605368 21.08996024 21.09617296
 21.12723658 21.32604374 20.42519881 20.94085487 22.23310139 17.64811133
 18.9527833  17.48658052 19.82256461 18.52410537 19.62375746 20.97813121
 19.9778827  21.19557654 20.57430417 21.33846918 19.85984095 22.88543738
 23.56262425 22.21446322 17.86555666 19.1640159  17.61704771 19.54299205
 20.53081511 19.4249503  19.92196819 20.99055666 22.48161034 20.92842942
 20.22639165 23.88568588 20.89115308 21.48757455 18.92171968 19.33797217
 20.00894632 18.89065606 18.92793241 21.56212724 19.72316103 20.96570577
 21.30119284 20.73583499 20.48732604 19.69831014 20.13941352 22.47539761
 18.11406561 18.80989066 17.65432406 19.30069583 18.46197813 18.81610338
 20.0027336  21.35089463 19.51814115 19.76043738 20.53702783 22.21446322
 21.86033797 20.85387674 21.94110338 18.2693837  18.30044732 19.9778827
 20.4749006  19.66724652 19.48707753 20.56187873 19.80392644 19.4249503
 19.99652087 20.3444334  21.1334493  21.05889662 23.63096421 18.44955268
 18.62350895 18.33772366 18.12027833 20.17047714 18.94657058 21.2887674
 21.32604374 20.50596421 21.54348907 20.17668986 21.71744533 23.50670974
 21.40680915 18.38121272 19.02733598 19.48707753 18.66078529 19.64239563
 20.26988072 18.66078529 20.14562624 20.86008946 20.50596421 20.17668986
 21.33225646 21.38195825 23.02833002 18.72291252 18.63593439 17.430666
 19.0583996  21.0526839  17.94010934 18.92793241 20.95949304 18.91550696
 20.95328032 21.54970179 19.2944831  24.02857853 22.01565606 20.14562624
 20.83523857 19.03976143 18.87823062 19.25099404 19.99030815 19.56163022
 20.18911531 20.43141153 19.8722664  23.06560636 21.3943837  22.41327038
 20.44383698 21.40059642 18.74776342 18.12649105 18.38742545 20.04000994
 20.24502982 20.19532803 19.71694831 21.3943837  21.04025845 21.34468191
 20.42519881 21.62425447 20.91600398 20.99055666 17.18215706 17.72266402
 17.74751491 17.75994036 20.61158052 19.28205765 21.55591451 18.70427435
 21.99701789 20.61779324 22.26416501 20.35685885 21.06510934 21.54970179
 21.12723658 17.27534791]",38049.625347949506
2025-06-15 21:58:00+00:00,1318,3561.27,9.0,20.24057102979171,20.06259319085487,23.767644135188867,"[16.97713718 19.67967197 17.50521869 20.45626243 19.84741551 18.94035785
 20.86630219 19.93439364 19.93439364 21.69880716 19.87847913 22.08399602
 22.2890159  17.24428429 18.76640159 18.88444334 19.49950298 17.66053678
 21.63667992 21.27634195 18.847167   21.28255467 20.28851889 19.39388668
 21.64910537 21.68638171 21.58697813 18.4806163  20.76689861 19.56784294
 18.48682903 19.5305666  19.72937376 18.77882704 20.64264414 20.9222167
 20.0027336  21.71744533 20.1083499  20.48111332 22.10263419 19.38146123
 17.09517893 19.58648111 18.6110835  18.87823062 19.84741551 18.86580517
 21.12723658 19.84120278 20.59294235 22.23931412 21.96595427 21.06510934
 22.03429423 20.37549702 20.22639165 18.15134195 17.72266402 20.63643141
 18.31908549 19.12673956 18.23832008 20.32579523 20.94085487 21.09617296
 20.74826044 21.18315109 21.36332008 20.69855865 17.22564612 18.64214712
 18.05815109 17.20079523 21.36332008 19.71073559 19.23856859 21.44408549
 18.46819085 21.00919483 21.78578529 19.70452286 22.00323062 21.82306163
 18.29423459 18.59865805 18.38121272 18.85959245 18.81610338 19.85984095
 19.5554175  18.32529821 20.13941352 19.52435388 22.00944334 21.15208748
 22.53752485 20.94085487 22.91028827 16.92743539 16.58573559 20.28851889
 18.79746521 18.36878728 20.46247515 18.51789264 20.12077535 21.54348907
 21.42544732 22.57480119 22.23310139 23.69930417 23.76764414 18.91550696
 18.72291252 17.77857853 18.55516899 18.91550696 19.99652087 20.48111332
 21.53727634 19.15780318 19.26963221 22.04671968 21.50621272 21.44408549
 21.29498012 18.43712724 18.1637674  18.08921471 19.92196819 20.33822068
 19.2944831  18.97142147 21.38195825 21.66153082 20.15805169 23.49428429
 20.28851889 22.444334   21.77335984 16.23161034 18.49925447 19.75422465
 19.26963221 19.96545726 17.97738569 20.66128231 21.21421471 19.92196819
 20.79796223 22.46918489 21.6304672  22.27037773 22.15854871 20.95949304
 18.08300199 19.96545726 18.71048708 21.38195825 19.07082505 19.4000994
 19.36282306 21.00298211 19.46843936 20.75447316 22.08399602 22.5250994
 22.09020875 22.05914513 17.67917495 18.41848907 18.12027833 19.39388668
 20.17668986 17.66053678 20.1083499  19.99652087 20.48732604 19.89090457
 19.47465209 21.81063618 21.14587475 22.46918489 17.82828032 17.84070577
 18.69184891 17.95874751 18.44955268 20.10213718 19.04597416 20.64264414
 21.6056163  20.14562624 21.80442346 21.23906561 21.58697813 21.66153082
 21.64289264 17.36853877]",37606.454437271146
2025-06-15 21:59:00+00:00,1319,3578.25,9.0,20.28909652339907,20.115339214711728,23.593687872763418,"[16.56709742 19.02112326 20.2388171  19.33175944 19.13916501 20.41898608
 22.34493042 20.98434394 20.64264414 21.35710736 22.10263419 21.56833996
 22.3138668  18.91550696 19.58026839 19.68588469 18.28180915 19.69831014
 18.75397614 19.36282306 20.40656064 21.06510934 19.35039761 22.04050696
 22.55616302 22.7611829  22.23931412 17.02683897 18.48682903 17.94010934
 18.97763419 20.84766402 19.39388668 20.65506958 20.4749006  20.78553678
 20.84145129 21.12723658 21.22664016 22.33250497 23.0221173  15.75944334
 18.68563618 19.03976143 18.1637674  18.60487078 18.67321074 19.44358847
 21.18936382 20.93464215 20.71719682 22.54373757 18.35636183 20.28851889
 21.49378728 22.22067594 18.35014911 19.18265408 19.96545726 20.12698807
 18.95899602 19.61754473 20.15183897 20.89736581 20.7917495  21.40059642
 20.23260437 21.07753479 20.02137177 22.21446322 18.31908549 19.80392644
 20.90357853 20.62400596 20.05864811 19.78528827 20.71719682 19.1888668
 20.02758449 20.94085487 22.74254473 22.01565606 21.10238569 22.25795229
 18.05815109 17.89040755 18.72912525 18.71048708 19.20750497 20.43762425
 19.5554175  18.78503976 20.94085487 20.48111332 21.67395626 20.76068588
 22.45054672 22.54373757 21.61182903 18.59865805 18.07678926 20.35685885
 19.49950298 19.33797217 20.48732604 19.20129225 20.15805169 21.0526839
 19.99652087 21.89140159 20.94706759 20.12698807 22.02808151 18.54895626
 17.16973161 16.62301193 19.01491054 19.21371769 19.37524851 20.87251491
 18.84095427 20.08971173 21.59940358 21.3943837  23.59368787 23.29547714
 21.46893638 17.80964215 17.87798211 17.61083499 18.08921471 17.6916004
 21.76093439 19.85984095 19.09567594 20.27609344 19.94681909 20.56809145
 22.84194831 23.59368787 21.92246521 18.92793241 19.0583996  19.0583996
 19.21993042 20.69234592 20.4749006  19.98409543 19.07082505 19.93439364
 23.07803181 19.83499006 20.65506958 21.08996024 22.73011928 21.89140159
 18.26317097 17.82828032 18.28802187 18.25695825 19.02733598 19.00869781
 19.06461233 18.73533797 20.4500497  20.50596421 21.17072565 21.30740557
 20.82902584 21.3695328  20.08971173 17.98359841 18.46197813 18.77261431
 18.88444334 20.65506958 19.46843936 19.66724652 19.35661034 20.74826044
 21.10238569 20.86008946 20.16426441 23.02833002 18.91550696 17.21322068
 19.15780318 18.77882704 19.07703777 19.11431412 18.49304175 19.47465209
 21.32604374 21.53106362 21.65531809 20.94085487 22.97241551 21.56212724
 20.39413519 18.31287276]",37768.80132868393
2025-06-15 22:00:00+00:00,1320,3603.1000000000004,9.0,20.360848548941426,20.192532306163024,23.6993041749503,"[18.34393638 19.41873757 21.27012922 19.11431412 21.38195825 20.3195825
 18.77882704 22.25795229 21.33225646 21.08996024 23.09666998 20.89736581
 22.38841948 17.63568588 18.26317097 18.92793241 20.64264414 18.19483101
 19.67345924 19.96545726 20.0027336  20.41898608 22.61207753 20.3195825
 20.72340954 21.6056163  21.76093439 16.93364811 18.39985089 18.80989066
 17.89040755 19.77907555 19.72316103 20.85387674 18.63593439 19.96545726
 21.62425447 22.24552684 21.21421471 22.06535785 21.51242545 18.85337972
 19.40631213 19.46843936 20.5805169  19.12673956 18.69806163 20.84145129
 19.60511928 20.7109841  22.03429423 19.99030815 21.25149105 21.53727634
 21.34468191 20.85387674 19.5305666  18.59244533 18.16998012 19.20129225
 19.26341948 19.0583996  20.04622266 20.2139662  20.08349901 19.92818091
 19.28205765 21.53106362 22.34493042 22.51888668 19.13916501 18.56138171
 18.78503976 18.30666004 20.58672962 20.1332008  20.31336978 20.61158052
 20.54945328 20.62400596 20.49975149 21.17072565 19.56163022 20.39413519
 15.88369781 16.68513917 18.1637674  18.80989066 20.35685885 18.81610338
 21.81684891 19.98409543 20.45626243 20.8166004  20.59294235 20.1083499
 18.8223161  22.09642147 23.69930417 18.47440358 18.70427435 18.92171968
 20.19532803 18.41227634 20.45626243 20.62400596 20.3195825  21.25770378
 21.36332008 21.17072565 21.76093439 22.49403579 23.40730616 19.24478131
 17.88419483 18.67942346 19.1640159  21.33225646 18.08921471 20.18911531
 21.25770378 20.38170974 21.04025845 19.95924453 21.89761431 22.05914513
 21.84791252 17.24428429 17.26913519 17.99602386 17.31883698 21.16451292
 19.67967197 20.76689861 21.99080517 20.63021869 21.92867793 20.7917495
 21.64289264 20.86630219 22.09642147 20.08971173 18.67942346 17.74130219
 20.95949304 20.00894632 19.15780318 20.64885686 19.87847913 21.88518887
 19.83499006 20.27609344 20.6861332  21.52485089 22.02808151 23.14637177
 17.95253479 18.23210736 19.60511928 19.0832505  18.46197813 19.0583996
 20.79796223 20.88494036 20.82281312 20.02758449 19.49950298 22.75497018
 20.84145129 21.95974155 18.67321074 18.09542744 18.76018887 19.90333002
 19.68588469 19.2944831  22.61829026 20.65506958 19.69831014 21.79821074
 22.7860338  20.46868787 23.22092445 21.0526839  18.49304175 18.75397614
 21.13966203 16.97092445 19.47465209 20.04622266 18.33772366 19.71694831
 20.7109841  20.77932406 20.71719682 22.10263419 21.41923459 23.10909543
 22.03429423 18.98384692]",38008.854905338434
2025-06-15 22:01:00+00:00,1321,3607.91,9.0,20.37346350581086,20.207473906560637,23.817345924453278,"[19.57405567 19.38767396 18.87201789 19.06461233 19.77907555 19.71694831
 19.59890656 18.80989066 23.03454274 22.2082505  20.08971173 21.66153082
 22.15854871 17.43687873 19.77907555 19.69831014 18.35636183 18.69806163
 20.53702783 20.14562624 20.22017893 20.41898608 19.15159046 19.26341948
 21.01540755 21.91003976 23.40109344 18.46197813 18.67321074 17.84070577
 19.43116302 18.46819085 19.38146123 21.18315109 20.31336978 20.88494036
 22.30765408 21.72365805 22.54373757 21.46272366 22.34493042 18.79746521
 19.09567594 19.26963221 19.61133201 21.41923459 18.67321074 20.45626243
 19.46843936 19.36282306 21.08374751 21.19557654 21.76714712 21.71744533
 23.39488072 21.62425447 17.66053678 18.70427435 17.78479125 18.77261431
 20.29473161 20.43762425 19.77286282 20.09592445 20.33822068 20.60536779
 22.22688867 21.24527833 21.22664016 23.18364811 18.20104374 17.52385686
 19.17644135 18.89065606 20.10213718 19.46222664 19.87847913 20.48111332
 21.68638171 19.84741551 20.01515905 20.54324056 20.92842942 23.20849901
 20.56187873 19.10810139 18.42470179 19.58026839 19.04597416 19.20750497
 19.69209742 19.4000994  20.3444334  21.29498012 22.85437376 21.86033797
 22.35735586 21.66153082 21.40059642 17.78479125 19.03354871 20.03379722
 19.41873757 19.92818091 19.38767396 20.97191849 21.51242545 21.82306163
 22.04050696 20.35064612 20.9222167  21.55591451 20.83523857 16.72241551
 19.13295229 16.5111829  20.20154076 19.15159046 19.97166998 18.43091451
 18.76018887 20.87872763 22.5499503  21.79199801 20.49353877 20.75447316
 21.90382704 18.70427435 19.80392644 19.12052684 18.21346918 19.41252485
 21.6304672  18.47440358 20.90979125 17.3499006  21.7360835  23.08424453
 22.56237575 23.81734592 21.2639165  19.03354871 20.24502982 18.15755467
 18.84095427 19.11431412 17.97738569 18.97763419 19.30069583 20.82902584
 20.09592445 21.66774354 19.8971173  22.16476143 20.85387674 22.16476143
 17.38717694 18.78503976 19.69831014 19.61754473 19.82256461 20.04000994
 20.76689861 20.52460239 19.65482107 22.50024851 21.5        20.65506958
 22.02186879 20.49975149 17.98981113 19.59890656 18.03951292 19.32554672
 18.41848907 19.49329026 21.94110338 20.09592445 20.29473161 19.21993042
 22.5499503  22.4194831  21.2639165  21.71744533 17.05168986 17.96496024
 19.01491054 18.81610338 19.38767396 20.31336978 20.87872763 20.09592445
 19.79150099 21.49378728 21.36332008 21.72365805 21.59940358 23.4445825
 21.22664016 18.19483101]",38051.059505040816
2025-06-15 22:02:00+00:00,1322,3603.8599999999997,9.0,20.359934093066084,20.19489314115308,23.531560636182903,"[18.80989066 20.12077535 18.38121272 20.06486083 20.07728628 20.60536779
 19.64860835 21.21421471 19.43116302 21.58697813 21.17072565 22.36356859
 21.17072565 18.44333996 17.92147117 19.07082505 19.94681909 17.89040755
 19.87847913 19.49329026 20.18911531 21.84791252 21.69259443 21.53727634
 22.88543738 21.77335984 21.87897614 18.85337972 19.39388668 17.51764414
 18.20725646 20.80417495 20.56187873 20.72340954 19.77907555 22.94135189
 19.03976143 22.15854871 19.71073559 20.93464215 21.46893638 20.3195825
 16.49875746 18.28180915 19.59269384 20.48111332 18.72291252 21.12723658
 21.81684891 20.11456262 20.97191849 21.47514911 21.8416998  22.1833996
 22.33871769 22.2890159  20.19532803 18.08921471 18.70427435 20.19532803
 19.81013917 20.61158052 20.01515905 21.88518887 20.40034791 21.92246521
 19.41252485 21.1334493  21.31361829 22.98484095 18.97142147 19.68588469
 17.02062624 17.3499006  18.61729622 18.8223161  20.74826044 17.97738569
 19.40631213 21.79199801 20.87251491 21.9473161  21.56833996 21.63667992
 19.37524851 17.07654076 17.83449304 19.09567594 19.2944831  19.56163022
 20.60536779 20.94085487 20.86630219 21.2639165  20.01515905 20.65506958
 22.87301193 22.34493042 21.07753479 18.10785288 18.39985089 19.2944831
 19.52435388 19.06461233 19.90333002 19.8722664  20.95949304 21.10238569
 20.97191849 20.59294235 21.04647117 20.79796223 21.65531809 17.40581511
 18.05193837 18.17619284 18.0333002  19.10188867 19.88469185 20.54945328
 19.97166998 20.35685885 21.31983101 19.68588469 21.87276342 21.16451292
 21.92246521 19.48707753 18.87823062 17.02062624 19.94060636 20.72962227
 20.1332008  21.41302187 20.62400596 18.64835984 20.80417495 22.14612326
 23.53156064 22.47539761 20.54945328 17.49279324 20.06486083 18.05815109
 18.65457256 20.04622266 20.27609344 20.46868787 19.7666501  21.09617296
 19.319334   22.92892644 22.01565606 21.45651093 22.50024851 22.43190855
 16.25024851 18.69806163 18.56759443 17.05790258 19.49950298 16.71620278
 20.48111332 21.18315109 20.09592445 22.62450298 19.20750497 20.41277336
 21.68638171 21.76714712 19.50571571 18.69184891 19.26963221 18.44955268
 19.82877734 20.77932406 19.94681909 20.33200795 20.36307157 20.32579523
 20.38170974 22.77982107 22.2082505  21.51242545 18.49304175 18.83474155
 20.60536779 18.05193837 18.92171968 19.99652087 20.54945328 20.17047714
 21.25770378 20.51217694 22.04671968 21.64289264 21.35710736 21.27634195
 21.8665507  17.80964215]",38005.79550176188
2025-06-15 22:03:00+00:00,1323,3602.26,9.0,20.353636645415904,20.18992296222664,23.593687872763418,"[17.64811133 18.38121272 19.69831014 18.4806163  19.76043738 19.0832505
 21.2887674  21.56212724 20.2139662  20.13941352 19.75422465 20.73583499
 22.63692843 19.30690855 17.46172962 19.56784294 18.26317097 19.84741551
 19.70452286 19.56784294 22.79845924 22.59965209 21.8665507  21.43787276
 20.84145129 22.56237575 19.70452286 18.86580517 18.33151093 18.72291252
 20.30715706 19.24478131 20.18911531 20.13941352 20.23260437 19.18265408
 21.62425447 21.57455268 20.8166004  20.69855865 21.54348907 18.33151093
 18.72291252 18.30666004 19.69209742 19.90333002 20.36307157 19.6361829
 18.81610338 18.61729622 21.77957256 21.71744533 20.35064612 22.26416501
 23.27683897 22.25795229 19.32554672 20.17668986 18.51167992 18.77261431
 19.71073559 18.38742545 19.77286282 20.54945328 19.9778827  21.89761431
 19.48086481 22.07157058 20.83523857 22.97241551 17.41824056 18.57380716
 19.78528827 19.21993042 18.00223658 20.76068588 22.08399602 19.26963221
 19.7666501  21.08996024 20.82902584 20.22017893 21.89761431 22.15854871
 18.64214712 20.85387674 18.44333996 18.44955268 20.18911531 20.83523857
 18.8223161  18.62350895 20.72340954 21.05889662 21.46893638 20.93464215
 20.73583499 23.59368787 18.99005964 17.16973161 18.62350895 18.15755467
 21.46893638 20.56187873 19.33175944 19.97166998 20.36928429 21.8665507
 22.444334   21.23285288 22.40084493 21.2887674  21.74229622 17.61083499
 19.18265408 19.95924453 19.10810139 20.18911531 20.36928429 19.74801193
 21.7112326  20.35685885 21.98459245 21.41302187 21.1583002  22.59343936
 22.11505964 20.30094433 16.49254473 18.2693837  18.51789264 18.66078529
 20.38792247 20.05243539 19.72316103 21.30119284 20.37549702 22.03429423
 20.67370775 22.8667992  22.05293241 17.99602386 17.78479125 17.82828032
 20.12698807 19.39388668 19.7417992  19.88469185 20.67370775 19.97166998
 21.0526839  22.1833996  22.04671968 19.8971173  22.06535785 20.93464215
 18.77882704 18.43712724 19.27584493 19.5554175  19.8971173  20.18911531
 19.35661034 20.66749503 19.02733598 20.19532803 21.23285288 20.63021869
 20.91600398 23.38245527 18.12649105 19.49329026 17.57977137 20.54945328
 19.01491054 18.66078529 20.54324056 20.96570577 21.96595427 20.72962227
 21.01540755 19.53677932 22.10263419 22.07157058 18.67321074 17.73508946
 17.64811133 18.79125249 19.14537773 21.53727634 20.76689861 20.15183897
 21.1334493  21.30740557 19.20129225 20.54324056 21.47514911 21.10859841
 22.8916501  18.25074553]",37984.726760903446
2025-06-15 22:04:00+00:00,1324,3563.62,9.0,20.23803447566405,20.06989314115308,23.7117296222664,"[19.26341948 19.17022863 21.53106362 19.47465209 18.88444334 20.94706759
 20.07728628 20.71719682 20.95328032 21.89761431 22.33871769 22.18961233
 23.51913519 18.25074553 18.54274354 19.46843936 19.77907555 19.40631213
 19.67967197 20.7917495  20.43762425 21.67395626 19.57405567 20.58672962
 19.23856859 20.22017893 22.15854871 18.59865805 17.43687873 19.07082505
 18.90929423 20.42519881 20.51838966 20.41277336 21.45029821 19.74801193
 21.88518887 19.73558648 20.50596421 21.07753479 22.56858847 18.0084493
 19.6610338  20.12698807 18.82852883 20.58672962 19.57405567 19.20129225
 20.30715706 20.48732604 20.87872763 22.25173956 20.74204771 21.33846918
 21.58076541 21.69259443 17.43687873 18.59244533 21.12102386 19.72316103
 21.08374751 20.12077535 19.54299205 21.0526839  21.41923459 19.11431412
 21.81684891 22.12127237 20.41277336 21.32604374 19.58026839 17.03926441
 19.92818091 19.25099404 19.1640159  20.25745527 20.3195825  19.68588469
 22.58101392 20.82281312 19.24478131 21.1334493  21.76093439 22.54373757
 17.01441352 16.65407555 19.37524851 17.46172962 19.82877734 19.15159046
 19.58026839 19.33175944 19.82877734 20.32579523 21.12723658 21.972167
 20.70477137 23.18364811 22.54373757 18.09542744 18.89065606 18.76018887
 18.5862326  18.847167   19.38146123 19.43116302 20.64264414 20.30715706
 20.15183897 20.45626243 21.32604374 22.23931412 21.34468191 17.80964215
 16.57952286 18.30666004 18.12027833 20.04622266 17.41824056 18.85337972
 20.19532803 20.02758449 20.37549702 20.66749503 21.74850895 21.93489066
 21.972167   18.90308151 18.19483101 18.30666004 18.75397614 18.7415507
 18.76640159 20.76689861 20.75447316 20.20775348 21.75472167 19.54920477
 22.01565606 23.71172962 20.71719682 19.7666501  18.14512922 19.25720676
 20.02137177 19.61133201 19.98409543 20.81038767 20.30715706 20.3195825
 20.43762425 20.05864811 21.17072565 22.24552684 21.74229622 20.52460239
 18.46819085 18.16998012 19.26963221 18.35636183 18.72291252 19.72316103
 20.9222167  19.64239563 20.3195825  19.25720676 21.6056163  20.82902584
 21.62425447 21.25770378 17.0082008  17.2194334  17.73508946 18.63593439
 19.81635189 18.41227634 20.4500497  21.53727634 20.09592445 18.69806163
 21.33846918 21.91625249 23.27062624 23.22092445 18.4806163  17.49279324
 19.24478131 17.82206759 19.20750497 19.69831014 19.87847913 18.56138171
 22.57480119 20.58672962 21.13966203 21.43166004 20.05243539 20.07728628
 20.43141153 17.05168986]",37597.96814178165
2025-06-15 22:05:00+00:00,1325,3529.2000000000003,9.0,20.134887678386487,19.962972166998007,23.63717693836978,"[19.0832505  18.80367793 19.44358847 18.06436382 18.97763419 20.51838966
 20.04000994 19.38146123 20.62400596 20.67992048 20.07728628 20.97813121
 22.2890159  18.33151093 17.22564612 18.38742545 17.23185885 18.69184891
 18.92793241 20.80417495 20.43762425 20.99055666 19.23856859 19.81013917
 21.25770378 20.77311133 21.09617296 18.97142147 17.29398608 18.1637674
 19.79771372 19.20750497 19.07703777 20.72340954 18.72912525 19.21993042
 21.12102386 22.8916501  20.14562624 21.23285288 21.56833996 17.77857853
 19.51814115 17.76615308 19.46843936 19.67345924 20.72340954 20.3195825
 20.76068588 21.08996024 20.78553678 21.06510934 20.74204771 21.91625249
 19.88469185 22.16476143 18.94657058 18.40606362 17.98981113 19.51814115
 19.34418489 18.49304175 18.30044732 19.82256461 19.83499006 20.18911531
 20.50596421 22.12748509 21.0526839  22.04671968 18.34393638 19.52435388
 18.02087475 18.69806163 19.17644135 19.71073559 20.19532803 19.34418489
 20.22017893 20.59294235 22.05914513 21.75472167 22.85437376 23.48185885
 18.8223161  17.87176938 17.4555169  18.36257455 20.43762425 21.67395626
 19.30069583 21.3695328  21.76093439 20.76068588 19.64860835 20.72962227
 20.46247515 22.71148111 21.89761431 17.77857853 19.48086481 19.88469185
 19.02733598 19.62375746 19.03354871 19.6361829  19.00248509 19.69209742
 21.68016899 20.59294235 21.58076541 19.8971173  21.6304672  17.6667495
 17.85934394 19.37524851 17.76615308 18.62972167 19.02112326 19.56784294
 18.75397614 21.04647117 23.00969185 21.48136183 22.6804175  21.08374751
 20.23260437 17.28777336 18.54274354 18.94035785 18.89686879 18.36878728
 18.89065606 20.62400596 22.05293241 19.2944831  18.54274354 19.64860835
 23.63717694 23.54398608 22.21446322 17.55492048 19.6610338  18.04572565
 17.39338966 19.5554175  18.99627237 18.57380716 17.92147117 21.22042744
 20.66128231 21.27012922 20.33200795 21.43787276 21.38195825 23.4694334
 18.05193837 18.58001988 18.39985089 18.74776342 19.76043738 18.94035785
 21.00298211 20.66749503 18.40606362 19.6361829  21.02162028 22.72390656
 23.38866799 20.96570577 19.99030815 18.90929423 19.17644135 19.43737575
 18.04572565 19.38146123 18.66078529 19.69831014 21.30740557 19.37524851
 20.49975149 20.92842942 22.59343936 22.27659046 19.19507952 16.7721173
 18.35014911 17.05790258 19.61133201 20.18290258 19.97166998 20.50596421
 20.64885686 21.27634195 19.49950298 21.76714712 21.7112326  22.30765408
 22.7611829  17.94010934]",37252.880216809834
2025-06-15 22:06:00+00:00,1326,3574.07,9.0,20.26573113688911,20.1023546222664,24.55044731610338,"[19.33175944 19.07082505 22.38220676 19.92196819 19.68588469 20.56187873
 20.7917495  20.1332008  21.48757455 20.12077535 21.3695328  24.55044732
 21.76093439 18.46197813 20.14562624 18.98384692 19.45601392 19.41252485
 19.37524851 22.73011928 20.12077535 19.61754473 20.8166004  20.78553678
 24.23359841 22.09642147 19.61754473 19.24478131 18.375      19.56163022
 19.88469185 19.11431412 20.07107356 18.54274354 19.46222664 19.74801193
 21.1583002  21.61804175 20.59294235 22.61207753 21.09617296 18.35014911
 18.04572565 18.87201789 18.6110835  19.86605368 18.8223161  19.66724652
 20.69855865 19.96545726 21.8416998  20.15183897 19.22614314 22.00323062
 21.92867793 21.40680915 17.27534791 19.04597416 18.42470179 18.4806163
 18.36257455 19.56163022 20.05243539 19.92818091 22.02808151 20.45626243
 20.91600398 20.51838966 20.53702783 21.5        17.16351889 18.28802187
 17.26913519 19.79150099 20.29473161 21.25149105 20.25745527 19.60511928
 20.92842942 21.01540755 21.30119284 22.91650099 21.40059642 21.91625249
 17.02683897 17.63568588 18.55516899 22.09642147 20.70477137 19.85984095
 18.80367793 20.39413519 20.2388171  21.44408549 22.63692843 22.32629225
 22.95999006 21.76093439 22.18961233 18.31908549 20.18290258 20.27609344
 19.15159046 17.85313121 19.76043738 19.40631213 19.5305666  20.85387674
 22.15233598 20.74204771 21.40059642 22.48161034 21.02162028 19.88469185
 18.31908549 17.20700795 19.00248509 19.40631213 19.83499006 20.84145129
 20.6861332  19.99652087 19.7417992  22.79224652 21.68016899 20.2139662
 20.81038767 17.97117296 17.38096421 17.73508946 18.2445328  17.87798211
 20.58672962 19.86605368 20.01515905 20.98434394 20.59915507 20.04000994
 21.55591451 21.96595427 21.8416998  18.26317097 18.2693837  19.48086481
 18.81610338 17.56734592 19.72316103 20.13941352 19.21993042 19.60511928
 21.42544732 19.72316103 20.61779324 20.94085487 20.69855865 21.95974155
 17.28777336 18.48682903 18.15755467 18.23210736 21.20800199 20.02758449
 19.07703777 19.10810139 21.59319085 21.29498012 21.81063618 21.18936382
 20.18290258 21.1334493  17.75372763 17.54249503 20.3444334  19.00248509
 20.5805169  17.98981113 20.02758449 19.5305666  20.24502982 20.48732604
 21.90382704 20.43762425 20.69234592 20.94085487 18.31908549 18.39363817
 19.50571571 19.17644135 18.69806163 20.01515905 17.98359841 20.94085487
 22.17097416 19.44358847 21.95352883 19.83499006 20.15805169 22.21446322
 22.53131213 19.51814115]",37690.63009157621
2025-06-15 22:07:00+00:00,1327,3532.38,9.0,20.141134277183316,19.972850397614316,23.606113320079523,"[18.0084493  19.07703777 18.69806163 20.3444334  20.35685885 21.18315109
 19.72316103 20.02137177 20.15805169 21.53106362 22.42569583 21.1334493
 21.40059642 18.90929423 20.23260437 20.20154076 20.72340954 19.4249503
 19.8971173  21.59940358 20.90357853 21.40059642 20.29473161 19.95924453
 20.46247515 19.56784294 21.50621272 17.30641153 18.62350895 18.60487078
 19.61754473 19.88469185 20.26366799 19.97166998 21.0526839  21.05889662
 18.81610338 21.68638171 21.41302187 20.33200795 23.50670974 16.91500994
 19.07703777 19.17022863 19.22614314 20.2139662  19.21993042 20.74826044
 20.02758449 21.38195825 20.30094433 21.07132207 21.74850895 20.84145129
 21.47514911 21.05889662 16.85909543 19.71073559 19.05218688 20.03379722
 20.16426441 20.51838966 20.5805169  19.54299205 19.82256461 19.58026839
 20.4749006  21.79199801 21.2639165  20.82281312 17.57977137 18.46197813
 18.54895626 18.23832008 18.46197813 19.00869781 20.11456262 19.99030815
 19.35039761 21.9473161  18.82852883 20.63021869 20.48732604 21.1583002
 16.10735586 19.30690855 20.09592445 19.54299205 19.75422465 18.98384692
 19.26963221 18.95899602 19.21993042 19.82877734 20.5805169  21.15208748
 21.92246521 22.15233598 22.99105368 17.59840954 17.97117296 17.97117296
 19.25099404 19.94681909 20.12077535 19.69831014 20.07107356 19.46222664
 20.32579523 21.36332008 21.35089463 21.79821074 20.92842942 17.02062624
 18.07057654 17.95253479 17.9276839  18.52410537 19.58026839 20.15805169
 19.99030815 19.12052684 20.09592445 20.49975149 20.32579523 22.53131213
 22.59965209 18.52410537 18.14512922 18.90929423 18.26317097 19.70452286
 19.40631213 18.56138171 20.83523857 21.15208748 21.91003976 21.37574553
 22.2082505  21.47514911 21.17693837 18.40606362 19.23856859 16.38692843
 20.17047714 19.62997018 19.38767396 20.99055666 19.10188867 19.24478131
 21.14587475 20.75447316 20.15805169 21.30119284 23.60611332 20.40034791
 18.34393638 18.75397614 16.36829026 18.21346918 20.39413519 18.85959245
 19.95303181 20.99676938 19.89090457 21.66774354 22.41327038 20.20154076
 21.35710736 21.36332008 17.86555666 17.54249503 17.90904573 17.1138171
 19.78528827 18.89686879 19.96545726 19.79771372 18.87823062 19.90954274
 22.56858847 20.72962227 20.91600398 20.45626243 18.99627237 19.0583996
 20.57430417 19.30069583 21.23906561 18.51789264 18.42470179 20.02137177
 21.00919483 21.35710736 19.49950298 21.0526839  21.87897614 20.86008946
 23.58126243 17.61083499]",37273.7788377445
2025-06-15 22:08:00+00:00,1328,3537.17,9.0,20.153703987965553,19.987729870775347,24.531809145129223,"[18.49304175 18.91550696 19.17644135 18.39985089 18.77261431 20.46247515
 19.62375746 20.66128231 21.94110338 20.64885686 20.88494036 21.41302187
 21.18936382 17.55492048 18.7415507  18.29423459 19.39388668 19.4249503
 19.54920477 19.57405567 19.01491054 21.61804175 19.68588469 21.35089463
 21.31361829 24.53180915 20.18290258 17.51764414 18.05815109 19.82877734
 18.51789264 17.96496024 19.96545726 18.1389165  21.27634195 18.92793241
 21.01540755 20.95328032 22.30144135 21.91003976 19.69209742 19.49329026
 18.23832008 18.95899602 17.57977137 20.91600398 18.08921471 18.64835984
 18.18861829 21.01540755 20.54324056 20.3444334  19.61133201 21.72987078
 23.73036779 21.06510934 18.86580517 16.4304175  18.66078529 19.73558648
 20.41277336 20.02758449 20.77932406 19.32554672 22.7611829  21.10859841
 19.8722664  20.69234592 20.28230616 22.38841948 18.83474155 18.72912525
 17.28156064 19.10810139 19.28205765 21.51242545 17.83449304 21.35089463
 20.76068588 19.71694831 21.3695328  20.01515905 21.46272366 22.5250994
 17.25670974 18.95899602 19.30690855 18.76640159 19.13916501 18.82852883
 19.35039761 18.01466203 20.49353877 20.58672962 20.4500497  21.89761431
 20.92842942 22.53131213 21.95352883 17.43687873 19.46222664 19.79771372
 18.40606362 19.67345924 19.66724652 17.46794235 20.41277336 19.36903579
 20.86630219 21.30119284 22.17097416 20.85387674 23.30790258 19.13295229
 17.7972167  18.43712724 18.78503976 18.96520875 20.42519881 18.9527833
 19.34418489 20.20154076 22.02808151 20.83523857 20.32579523 20.89736581
 20.74204771 17.69781312 18.66078529 18.34393638 17.99602386 19.6361829
 19.46222664 21.3695328  20.3195825  19.81635189 21.32604374 21.01540755
 20.89115308 23.81734592 21.51242545 19.4000994  18.847167   17.37475149
 19.36903579 20.61158052 19.39388668 19.57405567 19.60511928 20.76068588
 20.6861332  20.4500497  21.6056163  22.36978131 21.87897614 20.18290258
 16.97092445 17.49279324 20.17668986 19.04597416 19.17022863 20.02137177
 21.74229622 19.45601392 21.72365805 20.99055666 21.22664016 20.63643141
 21.63667992 22.12748509 17.37475149 19.15159046 19.59269384 18.34393638
 19.61133201 19.03354871 18.68563618 20.30094433 21.33225646 20.74826044
 20.37549702 21.83548708 19.44980119 22.3138668  17.52385686 18.83474155
 19.25099404 19.54299205 20.49353877 18.67321074 21.43787276 20.22017893
 19.41873757 20.94085487 20.45626243 20.43141153 21.49378728 21.99701789
 20.7917495  19.81013917]",37315.83206213756
2025-06-15 22:09:00+00:00,1329,3529.7,9.0,20.130095989901058,19.964525347912524,23.935387673956264,"[19.03976143 19.38767396 17.85313121 20.96570577 21.38195825 18.60487078
 20.38170974 20.05864811 20.30094433 21.31361829 18.90308151 20.45626243
 23.75521869 17.79100398 18.06436382 18.88444334 18.99627237 21.16451292
 20.59294235 20.67992048 19.33175944 20.75447316 19.88469185 20.35685885
 21.35710736 20.02758449 21.64289264 18.49304175 18.0084493  19.71694831
 17.97738569 19.84120278 19.96545726 20.49975149 19.84741551 20.67992048
 19.99030815 20.88494036 20.74204771 22.07157058 21.17072565 16.75347913
 16.56709742 17.75372763 19.90954274 19.0583996  19.69831014 19.25099404
 19.30690855 19.6361829  21.64910537 19.60511928 22.33871769 20.59294235
 21.29498012 21.1583002  18.51789264 17.12002982 18.7166998  17.40581511
 20.41277336 20.23260437 20.36928429 21.54348907 21.31983101 20.7109841
 21.93489066 20.6861332  23.40730616 21.43787276 18.31908549 18.99005964
 19.0583996  19.07082505 17.59219682 19.61754473 19.21371769 19.21993042
 19.86605368 20.38170974 21.25770378 22.30144135 20.18290258 22.27659046
 18.10164016 17.98359841 17.88419483 18.56138171 20.08971173 19.80392644
 22.00944334 20.09592445 19.22614314 20.33822068 19.0583996  19.28827038
 22.54373757 20.26988072 21.18315109 18.21968191 17.94010934 21.46272366
 19.01491054 18.94657058 18.8223161  20.08971173 20.63021869 20.82281312
 19.86605368 20.2388171  21.76093439 20.99055666 20.76068588 19.12673956
 17.1138171  17.57977137 20.43141153 20.04000994 20.24502982 19.30690855
 19.00248509 20.99055666 20.1332008  21.74229622 20.51217694 23.93538767
 23.01590457 18.86580517 17.29398608 18.39363817 18.57380716 20.96570577
 19.66724652 18.86580517 20.02758449 20.87251491 20.00894632 21.027833
 20.54945328 21.02162028 21.36332008 17.39338966 17.95253479 18.53031809
 17.95253479 18.28802187 19.85362823 19.69831014 18.86580517 21.98459245
 20.97191849 21.20178926 20.66749503 21.05889662 23.78628231 21.83548708
 18.64214712 18.94035785 17.94010934 20.78553678 19.8722664  20.1332008
 18.52410537 19.62997018 20.61779324 20.26366799 23.53777336 21.2887674
 21.20178926 22.6804175  17.39960239 18.30666004 18.74776342 19.69831014
 17.57355865 19.21993042 20.61158052 19.5554175  19.67967197 20.25124254
 21.59319085 20.20154076 23.17122266 22.71148111 17.68538767 17.48658052
 18.35014911 19.17022863 21.08996024 19.48707753 19.35039761 20.02137177
 20.76068588 20.62400596 20.46868787 20.4749006  21.22664016 21.25770378
 21.81063618 16.58573559]",37236.84914381298
2025-06-15 22:10:00+00:00,1330,3540.82,9.0,20.161350012064624,19.999068091451292,23.133946322067594,"[18.71048708 19.64239563 19.75422465 19.8722664  19.12052684 18.76640159
 20.76689861 20.39413519 21.41923459 22.23931412 20.51838966 19.9778827
 22.30144135 19.13295229 19.07703777 19.61754473 18.56138171 20.67370775
 18.69806163 19.19507952 20.04622266 22.07157058 20.08971173 20.00894632
 21.17693837 22.09642147 23.03454274 18.55516899 18.59244533 17.94632207
 19.69209742 18.68563618 18.76640159 18.79125249 19.43116302 20.67370775
 21.12723658 22.11505964 20.79796223 19.8971173  19.64860835 19.01491054
 18.67942346 18.31287276 19.84741551 19.02733598 19.44358847 18.67321074
 20.18290258 20.06486083 21.66774354 21.61182903 22.42569583 21.59940358
 21.89761431 21.22664016 18.06436382 18.99005964 18.53653082 19.44358847
 20.74826044 19.41252485 19.13916501 22.69284294 19.73558648 19.98409543
 20.90979125 21.68016899 21.66774354 21.94110338 19.0832505  19.25099404
 18.78503976 19.26341948 17.88419483 18.83474155 20.66128231 21.48136183
 19.38146123 20.75447316 20.07728628 22.25173956 22.8667992  20.56187873
 17.81585487 19.05218688 18.19483101 18.47440358 20.95328032 19.41873757
 19.57405567 21.3695328  19.60511928 18.57380716 19.89090457 22.05914513
 21.43787276 22.84816103 21.06510934 17.88419483 17.66053678 17.85934394
 20.41277336 21.20800199 18.7415507  17.94010934 19.43116302 20.08971173
 21.27634195 21.50621272 20.87251491 21.20800199 20.3195825  16.94607356
 18.44333996 18.93414513 20.35064612 19.21993042 21.51863817 18.63593439
 20.94085487 19.94060636 20.61779324 20.44383698 21.09617296 22.5250994
 21.20178926 17.67917495 19.24478131 18.33772366 18.17619284 18.57380716
 20.12077535 17.95874751 18.96520875 20.7917495  21.25770378 21.59319085
 22.94756461 22.37599404 21.99701789 19.30069583 17.93389662 19.13916501
 19.4000994  18.13270378 19.39388668 19.38767396 20.69855865 21.01540755
 21.46893638 22.95377734 19.84741551 21.95352883 20.46868787 20.63643141
 17.77857853 18.11406561 20.01515905 19.20750497 19.75422465 19.48707753
 19.7666501  19.41252485 19.5554175  21.44408549 20.17047714 21.23906561
 21.64289264 23.13394632 18.44955268 17.52385686 16.96471173 19.92196819
 21.10238569 18.4806163  19.07703777 19.45601392 19.34418489 21.31361829
 18.53031809 20.58672962 22.2082505  20.22017893 18.77882704 19.33797217
 20.69855865 19.52435388 17.94632207 19.49950298 19.36903579 19.53677932
 20.36307157 20.46247515 21.01540755 21.46893638 20.46247515 21.18315109
 20.73583499 16.77833002]",37341.4126003634
2025-06-15 22:11:00+00:00,1331,3536.6499999999996,9.0,20.147484722357532,19.986114562624252,23.457007952286283,"[19.93439364 16.54845924 19.99030815 19.56163022 23.35139165 18.92793241
 20.63021869 20.52460239 21.06510934 21.38195825 20.86008946 22.40705765
 20.4749006  17.51764414 19.28827038 18.375      17.91525845 20.36307157
 19.91575547 19.72937376 20.35064612 19.43737575 20.74826044 21.5
 21.5        20.2388171  23.45700795 18.1389165  17.85313121 20.54945328
 20.7109841  18.44955268 18.42470179 19.58026839 21.30740557 20.54945328
 21.08374751 19.89090457 21.57455268 20.53702783 21.74850895 16.93364811
 18.74776342 19.66724652 19.09567594 19.14537773 17.9276839  20.11456262
 17.53628231 19.56784294 20.25745527 19.31312127 19.07082505 20.64885686
 22.11505964 20.61779324 17.50521869 18.20104374 17.5859841  19.64239563
 20.02137177 19.51192843 20.44383698 19.64239563 21.18315109 20.69855865
 22.57480119 20.93464215 22.74875746 23.15879722 17.430666   19.35661034
 20.05243539 19.23235586 18.20104374 19.43737575 20.13941352 20.88494036
 19.06461233 20.89115308 20.44383698 21.96595427 20.75447316 22.25795229
 19.13916501 18.70427435 19.92196819 18.62350895 18.38742545 19.96545726
 20.73583499 20.76689861 18.87823062 21.78578529 20.7917495  20.26988072
 21.53106362 21.63667992 22.92892644 17.75372763 18.72912525 20.80417495
 17.57355865 19.95303181 18.44333996 21.72365805 20.86008946 20.67992048
 20.79796223 21.98459245 22.92892644 22.64314115 22.23310139 18.54274354
 18.40606362 19.61754473 19.52435388 19.13295229 21.12723658 21.27634195
 20.06486083 19.56163022 20.28230616 20.86630219 21.78578529 22.48782306
 21.1334493  17.14488072 18.86580517 19.41873757 19.93439364 19.8971173
 20.97813121 20.33200795 20.13941352 19.90333002 21.43166004 19.8971173
 18.72912525 23.04696819 20.8166004  17.28777336 16.93364811 18.03951292
 19.62997018 19.56784294 19.93439364 20.11456262 20.555666   19.43116302
 18.71048708 20.23260437 21.21421471 21.21421471 20.58672962 22.22688867
 17.98359841 18.08300199 18.10785288 19.59890656 18.22589463 18.27559642
 19.56784294 20.94706759 20.72962227 19.97166998 20.99055666 20.59294235
 20.98434394 21.83548708 19.27584493 17.62947316 19.91575547 18.98384692
 19.4000994  18.85959245 19.51814115 18.92171968 19.99652087 21.53727634
 19.38146123 21.40059642 21.51242545 20.90979125 16.92743539 17.30019881
 18.11406561 19.00248509 18.80989066 19.2944831  19.06461233 19.64239563
 20.27609344 19.72316103 19.43737575 21.38195825 19.0583996  22.32007952
 22.36356859 19.05218688]",37295.02488711937
2025-06-15 22:12:00+00:00,1332,3465.11,9.0,19.93480979261635,19.763885437375745,23.891898608349898,"[19.74801193 19.32554672 20.19532803 19.71694831 21.27634195 17.51764414
 21.10859841 19.6610338  21.52485089 20.99055666 21.43166004 20.50596421
 23.50670974 17.2194334  18.61729622 18.31908549 17.85313121 20.38170974
 19.43116302 19.62375746 18.74776342 21.63667992 21.57455268 21.46893638
 21.62425447 21.22042744 22.17097416 16.65407555 19.00869781 19.26963221
 17.80964215 18.15755467 18.35014911 20.51217694 19.80392644 18.40606362
 21.92246521 22.61207753 20.89115308 20.97813121 20.92842942 18.66078529
 17.85934394 18.92171968 19.43737575 19.25720676 18.375      20.20775348
 18.8223161  19.38767396 21.5        20.66749503 21.53727634 20.92842942
 21.22664016 20.20154076 19.1888668  17.90904573 16.80939364 15.92097416
 18.66078529 21.02162028 20.64264414 18.95899602 20.54945328 19.51814115
 20.5805169  21.82306163 22.73633201 20.50596421 17.24428429 17.77236581
 20.3195825  19.21371769 18.97763419 19.24478131 18.71048708 21.71744533
 19.37524851 19.81635189 20.2388171  20.26988072 21.19557654 22.69284294
 17.85934394 18.31908549 18.87823062 18.17619284 18.72291252 18.375
 19.34418489 18.57380716 18.72291252 20.07728628 20.92842942 20.90979125
 20.86008946 20.83523857 20.72340954 19.48707753 16.83424453 19.7417992
 19.24478131 18.42470179 20.56187873 18.7415507  18.21968191 20.17047714
 19.92818091 19.84741551 21.45651093 19.46222664 21.69880716 17.49900596
 16.66650099 18.31287276 18.44955268 17.94632207 20.51217694 20.04000994
 19.31312127 19.99030815 21.79199801 21.00298211 21.14587475 21.45651093
 19.82877734 18.42470179 17.50521869 16.97713718 19.77286282 20.36307157
 19.15780318 20.58672962 20.17668986 20.50596421 21.2887674  19.45601392
 21.41923459 20.87251491 21.79821074 16.47390656 18.90929423 18.15134195
 20.22017893 19.6610338  20.43141153 18.33151093 21.7360835  20.01515905
 18.81610338 18.18240557 20.15805169 20.85387674 20.54945328 21.41923459
 18.67942346 18.58001988 18.46197813 18.847167   19.58026839 19.4000994
 19.34418489 20.20775348 19.7666501  20.84145129 20.72340954 21.6304672
 20.02137177 22.45054672 18.26317097 18.73533797 18.89065606 18.5054672
 18.30044732 19.24478131 18.5054672  18.58001988 19.02112326 20.22639165
 20.76689861 20.07728628 21.75472167 21.34468191 17.85313121 18.29423459
 17.23807157 17.54870775 20.15805169 20.53702783 20.90357853 19.58648111
 20.30715706 19.20750497 20.85387674 21.30119284 21.58076541 23.89189861
 21.29498012 19.86605368]",36583.49964217727
2025-06-15 22:13:00+00:00,1333,3493.73,9.0,20.017713609844936,19.852789512922463,25.80541749502982,"[18.99627237 19.04597416 20.36307157 19.41252485 19.96545726 19.95924453
 21.64910537 21.6304672  20.46868787 19.95303181 20.27609344 21.32604374
 20.6861332  17.40581511 19.98409543 18.38742545 19.58648111 20.72340954
 19.40631213 19.18265408 21.3695328  19.73558648 18.80989066 21.75472167
 18.43712724 20.22639165 20.41898608 17.07032803 16.97713718 19.0832505
 20.37549702 19.28205765 18.89065606 20.66128231 21.24527833 20.2388171
 18.69184891 21.09617296 20.85387674 20.51838966 20.7917495  18.38742545
 18.05193837 18.42470179 18.07678926 17.34368787 19.57405567 19.46222664
 18.49925447 19.74801193 20.95949304 21.50621272 20.26366799 19.98409543
 21.28255467 22.1833996  18.41848907 19.79771372 16.80939364 20.19532803
 19.72937376 20.2388171  18.31908549 20.40034791 19.54299205 21.61182903
 19.7666501  21.86033797 21.3695328  21.31361829 19.82256461 18.92171968
 17.46172962 18.94657058 19.59269384 20.3444334  18.38121272 18.9527833
 19.91575547 20.99676938 19.84120278 21.80442346 21.23906561 20.94706759
 17.94632207 18.1637674  17.36232604 18.77261431 19.02112326 18.34393638
 20.58672962 18.31908549 19.84120278 20.73583499 20.02137177 21.91625249
 21.52485089 21.35710736 20.26366799 17.51143141 19.74801193 17.57977137
 19.71073559 20.31336978 19.64239563 19.62375746 21.53106362 20.53081511
 21.00298211 20.92842942 21.56833996 21.30740557 21.69880716 17.03305169
 18.8223161  18.48682903 18.13270378 21.18315109 16.82803181 19.79771372
 20.00894632 20.18911531 21.27634195 20.58672962 19.8722664  21.66153082
 22.61207753 18.02087475 16.71620278 17.87176938 18.51167992 18.03951292
 19.51192843 21.00919483 18.59865805 21.56212724 20.63021869 20.69855865
 20.53702783 22.03429423 21.75472167 15.88991054 18.89686879 19.33175944
 17.51143141 18.89686879 19.71694831 18.55516899 19.19507952 19.67967197
 18.43091451 21.79199801 19.64239563 21.85412525 22.27037773 21.10238569
 19.22614314 19.21371769 18.12027833 20.29473161 18.76018887 19.01491054
 20.04622266 19.84120278 19.59269384 20.37549702 21.44408549 20.64885686
 21.56212724 21.95352883 17.430666   19.49950298 19.85984095 19.28827038
 19.13916501 19.72937376 20.48732604 20.5805169  22.32007952 18.31287276
 21.81063618 20.03379722 21.66774354 21.24527833 19.23235586 18.64835984
 19.43116302 18.21346918 19.69209742 17.38096421 18.55516899 20.19532803
 20.14562624 20.16426441 21.84791252 21.95352883 20.87872763 21.58076541
 25.8054175  18.4806163 ]",36860.86265309722
2025-06-15 22:14:00+00:00,1334,3521.6,9.0,20.09840638009063,19.939363817097416,23.07803180914513,"[18.59244533 19.46222664 19.86605368 20.17047714 20.33200795 19.45601392
 20.74826044 20.76689861 22.09020875 22.04671968 21.74850895 21.78578529
 21.76093439 17.72887674 17.94632207 18.52410537 18.59865805 18.25074553
 19.45601392 21.09617296 20.22017893 19.87847913 19.68588469 21.89761431
 21.50621272 20.7917495  21.78578529 20.59915507 18.96520875 18.92171968
 16.15705765 19.24478131 18.55516899 22.48161034 19.72316103 18.94035785
 20.0027336  20.94706759 21.95352883 20.91600398 20.86008946 17.67296223
 18.68563618 18.47440358 19.39388668 17.67917495 20.37549702 20.94085487
 21.16451292 18.89686879 20.49975149 22.54373757 20.97813121 21.04647117
 20.0027336  22.50024851 18.20104374 18.81610338 17.92147117 18.07057654
 18.12649105 19.62997018 20.43762425 20.84766402 19.8722664  20.02758449
 21.69880716 22.23310139 20.555666   22.39463221 17.95253479 19.61133201
 19.59269384 17.33747515 16.5360338  20.76068588 18.47440358 20.06486083
 19.58026839 21.71744533 21.07132207 19.7417992  21.96595427 21.61182903
 17.00198807 16.29373757 19.4000994  18.44955268 17.95253479 18.77882704
 19.97166998 19.51192843 20.99055666 20.51217694 21.54970179 21.78578529
 22.43812127 21.99080517 22.00323062 17.64189861 18.15134195 18.31908549
 19.34418489 20.43762425 19.91575547 18.92171968 19.62375746 20.15183897
 21.1334493  21.21421471 22.51267396 20.41277336 23.07803181 17.52385686
 20.12698807 17.78479125 18.77261431 19.59890656 18.59865805 21.74850895
 18.44333996 18.99627237 20.25124254 20.64885686 21.08374751 20.05864811
 21.93489066 18.54895626 19.60511928 18.41227634 18.57380716 19.70452286
 19.51814115 20.22017893 20.0027336  22.2890159  20.86008946 21.89761431
 22.60586481 21.97837972 20.15805169 18.10164016 20.27609344 17.14488072
 18.68563618 18.90308151 19.38146123 19.07082505 20.98434394 20.15183897
 20.04000994 20.59915507 19.48707753 20.50596421 21.69880716 21.1334493
 17.53006958 18.73533797 19.35661034 17.68538767 20.0027336  18.35636183
 18.88444334 19.10188867 18.61729622 20.41898608 22.14612326 22.76739563
 22.5250994  20.91600398 18.35636183 17.28156064 17.7972167  20.02758449
 19.01491054 21.91625249 20.16426441 19.93439364 20.31336978 19.33797217
 21.49378728 21.77335984 20.59915507 22.22067594 18.07678926 17.88419483
 16.68513917 17.81585487 18.86580517 18.89065606 20.05243539 21.88518887
 20.61158052 20.41898608 19.90954274 20.82281312 20.07107356 21.41923459
 22.40084493 19.02112326]",37130.82838523122
2025-06-15 22:15:00+00:00,1335,3492.13,9.0,20.009888567807536,19.847819333996025,23.811133200795226,"[19.68588469 19.25099404 18.49304175 17.76615308 19.85984095 20.49975149
 20.87872763 17.80342942 20.85387674 22.26416501 22.09642147 18.53031809
 21.6056163  19.28827038 19.4000994  20.11456262 17.61704771 19.99030815
 20.82281312 21.04647117 20.87872763 18.98384692 19.79150099 19.77286282
 20.25745527 21.69259443 21.19557654 19.21993042 19.31312127 18.20104374
 18.375      18.79746521 19.01491054 19.41252485 18.87823062 21.38195825
 21.89761431 21.72987078 19.47465209 20.70477137 20.91600398 16.59194831
 19.15159046 17.54870775 18.7166998  18.847167   19.25720676 19.5305666
 20.43762425 20.12077535 21.6056163  21.18315109 19.44980119 20.76068588
 21.42544732 21.58697813 16.84045726 18.847167   17.30641153 19.46843936
 18.97763419 19.8722664  19.1888668  18.87201789 19.77286282 19.65482107
 20.74204771 20.3444334  20.12077535 23.08424453 18.49304175 17.47415507
 18.38742545 17.9276839  19.81635189 19.67345924 20.19532803 18.9527833
 20.50596421 21.19557654 19.97166998 19.77286282 19.89090457 22.3138668
 16.8777336  19.52435388 17.6667495  16.7472664  19.72316103 18.16998012
 20.35685885 19.34418489 19.28827038 19.81635189 20.95328032 21.61804175
 21.22664016 20.3444334  22.3138668  18.03951292 18.76640159 19.10188867
 18.61729622 19.49329026 19.69831014 18.51167992 20.98434394 21.63667992
 20.5805169  22.38841948 20.49353877 20.84145129 23.8111332  16.80318091
 18.97763419 19.79771372 18.94657058 19.82256461 17.61083499 19.75422465
 22.5499503  21.74229622 20.13941352 21.33225646 21.33846918 21.00298211
 20.43762425 20.14562624 19.83499006 19.06461233 19.35039761 18.77261431
 18.89686879 19.17022863 21.3943837  19.18265408 19.17644135 20.96570577
 20.07107356 22.89786282 21.8665507  16.83424453 19.52435388 18.63593439
 18.69184891 19.19507952 19.82256461 18.53031809 21.82306163 21.33225646
 19.93439364 19.44358847 21.87276342 21.81063618 21.61182903 23.0221173
 17.87798211 17.29398608 19.25720676 17.1945825  18.18861829 20.58672962
 20.15183897 20.28851889 21.31983101 20.63021869 19.94681909 20.75447316
 21.11481113 22.74875746 18.28180915 17.48658052 18.54274354 17.88419483
 18.84095427 18.69806163 20.64885686 19.10188867 20.53702783 19.9778827
 20.41277336 19.94060636 22.12748509 22.18961233 18.23832008 17.74751491
 19.36903579 19.14537773 20.88494036 17.85934394 18.56759443 18.71048708
 21.81063618 20.30094433 19.90333002 20.25124254 22.07157058 21.57455268
 22.2890159  17.1138171 ]",36834.68319245689
2025-06-15 22:16:00+00:00,1336,3521.1,9.0,20.093832046452324,19.937810636182903,24.134194831013914,"[19.12673956 18.57380716 19.62997018 20.66749503 19.41873757 19.17644135
 21.45029821 19.59890656 21.23906561 21.35710736 21.75472167 21.05889662
 22.43190855 18.47440358 19.85984095 19.36903579 20.60536779 19.06461233
 19.49950298 19.70452286 19.07703777 17.38717694 18.0333002  20.90979125
 20.76689861 21.53106362 20.65506958 17.76615308 17.49900596 18.5862326
 18.22589463 18.53031809 19.2944831  21.6304672  19.18265408 19.33797217
 21.81063618 20.57430417 20.27609344 21.16451292 19.94681909 17.31883698
 19.02733598 18.23210736 17.6667495  18.96520875 20.77311133 18.08300199
 20.22017893 22.0777833  21.53727634 21.94110338 22.00944334 21.31361829
 20.38170974 21.19557654 18.97763419 18.38742545 18.82852883 19.86605368
 20.54324056 19.70452286 20.0027336  20.35064612 20.6861332  21.46272366
 21.77335984 20.78553678 21.8416998  19.36903579 18.45576541 19.82877734
 19.28827038 19.319334   18.84095427 18.73533797 20.48111332 20.15183897
 18.94657058 19.04597416 20.69234592 20.57430417 20.16426441 20.38170974
 19.26963221 17.77236581 18.08921471 17.80964215 20.33822068 17.86555666
 19.46843936 19.83499006 19.88469185 21.28255467 20.64885686 19.61133201
 20.72340954 21.86033797 19.97166998 19.82877734 18.97763419 17.85313121
 20.29473161 20.23260437 19.70452286 20.38170974 20.73583499 20.22017893
 20.06486083 20.36307157 21.27012922 20.90979125 21.08996024 20.13941352
 16.58573559 21.40059642 19.85984095 18.6110835  20.67992048 19.71694831
 19.54920477 19.54920477 22.77360835 22.71769384 22.0777833  21.67395626
 21.30740557 18.03951292 17.80964215 17.33747515 20.22017893 19.10188867
 18.30044732 19.84120278 20.20775348 20.41277336 22.26416501 22.13991054
 20.99055666 22.0777833  21.56833996 16.87152087 17.21322068 18.6110835
 19.15159046 19.90333002 19.38146123 20.01515905 19.02733598 19.86605368
 19.81635189 20.65506958 21.5        22.12748509 23.02833002 21.48136183
 17.98359841 18.41848907 17.70402584 17.91525845 19.03976143 18.77882704
 19.11431412 19.74801193 20.63021869 18.66699801 20.49353877 20.18911531
 20.98434394 20.5805169  18.72912525 18.85337972 18.09542744 18.51167992
 19.79150099 21.22664016 19.34418489 20.91600398 20.15805169 19.36903579
 21.43166004 18.375      21.45029821 23.06560636 18.1637674  17.10760437
 18.84095427 20.07728628 18.64835984 19.38146123 21.44408549 20.03379722
 20.73583499 20.46247515 19.7417992  24.13419483 22.94135189 22.06535785
 21.07132207 18.71048708]",37115.5244946109
2025-06-15 22:17:00+00:00,1337,3475.0699999999997,9.0,19.956449569159652,19.794824801192842,24.780318091451292,"[18.2445328  18.4806163  19.4249503  20.1332008  20.2139662  21.1583002
 20.17047714 21.52485089 21.30740557 20.22017893 19.5305666  20.35685885
 22.00323062 17.46794235 18.25074553 20.10213718 18.61729622 17.57977137
 22.12748509 18.29423459 19.28205765 21.74229622 22.95999006 22.58101392
 21.19557654 22.20203777 22.6804175  17.85934394 18.84095427 18.77882704
 18.52410537 19.71073559 18.89686879 18.40606362 18.7415507  18.93414513
 20.06486083 21.83548708 21.62425447 22.5499503  22.43812127 18.07678926
 16.95228628 18.32529821 17.49900596 20.92842942 18.44333996 19.35039761
 20.38170974 20.04000994 21.64910537 20.6861332  20.08971173 20.17047714
 22.6804175  23.04075547 16.54224652 18.63593439 18.58001988 19.32554672
 20.5805169  19.33797217 18.64214712 21.58697813 20.93464215 20.14562624
 19.95303181 19.90954274 22.38841948 20.93464215 18.19483101 18.81610338
 19.20750497 18.41227634 18.5862326  21.31983101 19.64239563 19.04597416
 20.25745527 22.21446322 20.38170974 21.15208748 21.027833   22.04671968
 16.89637177 18.62972167 17.56734592 18.43712724 18.66078529 19.13295229
 19.10188867 19.74801193 20.82902584 21.31361829 20.10213718 20.0027336
 21.25149105 22.23931412 24.78031809 18.9527833  18.54274354 17.80342942
 19.319334   18.36878728 18.66699801 19.1888668  20.28230616 20.53081511
 19.5554175  20.07728628 20.28851889 21.45029821 21.34468191 17.67917495
 18.95899602 18.57380716 19.25720676 20.52460239 21.03404573 21.94110338
 19.43737575 20.15805169 21.05889662 20.38170974 19.62997018 21.87276342
 21.20178926 17.57977137 17.61704771 16.84666998 18.12649105 19.28205765
 19.90333002 19.08946322 19.54299205 21.05889662 22.02186879 21.0526839
 21.07753479 20.71719682 22.97862823 16.7472664  17.44309145 16.80939364
 16.82803181 18.96520875 19.08946322 19.43116302 20.36307157 18.74776342
 20.40034791 21.68016899 19.86605368 19.69831014 20.94706759 21.02162028
 18.62972167 17.18836978 19.0583996  17.81585487 18.62972167 19.71073559
 19.30069583 18.00223658 19.58026839 20.39413519 21.35089463 20.86630219
 21.02162028 20.97191849 18.53653082 17.6667495  18.63593439 18.98384692
 18.77261431 19.00869781 18.76018887 19.83499006 20.12077535 21.68638171
 21.2887674  20.35064612 20.12698807 20.78553678 18.49925447 18.44955268
 16.54224652 18.62972167 18.41227634 18.12649105 20.23260437 20.32579523
 19.21371769 19.1640159  22.42569583 20.52460239 20.12698807 20.80417495
 20.86008946 18.66699801]",36655.89767858053
2025-06-15 22:18:00+00:00,1338,3461.04,9.0,19.91350284528236,19.751242544731614,23.556411530815108,"[16.90879722 17.5611332  17.77857853 19.81635189 17.65432406 18.77261431
 19.77907555 20.94085487 19.92818091 21.2887674  21.64289264 20.70477137
 21.13966203 18.30044732 20.37549702 18.20725646 20.11456262 19.17644135
 20.41898608 20.98434394 20.13941352 18.7415507  22.2082505  21.48136183
 20.19532803 21.54348907 21.78578529 17.96496024 19.00869781 18.76640159
 17.902833   19.40631213 17.31883698 18.74776342 19.67967197 19.85362823
 18.70427435 21.67395626 22.15233598 21.29498012 20.48111332 19.93439364
 18.53653082 18.72291252 18.11406561 19.21993042 20.02137177 19.85362823
 18.81610338 20.99055666 19.28205765 20.82902584 21.38817097 21.56212724
 21.66153082 21.11481113 17.70402584 18.0084493  19.77907555 20.24502982
 18.07057654 18.64835984 19.6610338  19.59890656 18.97763419 19.96545726
 20.0027336  19.48086481 20.78553678 22.13991054 18.70427435 18.76018887
 19.28827038 19.07703777 18.25074553 20.02758449 21.12102386 20.1083499
 21.20800199 20.99676938 21.14587475 19.20129225 19.38767396 21.54970179
 18.56759443 18.32529821 16.92122266 16.52982107 17.74751491 19.67967197
 18.25074553 18.9527833  21.1334493  18.92793241 20.4749006  19.56784294
 21.47514911 20.94706759 21.56212724 19.8971173  18.61729622 19.18265408
 19.71694831 19.95303181 18.82852883 20.82902584 19.54299205 19.8722664
 20.28851889 21.79821074 19.47465209 22.04050696 23.55641153 16.84666998
 18.62972167 17.67917495 19.17022863 19.0832505  19.12673956 18.74776342
 19.49950298 19.85984095 21.1334493  20.99676938 20.86630219 22.24552684
 21.72365805 15.88369781 17.7972167  19.30069583 18.35636183 20.63643141
 18.33772366 19.73558648 20.48732604 18.69806163 19.44358847 20.86630219
 21.00919483 20.38170974 22.2082505  18.1389165  18.35014911 20.51838966
 17.02683897 18.847167   19.25720676 19.0583996  21.76714712 19.81013917
 18.35014911 18.07678926 20.00894632 20.81038767 21.07132207 20.54945328
 17.91525845 18.80989066 17.89040755 20.02758449 18.54274354 18.2693837
 20.43141153 20.67992048 21.30740557 20.87872763 21.02162028 19.56784294
 22.45054672 22.444334   18.64214712 18.07678926 18.09542744 17.49900596
 16.89015905 20.70477137 19.82877734 20.59294235 20.44383698 20.18290258
 20.9222167  21.06510934 22.09020875 20.02137177 19.23235586 19.79771372
 19.05218688 18.59244533 18.76018887 18.49304175 18.55516899 19.41252485
 19.35039761 21.19557654 22.32007952 22.94756461 19.7666501  21.53106362
 21.65531809 18.75397614]",36512.21511917667
2025-06-15 22:19:00+00:00,1339,3429.4799999999996,9.0,19.81882670788593,19.653205765407556,23.30168986083499,"[17.08275348 18.23210736 19.00869781 19.90954274 17.90904573 18.62972167
 21.18315109 20.08349901 20.2388171  19.80392644 21.58697813 20.9222167
 20.44383698 17.55492048 18.57380716 19.04597416 18.98384692 17.87176938
 19.54920477 19.01491054 21.75472167 20.90357853 19.67345924 20.63643141
 20.6861332  21.23906561 22.50646123 17.88419483 17.0889662  17.69781312
 16.69135189 19.36282306 19.51192843 20.7917495  21.18936382 19.71694831
 20.70477137 20.4749006  20.18290258 20.87872763 19.26963221 16.44905567
 17.77236581 19.11431412 17.59840954 19.48086481 18.35636183 19.04597416
 19.0583996  19.03354871 20.70477137 20.1332008  21.38195825 20.6861332
 21.54970179 22.444334   18.26317097 18.02708748 18.63593439 17.86555666
 18.88444334 18.58001988 20.43141153 18.19483101 20.90357853 20.20775348
 21.90382704 21.32604374 20.66128231 23.30168986 19.64239563 18.12649105
 19.72316103 20.28851889 18.30666004 18.62972167 21.20178926 21.43787276
 20.19532803 18.13270378 21.35710736 19.60511928 20.00894632 20.69855865
 18.36878728 18.27559642 13.97017893 17.89662028 16.94607356 19.13295229
 18.97763419 19.25720676 20.1083499  21.55591451 20.62400596 19.95303181
 21.12102386 21.81063618 23.13394632 18.79746521 17.70402584 18.10164016
 17.27534791 18.94035785 18.49304175 20.1332008  20.27609344 20.06486083
 20.70477137 20.03379722 19.86605368 19.51192843 23.05318091 17.30641153
 18.38742545 17.60462227 19.01491054 19.48086481 18.93414513 18.97763419
 19.46843936 21.56212724 20.46247515 19.98409543 21.82306163 22.79845924
 20.28851889 18.1637674  19.24478131 20.26366799 20.02137177 17.83449304
 18.74776342 21.18936382 19.06461233 20.64885686 18.74776342 20.12077535
 20.30094433 21.17693837 22.56237575 17.57977137 16.50497018 18.2693837
 19.00869781 19.62375746 21.08374751 17.51143141 19.99652087 18.75397614
 21.13966203 19.21371769 20.69855865 21.71744533 21.57455268 22.09020875
 17.61704771 18.99627237 18.67942346 19.35661034 17.47415507 19.13916501
 19.17644135 20.49975149 20.83523857 20.65506958 21.00919483 20.77311133
 21.62425447 21.43787276 17.26292247 17.71645129 17.56734592 17.85313121
 18.46197813 17.77857853 20.74204771 21.08996024 19.99652087 19.11431412
 21.23906561 21.8416998  21.44408549 20.96570577 17.46172962 18.80367793
 17.41202783 18.72291252 20.48111332 16.99577535 19.90333002 20.56187873
 19.59269384 19.50571571 21.06510934 20.7917495  21.07753479 21.87276342
 21.6304672  19.5554175 ]",36195.46663390317
2025-06-15 22:20:00+00:00,1340,3441.8199999999997,9.0,19.853703803111713,19.691538270377734,22.854373757455267,"[17.73508946 18.67321074 19.69209742 19.1640159  18.56759443 20.07107356
 20.45626243 19.78528827 22.1833996  20.48111332 20.1332008  21.41923459
 22.42569583 17.9276839  18.61729622 19.04597416 18.0333002  19.38767396
 20.22017893 18.51789264 20.3195825  19.92818091 21.06510934 21.91003976
 21.27012922 22.85437376 20.5805169  17.49279324 18.31287276 17.87176938
 17.73508946 19.12052684 19.91575547 18.34393638 18.94035785 21.04025845
 22.30144135 20.70477137 19.99030815 21.55591451 22.36356859 18.43091451
 19.4000994  17.15109344 18.39985089 19.00248509 18.7415507  19.02733598
 19.38767396 19.81635189 19.70452286 19.58026839 19.46843936 20.52460239
 20.8166004  22.47539761 17.26913519 16.44905567 19.00248509 18.79125249
 19.67345924 18.38742545 18.87823062 17.75994036 19.75422465 21.25149105
 20.84145129 19.22614314 22.04671968 21.85412525 16.66028827 18.12649105
 18.12027833 19.92818091 20.3195825  19.0583996  20.25124254 20.63643141
 20.25745527 19.51192843 21.57455268 21.33846918 20.20775348 22.76739563
 18.13270378 16.73484095 18.84095427 18.64835984 18.61729622 20.74204771
 19.1888668  19.9778827  20.54324056 19.71694831 22.2082505  20.87251491
 21.10859841 21.41302187 21.10238569 17.98359841 19.23235586 18.375
 18.67321074 21.56212724 17.08275348 19.49329026 18.85337972 19.68588469
 20.10213718 20.13941352 20.02137177 20.17047714 22.30144135 17.83449304
 17.71645129 17.47415507 19.93439364 19.00869781 19.64239563 21.18315109
 19.37524851 20.35064612 21.69259443 21.1583002  20.67992048 20.41898608
 20.54324056 18.20104374 16.93986083 19.12052684 17.3499006  19.4000994
 19.67345924 19.84120278 17.61083499 21.3695328  20.12698807 21.08374751
 19.82877734 21.35089463 19.85362823 16.90258449 19.08946322 18.91550696
 18.30666004 18.68563618 19.27584493 19.79150099 19.28205765 20.46868787
 20.18911531 19.81013917 21.92246521 21.47514911 22.04671968 21.02162028
 17.56734592 18.25695825 19.51814115 19.00248509 19.58648111 19.2944831
 20.43141153 20.95949304 18.31287276 21.59940358 21.31361829 20.93464215
 20.2388171  20.91600398 18.25695825 17.60462227 18.30044732 19.21371769
 19.07082505 17.82206759 20.1083499  18.30666004 18.1637674  21.3695328
 21.61804175 19.61133201 21.2639165  21.88518887 18.53653082 18.23210736
 19.74801193 18.11406561 19.84120278 17.80342942 18.90308151 18.98384692
 20.555666   20.72340954 20.78553678 21.22042744 19.23235586 21.15208748
 20.82281312 17.62947316]",36312.151443690556
2025-06-15 22:21:00+00:00,1341,3443.88,9.0,19.858246610554186,19.69793737574553,23.183648111332005,"[18.03951292 18.04572565 18.59244533 18.73533797 19.82877734 20.91600398
 18.81610338 19.20129225 20.77932406 19.73558648 21.82927435 21.74850895
 22.48161034 18.14512922 17.87798211 18.79125249 19.59269384 19.77286282
 18.99627237 20.59915507 20.41277336 18.94657058 20.97191849 20.43141153
 20.33200795 22.88543738 22.12127237 17.61704771 17.95874751 18.52410537
 17.86555666 19.1888668  19.49950298 19.58026839 21.2887674  19.54920477
 20.72962227 20.58672962 21.94110338 21.70501988 21.58697813 17.62326044
 18.49304175 18.07678926 17.84070577 17.59840954 18.90929423 19.68588469
 19.43737575 21.35089463 19.41873757 23.06560636 20.8166004  20.63643141
 20.38792247 19.87847913 17.03305169 18.54274354 17.31883698 19.12052684
 19.64239563 19.92196819 19.26341948 19.59269384 19.59269384 19.71694831
 21.91003976 19.18265408 21.97837972 21.07753479 18.86580517 18.1389165
 15.96446322 19.24478131 19.74801193 18.79125249 20.15805169 20.16426441
 20.99055666 20.98434394 20.1083499  21.91003976 22.444334   20.5805169
 20.20154076 17.93389662 19.50571571 19.0583996  18.39363817 18.51789264
 18.14512922 18.97763419 19.86605368 19.04597416 21.21421471 22.19582505
 19.57405567 20.70477137 23.04075547 16.65407555 16.96471173 17.25049702
 19.03976143 19.15159046 18.1637674  21.58697813 20.96570577 19.23856859
 20.99676938 18.31287276 18.8223161  21.36332008 23.18364811 18.23832008
 19.46222664 19.85362823 18.97763419 17.95874751 20.46247515 20.67370775
 19.69831014 20.46247515 20.46868787 19.97166998 20.75447316 20.63643141
 22.69905567 18.80989066 18.52410537 17.97738569 19.96545726 19.26963221
 19.25099404 19.56163022 21.70501988 20.28851889 18.25695825 19.67345924
 20.43762425 20.48732604 21.61182903 17.2194334  18.65457256 18.65457256
 18.2693837  19.09567594 18.30666004 18.49304175 19.45601392 18.96520875
 20.09592445 19.7666501  21.7112326  19.23856859 19.61133201 21.64289264
 16.98956262 17.41202783 17.85934394 18.54895626 19.54299205 19.81635189
 18.97763419 19.77907555 19.80392644 19.95924453 21.20178926 20.60536779
 20.40656064 21.10238569 17.77857853 19.0832505  18.12649105 19.6361829
 18.77882704 20.56809145 19.2944831  20.88494036 21.07132207 21.03404573
 20.98434394 20.69234592 21.16451292 21.12102386 16.92743539 20.25124254
 18.46197813 19.58648111 19.69209742 19.02112326 19.2944831  19.49329026
 20.53702783 19.77286282 19.02733598 19.83499006 20.3195825  21.59940358
 21.2887674  17.41202783]",36327.349860270086
2025-06-15 22:22:00+00:00,1342,3441.06,9.0,19.84839079564599,19.689177435387673,23.028330019880713,"[16.84666998 18.39363817 18.36878728 20.15805169 20.3195825  18.96520875
 18.7166998  20.86630219 21.20800199 19.69209742 22.46918489 21.14587475
 22.19582505 17.96496024 15.99552684 19.10810139 18.79125249 20.48732604
 18.1389165  18.97142147 20.3195825  20.5805169  19.78528827 22.09020875
 19.26341948 19.90333002 19.2944831  15.84642147 18.12027833 19.0832505
 18.90929423 18.5054672  18.69184891 17.73508946 19.72316103 21.9473161
 21.13966203 20.08349901 19.54920477 20.36928429 21.91625249 18.72291252
 16.66650099 17.41824056 17.94632207 18.44955268 17.77236581 19.1888668
 19.40631213 22.12127237 22.02808151 20.02758449 22.11505964 19.22614314
 20.64885686 20.9222167  17.94010934 19.24478131 17.61704771 18.93414513
 18.84095427 19.71694831 18.58001988 18.97763419 19.80392644 20.72962227
 19.59269384 20.17668986 21.25149105 21.66774354 17.68538767 17.40581511
 19.69831014 17.17594433 18.76018887 19.4000994  21.07753479 17.36232604
 21.31361829 19.44358847 21.12102386 21.22042744 21.25770378 21.07132207
 18.1637674  17.77857853 18.23832008 17.89040755 18.35636183 17.91525845
 20.48732604 20.71719682 19.01491054 23.02833002 20.25124254 20.20154076
 21.02162028 21.66774354 21.64289264 17.52385686 18.51167992 17.30641153
 19.91575547 18.11406561 19.56784294 18.92793241 19.6361829  21.22664016
 21.83548708 20.18290258 19.91575547 21.01540755 21.64289264 16.21297217
 19.8722664  18.21346918 20.19532803 18.02087475 21.7360835  20.51838966
 20.54324056 20.04000994 19.82877734 19.7666501  21.29498012 20.53702783
 19.98409543 17.36232604 19.26341948 18.69184891 18.84095427 18.59865805
 19.82877734 17.67917495 20.54945328 19.92196819 20.48732604 20.67992048
 19.12052684 21.8665507  21.17693837 16.80939364 19.90954274 17.43687873
 19.48086481 19.84120278 17.47415507 19.4000994  19.4000994  20.3444334
 20.24502982 21.74850895 22.27659046 22.84194831 22.30765408 22.20203777
 17.34368787 18.33151093 18.02087475 18.45576541 19.75422465 18.15134195
 20.95949304 20.39413519 19.95303181 19.72937376 20.99676938 21.5
 21.12723658 21.9473161  18.10164016 16.92743539 17.902833   16.79696819
 19.00869781 21.00919483 19.62997018 18.96520875 20.89736581 20.03379722
 20.78553678 21.98459245 20.64885686 21.3695328  17.36232604 19.72937376
 19.79771372 19.14537773 19.58648111 18.6110835  20.48732604 18.7166998
 20.26366799 20.69855865 21.50621272 20.85387674 21.98459245 21.74850895
 22.0777833  18.90308151]",36294.37624591322
2025-06-15 22:23:00+00:00,1343,3431.69,9.0,19.819208144548075,19.6600708250497,22.87301192842942,"[19.38767396 18.71048708 17.20700795 19.86605368 19.34418489 19.33175944
 20.30094433 19.319334   21.41923459 20.86008946 21.2887674  20.18290258
 20.69855865 18.16998012 17.16351889 17.97117296 17.79100398 18.39363817
 19.7417992  19.4249503  19.54299205 20.86008946 21.30119284 19.17022863
 22.50024851 22.00944334 21.08996024 18.06436382 17.91525845 19.82877734
 18.14512922 19.08946322 18.95899602 19.9778827  21.5        21.14587475
 18.64214712 20.33200795 21.13966203 22.2082505  22.87301193 18.05815109
 18.49925447 17.43687873 18.32529821 19.17022863 19.94060636 19.61133201
 18.21968191 18.30666004 19.07703777 19.69209742 21.99080517 21.00298211
 21.72987078 20.20154076 19.10188867 18.31287276 17.62326044 18.43091451
 18.99005964 18.34393638 17.79100398 19.68588469 19.12673956 20.1332008
 19.08946322 20.96570577 21.91625249 20.64885686 17.27534791 18.22589463
 19.13916501 20.24502982 18.32529821 19.7417992  18.74776342 19.84120278
 18.43091451 22.27037773 20.56187873 20.15183897 22.23310139 20.38170974
 18.39985089 19.05218688 18.98384692 19.46843936 19.56163022 18.375
 17.44309145 20.15805169 20.77932406 20.08971173 22.05293241 20.1332008
 20.08971173 20.19532803 22.71769384 17.88419483 20.12077535 18.55516899
 18.90929423 18.54274354 18.39985089 20.07107356 20.05864811 19.82877734
 19.9778827  21.7112326  22.61829026 22.73633201 22.17097416 18.21968191
 18.43712724 19.58648111 18.30666004 19.67345924 19.46222664 19.87847913
 20.46247515 18.20725646 19.02112326 20.12077535 20.43141153 21.64289264
 20.81038767 19.6361829  17.430666   19.90954274 18.25695825 19.0832505
 20.7109841  20.89736581 19.4249503  19.50571571 20.20154076 20.12077535
 20.87872763 20.38792247 21.57455268 18.54895626 18.79125249 17.98359841
 20.89736581 18.33151093 19.50571571 19.22614314 18.59244533 20.63021869
 20.22639165 19.8971173  20.15805169 20.38170974 22.10884692 22.58101392
 17.62947316 19.24478131 18.36878728 17.52385686 19.57405567 18.27559642
 19.34418489 20.46247515 20.65506958 18.70427435 20.73583499 19.88469185
 19.44358847 22.06535785 18.01466203 17.12002982 18.07057654 19.46843936
 18.73533797 18.7415507  19.82256461 18.67321074 20.26988072 18.39985089
 20.52460239 20.87872763 21.12102386 21.00298211 18.1637674  17.05790258
 18.1637674  18.2445328  18.847167   19.64239563 17.95874751 19.67345924
 20.02758449 21.36332008 20.33200795 20.59294235 20.90979125 20.46247515
 21.77335984 16.95849901]",36196.74276840003
2025-06-15 22:24:00+00:00,1344,3404.31,9.0,19.736879725182938,19.575018638170974,23.59990059642147,"[19.46843936 17.85934394 18.65457256 18.97763419 18.85959245 19.56784294
 19.26341948 20.20154076 19.96545726 20.26366799 19.4000994  22.444334
 21.95352883 17.82828032 18.44955268 17.78479125 17.86555666 21.5
 17.74751491 19.9778827  19.5554175  18.85959245 22.05914513 21.76714712
 20.02758449 21.62425447 19.76043738 18.0084493  16.9833499  17.86555666
 17.4555169  18.85959245 19.51814115 20.90357853 19.33797217 19.96545726
 19.77286282 21.61804175 21.69259443 21.48757455 23.5999006  16.76590457
 18.64835984 18.89686879 17.98981113 16.91500994 19.65482107 19.4249503
 17.62326044 20.16426441 19.68588469 18.64214712 22.5499503  21.08374751
 20.76068588 22.20203777 18.76018887 16.79696819 18.53031809 19.84741551
 20.82902584 18.53653082 19.23235586 19.84120278 19.86605368 19.72316103
 20.48732604 20.98434394 21.81684891 20.2388171  17.76615308 19.24478131
 18.1389165  18.80989066 18.847167   19.13295229 20.22017893 20.02137177
 19.7666501  19.83499006 21.30119284 20.27609344 21.99701789 19.97166998
 17.59219682 17.53628231 18.47440358 20.48111332 19.48086481 18.85959245
 19.27584493 19.7666501  22.47539761 19.53677932 18.79746521 21.54348907
 21.59319085 21.12102386 20.60536779 16.25024851 17.80964215 19.34418489
 20.31336978 18.54274354 16.84666998 19.71073559 20.46868787 19.60511928
 21.69259443 20.95949304 21.04647117 22.28280318 20.95949304 16.56088469
 17.46794235 17.85313121 19.48707753 19.4249503  18.34393638 19.28205765
 17.902833   20.41898608 19.66724652 19.05218688 20.60536779 20.99676938
 21.18315109 17.70402584 17.44930417 17.26292247 18.84095427 18.38742545
 18.48682903 18.98384692 19.68588469 20.75447316 21.72365805 21.82306163
 21.03404573 22.85437376 22.71769384 19.00248509 19.05218688 17.16351889
 19.69831014 18.79125249 18.33772366 18.53653082 21.27012922 19.24478131
 20.18290258 19.10188867 21.58697813 20.75447316 19.4000994  20.61158052
 17.62947316 17.98981113 18.20104374 19.18265408 18.98384692 19.24478131
 18.60487078 19.83499006 18.49925447 19.84741551 19.77907555 20.6861332
 20.81038767 21.14587475 16.17569583 17.67296223 17.44930417 19.41873757
 18.2693837  20.84145129 19.81013917 20.41898608 18.94657058 18.49304175
 21.52485089 20.53702783 21.68638171 20.74826044 18.25695825 17.62947316
 17.00198807 19.27584493 17.46172962 18.76018887 18.847167   18.75397614
 20.22639165 19.83499006 20.92842942 21.30119284 19.69209742 21.04025845
 23.03454274 18.28180915]",35921.30480857203
2025-06-15 22:25:00+00:00,1345,3395.4,9.0,19.70905964220425,19.547340954274354,23.20228628230616,"[19.4000994  18.85337972 17.18215706 18.35014911 19.13295229 20.08349901
 20.76068588 20.64264414 20.67992048 20.79796223 20.08971173 21.37574553
 22.25173956 21.23906561 18.80367793 17.15730616 19.12052684 17.5859841
 19.05218688 19.51814115 18.4806163  21.42544732 19.99030815 19.71073559
 19.33797217 20.97191849 21.59319085 17.51764414 18.71048708 18.54274354
 19.35661034 18.08921471 18.28180915 18.66699801 19.92196819 20.72962227
 20.04000994 20.49975149 21.15208748 20.4500497  20.54324056 18.43091451
 19.38767396 16.70377734 20.43762425 19.91575547 18.89686879 20.87251491
 18.83474155 20.43141153 19.00869781 21.1334493  20.62400596 19.71694831
 22.26416501 21.85412525 17.87176938 19.04597416 18.99005964 17.87176938
 20.07107356 17.64811133 18.36878728 19.04597416 19.61133201 19.67967197
 20.87872763 20.77932406 21.72987078 22.22067594 16.11978131 18.06436382
 17.71645129 17.88419483 17.30019881 22.00944334 17.73508946 19.24478131
 19.92818091 18.97763419 21.04647117 19.92818091 20.6861332  20.39413519
 17.36232604 18.10164016 17.54870775 18.62972167 18.847167   19.319334
 19.84741551 21.17693837 19.8722664  20.05243539 20.76068588 20.555666
 20.44383698 21.37574553 22.25173956 18.57380716 17.71023857 18.65457256
 17.66053678 18.10785288 18.16998012 18.21346918 21.2639165  16.71620278
 19.10810139 21.00298211 20.52460239 20.59294235 22.42569583 18.59244533
 18.21346918 17.64811133 18.75397614 19.03354871 18.76018887 19.33797217
 19.72316103 19.32554672 19.44980119 20.73583499 21.68016899 21.53106362
 22.84816103 15.13817097 18.62972167 18.46197813 17.62947316 17.55492048
 17.54249503 19.25720676 18.47440358 20.12698807 22.48161034 19.61754473
 20.48732604 19.6610338  21.6056163  17.06411531 17.46172962 17.77236581
 19.84120278 19.03354871 18.62350895 19.23235586 20.78553678 20.53081511
 19.61754473 20.43762425 19.8722664  22.41327038 20.82902584 20.97813121
 16.56709742 18.375      19.74801193 18.87823062 19.23856859 18.86580517
 18.05193837 17.99602386 22.07157058 20.39413519 22.46297217 20.43141153
 20.45626243 21.69259443 18.66078529 19.07082505 18.08921471 17.88419483
 17.44309145 18.92171968 18.31908549 19.79771372 19.5554175  20.74826044
 20.04000994 20.49353877 21.972167   23.20228628 16.60437376 18.54274354
 17.85934394 18.79746521 20.60536779 18.45576541 18.2693837  20.71719682
 20.40656064 20.64264414 20.85387674 20.32579523 19.87847913 22.59343936
 20.7109841  17.66053678]",35828.22993895854
2025-06-15 22:26:00+00:00,1346,3408.4700000000003,9.0,19.746106088189123,19.58794110337972,23.48807157057654,"[18.09542744 19.48086481 18.21968191 19.20750497 19.95303181 18.20725646
 18.74776342 19.74801193 19.06461233 19.84120278 21.29498012 21.24527833
 21.18315109 17.80964215 17.89040755 18.86580517 17.86555666 19.17644135
 18.59865805 19.72316103 18.87201789 18.62972167 21.94110338 18.38742545
 21.5        21.98459245 23.48807157 17.43687873 18.94035785 18.99005964
 19.21993042 18.67942346 19.58026839 20.40656064 19.4249503  18.64835984
 20.66749503 19.94060636 21.68638171 20.89115308 22.35735586 18.03951292
 17.23185885 18.4806163  18.77882704 19.71694831 18.92171968 19.35661034
 19.96545726 20.53081511 19.7417992  20.41277336 20.46868787 22.47539761
 20.32579523 22.05914513 17.430666   16.52982107 17.94010934 18.11406561
 18.92171968 19.89090457 19.21993042 19.19507952 22.17097416 18.32529821
 18.59244533 19.56784294 21.71744533 20.87251491 17.26913519 18.97142147
 18.47440358 18.36257455 17.97117296 18.99627237 18.90929423 20.33200795
 20.15805169 21.34468191 20.45626243 21.08374751 21.07132207 22.84194831
 19.23235586 18.69184891 17.92147117 19.48086481 19.24478131 19.61754473
 20.25124254 18.72291252 19.99030815 20.12698807 19.60511928 19.8722664
 20.90979125 20.28851889 22.04050696 16.07629225 17.97117296 17.78479125
 18.59244533 19.72937376 19.26341948 19.45601392 19.97166998 19.44980119
 20.7917495  18.74776342 19.14537773 19.28827038 21.52485089 18.1389165
 17.79100398 19.1640159  18.13270378 18.51789264 19.8971173  20.7109841
 19.25099404 18.5862326  20.65506958 20.19532803 20.76068588 20.69234592
 20.77932406 17.53628231 19.03976143 17.89040755 18.22589463 19.49950298
 19.46843936 19.7417992  19.69209742 20.69855865 21.80442346 21.06510934
 21.16451292 20.7109841  22.38220676 15.30591451 16.94607356 19.11431412
 19.71073559 19.20750497 19.319334   19.49329026 18.95899602 19.91575547
 19.39388668 19.28827038 19.68588469 22.27037773 22.05914513 20.53081511
 17.95874751 17.75372763 18.47440358 19.17022863 18.47440358 20.48111332
 20.00894632 20.98434394 19.02112326 18.83474155 22.5250994  21.23906561
 21.52485089 21.75472167 18.51167992 18.10164016 18.47440358 18.8223161
 18.43712724 19.00248509 18.81610338 20.64885686 20.27609344 20.43762425
 21.08374751 21.33846918 20.62400596 21.17693837 16.9833499  18.5862326
 19.38767396 19.46843936 17.41202783 19.62997018 20.66749503 19.95924453
 16.95849901 18.89065606 20.69855865 20.49353877 20.04622266 21.08996024
 20.48732604 18.56138171]",35952.17252864553
2025-06-15 22:27:00+00:00,1347,3350.1099999999997,9.0,19.572362096619695,19.406653827037772,22.369781312127238,"[18.35014911 19.84120278 18.05815109 20.12077535 19.49950298 19.82256461
 19.0832505  21.27634195 18.847167   19.00869781 19.61754473 21.6304672
 22.27037773 18.36257455 18.76640159 15.66003976 18.44333996 19.95924453
 19.35039761 19.56163022 19.25099404 20.95949304 19.49950298 20.31336978
 21.41923459 21.24527833 21.02162028 17.47415507 18.62972167 17.86555666
 19.83499006 19.71073559 20.26366799 19.12673956 18.10164016 19.75422465
 20.73583499 19.49950298 20.54324056 19.5305666  21.19557654 17.1138171
 16.64786282 18.32529821 18.74776342 17.6667495  17.902833   18.32529821
 20.3195825  18.30666004 19.76043738 19.90954274 18.36878728 19.64239563
 21.07132207 20.69855865 17.97117296 18.03951292 17.65432406 17.80964215
 17.33126243 18.80989066 20.07107356 19.46222664 22.36978131 19.26341948
 20.54945328 20.99676938 21.07753479 21.31983101 19.06461233 18.94035785
 17.97117296 19.20129225 20.74826044 18.43091451 18.77882704 20.42519881
 20.99055666 18.85959245 20.54945328 20.07728628 21.25770378 20.07107356
 18.89686879 17.06411531 17.67917495 18.7415507  18.9527833  20.19532803
 20.40034791 18.87201789 20.2139662  20.35064612 20.99676938 20.4500497
 21.2639165  19.21993042 20.49353877 17.50521869 16.42420477 18.82852883
 19.68588469 19.03976143 19.00248509 18.68563618 20.1083499  18.79746521
 19.67345924 22.09020875 20.82281312 20.97191849 21.7112326  15.722167
 17.89040755 16.36829026 18.84095427 19.96545726 20.12698807 19.47465209
 20.99676938 20.1332008  18.64214712 19.30690855 22.23310139 20.46247515
 20.14562624 18.31287276 18.30044732 17.92147117 19.36282306 18.54895626
 17.97117296 18.97763419 19.26341948 18.99005964 19.39388668 20.18911531
 19.26341948 21.6056163  20.71719682 17.02683897 17.62947316 18.2693837
 19.41252485 19.82877734 19.05218688 17.57355865 19.84120278 19.69209742
 18.25695825 20.99676938 18.92793241 20.17047714 20.49353877 21.08374751
 18.47440358 19.76043738 18.27559642 19.18265408 20.19532803 20.88494036
 19.46843936 18.39985089 20.87251491 19.5554175  18.93414513 19.84741551
 21.98459245 22.28280318 17.69781312 15.99552684 18.20104374 19.53677932
 16.95228628 20.12077535 19.20129225 19.5554175  17.98359841 21.00919483
 18.12027833 20.11456262 20.58672962 20.82902584 17.80342942 18.44955268
 18.56759443 17.28156064 19.84741551 18.43712724 18.65457256 20.41277336
 18.77882704 20.05243539 20.18290258 19.17644135 19.62997018 22.22067594
 20.74826044 18.1389165 ]",35370.89463045086
2025-06-15 22:28:00+00:00,1348,3380.8900000000003,9.0,19.66167678939746,19.502267644135188,23.01590457256461,"[17.22564612 18.23210736 19.11431412 17.85934394 19.25099404 18.94657058
 19.95924453 18.85337972 19.20129225 18.5862326  22.13369781 21.35089463
 21.13966203 17.71645129 18.21968191 17.55492048 20.3444334  18.85959245
 19.59269384 18.64214712 19.1888668  19.59890656 18.35014911 19.76043738
 21.9473161  21.20178926 22.09642147 16.93364811 19.68588469 18.25695825
 18.69806163 17.35611332 19.26963221 19.20129225 19.02733598 19.7417992
 20.11456262 21.45651093 21.08996024 21.44408549 22.00944334 18.12649105
 17.27534791 19.38146123 18.51167992 19.04597416 18.18240557 19.30069583
 18.81610338 18.0084493  20.2388171  20.5805169  20.79796223 21.98459245
 22.15233598 21.51863817 17.70402584 17.02683897 18.2693837  19.77907555
 19.92196819 18.97142147 19.5554175  20.52460239 18.84095427 20.56809145
 21.54348907 21.46272366 21.07132207 22.81088469 16.62301193 19.36282306
 17.76615308 18.69806163 19.30069583 18.20725646 18.46819085 18.85337972
 19.51192843 21.19557654 19.09567594 19.66724652 20.84145129 20.51838966
 16.43663022 18.31908549 19.84120278 18.20104374 20.2388171  18.12027833
 18.66078529 18.44955268 19.9778827  23.01590457 21.09617296 21.21421471
 21.57455268 20.50596421 20.89736581 18.02087475 16.9833499  19.01491054
 17.01441352 19.2944831  19.38767396 18.33151093 19.79150099 19.51814115
 19.66724652 19.56163022 20.85387674 20.35064612 21.77957256 17.03305169
 19.8971173  19.11431412 19.11431412 18.99005964 18.2693837  19.20750497
 18.17619284 20.01515905 18.0084493  18.85959245 20.07107356 21.2639165
 22.73633201 16.79075547 18.72291252 18.07057654 18.64835984 18.64214712
 18.98384692 18.96520875 18.94035785 19.77907555 20.97813121 20.94706759
 18.79746521 22.36356859 22.12127237 16.96471173 16.77833002 19.15780318
 16.24403579 20.53702783 20.08349901 21.76714712 19.23856859 20.28230616
 20.1083499  19.8722664  20.74826044 21.32604374 22.77360835 20.4500497
 17.06411531 17.67296223 19.64239563 18.43712724 18.33151093 19.2944831
 17.95874751 17.84691849 18.87823062 19.92818091 20.86630219 19.47465209
 21.64289264 20.64264414 17.96496024 20.2139662  17.76615308 17.09517893
 18.45576541 18.1637674  20.00894632 21.1583002  20.37549702 19.88469185
 18.89065606 21.91625249 20.70477137 21.1583002  16.36207753 19.58026839
 19.28827038 20.48111332 18.44333996 20.12698807 18.54895626 19.36282306
 18.34393638 20.49975149 20.39413519 22.58101392 19.26963221 21.53727634
 21.91625249 17.02683897]",35669.70586660815
2025-06-15 22:29:00+00:00,1349,3339.52,9.0,19.538076350997805,19.37375745526839,22.711481113320076,"[17.61704771 17.2194334  17.80964215 20.15183897 19.24478131 17.78479125
 20.10213718 22.0777833  20.66128231 20.81038767 20.83523857 20.11456262
 20.56809145 16.84666998 18.53653082 18.35636183 17.51143141 18.13270378
 20.33200795 18.85959245 18.68563618 19.9778827  21.59940358 20.44383698
 18.65457256 22.19582505 21.07753479 17.03305169 18.04572565 19.02733598
 19.49329026 18.05193837 19.54920477 20.00894632 17.99602386 20.1083499
 18.23210736 22.13991054 21.03404573 21.99701789 22.38841948 16.22539761
 15.80914513 17.61083499 19.83499006 19.21993042 17.9276839  18.97763419
 19.96545726 20.05864811 21.47514911 20.94706759 20.19532803 22.42569583
 20.99055666 19.69831014 18.21968191 18.51167992 17.42445328 18.66078529
 18.12649105 19.36903579 18.95899602 17.90904573 19.90954274 20.90357853
 20.54324056 21.18315109 20.43762425 21.66153082 17.10139165 15.88369781
 17.85313121 16.86530815 17.78479125 19.19507952 19.4249503  19.43737575
 18.90929423 20.10213718 20.04622266 20.5805169  20.25745527 21.06510934
 16.68513917 17.25049702 18.26317097 19.21371769 19.39388668 19.56784294
 18.05193837 19.59269384 19.24478131 20.72340954 19.7666501  19.40631213
 20.43762425 22.3138668  20.82281312 17.85313121 17.5859841  18.33772366
 18.375      19.93439364 19.54299205 19.69209742 22.17097416 19.7666501
 19.59890656 21.20178926 19.93439364 20.48732604 20.25745527 17.34368787
 18.0084493  18.64214712 18.40606362 17.00198807 19.58648111 17.98359841
 18.6110835  21.27012922 19.87847913 19.17644135 21.89761431 19.84741551
 20.54945328 17.72266402 19.47465209 19.0832505  18.93414513 18.23210736
 19.4249503  18.72912525 21.29498012 19.33797217 19.84120278 20.07107356
 21.1583002  21.52485089 21.6056163  16.59816103 18.57380716 17.46794235
 19.40631213 20.12698807 18.00223658 20.61158052 17.3499006  19.32554672
 20.95949304 19.89090457 20.17668986 21.87897614 21.12723658 22.71148111
 17.14488072 16.92743539 17.89040755 16.9833499  18.12649105 18.62972167
 18.78503976 19.56784294 20.07728628 20.59915507 20.35685885 18.97763419
 20.81038767 21.10859841 17.1138171  20.07107356 17.46172962 17.28777336
 18.59244533 19.38767396 19.80392644 19.96545726 20.49975149 19.00248509
 19.73558648 21.12102386 20.15183897 20.75447316 17.48658052 16.67271372
 19.10188867 18.7166998  18.44333996 17.90904573 19.86605368 17.56734592
 20.74204771 18.79746521 19.23235586 20.40034791 19.35039761 20.36928429
 22.32007952 17.52385686]",35256.18823989826
2025-06-15 22:30:00+00:00,1350,3386.75,9.0,19.675941091093705,19.520470924453278,22.885437375745525,"[20.14562624 18.31287276 18.16998012 19.49329026 18.375      20.64885686
 18.74776342 20.85387674 20.63021869 21.17693837 20.17047714 19.95303181
 21.01540755 18.76018887 19.49950298 19.7666501  17.89040755 17.84070577
 20.63021869 19.81635189 20.78553678 18.21968191 20.37549702 21.04647117
 22.05293241 21.20800199 21.56833996 16.33101392 19.20750497 16.57952286
 19.50571571 18.4806163  18.12649105 19.41873757 18.9527833  20.40656064
 20.26366799 22.36978131 21.44408549 21.9473161  19.51814115 17.62326044
 19.03976143 18.55516899 18.20104374 20.56809145 18.21346918 18.65457256
 18.84095427 18.46819085 19.50571571 18.83474155 20.86630219 20.43141153
 22.2890159  21.18315109 18.28180915 18.5054672  19.43737575 19.48707753
 18.05815109 17.87176938 19.13295229 19.50571571 20.15183897 21.36332008
 21.04647117 20.95949304 20.76068588 22.39463221 17.75372763 16.95849901
 17.64811133 20.25124254 19.94681909 20.38792247 19.84120278 21.027833
 18.49925447 19.62375746 19.94060636 20.67370775 21.65531809 21.51242545
 18.82852883 16.4055666  18.80367793 17.90904573 18.22589463 19.38767396
 18.0084493  19.43737575 20.20154076 19.92818091 18.2693837  22.88543738
 21.19557654 18.80989066 22.77982107 20.04622266 17.52385686 19.99652087
 18.07678926 19.85984095 19.96545726 20.02137177 19.25099404 19.57405567
 19.00248509 18.92171968 20.51217694 21.77335984 21.86033797 18.40606362
 18.49925447 18.87201789 17.77236581 18.54895626 18.15755467 18.01466203
 19.87847913 20.17047714 20.20154076 18.10785288 21.03404573 18.86580517
 20.70477137 18.48682903 17.85313121 18.10785288 17.31262425 19.07703777
 17.68538767 17.61704771 19.59890656 20.09592445 21.35089463 20.90357853
 20.3195825  20.04000994 21.83548708 17.41824056 17.62947316 17.30019881
 17.72887674 19.38767396 17.94632207 20.46868787 19.8722664  19.82877734
 19.33175944 20.10213718 20.30094433 19.77907555 19.73558648 22.87922465
 18.99627237 18.41227634 17.9276839  19.13916501 18.55516899 18.73533797
 19.84120278 20.73583499 20.90979125 20.50596421 19.87847913 21.91625249
 21.22664016 20.76068588 16.90258449 19.59890656 17.62326044 16.20675944
 19.36282306 16.88394632 19.13295229 21.07132207 20.35064612 18.88444334
 22.33250497 20.09592445 20.48111332 21.027833   18.97142147 18.38121272
 17.6916004  18.95899602 19.23856859 18.90308151 18.31287276 18.94657058
 19.4249503  19.13916501 21.28255467 18.57380716 18.25074553 22.04671968
 21.43166004 18.69806163]",35717.4285143631
2025-06-15 22:31:00+00:00,1351,3350.63,9.0,19.567839067815616,19.408269135188867,24.140407554671967,"[16.79696819 18.1389165  18.80989066 18.90308151 19.46843936 18.51789264
 18.69806163 20.12077535 19.319334   19.40631213 20.88494036 19.68588469
 24.14040755 16.67892644 18.30666004 17.26292247 16.4055666  17.40581511
 17.30019881 17.77236581 19.37524851 21.40680915 19.99030815 20.22017893
 20.54945328 20.60536779 20.42519881 17.51143141 17.54249503 18.05193837
 18.56759443 17.93389662 18.62972167 17.03926441 18.68563618 19.76043738
 20.69855865 20.39413519 21.33225646 21.27634195 19.68588469 17.91525845
 18.2445328  19.07703777 17.62947316 17.38717694 18.86580517 18.9527833
 19.78528827 19.38767396 20.97191849 20.78553678 21.31361829 21.43787276
 21.9473161  22.13369781 18.20104374 18.5862326  19.23856859 17.92147117
 18.12649105 18.79746521 19.58648111 20.92842942 19.86605368 20.15805169
 21.18315109 22.05914513 20.54324056 21.04025845 18.26317097 17.82828032
 17.78479125 18.09542744 18.38121272 19.90333002 20.61158052 18.43091451
 19.87847913 19.9778827  19.35661034 21.27012922 20.98434394 20.06486083
 17.25049702 15.99552684 16.68513917 19.08946322 18.7415507  20.2139662
 20.07107356 19.36903579 20.26366799 19.00248509 19.82877734 20.84145129
 22.27037773 21.44408549 21.81063618 18.62350895 18.54895626 18.46197813
 19.23856859 18.30044732 19.58648111 18.11406561 20.95949304 21.53106362
 19.62375746 19.02112326 20.13941352 20.7109841  20.41898608 17.28156064
 18.57380716 18.81610338 17.26913519 19.91575547 19.71073559 19.26963221
 19.8722664  20.14562624 20.09592445 21.77335984 21.65531809 20.80417495
 20.84766402 16.32480119 17.34368787 17.82206759 18.92793241 17.61704771
 17.50521869 18.56759443 18.02708748 19.92196819 21.25770378 20.84145129
 19.08946322 22.61207753 21.07753479 17.53006958 19.31312127 18.34393638
 18.4806163  18.57380716 17.70402584 18.36878728 18.97763419 20.59294235
 19.31312127 20.4749006  20.9222167  19.96545726 20.32579523 21.04647117
 19.54920477 17.79100398 18.49925447 18.35636183 19.20750497 17.73508946
 20.46247515 18.01466203 20.3444334  21.3943837  21.10238569 18.66078529
 21.5        19.84120278 18.62350895 18.32529821 17.91525845 19.5554175
 18.51789264 21.05889662 18.847167   17.71023857 19.5554175  19.69831014
 20.06486083 19.47465209 22.71148111 20.85387674 17.76615308 16.44284294
 17.74751491 18.79746521 20.14562624 20.33822068 17.87176938 18.59244533
 18.22589463 20.36928429 20.59915507 21.86033797 20.37549702 20.8166004
 21.92246521 18.74776342]",35355.76238528393
2025-06-15 22:32:00+00:00,1352,3386.69,9.0,19.672746142422884,19.52028454274354,22.67420477137177,"[19.87847913 17.82206759 18.02708748 20.44383698 18.53031809 19.69209742
 18.95899602 18.17619284 21.49378728 21.86033797 19.67345924 20.26366799
 21.17072565 18.6110835  18.36257455 19.09567594 18.51167992 19.06461233
 18.6110835  18.26317097 17.70402584 19.5305666  18.39985089 20.05243539
 20.46868787 22.06535785 21.14587475 17.05168986 19.86605368 18.19483101
 17.22564612 18.20725646 20.07728628 18.87823062 18.88444334 19.18265408
 19.67967197 18.41848907 21.53727634 20.39413519 21.82306163 17.41202783
 17.85313121 18.79125249 21.25770378 19.58026839 18.64214712 18.74776342
 19.99030815 19.81635189 20.81038767 21.3943837  20.53702783 21.70501988
 21.22664016 20.74826044 19.41873757 18.08921471 18.47440358 18.23210736
 18.97763419 18.4806163  18.87201789 20.12077535 18.07057654 20.32579523
 21.31361829 21.27634195 20.26988072 22.05293241 18.36257455 17.89040755
 19.23235586 18.23832008 18.93414513 20.41277336 17.79100398 18.62972167
 19.84741551 20.3195825  20.38170974 19.91575547 20.1083499  20.09592445
 17.48658052 18.18240557 18.20725646 20.05243539 18.68563618 17.87798211
 19.61133201 19.44358847 19.48086481 21.04647117 21.96595427 20.56809145
 20.44383698 20.86008946 22.01565606 17.26913519 17.54249503 20.28851889
 19.27584493 19.67967197 17.99602386 18.03951292 19.1640159  18.36257455
 19.20750497 21.5        20.60536779 22.13369781 20.82281312 17.49900596
 18.08921471 18.44333996 19.59890656 18.82852883 18.5862326  19.01491054
 19.30690855 20.41898608 18.5054672  20.24502982 21.00298211 21.00919483
 22.18961233 18.0333002  18.10785288 18.66699801 17.67296223 17.14488072
 18.99627237 20.37549702 20.59294235 18.87823062 18.78503976 21.40680915
 20.39413519 21.18315109 22.67420477 17.26913519 17.86555666 17.94632207
 18.54274354 19.8722664  19.61133201 18.1389165  18.99627237 20.11456262
 20.26988072 20.20775348 19.8971173  21.14587475 20.10213718 20.19532803
 17.71023857 18.53653082 18.58001988 19.66724652 19.17022863 19.96545726
 17.74751491 20.3444334  18.99005964 20.20154076 20.59915507 19.79150099
 21.37574553 21.27012922 17.13245527 16.11356859 19.41252485 19.66724652
 19.45601392 19.61754473 20.60536779 19.79771372 20.79796223 19.30690855
 20.3195825  20.90979125 22.33250497 21.3695328  16.6167992  20.33822068
 16.46769384 18.97142147 19.02112326 17.89040755 19.20129225 19.99652087
 20.74826044 19.80392644 20.43762425 21.84791252 18.92171968 21.33225646
 21.41923459 18.66699801]",35706.73949409
2025-06-15 22:33:00+00:00,1353,3330.38,9.0,19.505068096599437,19.34536530815109,22.189612326043736,"[17.77857853 20.02137177 18.77882704 18.30044732 18.847167   20.10213718
 19.33797217 19.07703777 19.81635189 20.50596421 19.84120278 20.00894632
 19.6361829  17.74130219 17.00198807 19.68588469 19.02112326 18.0084493
 19.72316103 18.49304175 18.52410537 21.82927435 20.12698807 19.90954274
 20.99676938 20.59294235 20.24502982 17.75994036 18.86580517 17.20079523
 19.07082505 18.32529821 18.54274354 19.90333002 19.25720676 18.97142147
 19.78528827 20.84145129 20.82902584 20.22639165 21.44408549 18.52410537
 18.47440358 19.13916501 18.96520875 17.79100398 20.40034791 19.95924453
 20.09592445 18.44333996 20.76689861 19.85984095 21.10238569 20.48111332
 21.76714712 19.5305666  17.93389662 18.00223658 19.90333002 18.97763419
 17.92147117 19.85362823 18.95899602 19.48707753 19.69831014 18.35014911
 21.02162028 20.15805169 20.04000994 20.95328032 16.55467197 17.75372763
 18.33151093 20.35685885 17.30019881 18.81610338 19.17022863 19.43116302
 19.76043738 19.2944831  20.33200795 20.08349901 21.46893638 19.7666501
 16.55467197 19.0583996  17.902833   17.97117296 18.72912525 19.26963221
 19.89090457 18.92171968 19.86605368 19.77907555 21.09617296 20.58672962
 21.23906561 19.81635189 19.13916501 17.05168986 17.71023857 17.6916004
 18.01466203 18.03951292 17.42445328 18.92171968 19.50571571 19.84741551
 21.31361829 20.17668986 20.97191849 21.7112326  20.74826044 18.4806163
 18.35636183 17.89662028 18.7166998  18.99627237 19.48707753 20.14562624
 19.62375746 17.6667495  19.37524851 19.58026839 20.90979125 22.18961233
 19.74801193 16.80939364 17.95253479 18.87201789 17.51143141 18.76640159
 17.53006958 17.47415507 18.97142147 21.53727634 19.76043738 20.08971173
 20.17047714 19.49329026 21.67395626 18.28180915 17.46172962 18.62972167
 19.35661034 18.87823062 18.66699801 18.22589463 18.62350895 19.45601392
 19.43737575 18.27559642 21.43787276 20.90979125 21.72987078 18.95899602
 18.02708748 18.76018887 19.03976143 19.20129225 18.45576541 19.10810139
 18.44955268 20.0027336  20.15183897 19.7417992  21.972167   21.25770378
 21.49378728 20.3444334  16.17569583 17.61704771 18.7415507  17.1138171
 18.81610338 18.22589463 18.75397614 20.63643141 20.11456262 19.00248509
 19.98409543 19.93439364 21.59940358 21.14587475 16.10735586 18.56138171
 18.91550696 18.35014911 18.66078529 20.36928429 20.0027336  18.80367793
 19.26963221 21.48757455 19.99030815 19.54920477 19.8722664  19.59890656
 21.52485089 19.12052684]",35145.75582398308
2025-06-15 22:34:00+00:00,1354,3386.0,9.0,19.66770319458047,19.51814115308151,22.94756461232604,"[18.15134195 17.5611332  19.95924453 18.82852883 16.15705765 18.44333996
 19.43116302 21.40059642 19.78528827 20.22017893 20.20775348 21.46893638
 20.3195825  16.56709742 17.49279324 18.2693837  16.2999503  19.51192843
 20.08971173 21.59940358 20.64264414 22.04050696 20.52460239 19.52435388
 21.01540755 20.89115308 22.82331014 16.80318091 18.56138171 19.69209742
 19.23856859 20.73583499 17.85934394 19.37524851 19.11431412 20.35685885
 18.92171968 20.84766402 22.32007952 21.12723658 21.2887674  19.69831014
 17.67296223 17.71023857 18.08300199 20.18290258 18.43091451 20.08971173
 18.87823062 19.48707753 19.87847913 20.5805169  20.40034791 20.64264414
 21.47514911 21.48757455 18.77261431 17.70402584 17.09517893 17.50521869
 17.44309145 19.10810139 18.68563618 20.66128231 20.20775348 20.81038767
 20.87872763 20.28230616 19.45601392 21.80442346 18.45576541 19.49329026
 18.52410537 19.13916501 18.59865805 17.36853877 17.5611332  19.89090457
 19.7666501  20.97813121 20.0027336  20.16426441 20.08971173 21.36332008
 18.15755467 19.44980119 20.18911531 18.30666004 18.52410537 20.82281312
 17.63568588 20.24502982 19.13295229 20.65506958 20.64264414 21.18315109
 20.42519881 20.30094433 20.81038767 18.09542744 17.68538767 18.53653082
 18.5054672  18.74776342 18.00223658 21.53727634 20.66128231 19.49950298
 18.69806163 20.57430417 20.61158052 21.38195825 22.10263419 18.33772366
 16.90258449 18.56759443 19.24478131 16.73484095 17.39338966 20.10213718
 19.82877734 19.97166998 20.83523857 20.37549702 22.09020875 19.95924453
 22.08399602 16.29373757 17.26913519 16.90879722 18.08921471 20.03379722
 17.99602386 18.79125249 17.77236581 20.50596421 20.71719682 21.8416998
 21.71744533 19.69209742 20.3444334  16.29373757 16.21918489 17.85934394
 18.07678926 18.97763419 19.15780318 19.64860835 20.75447316 19.49329026
 18.33772366 20.65506958 22.7860338  20.72962227 20.32579523 19.28827038
 18.2445328  18.73533797 18.23832008 18.49925447 18.08921471 19.59890656
 20.39413519 19.46222664 18.84095427 21.23285288 20.26366799 19.71073559
 20.74826044 22.61207753 18.2693837  17.41824056 19.21371769 17.94010934
 18.60487078 20.18911531 19.99030815 18.72912525 19.93439364 20.59915507
 21.51242545 21.54348907 21.8416998  22.05293241 17.90904573 18.44333996
 17.74751491 18.51167992 17.1138171  19.64860835 18.90308151 18.16998012
 19.15780318 17.98359841 20.28230616 20.12077535 22.16476143 21.66774354
 22.94756461 18.2445328 ]",35689.86780778841
2025-06-15 22:35:00+00:00,1355,3356.47,9.0,19.57905976515983,19.426410288270375,23.283051689860834,"[17.48036779 17.97117296 18.55516899 17.98359841 18.28802187 18.52410537
 19.5305666  20.12698807 19.04597416 20.14562624 21.31983101 21.04647117
 19.90333002 17.12624254 18.06436382 19.56784294 19.18265408 18.40606362
 18.94035785 19.77907555 19.77907555 19.61133201 19.77907555 19.05218688
 22.74254473 19.91575547 20.64885686 17.75372763 17.23185885 17.40581511
 17.430666   18.56759443 17.67296223 19.78528827 19.77286282 19.1888668
 18.38742545 18.55516899 19.95924453 20.84766402 18.4806163  17.84691849
 19.04597416 18.30044732 17.67917495 18.7415507  17.94632207 18.73533797
 19.44358847 19.20129225 20.18290258 21.24527833 20.05864811 21.05889662
 21.35710736 19.99652087 18.1389165  17.02683897 18.58001988 18.20725646
 19.10188867 19.0832505  19.05218688 19.1888668  20.31336978 19.50571571
 21.68638171 20.71719682 20.84145129 22.94135189 16.36207753 18.49925447
 16.61058648 18.46819085 17.41202783 19.20750497 19.95303181 19.34418489
 20.14562624 19.00248509 19.83499006 19.03354871 20.32579523 21.50621272
 18.77882704 18.02708748 17.53006958 16.7472664  19.66724652 20.54324056
 18.64835984 18.80989066 19.92818091 21.25770378 21.36332008 21.87897614
 20.90357853 23.28305169 22.2890159  19.37524851 17.74751491 17.93389662
 18.25695825 18.6110835  17.27534791 19.45601392 19.25720676 20.49353877
 22.77360835 21.7112326  22.06535785 19.22614314 21.64910537 17.6667495
 17.38717694 18.89686879 17.47415507 20.58672962 17.84691849 19.72937376
 19.8722664  19.09567594 19.68588469 20.48111332 21.16451292 19.62997018
 20.93464215 19.72937376 18.40606362 17.41824056 18.31287276 19.7417992
 18.58001988 18.01466203 18.15755467 19.8722664  17.80342942 21.79821074
 19.76043738 19.61754473 20.58672962 17.16973161 19.30069583 20.08971173
 19.1640159  19.19507952 18.52410537 18.96520875 19.77907555 18.69184891
 19.59269384 19.92818091 21.08996024 21.46272366 20.36928429 21.5
 18.01466203 17.75372763 18.54895626 19.45601392 17.38096421 18.2693837
 20.38170974 19.84120278 18.63593439 21.07753479 19.48707753 23.07803181
 20.13941352 19.14537773 18.95899602 18.7166998  18.43091451 17.27534791
 20.27609344 18.23832008 18.25695825 18.80367793 19.07082505 19.83499006
 21.02162028 20.57430417 21.1334493  21.3695328  18.19483101 17.72266402
 18.08921471 17.6916004  18.99627237 19.99030815 20.18290258 20.80417495
 21.16451292 19.83499006 22.59343936 20.82902584 20.86630219 21.65531809
 21.97837972 18.46819085]",35393.30235031873
2025-06-15 22:36:00+00:00,1356,3365.0099999999998,9.0,19.602765446222314,19.452938618290258,22.854373757455267,"[16.10735586 17.03926441 19.28827038 19.95924453 20.7109841  20.57430417
 20.48732604 20.02758449 20.20154076 21.10238569 18.69184891 22.61829026
 20.95328032 19.6610338  17.29398608 17.89662028 16.83424453 17.55492048
 18.54274354 18.31287276 20.15805169 19.64239563 18.96520875 21.9473161
 20.09592445 20.46868787 19.97166998 18.33772366 17.29398608 16.99577535
 17.47415507 17.77857853 18.33772366 18.46819085 18.89065606 19.95924453
 21.22042744 18.29423459 21.9473161  20.51838966 20.18290258 17.49279324
 18.16998012 17.53628231 18.38742545 17.77857853 18.83474155 18.48682903
 19.15780318 20.8166004  20.75447316 20.78553678 22.85437376 20.87251491
 20.57430417 19.72316103 17.6667495  16.62301193 17.98981113 18.80367793
 18.30044732 18.87823062 18.07678926 18.59865805 20.06486083 21.10238569
 21.59319085 21.21421471 21.22664016 19.53677932 17.73508946 17.17594433
 19.28205765 19.25099404 19.03976143 20.37549702 19.59269384 19.1640159
 20.45626243 19.71694831 20.3444334  22.2890159  22.51888668 21.93489066
 16.93986083 19.28827038 19.56784294 18.69806163 18.51167992 17.71023857
 19.70452286 17.86555666 19.21371769 19.30069583 20.87251491 20.82902584
 22.29522863 20.01515905 20.83523857 18.8223161  18.81610338 18.67942346
 17.9276839  19.97166998 18.76640159 21.51863817 19.77907555 20.46247515
 19.7666501  20.7109841  20.72340954 20.57430417 20.84766402 16.41177932
 17.96496024 17.74751491 18.58001988 18.68563618 19.1640159  18.85337972
 17.38717694 21.24527833 19.6610338  19.5554175  20.59915507 21.97837972
 18.08300199 16.93986083 18.80989066 17.36232604 17.30019881 18.74776342
 19.64860835 19.99030815 19.92196819 20.01515905 21.93489066 19.84741551
 19.56784294 21.14587475 20.38792247 17.55492048 19.35661034 20.69234592
 18.36878728 19.03354871 18.16998012 19.6610338  18.78503976 19.35661034
 20.20154076 19.45601392 20.36928429 19.56784294 22.10263419 22.33250497
 17.9276839  19.46843936 18.41227634 18.32529821 19.77907555 18.58001988
 18.39363817 18.2445328  20.73583499 19.38767396 19.64239563 20.17047714
 19.52435388 22.04050696 17.83449304 17.3250497  19.00869781 18.4806163
 18.33151093 18.92793241 20.75447316 19.06461233 18.97763419 18.90929423
 21.35710736 20.35064612 20.01515905 21.30740557 17.18215706 18.88444334
 17.80964215 19.21993042 17.52385686 19.79771372 19.19507952 20.33822068
 20.2139662  19.59269384 20.90357853 22.29522863 21.45651093 22.3138668
 21.5        17.94010934]",35472.612076881385
2025-06-15 22:37:00+00:00,1357,3336.9300000000003,9.0,19.518406809494596,19.365711978131213,22.779821073558647,"[17.98981113 19.21371769 18.28180915 17.56734592 18.02708748 20.53702783
 18.92793241 19.99030815 21.79199801 21.25149105 21.04647117 20.35064612
 20.82902584 17.48036779 18.0084493  18.7415507  18.99005964 18.02708748
 18.95899602 18.58001988 19.92818091 19.4249503  19.08946322 21.2887674
 20.12077535 21.91625249 20.83523857 18.43091451 17.80964215 19.71694831
 19.26963221 18.58001988 17.62326044 19.14537773 19.32554672 18.7415507
 17.71023857 19.85984095 21.55591451 21.78578529 21.72365805 19.53677932
 18.26317097 16.4304175  17.61083499 19.17022863 18.2445328  19.59269384
 18.16998012 18.23210736 19.67967197 20.53081511 20.61158052 21.07753479
 21.08374751 19.6610338  20.40656064 19.13916501 18.05193837 16.26888668
 18.27559642 19.68588469 19.05218688 19.62375746 20.58672962 19.87847913
 19.07703777 21.38195825 19.90954274 20.81038767 16.46148111 17.39338966
 16.94607356 18.0333002  19.98409543 18.54895626 22.47539761 18.55516899
 20.16426441 19.81635189 20.18911531 20.87251491 21.54348907 20.61779324
 15.86505964 17.50521869 16.82181909 17.52385686 20.61779324 19.8722664
 19.43116302 18.58001988 20.39413519 19.41873757 19.38146123 20.67370775
 19.62997018 19.83499006 21.8665507  18.25695825 16.31237575 19.1640159
 20.90979125 18.80989066 17.43687873 19.04597416 19.1888668  19.64239563
 18.99627237 20.72962227 20.66749503 19.87847913 20.95328032 17.52385686
 17.07654076 17.12002982 19.03976143 18.90929423 20.02137177 20.03379722
 19.08946322 20.22017893 20.40034791 22.35114314 18.28180915 21.59940358
 20.28230616 18.07057654 19.71694831 19.44980119 17.71645129 17.00198807
 20.28230616 19.07082505 19.319334   21.6304672  20.23260437 19.97166998
 18.68563618 21.17072565 21.02162028 17.05790258 17.34368787 18.49925447
 19.5305666  15.4860835  18.26317097 18.43091451 18.02087475 19.05218688
 18.77882704 19.44358847 21.46272366 21.30119284 19.8971173  21.57455268
 16.52360835 19.70452286 18.05815109 19.46843936 19.33175944 19.00248509
 17.25049702 18.13270378 19.6361829  19.38767396 20.14562624 20.24502982
 21.3943837  20.82281312 17.86555666 16.39314115 20.3195825  18.36257455
 18.79746521 18.96520875 19.85362823 19.9778827  19.23856859 19.7666501
 20.60536779 20.66749503 21.12102386 20.82902584 18.64214712 18.28802187
 18.44955268 19.14537773 19.05218688 20.02137177 18.59865805 19.15780318
 19.36282306 19.84120278 18.72912525 22.77982107 21.92246521 20.94706759
 21.76714712 17.61083499]",35190.38182184513
2025-06-15 22:38:00+00:00,1358,3330.85,9.0,19.498974067304104,19.34682529821073,22.686630218687874,"[18.23832008 17.41202783 16.69756461 20.31336978 19.51192843 18.21968191
 20.26366799 19.69831014 20.74204771 20.46247515 19.40631213 20.9222167
 21.28255467 17.00198807 16.89015905 17.9276839  19.36903579 20.02137177
 18.72912525 17.61083499 19.43737575 20.02758449 19.39388668 20.29473161
 19.62375746 21.40059642 20.555666   16.82181909 16.90258449 19.47465209
 17.41202783 16.91500994 21.24527833 19.0583996  18.26317097 20.11456262
 20.07728628 19.75422465 19.13295229 20.31336978 20.67370775 17.99602386
 17.46794235 17.74130219 19.82877734 19.84741551 19.28205765 20.2139662
 18.31908549 20.7109841  19.45601392 20.71719682 21.95974155 20.67992048
 21.38817097 21.58076541 16.58573559 17.66053678 18.63593439 17.76615308
 18.72912525 20.85387674 18.19483101 19.30690855 19.76043738 21.17072565
 21.43166004 20.08971173 20.86008946 19.64860835 18.94035785 18.17619284
 17.7972167  19.08946322 19.51192843 17.86555666 20.40034791 20.60536779
 18.19483101 19.99652087 20.54324056 18.93414513 21.54970179 19.59269384
 17.75994036 17.3250497  17.85313121 18.79125249 18.40606362 18.51167992
 19.32554672 19.0583996  21.51863817 19.33175944 21.10859841 20.63021869
 21.65531809 21.65531809 22.2890159  16.15705765 17.54870775 18.69806163
 18.17619284 19.74801193 18.43091451 19.48707753 18.58001988 21.35089463
 20.4500497  20.555666   17.97117296 20.64264414 20.70477137 17.64189861
 18.45576541 17.67296223 17.430666   18.38121272 20.22017893 20.22017893
 19.92818091 19.72937376 19.73558648 19.21371769 20.76689861 21.0526839
 20.30715706 17.84691849 17.7972167  20.02137177 17.26292247 18.79746521
 18.05193837 18.20104374 20.41898608 19.7666501  18.51167992 20.19532803
 21.7112326  22.68663022 20.51217694 17.74130219 17.62947316 17.54870775
 18.87823062 18.66699801 19.06461233 18.66078529 19.54299205 20.87251491
 22.29522863 21.30740557 19.79771372 21.35710736 20.1332008  19.79771372
 16.95849901 18.75397614 17.0082008  18.80989066 18.847167   19.02733598
 18.72912525 17.77236581 18.18861829 19.319334   19.12673956 20.02137177
 20.66749503 22.59343936 17.07654076 18.41848907 16.57952286 18.66078529
 18.42470179 19.89090457 20.2139662  20.04000994 20.64264414 19.9778827
 19.44358847 20.15183897 20.76689861 21.23285288 17.73508946 17.70402584
 16.79075547 18.69184891 19.43737575 18.48682903 19.23235586 20.60536779
 20.43762425 18.80367793 19.20129225 19.59890656 21.00298211 20.17668986
 20.76689861 17.10139165]",35125.36763957262
2025-06-15 22:39:00+00:00,1359,3323.94,9.0,19.477094919497027,19.325360337972164,22.848161033797215,"[17.89040755 19.36903579 19.32554672 18.46197813 19.26963221 18.48682903
 19.85362823 20.33200795 21.17693837 20.1083499  21.27012922 20.17047714
 20.54945328 17.52385686 16.18812127 19.62375746 17.72266402 19.1888668
 18.44955268 19.53677932 19.80392644 19.22614314 19.35039761 22.72390656
 19.21371769 20.2139662  21.24527833 17.12002982 16.96471173 19.28827038
 18.69806163 18.20725646 19.02733598 19.23235586 18.76018887 20.04622266
 18.80367793 21.09617296 22.03429423 20.77311133 20.73583499 17.54249503
 18.65457256 18.56138171 17.23185885 19.33797217 18.94035785 20.02758449
 19.76043738 19.19507952 19.8722664  21.38817097 19.43116302 21.43787276
 21.01540755 21.8416998  16.89637177 17.13245527 17.54870775 19.59890656
 18.76018887 20.58672962 19.25720676 20.61779324 22.12748509 18.82852883
 21.79199801 19.15159046 19.99652087 20.41277336 18.14512922 18.59865805
 19.30690855 19.02733598 18.38742545 19.05218688 17.93389662 19.6361829
 18.44333996 19.66724652 21.25149105 21.91003976 19.25720676 19.28205765
 17.57355865 17.38717694 18.55516899 18.59865805 18.41227634 19.26963221
 19.43116302 18.55516899 19.7666501  20.2388171  20.66749503 21.56212724
 20.48111332 20.35685885 21.79821074 15.88991054 16.194334   17.35611332
 18.51167992 19.09567594 19.61754473 19.72316103 19.05218688 19.13916501
 19.54920477 21.56833996 21.21421471 21.74229622 20.59915507 17.86555666
 17.0082008  18.67942346 19.87847913 18.67942346 18.94657058 18.86580517
 19.5554175  18.23210736 20.31336978 19.7666501  19.0583996  20.40034791
 22.71148111 16.11356859 17.29398608 15.87748509 18.35636183 17.16351889
 20.60536779 19.4000994  19.65482107 19.52435388 19.32554672 19.9778827
 21.17072565 19.4000994  19.44980119 19.15159046 18.63593439 17.85934394
 17.71023857 17.81585487 17.59219682 18.21346918 18.76018887 19.59269384
 18.73533797 19.39388668 21.59940358 21.37574553 19.61754473 21.43787276
 18.39363817 18.18861829 17.2194334  17.53628231 18.90929423 20.1332008
 18.56138171 18.74776342 19.24478131 19.96545726 19.50571571 20.42519881
 22.09020875 22.84816103 18.13270378 19.31312127 16.89637177 19.21993042
 18.11406561 18.28180915 18.43091451 17.95253479 19.34418489 20.16426441
 19.84741551 21.1583002  19.6361829  20.25745527 16.4055666  18.02708748
 19.00248509 18.39363817 19.59890656 19.22614314 19.39388668 19.14537773
 20.04622266 18.11406561 19.00869781 21.72365805 20.52460239 22.03429423
 21.67395626 17.65432406]",35052.168762669244
2025-06-15 22:40:00+00:00,1360,3279.5699999999997,9.0,19.344672662284612,19.18753106361829,22.866799204771368,"[18.35014911 18.42470179 17.90904573 18.33772366 20.09592445 18.8223161
 20.27609344 17.430666   20.03379722 20.30094433 22.27659046 19.33797217
 21.7360835  16.80318091 18.72291252 17.26913519 16.56709742 16.44905567
 19.54920477 17.70402584 19.94060636 19.00869781 20.71719682 18.92171968
 20.12698807 20.82902584 21.12723658 18.67942346 17.23807157 17.38717694
 16.54224652 19.76043738 17.57977137 19.27584493 20.15805169 19.57405567
 20.29473161 21.1583002  20.63643141 20.86630219 20.81038767 16.62301193
 16.98956262 18.27559642 19.89090457 17.09517893 19.0832505  18.99005964
 19.37524851 19.40631213 20.63643141 19.23856859 21.21421471 20.12077535
 20.49353877 22.09642147 15.85884692 19.41252485 18.94035785 19.71694831
 19.0583996  19.13916501 19.78528827 19.62375746 18.66078529 20.45626243
 20.74826044 18.92793241 20.42519881 19.65482107 16.28752485 19.319334
 17.14488072 17.6916004  18.39363817 17.28156064 17.95253479 19.4000994
 20.12698807 18.53653082 19.05218688 19.82877734 20.67992048 20.45626243
 15.70352883 17.51143141 18.26317097 16.69756461 18.85959245 17.64811133
 17.902833   19.44358847 18.7415507  20.05864811 18.93414513 18.90308151
 21.01540755 20.27609344 20.56809145 16.84045726 17.36232604 18.20725646
 17.15730616 18.01466203 18.38742545 17.84691849 18.9527833  18.53653082
 21.027833   19.6361829  20.30094433 21.62425447 21.53727634 17.51143141
 18.20725646 18.66078529 18.33151093 19.25720676 17.34368787 19.02112326
 21.17072565 20.73583499 19.6610338  21.6056163  19.59890656 20.10213718
 21.77335984 17.72266402 17.12624254 19.74801193 19.41252485 18.6110835
 17.56734592 18.09542744 19.58648111 20.12698807 18.77882704 22.01565606
 19.03976143 20.1083499  21.21421471 16.72862823 18.0084493  17.6667495
 18.97142147 18.0333002  18.39363817 19.30690855 18.51167992 20.61158052
 19.94060636 19.30690855 18.41227634 19.25720676 20.04000994 19.62997018
 17.24428429 16.18190855 18.56759443 18.23210736 19.58026839 18.85337972
 18.92793241 20.57430417 19.20129225 19.18265408 22.02186879 20.2139662
 21.30740557 20.77311133 16.69756461 18.69184891 19.50571571 18.44333996
 19.64860835 19.15780318 19.79771372 18.44333996 20.25124254 20.51838966
 19.81635189 20.97191849 20.77932406 21.29498012 16.29373757 19.22614314
 17.71645129 16.7721173  18.36257455 18.9527833  20.18290258 18.62972167
 20.13941352 22.0777833  20.85387674 21.27012922 22.8667992  20.61779324
 21.25149105 17.38096421]",34609.1368589394
2025-06-15 22:41:00+00:00,1361,3309.25,9.0,19.43077821110554,19.279727882703778,22.59965208747515,"[18.7166998  17.89040755 18.28802187 19.21371769 17.95874751 19.91575547
 18.05815109 18.11406561 20.3444334  20.38170974 20.66749503 20.74826044
 20.81038767 17.82206759 16.62922465 17.63568588 18.1389165  18.33772366
 16.75969185 19.85362823 19.10810139 19.99030815 20.14562624 21.32604374
 20.62400596 21.07132207 20.87251491 18.85337972 18.5862326  16.58573559
 17.61083499 19.26963221 19.10810139 19.22614314 19.13295229 19.12673956
 18.59244533 20.16426441 18.72291252 21.18936382 21.76093439 17.89662028
 18.21346918 18.93414513 19.89090457 17.29398608 18.0084493  19.18265408
 19.77907555 19.52435388 20.29473161 20.12698807 18.94657058 21.57455268
 21.6304672  20.65506958 17.51143141 19.35039761 18.92793241 17.68538767
 19.67967197 20.01515905 21.65531809 18.85337972 19.90333002 19.21371769
 19.93439364 20.22639165 20.64264414 20.74826044 19.48086481 16.46769384
 18.40606362 18.62972167 18.43091451 19.27584493 19.1640159  18.25074553
 18.62972167 17.20079523 20.41277336 19.10188867 20.50596421 22.59965209
 17.57355865 17.54870775 18.07678926 18.01466203 18.41848907 17.77236581
 19.99652087 19.67967197 20.86630219 21.6304672  20.1332008  19.25099404
 20.7917495  18.10785288 20.77932406 19.13295229 17.85313121 16.69135189
 19.4000994  18.18240557 18.18240557 18.90929423 19.07082505 20.53081511
 20.58672962 21.47514911 21.20800199 20.6861332  20.64885686 19.07082505
 17.57355865 18.62972167 18.16998012 18.21968191 17.43687873 19.50571571
 18.99627237 19.25720676 18.54895626 18.61729622 19.07082505 20.11456262
 21.35089463 16.96471173 19.59890656 17.64189861 18.57380716 21.16451292
 17.52385686 18.16998012 18.90929423 20.2139662  21.04647117 19.0583996
 21.72987078 18.74776342 20.66128231 17.44309145 17.44930417 17.39338966
 17.39960239 20.48732604 18.68563618 19.12052684 19.48086481 19.47465209
 20.93464215 18.28802187 20.08971173 19.36282306 19.95303181 21.6304672
 17.69781312 19.62997018 19.66724652 19.21993042 19.0583996  18.94657058
 19.75422465 18.86580517 20.1083499  20.66128231 19.94681909 19.71073559
 19.66724652 21.81684891 17.78479125 17.25049702 17.75372763 17.95253479
 17.97738569 17.10760437 19.70452286 19.56163022 19.41252485 19.26963221
 22.06535785 22.29522863 21.46893638 22.36356859 17.85313121 17.05790258
 17.37475149 18.18240557 18.99005964 19.58026839 19.02112326 19.58648111
 19.49329026 21.7360835  19.36903579 18.54274354 21.19557654 20.6861332
 19.87847913 17.51143141]",34897.21158307469
2025-06-15 22:42:00+00:00,1362,3331.04,9.0,19.493603070307227,19.34741550695825,23.643389662027833,"[18.38121272 19.17022863 16.7721173  19.33175944 19.10188867 19.82256461
 18.59865805 19.07703777 17.76615308 21.3695328  20.70477137 21.94110338
 23.64338966 18.07678926 17.28777336 17.35611332 19.61754473 21.5
 17.54870775 20.12698807 19.07082505 19.72316103 21.72987078 18.79746521
 18.84095427 21.75472167 21.17072565 17.81585487 18.00223658 16.72241551
 17.66053678 19.2944831  18.31908549 18.10785288 20.07107356 19.89090457
 18.75397614 20.42519881 20.67992048 21.20178926 20.38170974 17.59219682
 19.1640159  16.65407555 19.13916501 20.67992048 19.5554175  19.00869781
 19.62997018 20.28230616 19.07082505 18.7415507  19.49329026 20.64264414
 21.41302187 20.10213718 17.39338966 16.5360338  18.375      17.46172962
 17.76615308 18.49925447 18.41848907 18.76640159 19.39388668 21.57455268
 20.84145129 20.82902584 20.43762425 22.14612326 17.09517893 18.34393638
 17.87798211 17.61704771 18.38121272 19.62375746 19.23856859 17.94632207
 21.02162028 18.77261431 19.94681909 20.36928429 20.16426441 20.61158052
 17.10760437 19.22614314 17.39960239 20.6861332  18.54895626 18.44955268
 19.65482107 19.5554175  19.43737575 19.69209742 18.87823062 20.86630219
 20.3444334  18.44955268 20.28851889 15.74080517 18.45576541 17.1945825
 16.80318091 20.07107356 18.80367793 19.03976143 16.96471173 20.62400596
 19.5305666  21.25149105 20.89115308 19.45601392 22.58722664 17.65432406
 19.41252485 18.13270378 18.00223658 17.91525845 19.28205765 20.12077535
 18.39985089 19.20750497 19.41252485 19.69831014 21.34468191 20.99055666
 21.10238569 19.23235586 19.12673956 19.58648111 17.87798211 17.93389662
 18.99627237 19.11431412 19.43737575 19.7417992  19.72316103 20.38792247
 20.7917495  21.31361829 20.11456262 16.97713718 18.59244533 19.92196819
 16.93364811 17.80964215 18.84095427 18.67321074 18.79746521 19.01491054
 20.88494036 20.2388171  20.14562624 21.02162028 21.33846918 22.11505964
 17.26292247 18.2445328  18.96520875 18.77882704 19.05218688 19.22614314
 16.90258449 19.10188867 20.28230616 21.027833   21.8665507  20.20154076
 19.43737575 19.98409543 17.65432406 19.52435388 18.67942346 18.39985089
 19.85362823 19.0583996  19.13916501 18.46819085 20.62400596 19.46222664
 21.04025845 19.6610338  18.85959245 21.38195825 19.15780318 18.69806163
 17.6667495  20.85387674 18.54274354 19.35661034 20.35685885 20.2139662
 19.24478131 18.44333996 18.83474155 19.19507952 22.09642147 20.56187873
 20.46247515 20.07107356]",35107.39843201986
2025-06-15 22:43:00+00:00,1363,3264.7,9.0,19.296355518532984,19.141339463220675,22.040506958250496,"[17.17594433 19.46222664 19.77907555 19.94681909 17.98981113 20.86630219
 20.79796223 18.04572565 20.46247515 19.98409543 21.62425447 20.87872763
 20.59915507 16.47390656 17.13866799 17.36853877 19.5554175  17.50521869
 18.77261431 17.85313121 18.46819085 19.94060636 19.25099404 20.18290258
 18.44955268 21.38817097 20.17047714 17.44930417 17.3250497  17.17594433
 17.5859841  17.33747515 19.46843936 19.66724652 19.90333002 17.93389662
 19.66724652 19.8722664  19.58648111 20.14562624 20.12698807 17.36232604
 16.57952286 18.46819085 20.08971173 17.97738569 18.25074553 17.83449304
 18.34393638 18.45576541 19.5305666  19.27584493 19.90333002 20.08971173
 20.86008946 21.81684891 19.10810139 16.72862823 17.55492048 19.15780318
 18.85337972 18.9527833  20.60536779 20.51838966 20.3444334  19.54299205
 22.04050696 20.46868787 20.08971173 19.15159046 16.66650099 19.03976143
 15.44880716 16.63543738 20.05864811 19.41252485 20.36928429 18.87201789
 19.62375746 19.68588469 20.16426441 20.22017893 21.53106362 20.46247515
 18.847167   16.65407555 17.47415507 19.13916501 17.84070577 17.33126243
 18.0333002  20.15805169 19.45601392 18.39363817 18.21346918 20.69234592
 20.43141153 20.54945328 20.46247515 18.41227634 17.33126243 16.7472664
 18.59244533 17.35611332 18.97142147 20.82281312 18.92171968 18.85337972
 19.69831014 21.66774354 21.62425447 21.10859841 21.38195825 19.04597416
 18.14512922 18.27559642 18.73533797 18.94657058 19.0832505  18.78503976
 18.86580517 20.20154076 19.93439364 19.49950298 20.30715706 18.62972167
 20.59294235 16.62301193 17.10139165 18.36878728 18.02708748 18.07678926
 19.18265408 18.10785288 21.02162028 20.42519881 19.46222664 19.75422465
 21.38817097 20.0027336  22.01565606 17.902833   18.40606362 17.92147117
 17.44309145 19.46843936 18.85959245 19.35039761 17.87798211 20.56809145
 19.60511928 18.96520875 20.555666   18.98384692 21.92867793 21.41923459
 17.95253479 18.847167   18.21968191 19.94681909 17.30641153 18.25074553
 18.44955268 19.18265408 19.4249503  19.68588469 19.04597416 20.25745527
 20.72962227 19.95924453 17.83449304 18.79125249 17.33126243 17.97117296
 18.33151093 18.22589463 19.14537773 19.36903579 19.07703777 20.27609344
 20.18911531 20.43141153 21.47514911 19.49950298 18.02708748 17.50521869
 18.38121272 18.66699801 17.82828032 18.68563618 18.43091451 18.66699801
 18.38742545 19.32554672 20.49975149 19.49329026 18.38121272 19.95303181
 20.99055666 17.28777336]",34447.48702280395
2025-06-15 22:44:00+00:00,1364,3319.6000000000004,9.0,19.45689561120658,19.311878727634195,22.618290258449303,"[17.73508946 17.25670974 18.15134195 18.41227634 18.34393638 18.88444334
 19.82256461 20.16426441 19.67967197 19.10810139 20.46868787 22.61829026
 21.68638171 16.71620278 16.82181909 18.51167992 17.70402584 18.05815109
 18.49304175 20.05864811 20.53702783 20.43141153 17.79100398 20.86630219
 18.72291252 21.16451292 22.10263419 17.4555169  18.59865805 18.68563618
 19.28205765 17.70402584 18.11406561 19.23856859 18.94657058 18.70427435
 18.43091451 20.73583499 19.20750497 21.38817097 20.38170974 18.1389165
 16.36829026 18.23210736 17.33126243 19.10188867 18.16998012 18.95899602
 21.00298211 17.76615308 19.44358847 21.027833   19.32554672 21.88518887
 21.84791252 20.16426441 16.97092445 17.0082008  17.1138171  19.75422465
 18.74776342 19.52435388 19.7417992  19.81635189 18.96520875 19.69209742
 21.59319085 20.04000994 20.63021869 20.02758449 18.39985089 17.18836978
 18.44955268 16.99577535 18.46197813 18.72912525 19.18265408 18.83474155
 19.57405567 18.94657058 20.75447316 21.89761431 21.52485089 20.99676938
 17.96496024 18.08300199 19.00248509 17.09517893 19.40631213 18.08921471
 17.24428429 20.13941352 20.02137177 20.41277336 21.38817097 19.36282306
 21.02162028 20.8166004  20.60536779 16.41177932 17.46794235 19.12673956
 18.32529821 17.69781312 18.31287276 20.35685885 18.98384692 21.92867793
 18.71048708 20.81038767 20.30094433 21.54970179 20.17668986 18.39363817
 17.6916004  18.08921471 19.01491054 17.98981113 19.65482107 19.50571571
 18.76640159 18.91550696 20.28230616 21.01540755 21.46893638 21.33846918
 21.50621272 16.52360835 17.61704771 18.07057654 19.07082505 19.1640159
 20.12698807 18.41848907 20.31336978 19.52435388 20.86008946 19.57405567
 21.59319085 20.87872763 20.30715706 16.18190855 18.57380716 18.44955268
 17.98359841 18.73533797 18.86580517 18.02708748 20.30094433 20.45626243
 20.0027336  19.26341948 21.7112326  19.72937376 21.80442346 20.97191849
 17.1945825  17.82206759 19.13916501 18.8223161  19.21993042 19.56784294
 18.47440358 17.50521869 18.99005964 20.63643141 20.08349901 21.19557654
 20.63643141 20.97191849 18.56138171 16.52360835 17.86555666 19.36282306
 19.73558648 18.0084493  20.43762425 17.73508946 18.66078529 20.77311133
 20.30094433 20.13941352 20.28230616 21.05889662 17.64811133 18.14512922
 16.7472664  17.84070577 20.20154076 19.40631213 16.70377734 20.72962227
 19.40631213 19.45601392 21.25770378 20.90979125 21.93489066 20.25745527
 22.00323062 16.96471173]",34984.58995685274
2025-06-15 22:45:00+00:00,1365,3262.2,9.0,19.28603662188358,19.13357355864811,22.444333996023857,"[18.19483101 18.22589463 20.22017893 18.99627237 18.1389165  17.22564612
 19.66724652 19.49329026 20.76689861 20.2139662  19.00248509 21.51242545
 20.86008946 18.10164016 16.55467197 19.6361829  19.52435388 19.7417992
 17.22564612 17.28777336 19.56784294 19.23235586 18.0333002  17.95874751
 20.18911531 21.20178926 20.40034791 17.57355865 18.54895626 17.64811133
 16.15705765 18.99627237 17.54870775 18.17619284 19.62997018 19.25099404
 19.79150099 21.69259443 21.35089463 21.1334493  22.444334   16.48011928
 18.4806163  18.84095427 17.15109344 19.38146123 18.94035785 19.21993042
 19.41873757 20.00894632 18.85959245 18.8223161  19.60511928 20.82902584
 21.51863817 21.86033797 18.31908549 17.73508946 17.85934394 18.64214712
 19.34418489 17.48036779 19.82256461 19.64860835 19.14537773 22.27659046
 19.24478131 20.84145129 20.26988072 20.15805169 16.80939364 17.94010934
 19.12052684 17.84070577 18.20725646 17.82828032 19.27584493 19.33175944
 18.54895626 16.35586481 19.52435388 18.94035785 21.72365805 20.07107356
 18.67942346 17.24428429 17.43687873 17.88419483 18.375      19.26963221
 18.4806163  18.57380716 18.86580517 20.40034791 21.69880716 19.5554175
 19.37524851 20.53081511 19.61754473 18.79746521 17.89040755 18.62350895
 16.89015905 20.01515905 18.94657058 19.64860835 19.57405567 18.2693837
 18.61729622 20.27609344 18.31287276 20.58672962 21.61182903 17.16351889
 17.6667495  18.59244533 18.31908549 18.79746521 17.92147117 19.4000994
 19.31312127 19.90954274 21.25149105 19.84741551 18.9527833  20.51217694
 21.67395626 17.41824056 17.17594433 17.97117296 18.20104374 18.96520875
 18.64835984 18.77882704 19.78528827 19.92196819 20.56187873 21.13966203
 20.40656064 19.19507952 22.10263419 15.88369781 18.41848907 18.1389165
 18.91550696 17.15109344 18.89065606 19.7666501  19.59890656 19.02733598
 20.01515905 19.44358847 20.0027336  20.20775348 20.30715706 20.39413519
 17.02683897 17.50521869 17.77236581 18.5054672  19.88469185 18.847167
 17.52385686 18.46197813 19.97166998 19.85984095 20.42519881 20.12077535
 19.91575547 20.82902584 17.14488072 17.01441352 19.23235586 20.12698807
 18.31287276 18.49925447 19.05218688 19.27584493 20.57430417 19.44358847
 21.61182903 21.42544732 20.84145129 21.07753479 17.16351889 16.26888668
 17.3499006  15.37425447 18.58001988 17.20700795 18.27559642 19.92818091
 18.23832008 19.32554672 18.82852883 20.3444334  20.73583499 20.20154076
 20.97191849 18.99627237]",34412.964122173704
2025-06-15 22:46:00+00:00,1366,3269.21,9.0,19.305257517399927,19.155349155069583,22.17097415506958,"[18.12027833 17.6667495  19.37524851 20.04622266 18.25695825 18.66699801
 19.02733598 19.26341948 21.28255467 19.38767396 18.89065606 20.99676938
 19.40631213 18.09542744 17.97117296 16.55467197 15.93961233 17.79100398
 17.21322068 18.23832008 18.46819085 19.95924453 20.45626243 19.46222664
 21.34468191 20.95328032 20.35064612 17.6667495  18.64835984 19.15159046
 17.68538767 19.49950298 16.56088469 18.13270378 18.92171968 20.20775348
 20.91600398 19.97166998 19.43737575 20.86630219 19.76043738 17.99602386
 17.44930417 16.36829026 18.9527833  18.89065606 18.26317097 19.17644135
 19.33797217 19.80392644 19.26341948 19.71694831 19.54920477 18.86580517
 19.72316103 21.16451292 18.82852883 19.00869781 18.5862326  17.59840954
 17.07654076 18.72912525 20.77311133 20.41277336 19.73558648 18.84095427
 19.77286282 18.18240557 21.18315109 19.81635189 18.91550696 18.02708748
 18.79125249 17.51143141 19.82877734 17.84691849 18.66699801 19.35039761
 20.01515905 20.1083499  20.14562624 20.36928429 20.26988072 19.86605368
 17.01441352 19.02733598 17.67917495 19.49329026 19.34418489 17.54870775
 19.20750497 17.57355865 19.8722664  20.62400596 20.31336978 19.74801193
 21.38195825 19.56163022 21.03404573 19.92818091 17.4555169  16.89015905
 19.1888668  19.23856859 19.54920477 16.56088469 18.19483101 20.12077535
 20.4500497  21.25770378 20.22639165 20.18911531 20.72340954 16.83424453
 18.53653082 17.77236581 17.87798211 18.53031809 17.40581511 20.6861332
 19.69831014 20.18290258 19.97166998 19.59890656 19.36282306 19.61754473
 20.61779324 16.77833002 18.15134195 17.30019881 19.46222664 17.89040755
 18.08921471 18.1637674  18.20725646 19.40631213 17.91525845 19.44358847
 19.33797217 21.95352883 21.20800199 17.10139165 17.23807157 18.46819085
 17.80342942 18.16998012 18.87823062 19.09567594 18.76640159 19.68588469
 19.00869781 19.32554672 18.99627237 20.74826044 21.15208748 20.37549702
 17.82828032 18.89065606 17.28156064 19.91575547 18.31908549 18.71048708
 21.35710736 19.84120278 20.56809145 21.16451292 17.65432406 20.3444334
 19.53677932 21.41923459 17.75994036 17.78479125 17.44930417 18.63593439
 18.25074553 17.52385686 19.69831014 19.83499006 20.4500497  21.40059642
 19.72316103 22.17097416 19.61133201 19.82877734 17.83449304 17.30019881
 18.14512922 17.41202783 19.98409543 19.14537773 20.69855865 20.74826044
 20.20775348 20.05243539 19.49329026 18.61729622 21.27634195 20.18290258
 21.27634195 18.1389165 ]",34477.2695502132
2025-06-15 22:47:00+00:00,1367,3235.49,9.0,19.204285587096052,19.050602634194828,21.77335984095427,"[17.54249503 18.21346918 16.10735586 19.72316103 16.57331014 16.8777336
 19.41252485 18.94657058 19.50571571 19.00869781 20.27609344 20.22639165
 21.29498012 14.76540755 17.30641153 16.58573559 19.36282306 19.64860835
 19.0832505  19.26341948 19.50571571 17.89040755 21.01540755 20.2139662
 21.77335984 20.56187873 20.9222167  16.5111829  19.25720676 18.08300199
 18.27559642 18.5862326  17.75372763 18.72291252 19.46222664 19.2944831
 19.03354871 20.82281312 20.8166004  19.5305666  20.1332008  18.11406561
 15.56684891 20.26988072 18.93414513 18.79746521 19.64860835 21.38817097
 17.39960239 18.99627237 20.13941352 18.02708748 19.54920477 21.51863817
 20.7917495  21.66153082 16.60437376 17.38096421 19.10810139 18.38121272
 17.40581511 20.04622266 17.63568588 19.50571571 19.67345924 18.72291252
 19.43116302 20.61158052 20.06486083 20.30094433 18.21346918 18.05815109
 16.93364811 16.94607356 18.66699801 19.51814115 18.41848907 18.33151093
 19.78528827 20.42519881 21.1334493  19.61133201 19.59890656 19.85984095
 19.64860835 17.59219682 18.38742545 17.62947316 18.30044732 17.90904573
 18.64835984 18.42470179 19.56784294 21.72365805 19.26963221 20.33822068
 19.46843936 19.71694831 21.17693837 17.61704771 19.85984095 18.16998012
 17.38096421 18.39363817 18.77261431 20.72962227 18.92793241 19.32554672
 19.95303181 19.83499006 20.97191849 20.66749503 20.74826044 17.41202783
 18.22589463 19.67967197 17.69781312 19.38767396 18.46819085 18.80367793
 21.29498012 20.46247515 17.70402584 20.82902584 19.5554175  20.3444334
 20.2388171  18.36878728 16.56088469 17.84691849 19.00869781 17.20079523
 18.60487078 17.54870775 17.36853877 20.01515905 21.07753479 19.20750497
 21.42544732 21.18936382 20.76689861 15.75944334 18.93414513 17.94010934
 16.75969185 17.70402584 18.35014911 19.70452286 18.44955268 18.7415507
 20.63643141 18.94035785 20.32579523 19.59890656 20.78553678 19.94681909
 17.28777336 18.42470179 17.95874751 15.4612326  19.15780318 17.83449304
 19.24478131 19.35661034 20.33200795 19.81635189 20.30715706 19.76043738
 21.61182903 20.49353877 18.77882704 16.96471173 19.319334   17.67917495
 18.46819085 17.82206759 16.97092445 17.5859841  20.39413519 20.69234592
 20.09592445 18.77261431 20.49975149 20.27609344 17.6667495  18.32529821
 19.46222664 18.35014911 18.08300199 19.53677932 17.52385686 18.43091451
 18.30044732 19.69831014 19.33175944 20.04622266 19.90954274 20.00894632
 20.78553678 16.20054672]",34139.457860188544
2025-06-15 22:48:00+00:00,1368,3258.92,9.0,19.27196901985413,19.123384691848905,23.307902584493043,"[17.05168986 17.38096421 18.44955268 17.62947316 20.39413519 19.47465209
 20.54324056 18.25695825 18.52410537 19.73558648 20.31336978 21.31983101
 21.84791252 18.53031809 17.38096421 17.90904573 19.21371769 18.25074553
 17.05168986 20.46247515 17.98981113 17.86555666 19.61133201 21.027833
 19.48086481 20.89736581 20.43141153 18.23832008 18.60487078 17.53628231
 19.01491054 18.59244533 18.89065606 19.37524851 19.38767396 19.0832505
 21.06510934 20.11456262 20.20775348 19.85362823 20.56809145 18.21346918
 17.85313121 19.2944831  17.46794235 18.35014911 18.80989066 18.85337972
 17.82828032 20.08971173 19.59890656 19.73558648 18.63593439 20.98434394
 20.72340954 21.1334493  17.85313121 17.00198807 18.2693837  19.13916501
 19.05218688 20.20154076 18.59244533 20.25745527 17.09517893 18.80367793
 19.21371769 21.01540755 21.90382704 19.49329026 16.91500994 17.52385686
 17.60462227 18.31287276 16.48011928 20.30094433 18.72912525 18.69184891
 18.18861829 20.95949304 19.22614314 21.14587475 19.61754473 21.00919483
 16.97092445 17.39960239 18.6110835  18.22589463 16.98956262 18.68563618
 18.18240557 19.90954274 19.43737575 20.15183897 19.61754473 19.92818091
 20.8166004  20.60536779 22.41327038 17.18215706 18.78503976 18.56138171
 19.5305666  20.06486083 18.30044732 17.33126243 18.7166998  19.72937376
 19.73558648 21.6304672  20.4500497  21.55591451 19.84741551 18.57380716
 17.64189861 18.15134195 17.5611332  19.54299205 18.30666004 17.33126243
 20.62400596 19.49950298 20.62400596 20.67992048 20.67370775 20.76068588
 20.07728628 18.43091451 17.64189861 16.97092445 18.35636183 17.93389662
 17.91525845 17.83449304 20.25124254 19.38146123 20.75447316 18.62350895
 19.88469185 20.89115308 19.73558648 18.05193837 19.7417992  16.84666998
 17.57355865 17.68538767 17.69781312 19.03976143 18.16998012 19.26963221
 19.04597416 19.31312127 21.64289264 21.17693837 18.66699801 21.78578529
 18.88444334 18.25074553 20.12698807 19.12673956 18.95899602 19.17644135
 18.15755467 19.35661034 20.18911531 19.38767396 20.58672962 20.04000994
 19.74801193 23.30790258 16.96471173 17.28156064 16.79075547 18.20725646
 17.62947316 17.05168986 17.94632207 19.52435388 18.64835984 20.69855865
 20.11456262 20.35685885 20.46247515 20.16426441 14.90208748 15.90233598
 17.37475149 15.95203777 17.902833   19.99652087 19.14537773 19.4000994
 20.20154076 20.4500497  19.30690855 19.38767396 20.42519881 20.77311133
 21.69259443 17.26913519]",34365.899552823976
2025-06-15 22:49:00+00:00,1369,3228.4700000000003,9.0,19.18065345727846,19.02879597415507,23.941600397614312,"[18.69184891 18.42470179 16.96471173 19.15159046 18.23832008 18.16998012
 18.6110835  20.87251491 20.20154076 17.86555666 20.73583499 19.85984095
 20.20154076 16.88394632 16.92743539 18.39363817 17.57355865 18.66078529
 19.70452286 18.78503976 20.0027336  21.13966203 18.83474155 18.58001988
 19.05218688 19.78528827 21.87276342 17.85934394 18.1389165  17.49279324
 18.73533797 19.25099404 18.87823062 18.59865805 20.90979125 20.35064612
 20.37549702 18.46197813 19.92196819 21.61182903 19.95303181 16.11978131
 17.57977137 18.88444334 17.23807157 16.28131213 19.12052684 19.00869781
 18.59244533 19.74801193 20.35685885 18.56138171 19.9778827  17.99602386
 21.78578529 21.45651093 16.89015905 17.64811133 17.60462227 17.15109344
 17.4555169  17.13866799 18.38121272 19.2944831  18.48682903 20.81038767
 19.79771372 20.40034791 20.7109841  18.56138171 18.33772366 17.902833
 16.03280318 17.79100398 17.27534791 18.74776342 19.32554672 20.56809145
 20.08349901 20.8166004  20.33822068 21.6304672  21.56833996 23.9416004
 17.59840954 16.13220676 16.2750994  17.26913519 19.49329026 19.69831014
 19.82256461 19.19507952 19.20750497 19.12052684 19.56163022 19.79771372
 18.64214712 20.90357853 21.23285288 17.6667495  19.57405567 16.95849901
 18.33772366 19.44980119 19.26963221 20.07728628 17.89662028 20.74204771
 19.92818091 20.28851889 20.39413519 21.17693837 19.70452286 15.41153082
 17.6916004  16.66028827 17.75372763 17.73508946 18.93414513 17.90904573
 18.78503976 19.06461233 19.6361829  20.43762425 19.79150099 20.6861332
 21.07132207 16.68513917 16.98956262 19.41873757 17.81585487 18.16998012
 18.14512922 18.36878728 17.36232604 19.99652087 18.72291252 17.85934394
 18.56759443 19.75422465 20.69855865 17.43687873 17.79100398 16.68513917
 18.06436382 19.43116302 19.10810139 18.58001988 20.1332008  19.76043738
 20.32579523 19.62375746 18.81610338 19.82256461 20.41277336 22.41327038
 15.88991054 18.08300199 18.99627237 18.43712724 19.23235586 17.59840954
 19.71073559 18.33772366 17.70402584 20.52460239 19.70452286 21.13966203
 22.05914513 21.05889662 18.29423459 18.31287276 18.85959245 18.31908549
 18.30044732 19.4249503  18.99005964 19.45601392 18.08300199 20.49353877
 19.90954274 18.27559642 21.72987078 17.74751491 17.29398608 16.35586481
 17.98359841 17.75372763 19.59890656 18.13270378 19.58648111 17.92147117
 18.11406561 19.02733598 20.94706759 21.53106362 20.90979125 21.87276342
 21.31983101 16.67271372]",34060.39420667081
2025-06-15 22:50:00+00:00,1370,3219.24,9.0,19.151962311786363,19.00012425447316,22.257952286282304,"[17.96496024 18.08921471 17.13866799 18.41227634 19.64860835 19.62375746
 17.1138171  20.61158052 20.38170974 19.95924453 19.35039761 20.90979125
 21.41302187 16.08250497 17.78479125 18.30666004 18.73533797 17.83449304
 18.80367793 19.99652087 19.23856859 17.38717694 19.56784294 21.09617296
 21.07132207 20.87251491 21.04025845 17.54870775 18.30666004 17.12002982
 16.80939364 17.29398608 19.07703777 18.63593439 19.43737575 17.61704771
 18.5054672  20.51217694 18.2693837  20.88494036 20.9222167  16.96471173
 17.53628231 18.00223658 18.23832008 18.53653082 19.30069583 18.67942346
 18.08921471 20.12077535 21.33846918 18.78503976 19.43737575 21.33846918
 19.64860835 19.30690855 17.24428429 19.08946322 18.97763419 17.31883698
 17.96496024 17.25670974 18.64214712 19.23235586 19.27584493 19.77286282
 19.21993042 20.43762425 19.69209742 21.0526839  16.45526839 17.07654076
 17.84070577 17.78479125 18.9527833  18.93414513 15.95203777 19.45601392
 19.52435388 20.04000994 20.43141153 20.23260437 21.38817097 22.25795229
 19.07082505 18.31287276 16.98956262 18.0084493  18.48682903 19.90954274
 18.14512922 18.70427435 19.74801193 19.95924453 18.77882704 19.28827038
 21.12723658 21.31361829 19.5305666  16.57331014 19.40631213 18.41227634
 19.59269384 18.80989066 19.99652087 18.80367793 18.90308151 20.32579523
 18.98384692 19.59890656 20.4749006  20.33822068 20.35064612 17.51143141
 15.72837972 19.12673956 17.33126243 18.80367793 17.75994036 18.96520875
 19.20750497 19.59269384 20.4749006  19.67967197 17.80342942 20.08349901
 21.43787276 16.79075547 15.3804672  18.20725646 18.49925447 17.6916004
 19.10188867 20.72962227 18.75397614 19.72316103 19.97166998 18.36878728
 20.96570577 20.78553678 20.72962227 17.12002982 18.21346918 17.83449304
 17.94010934 17.89662028 18.76018887 17.07654076 18.8223161  16.45526839
 20.17668986 20.86008946 20.90357853 19.6361829  21.77957256 20.86630219
 15.94582505 17.36232604 17.59219682 17.54249503 17.01441352 18.7415507
 20.81038767 21.51242545 19.41873757 18.80989066 20.24502982 19.41873757
 18.95899602 20.65506958 17.37475149 17.53006958 18.55516899 18.91550696
 20.05864811 17.07654076 18.88444334 21.10238569 18.70427435 19.87847913
 20.96570577 20.20775348 19.66724652 21.1583002  16.72862823 16.22539761
 17.1945825  19.36903579 18.18861829 16.72241551 17.54870775 18.847167
 19.71694831 18.2445328  19.35661034 20.50596421 21.07132207 21.48757455
 19.56784294 17.44930417]",33964.405110312466
2025-06-15 22:51:00+00:00,1371,3224.87,9.0,19.167126972870133,19.017613071570576,22.177186878727632,"[18.30044732 17.4555169  17.95874751 17.92147117 21.2639165  19.15159046
 17.95874751 18.88444334 18.8223161  21.76714712 19.10188867 19.8722664
 20.48111332 16.71620278 16.31858847 19.04597416 17.44930417 18.10164016
 18.07057654 19.03354871 20.18911531 17.84070577 18.10785288 21.15208748
 20.14562624 19.77286282 21.82306163 17.10760437 17.7972167  17.95874751
 18.51167992 16.92122266 16.08871769 16.80318091 17.82206759 18.88444334
 18.66699801 20.555666   21.08374751 21.84791252 21.30119284 18.79125249
 17.09517893 18.28180915 18.22589463 17.97738569 17.15730616 20.99676938
 18.2445328  19.62997018 18.66078529 20.02137177 19.57405567 20.61779324
 22.17718688 19.90333002 18.88444334 17.28156064 17.86555666 18.66699801
 17.28156064 18.08300199 18.83474155 20.36307157 20.15183897 19.35661034
 17.56734592 19.11431412 21.00919483 20.69234592 16.6167992  16.18190855
 18.51789264 19.03354871 17.89662028 19.1640159  18.27559642 19.69209742
 18.30666004 19.92818091 19.81635189 19.30069583 19.44358847 19.44980119
 18.33772366 16.43663022 17.66053678 18.60487078 19.51192843 17.80964215
 19.86605368 19.80392644 19.96545726 19.88469185 19.91575547 20.22639165
 21.17072565 21.25149105 20.12077535 16.194334   16.69756461 17.57977137
 19.13916501 19.4249503  18.0333002  18.67942346 19.20129225 19.53677932
 20.63643141 18.98384692 20.87251491 20.54324056 19.58648111 18.60487078
 17.87798211 17.3250497  18.18240557 17.44930417 19.93439364 19.30690855
 17.12002982 18.55516899 20.25124254 18.85959245 20.41277336 21.04647117
 20.2388171  17.12624254 16.79696819 19.03976143 16.77833002 19.1888668
 19.1640159  19.56163022 19.85362823 20.22017893 20.04000994 17.60462227
 17.85934394 19.72937376 21.74229622 17.77236581 17.25670974 17.51764414
 17.96496024 18.99005964 19.33797217 19.73558648 17.69781312 19.21993042
 20.97813121 19.46843936 20.94085487 20.08971173 21.75472167 20.24502982
 18.11406561 16.78454274 16.20054672 17.57977137 19.00869781 18.29423459
 17.64189861 19.0832505  20.72340954 18.36878728 21.87276342 21.21421471
 20.54324056 21.25770378 17.33747515 18.76018887 18.02087475 18.25695825
 17.3250497  21.41302187 17.84691849 19.1888668  19.62997018 18.35014911
 20.9222167  21.30740557 19.46843936 19.22614314 17.34368787 18.85959245
 17.89662028 18.49925447 17.84691849 19.12673956 20.12077535 18.54895626
 20.91600398 19.4000994  21.7360835  17.90904573 21.27634195 20.52460239
 20.54324056 16.52982107]",34015.14000043431
2025-06-15 22:52:00+00:00,1372,3210.0200000000004,9.0,19.121857582444356,18.97148359840954,22.034294234592444,"[17.23807157 18.90929423 18.62972167 17.18836978 18.19483101 19.41873757
 18.62350895 17.59840954 18.23210736 20.90979125 19.96545726 21.01540755
 20.83523857 16.11356859 17.16351889 17.33126243 18.92793241 18.62972167
 19.21993042 18.25074553 18.80989066 19.75422465 19.92196819 20.0027336
 21.17072565 20.80417495 21.17693837 17.74130219 15.72837972 17.35611332
 17.94010934 18.80989066 19.00869781 18.39363817 19.64860835 20.13941352
 20.08971173 20.56809145 19.9778827  20.64264414 20.66128231 16.67892644
 15.74080517 17.65432406 18.53653082 18.67942346 18.66699801 17.31262425
 18.35014911 18.80989066 19.89090457 18.05193837 19.22614314 20.15183897
 20.33200795 20.56809145 16.91500994 17.82206759 17.7972167  18.8223161
 18.76018887 17.74751491 19.34418489 18.43712724 19.71073559 17.61704771
 20.18911531 21.32604374 19.88469185 21.15208748 15.41774354 16.97092445
 18.18240557 18.39363817 18.80989066 17.74130219 16.26888668 18.95899602
 20.51217694 21.40680915 21.22664016 20.00894632 21.38195825 20.61779324
 18.25074553 16.11978131 18.48682903 17.88419483 17.98981113 17.37475149
 18.59865805 18.94035785 18.12649105 18.73533797 19.91575547 19.99652087
 20.76068588 19.91575547 21.04025845 17.26292247 18.32529821 16.57952286
 18.81610338 17.38096421 18.43712724 17.26292247 19.89090457 20.41898608
 19.95303181 19.35039761 20.05243539 20.13941352 20.1083499  19.00869781
 17.46172962 18.41227634 19.33175944 19.69831014 19.04597416 19.30690855
 19.02733598 19.18265408 20.05243539 19.88469185 20.45626243 19.81013917
 19.69209742 18.25695825 18.62350895 17.00198807 18.93414513 19.13916501
 17.5859841  17.48658052 18.64214712 19.07082505 19.53677932 19.81635189
 19.09567594 21.49378728 22.03429423 18.06436382 17.51143141 18.11406561
 19.65482107 17.1138171  19.5554175  19.07082505 19.5305666  20.90979125
 18.75397614 20.52460239 19.83499006 19.94060636 19.81635189 20.18290258
 18.0084493  16.72241551 16.62301193 18.02087475 18.87201789 17.03926441
 18.32529821 20.04000994 20.23260437 20.10213718 20.43141153 19.67345924
 20.40656064 21.09617296 17.74130219 17.27534791 18.10164016 15.9333996
 18.35636183 17.16351889 18.59865805 19.43737575 20.40656064 18.5054672
 19.86605368 19.12673956 19.99652087 20.3195825  18.29423459 16.17569583
 18.47440358 16.91500994 17.89662028 18.25695825 18.48682903 20.48111332
 20.33822068 19.28205765 20.10213718 20.07107356 21.57455268 20.41277336
 21.45029821 17.06411531]",33863.68672782584
2025-06-15 22:53:00+00:00,1373,3199.0,9.0,19.087894041306676,18.93725149105368,22.786033797216696,"[17.84070577 19.05218688 16.57331014 18.25074553 18.10785288 18.87201789
 18.62350895 16.66028827 20.84145129 20.72962227 20.09592445 18.375
 20.53081511 18.5054672  18.21968191 16.6416501  19.51814115 18.75397614
 20.17668986 18.57380716 18.67321074 19.2944831  20.1332008  20.92842942
 18.35014911 21.12102386 20.41277336 16.22539761 17.29398608 17.28777336
 20.0027336  19.15159046 18.59244533 18.62972167 19.88469185 18.58001988
 20.72340954 19.46843936 19.4249503  18.92793241 20.84145129 17.59840954
 18.54895626 18.43091451 19.30069583 17.18215706 17.95253479 18.30666004
 17.15109344 18.59865805 18.86580517 20.96570577 19.8971173  19.90333002
 21.40680915 19.06461233 18.27559642 18.38742545 19.72937376 18.4806163
 17.22564612 17.902833   18.69806163 18.68563618 19.28205765 20.26366799
 19.88469185 19.10810139 19.47465209 21.17072565 17.24428429 18.39985089
 16.35586481 19.02112326 17.08275348 17.70402584 18.1389165  19.49950298
 17.18215706 20.69855865 19.04597416 20.1083499  21.27634195 21.56833996
 16.73484095 18.12649105 17.14488072 18.18240557 17.5859841  18.8223161
 18.09542744 18.7166998  17.00198807 17.5859841  19.81635189 19.43737575
 20.56809145 20.56187873 20.00894632 17.2194334  18.46197813 17.98981113
 17.15109344 17.27534791 20.48111332 19.23856859 17.46794235 18.73533797
 20.40034791 19.85984095 19.91575547 21.04025845 20.1083499  18.10785288
 17.00198807 17.98981113 17.38717694 17.84070577 18.4806163  20.17668986
 19.90954274 18.98384692 18.6110835  17.9276839  21.08374751 20.28230616
 19.67967197 19.62375746 17.80342942 17.23807157 18.01466203 20.11456262
 18.847167   18.29423459 18.74776342 20.78553678 19.97166998 21.13966203
 21.2639165  19.96545726 20.31336978 16.0638668  18.02708748 17.28156064
 16.33722664 18.62350895 18.51167992 19.26341948 18.71048708 18.38121272
 19.49950298 18.28180915 20.65506958 19.04597416 20.0027336  22.05914513
 16.45526839 17.54870775 17.64811133 17.53006958 18.31287276 19.49950298
 17.85934394 20.46247515 20.36307157 20.87251491 19.39388668 20.97191849
 20.82281312 20.69234592 17.89040755 16.12599404 17.33126243 18.00223658
 18.88444334 18.85959245 20.22639165 18.30666004 19.12673956 22.7860338
 19.36282306 20.28230616 21.2887674  19.8971173  17.12624254 15.87748509
 16.92122266 17.03305169 17.80342942 18.72291252 20.12077535 18.19483101
 19.44980119 18.99005964 19.38146123 19.30069583 21.12102386 18.9527833
 21.9473161  17.67917495]",33750.05830459562
2025-06-15 22:54:00+00:00,1374,3197.84,9.0,19.083031170668054,18.93364811133201,23.040755467196817,"[18.69806163 16.4055666  17.88419483 19.21993042 19.23235586 19.07703777
 18.75397614 18.44333996 19.2944831  20.20154076 21.82306163 19.5305666
 21.86033797 15.16302187 17.3250497  16.99577535 16.92122266 17.84691849
 20.0027336  19.07082505 17.77236581 20.05243539 18.36878728 21.12723658
 18.69184891 19.91575547 21.09617296 17.30641153 16.38692843 17.35611332
 16.51739563 18.81610338 17.75994036 17.89662028 17.84070577 19.5554175
 18.11406561 18.97142147 19.86605368 20.77932406 20.87251491 17.90904573
 18.1389165  19.15780318 18.23832008 18.13270378 19.24478131 17.31262425
 18.85337972 19.11431412 20.60536779 19.35661034 18.73533797 19.33175944
 20.3444334  21.972167   18.40606362 18.0084493  17.15109344 17.84691849
 17.51764414 18.32529821 19.88469185 19.84120278 18.68563618 17.82828032
 20.31336978 18.40606362 20.31336978 19.71073559 18.18240557 16.90879722
 16.75969185 18.7415507  18.67942346 19.12052684 18.05815109 20.75447316
 19.51814115 18.40606362 20.89115308 19.37524851 19.36903579 20.1332008
 16.00173956 16.51739563 19.10188867 19.59890656 17.82828032 19.32554672
 17.93389662 19.11431412 18.59244533 20.63021869 17.902833   18.90308151
 22.59965209 19.71073559 20.59294235 18.17619284 16.25024851 18.40606362
 17.41202783 19.59890656 18.09542744 19.39388668 19.36903579 19.52435388
 19.56784294 21.22664016 20.66749503 19.15780318 22.43190855 17.26292247
 18.00223658 17.57355865 17.26292247 18.39363817 19.15780318 19.46843936
 20.29473161 19.87847913 18.71048708 21.05889662 18.51167992 20.41277336
 20.45626243 17.10139165 19.00869781 16.79696819 18.07678926 19.85984095
 19.10810139 18.88444334 20.72340954 17.02683897 20.02137177 19.99030815
 20.93464215 19.62997018 20.46247515 16.13220676 16.18190855 17.62947316
 17.59840954 19.26341948 19.20750497 18.92793241 20.29473161 19.02733598
 20.15183897 19.75422465 18.55516899 20.33200795 20.92842942 20.99676938
 17.88419483 18.08300199 17.25670974 18.93414513 18.90929423 18.85959245
 17.54249503 19.47465209 18.39363817 19.54920477 19.64239563 18.35014911
 22.6804175  20.14562624 17.43687873 18.0333002  17.68538767 17.61083499
 17.75994036 18.69184891 17.61704771 18.79746521 19.17644135 18.05193837
 20.94706759 20.74204771 19.2944831  20.27609344 16.7472664  17.01441352
 17.3250497  18.97763419 18.09542744 18.85337972 18.39985089 18.38742545
 19.84741551 19.48086481 19.82877734 18.92793241 20.5805169  21.54970179
 23.04075547 16.76590457]",33733.78908458704
2025-06-15 22:55:00+00:00,1375,3215.72,9.0,19.13435957944847,18.98918986083499,22.115059642147116,"[18.15755467 19.35661034 19.14537773 17.4555169  19.81635189 20.00894632
 19.69209742 19.9778827  21.49378728 21.95974155 20.02137177 21.38195825
 19.41252485 16.84045726 19.37524851 17.20079523 18.28180915 18.25074553
 17.82206759 19.39388668 19.67345924 18.68563618 17.86555666 19.40631213
 20.56187873 21.44408549 21.92246521 17.84691849 17.59840954 15.56063618
 19.04597416 19.85984095 18.59244533 17.46172962 20.94706759 18.33772366
 19.41252485 20.16426441 22.11505964 20.84145129 21.10238569 14.70328032
 16.21918489 18.48682903 17.96496024 17.53006958 17.81585487 20.97813121
 19.94060636 19.84120278 21.30119284 21.89140159 19.66724652 19.2944831
 19.54920477 19.7417992  16.00173956 18.28180915 16.13841948 16.59816103
 17.12624254 19.46222664 18.44333996 19.4000994  19.91575547 19.30690855
 20.37549702 19.88469185 20.97191849 19.99030815 18.28180915 17.81585487
 16.88394632 20.32579523 18.05193837 18.7415507  18.09542744 18.43091451
 19.12673956 20.76689861 21.17072565 20.22639165 20.4749006  21.36332008
 17.12002982 18.27559642 19.06461233 17.94010934 17.53006958 17.36232604
 19.33175944 18.59865805 18.53031809 19.20129225 19.9778827  19.38767396
 19.69209742 19.59269384 20.73583499 16.74105368 17.4555169  18.98384692
 18.33151093 17.60462227 18.94657058 18.5054672  19.70452286 18.98384692
 18.54895626 21.08996024 19.80392644 19.1888668  21.56833996 17.55492048
 16.08250497 16.98956262 18.36257455 17.86555666 16.86530815 19.36282306
 18.375      19.92818091 19.67967197 19.71694831 21.27634195 19.21993042
 21.61182903 17.84691849 17.20079523 15.40531809 17.82206759 18.26317097
 19.38146123 18.77261431 19.18265408 19.71073559 20.7917495  20.93464215
 20.16426441 19.13295229 21.18936382 16.69756461 18.10164016 17.81585487
 19.05218688 17.38717694 19.33797217 18.30666004 20.79796223 19.21371769
 19.58026839 18.69184891 19.5554175  19.31312127 19.60511928 21.46893638
 17.23185885 16.76590457 18.15755467 17.60462227 17.87176938 18.31908549
 18.45576541 20.12698807 18.4806163  18.79125249 18.35636183 19.07703777
 20.67992048 20.22017893 17.7972167  18.23832008 17.54249503 17.95253479
 17.82206759 17.23807157 18.72912525 19.30069583 20.0027336  19.99652087
 18.56138171 20.20775348 21.6304672  20.06486083 17.47415507 17.0889662
 17.33747515 15.19408549 18.6110835  18.41848907 18.36257455 19.56784294
 19.46843936 19.44980119 19.84120278 21.25149105 20.09592445 19.12052684
 22.10884692 17.74130219]",33905.5134090028
2025-06-15 22:56:00+00:00,1376,3222.4,9.0,19.15263973236786,19.009940357852884,22.35114314115308,"[19.32554672 18.40606362 19.57405567 18.05815109 18.81610338 17.49900596
 19.13916501 19.95303181 19.13916501 17.31883698 20.80417495 21.3943837
 21.46893638 19.08946322 17.22564612 19.35039761 19.77907555 17.61704771
 18.23210736 17.38096421 21.05889662 19.93439364 20.2139662  17.64189861
 20.54945328 21.04025845 18.0084493  17.25670974 17.92147117 16.70999006
 16.17569583 19.12673956 17.23807157 19.26963221 17.2194334  19.25099404
 19.33175944 21.92246521 20.31336978 19.12673956 20.555666   15.59791252
 17.18215706 16.81560636 18.44333996 19.43737575 19.10810139 17.65432406
 19.5305666  17.34368787 19.89090457 18.46819085 19.07703777 21.43787276
 20.17047714 21.29498012 18.30666004 18.02087475 15.92718688 19.41873757
 18.28180915 18.11406561 18.81610338 21.08374751 18.8223161  20.1083499
 19.90333002 19.99030815 21.20800199 19.50571571 18.45576541 18.67942346
 16.18812127 20.59294235 18.17619284 18.95899602 18.6110835  20.59294235
 19.28827038 19.62997018 18.64835984 20.51838966 20.6861332  21.92867793
 16.50497018 18.65457256 18.03951292 18.51789264 17.0082008  18.56138171
 18.04572565 19.45601392 18.56138171 19.95924453 20.2388171  19.04597416
 20.29473161 20.6861332  20.36307157 18.12649105 16.81560636 17.85934394
 17.03305169 19.0583996  18.44333996 18.97763419 18.99005964 18.32529821
 20.10213718 20.18911531 20.4749006  21.03404573 20.89115308 17.46172962
 17.72266402 17.83449304 16.47390656 18.4806163  17.06411531 19.51192843
 19.7417992  20.70477137 21.69259443 21.64910537 21.99080517 21.48136183
 20.14562624 17.49279324 17.06411531 18.39985089 18.01466203 18.46819085
 20.44383698 18.80989066 20.07728628 19.87847913 18.41848907 19.94681909
 19.81013917 20.6861332  21.0526839  17.74130219 18.1637674  16.93986083
 17.22564612 18.06436382 21.3695328  18.6110835  16.92122266 19.93439364
 20.38792247 18.82852883 19.69209742 20.86630219 20.76068588 20.46868787
 15.56063618 18.847167   16.85909543 16.5360338  16.98956262 18.41848907
 20.05243539 16.52982107 19.7417992  20.41277336 20.31336978 22.35114314
 20.73583499 20.67992048 17.902833   17.49279324 16.7472664  17.66053678
 18.58001988 18.90929423 18.6110835  18.49925447 19.67967197 19.73558648
 19.54920477 20.49353877 20.30715706 20.19532803 16.92743539 17.07032803
 17.87176938 18.74776342 17.0889662  17.92147117 17.42445328 18.98384692
 18.41227634 20.19532803 19.21993042 19.10188867 21.83548708 19.12673956
 21.46893638 16.09493042]",33966.67148860991
2025-06-15 22:57:00+00:00,1377,3176.94,9.0,19.01705592608874,18.868725149105366,22.32629224652087,"[17.25670974 16.80318091 18.47440358 17.67917495 17.22564612 19.4249503
 20.05864811 19.56163022 21.61182903 19.79150099 20.89115308 19.35039761
 22.32629225 15.62897614 18.00223658 17.03926441 16.84045726 18.95899602
 19.47465209 18.58001988 21.31361829 18.81610338 18.61729622 20.07728628
 20.0027336  20.04000994 20.20775348 17.48658052 18.40606362 16.86530815
 17.2194334  19.08946322 18.4806163  17.13245527 18.51789264 18.59865805
 18.375      20.43141153 20.05864811 20.4500497  19.84741551 18.76018887
 17.22564612 18.35636183 16.44284294 19.0832505  18.34393638 17.20079523
 18.83474155 17.5611332  19.92818091 20.1332008  18.85959245 19.95924453
 20.18290258 21.02162028 16.71620278 17.48658052 19.35661034 18.0333002
 19.90333002 18.71048708 18.9527833  20.22017893 19.13916501 19.12052684
 19.97166998 19.58648111 22.04050696 18.08300199 15.73459245 18.33151093
 18.72291252 17.52385686 17.95253479 18.51167992 17.4555169  18.88444334
 19.76043738 18.91550696 19.15780318 20.03379722 19.27584493 18.57380716
 16.7721173  18.17619284 16.56088469 17.92147117 18.20104374 18.88444334
 17.94010934 17.82828032 18.79746521 19.0583996  18.57380716 21.36332008
 19.72316103 21.41302187 19.30690855 17.96496024 17.72887674 17.46172962
 18.30666004 19.95924453 18.14512922 18.12649105 19.0832505  19.92196819
 19.39388668 19.64239563 20.59294235 19.99030815 19.8722664  16.47390656
 17.25670974 18.49925447 17.87798211 19.41873757 19.43737575 17.00198807
 17.430666   19.71694831 19.56163022 20.40656064 20.72340954 20.40034791
 21.027833   18.41848907 17.92147117 18.07057654 18.53653082 17.95874751
 17.66053678 18.28802187 16.89015905 18.78503976 20.90357853 20.16426441
 20.37549702 20.39413519 19.319334   16.72862823 16.63543738 18.68563618
 18.05815109 17.25049702 18.7166998  18.42470179 18.04572565 19.74801193
 18.87823062 20.41898608 21.45651093 20.22639165 20.86630219 19.85984095
 17.04547714 16.29373757 17.98981113 17.51764414 18.69806163 17.83449304
 18.21346918 17.79100398 17.83449304 20.41277336 20.50596421 18.76640159
 19.56784294 20.96570577 19.30069583 18.63593439 16.70377734 19.82877734
 18.01466203 19.12052684 19.79771372 18.375      20.56187873 19.04597416
 18.07678926 20.94085487 20.93464215 21.10859841 17.44309145 16.72862823
 16.89637177 17.65432406 18.59244533 18.45576541 17.74751491 18.33772366
 19.38146123 19.64239563 19.21371769 20.63021869 20.20154076 20.5805169
 20.51838966 19.14537773]",33513.06230632249
2025-06-15 22:58:00+00:00,1378,3155.75,9.0,18.953097439812094,18.80290134194831,21.437872763419485,"[17.2194334  17.94010934 17.6667495  16.56088469 19.52435388 19.03976143
 19.75422465 18.12027833 19.56163022 19.74801193 18.46819085 19.61754473
 19.99030815 16.67892644 18.63593439 18.1637674  19.01491054 18.88444334
 18.79746521 17.88419483 19.35039761 18.36878728 19.92818091 20.40034791
 20.26988072 20.30715706 20.20154076 18.36257455 15.57306163 18.69184891
 18.65457256 18.21346918 17.31262425 17.33747515 20.08349901 19.02733598
 20.41277336 18.17619284 19.96545726 21.07753479 19.26963221 17.55492048
 17.20700795 17.47415507 17.72266402 19.49329026 17.57977137 17.44309145
 18.28180915 17.92147117 19.12673956 20.32579523 20.2388171  18.1637674
 20.87872763 19.51814115 16.26267396 17.10139165 17.53628231 17.27534791
 19.23856859 17.79100398 18.93414513 18.94035785 19.02733598 20.07728628
 19.56163022 19.5305666  20.2388171  18.87823062 16.95849901 18.69806163
 17.14488072 19.09567594 17.55492048 19.44358847 18.43091451 19.03976143
 20.07107356 19.17022863 20.05243539 21.32604374 20.20154076 19.09567594
 17.12624254 17.5611332  17.55492048 17.95874751 17.49900596 20.22017893
 18.73533797 18.64835984 19.11431412 20.07728628 18.92793241 21.43787276
 20.82281312 21.38817097 20.44383698 18.22589463 16.0638668  16.38071571
 18.38742545 18.4806163  18.2445328  17.97117296 19.19507952 19.04597416
 19.36903579 19.62375746 19.46222664 18.59244533 20.22017893 18.15134195
 16.05765408 17.53006958 18.05815109 17.41824056 18.08921471 18.82852883
 19.44358847 19.48707753 19.1888668  20.97813121 20.31336978 20.12698807
 21.2639165  17.79100398 17.25049702 17.05790258 18.44955268 18.5862326
 18.7166998  19.23856859 19.20750497 18.02708748 18.73533797 18.90929423
 20.99676938 20.07728628 21.15208748 16.90879722 18.30666004 17.90904573
 19.0583996  17.41202783 18.97142147 19.4249503  18.7415507  18.35636183
 20.12077535 19.38767396 19.12673956 19.7666501  19.13916501 20.36307157
 16.31237575 19.10188867 19.15780318 17.90904573 17.89040755 17.5611332
 18.08300199 20.15183897 17.72266402 19.89090457 18.02708748 18.56138171
 20.46247515 19.38146123 17.39338966 17.66053678 18.36878728 18.47440358
 19.13916501 19.12673956 20.04622266 19.1640159  20.80417495 18.70427435
 17.41824056 19.62997018 19.57405567 19.15159046 16.23161034 17.1945825
 18.16998012 17.55492048 17.90904573 18.20104374 18.32529821 20.29473161
 19.30069583 18.72912525 18.91550696 20.19532803 18.38121272 21.41923459
 20.72340954 17.39960239]",33299.08279463534
2025-06-15 22:59:00+00:00,1379,3165.71,9.0,18.98106748159893,18.833840705765407,21.77335984095427,"[16.97092445 16.26267396 16.80318091 18.87823062 18.99627237 19.00869781
 17.54249503 18.9527833  19.52435388 18.54274354 20.99055666 21.25149105
 20.7917495  17.85313121 17.52385686 18.31287276 18.847167   19.30690855
 18.57380716 19.56784294 18.45576541 18.4806163  19.5305666  18.98384692
 19.30690855 21.24527833 21.37574553 19.05218688 17.82828032 17.95874751
 18.0333002  16.81560636 18.21346918 20.49975149 19.95924453 19.51814115
 18.27559642 20.19532803 19.86605368 19.98409543 20.86008946 18.58001988
 17.36853877 17.59219682 16.79075547 18.58001988 20.69234592 17.7972167
 18.36257455 16.71620278 18.68563618 20.28230616 20.64264414 19.82877734
 20.48111332 20.1332008  17.52385686 18.5862326  17.84070577 17.84070577
 17.30641153 17.78479125 17.71645129 18.38121272 20.15805169 19.01491054
 20.52460239 18.15134195 20.16426441 20.26988072 15.19408549 18.53653082
 17.05168986 17.50521869 18.00223658 19.59890656 19.37524851 18.64835984
 19.50571571 18.95899602 21.02162028 19.83499006 19.22614314 20.32579523
 17.75372763 18.0084493  18.18240557 16.95228628 15.34940358 19.43737575
 19.07082505 18.71048708 20.60536779 19.41252485 21.06510934 18.75397614
 21.77335984 20.81038767 20.62400596 17.16973161 16.45526839 18.41227634
 18.29423459 18.08300199 19.48707753 18.67321074 17.85934394 17.76615308
 18.30666004 19.88469185 21.18936382 21.14587475 19.59269384 16.4304175
 18.87823062 15.44259443 17.15109344 17.4555169  20.14562624 19.11431412
 20.84766402 18.41848907 20.3195825  18.47440358 20.05243539 21.3695328
 19.82877734 16.83424453 17.47415507 18.74776342 17.57355865 19.81635189
 18.66699801 18.10785288 19.68588469 20.62400596 20.45626243 19.23856859
 19.5305666  21.00919483 19.26341948 18.07678926 16.29373757 18.25074553
 16.59816103 17.79100398 19.9778827  18.0333002  20.72340954 18.47440358
 18.32529821 17.72266402 20.14562624 18.38742545 20.64264414 21.46272366
 17.00198807 17.49279324 15.94582505 17.57355865 18.78503976 19.06461233
 18.14512922 18.847167   19.0832505  19.43737575 19.5554175  19.99030815
 20.02758449 20.3195825  17.43687873 15.4860835  18.30044732 16.15705765
 18.27559642 19.02733598 17.99602386 18.18240557 19.32554672 19.79150099
 20.18911531 20.95949304 18.29423459 20.1083499  15.63518887 18.66078529
 16.49254473 18.39985089 17.70402584 18.51167992 17.93389662 18.13270378
 18.99627237 18.62972167 18.15134195 21.44408549 20.90979125 21.28255467
 20.43141153 18.43712724]",33392.65936643738
2025-06-15 23:00:00+00:00,1380,3154.7799999999997,9.0,18.947393762425445,18.799888170974153,23.245775347912524,"[16.89637177 17.6667495  17.5859841  16.80318091 19.89090457 17.430666
 20.46247515 18.93414513 20.01515905 20.1332008  23.24577535 19.79771372
 21.56833996 16.61058648 17.51143141 17.21322068 18.59244533 18.5862326
 17.42445328 18.44333996 19.35661034 20.36307157 18.1389165  19.77907555
 19.43737575 21.25149105 20.52460239 17.66053678 16.44284294 18.20104374
 18.12027833 18.40606362 18.59244533 15.70352883 18.46819085 18.71048708
 21.62425447 19.13295229 18.99005964 20.61779324 20.54945328 17.02683897
 17.00198807 17.59840954 18.69806163 17.51764414 17.1945825  19.48707753
 19.62997018 19.72937376 17.31262425 19.56784294 20.3444334  20.24502982
 21.99080517 20.46247515 16.44284294 15.44880716 17.15730616 17.84691849
 18.67942346 17.42445328 19.13916501 20.6861332  19.6361829  19.7417992
 19.54299205 21.00919483 19.88469185 20.17047714 17.79100398 17.430666
 16.7472664  18.28180915 17.59219682 19.41252485 18.38121272 18.53653082
 18.66699801 19.4249503  19.95303181 20.48111332 19.91575547 20.59915507
 17.52385686 17.03926441 17.54870775 15.4612326  18.10785288 17.38717694
 17.31262425 20.3444334  18.10164016 18.90929423 20.40034791 18.8223161
 19.30069583 20.41277336 20.12698807 16.08250497 19.57405567 17.42445328
 17.53006958 19.0583996  17.67296223 18.87201789 19.36903579 19.15159046
 18.31908549 19.45601392 19.89090457 20.38792247 20.59915507 17.12002982
 17.60462227 18.375      18.17619284 18.23210736 17.28156064 18.30666004
 18.53031809 20.13941352 19.79150099 18.52410537 19.48707753 19.61133201
 21.66153082 16.35586481 18.41848907 16.03280318 18.07057654 16.49875746
 18.60487078 18.93414513 19.64860835 18.64214712 20.48111332 19.40631213
 21.82306163 21.59319085 20.63643141 17.20079523 17.66053678 16.62922465
 17.05790258 17.71645129 19.19507952 17.65432406 18.5054672  18.5862326
 18.2693837  19.27584493 20.50596421 20.77932406 20.24502982 18.96520875
 16.21297217 19.03976143 19.77907555 17.95253479 17.84691849 17.83449304
 18.69806163 20.3444334  19.40631213 19.84120278 20.69855865 19.46843936
 20.63021869 18.95899602 17.30641153 16.8777336  16.85909543 18.92793241
 17.16973161 18.02708748 18.05815109 18.97142147 20.05864811 18.62972167
 19.11431412 19.74801193 19.21371769 19.67967197 18.69806163 16.25646123
 17.05168986 19.19507952 17.430666   18.46197813 20.99676938 20.18290258
 18.46197813 19.91575547 20.17047714 19.23235586 20.02758449 19.62997018
 20.29473161 17.48036779]",33280.00057157056
2025-06-15 23:01:00+00:00,1381,2300.04,9.0,16.4236033967789,16.144756461232603,19.679671968190853,"[15.80293241 13.70924453 14.42992048 15.43016899 15.94582505 15.9333996
 16.7721173  16.91500994 16.86530815 17.15730616 19.07703777 16.8777336
 17.83449304 15.1443837  15.77808151 16.73484095 16.33722664 14.79647117
 14.94557654 15.22514911 16.25646123 16.38071571 15.82157058 17.04547714
 16.95849901 16.44905567 16.11978131 14.57902584 15.84642147 14.87102386
 15.77808151 15.56684891 14.97042744 14.75298211 14.25596421 16.90879722
 16.57331014 19.10810139 17.09517893 18.05193837 17.03926441 14.75919483
 14.82132207 14.4609841  16.77833002 15.25       15.77186879 15.4612326
 17.6667495  14.12549702 16.4304175  15.57927435 14.9083002  18.32529821
 17.74751491 18.05193837 14.36779324 14.89587475 15.9333996  15.0387674
 15.96446322 15.79671968 14.72813121 16.29373757 16.16327038 18.06436382
 16.52982107 17.53006958 17.48658052 18.05193837 14.62872763 14.83374751
 15.50472167 14.42992048 14.55417495 15.90854871 16.64786282 16.45526839
 16.41799205 17.17594433 17.82206759 19.67967197 18.09542744 15.82157058
 14.24975149 14.41749503 15.91476143 15.5916998  15.77186879 16.81560636
 15.77186879 15.98931412 17.25670974 16.82803181 17.51143141 15.77186879
 16.6416501  16.92122266 15.89612326 15.52335984 14.70949304 13.89562624
 17.07654076 16.73484095 16.55467197 15.22514911 15.67246521 15.47365805
 16.05144135 16.52360835 17.41824056 16.69756461 16.46148111 15.91476143
 13.50422465 17.12002982 16.04522863 14.97664016 16.02659046 16.33722664
 16.82181909 14.93936382 16.05765408 16.99577535 18.15134195 17.48658052
 15.85884692 13.64090457 15.98931412 15.78429423 15.33697813 14.56038767
 16.20675944 16.48011928 17.97738569 15.23136183 15.81535785 16.17569583
 18.21968191 15.84020875 17.53006958 16.10114314 15.77808151 14.34294235
 16.11356859 15.41774354 15.26242545 18.30044732 16.21297217 17.74130219
 15.0387674  16.70999006 18.64214712 16.63543738 16.74105368 17.0082008
 16.07629225 16.46769384 14.2000497  15.29348907 16.21297217 16.28752485
 15.57927435 16.59816103 15.76565606 18.375      17.28156064 16.26267396
 17.87798211 16.54224652 15.04498012 14.97042744 15.74701789 13.82728628
 15.40531809 15.79671968 17.20700795 16.80318091 17.902833   16.93986083
 16.16327038 15.6973161  18.53031809 17.41202783 14.21868787 13.95154076
 15.04498012 16.32480119 16.80318091 14.92072565 16.74105368 14.57902584
 15.70352883 16.65407555 15.45501988 17.07654076 16.08250497 17.61083499
 17.71645129 14.26217694]",24836.407524263497
2025-06-15 23:02:00+00:00,1382,2334.15,9.0,16.522851853949376,16.250714463220675,19.00248508946322,"[15.15059642 17.10139165 15.26242545 15.80914513 15.0387674  16.5360338
 17.1945825  15.75323062 15.93961233 17.5611332  16.17569583 18.06436382
 17.98981113 16.00795229 16.59816103 15.38667992 16.86530815 15.71595427
 14.39264414 14.49826044 16.82181909 16.57331014 16.90258449 17.0889662
 18.36257455 17.59840954 18.18240557 13.39860835 13.65333002 14.98285288
 14.777833   17.09517893 16.44284294 18.1389165  15.15059642 16.21297217
 17.10139165 16.4055666  17.30641153 16.67271372 19.00248509 14.9083002
 15.64140159 16.48633201 14.4609841  16.49875746 15.65382704 16.03280318
 17.80964215 16.54845924 15.99552684 15.86505964 17.31262425 16.76590457
 19.00248509 18.13270378 15.29348907 15.85263419 16.90258449 16.97713718
 15.73459245 16.23782306 17.14488072 16.68513917 16.22539761 16.01416501
 17.15109344 16.89637177 17.20079523 17.44309145 14.40506958 13.16252485
 16.80939364 16.0390159  15.02012922 16.70999006 14.3305169  17.36232604
 15.84642147 16.98956262 16.1694831  16.73484095 17.44930417 17.91525845
 14.9083002  14.53553678 16.11356859 15.02012922 16.13841948 16.26267396
 16.29373757 15.91476143 15.84020875 16.51739563 16.76590457 16.48011928
 17.33747515 18.22589463 17.5859841  14.4361332  15.65382704 15.55442346
 15.15680915 15.90854871 16.37450298 16.15084493 15.90854871 17.63568588
 14.75919483 15.92718688 16.81560636 16.8777336  18.56138171 14.49826044
 15.86505964 15.21893638 16.1694831  13.7527336  14.85859841 16.82803181
 17.42445328 16.44284294 16.84666998 15.5916998  17.48036779 17.902833
 17.98981113 15.23136183 16.0638668  16.04522863 15.75944334 16.17569583
 14.12549702 17.53628231 15.75944334 16.48633201 16.05144135 15.8277833
 16.37450298 18.85337972 17.71645129 14.5666004  15.4860835  14.79647117
 15.08846918 13.10039761 14.49826044 16.62922465 16.5360338  15.67246521
 17.15109344 18.92793241 17.6667495  17.61704771 17.24428429 17.6916004
 12.85810139 14.08822068 15.60412525 16.84045726 17.36853877 15.00770378
 15.51714712 15.33697813 16.47390656 16.52982107 16.59816103 16.91500994
 17.90904573 18.97142147 15.76565606 14.92693837 15.3804672  15.5916998
 15.40531809 16.57331014 16.69135189 15.08225646 15.21272366 15.99552684
 16.90258449 16.48633201 15.51714712 16.65407555 16.33101392 14.69706759
 17.05790258 14.03851889 15.06361829 16.25024851 17.13245527 15.58548708
 17.07654076 15.38667992 16.66650099 16.28752485 15.95203777 16.79696819
 18.41848907 17.25670974]",25168.453162573034
2025-06-15 23:03:00+00:00,1383,2251.54,9.0,16.27765810961971,15.99409791252485,19.493290258449303,"[15.722167   16.32480119 15.83399602 15.13195825 16.10114314 13.77758449
 16.56709742 14.73434394 15.39289264 17.61083499 16.75347913 17.20700795
 17.24428429 15.99552684 14.98906561 15.20029821 15.27485089 16.80939364
 17.27534791 17.03305169 15.92097416 17.15109344 16.82803181 15.29970179
 17.1138171  17.43687873 16.39935388 13.74652087 14.98285288 15.17544732
 15.66625249 16.01416501 14.21868787 16.32480119 17.33126243 16.25646123
 17.02062624 17.79100398 16.07007952 15.61033797 15.52957256 14.61008946
 15.92097416 16.38692843 15.82157058 15.73459245 15.42395626 16.00173956
 16.79696819 15.49850895 16.4055666  16.21918489 15.18787276 16.7472664
 15.89612326 16.51739563 15.29970179 14.32430417 13.93911531 15.86505964
 17.03305169 15.52335984 14.95800199 16.25024851 15.59791252 16.60437376
 18.07057654 16.38071571 16.65407555 18.54274354 15.74701789 15.61033797
 14.2000497  16.95228628 17.04547714 15.50472167 15.19408549 15.26242545
 14.29945328 17.16351889 15.67246521 16.5360338  16.20675944 17.76615308
 15.95203777 14.45477137 14.24353877 15.28106362 14.06336978 15.08846918
 15.29348907 17.77236581 15.99552684 17.03926441 16.59194831 16.82803181
 17.30641153 17.06411531 17.88419483 13.9639662  15.39289264 14.64115308
 14.41128231 15.07604374 16.54845924 15.90233598 15.74080517 16.88394632
 15.02012922 17.92147117 16.44905567 17.34368787 17.08275348 15.05119284
 15.19408549 13.74652087 16.02659046 13.83349901 16.14463221 15.34940358
 15.6165507  17.59840954 14.33672962 17.39960239 17.33747515 16.21297217
 17.5859841  14.99527833 16.38071571 15.10089463 15.98310139 15.45501988
 15.03255467 15.4612326  16.89637177 17.12624254 15.23136183 16.58573559
 16.18190855 17.78479125 18.18861829 14.89587475 14.59145129 15.60412525
 16.58573559 15.21893638 16.0390159  15.22514911 16.8528827  17.08275348
 17.07032803 15.56063618 15.49229622 17.51143141 16.11978131 18.21346918
 14.31187873 15.1195328  15.5916998  16.09493042 15.33076541 15.58548708
 16.54845924 15.9582505  15.34319085 14.40506958 15.68489066 16.85909543
 15.9333996  16.60437376 15.59791252 15.08846918 14.69085487 14.8026839
 15.28106362 13.82728628 14.86481113 16.2750994  15.72837972 15.30591451
 16.5111829  16.42420477 19.49329026 18.05193837 14.52932406 16.10735586
 16.38071571 16.16327038 14.31809145 16.33722664 15.47987078 15.67246521
 16.15084493 15.30591451 14.42992048 17.94010934 18.06436382 18.97763419
 16.6416501  15.62897614]",24348.132971543702
2025-06-15 23:04:00+00:00,1384,2302.34,9.0,16.42616676067612,16.151901093439363,19.207504970178924,"[15.03255467 14.82132207 15.00770378 15.31212724 17.00198807 14.81510934
 16.18812127 16.59194831 17.31262425 15.73459245 16.91500994 16.37450298
 18.46819085 16.08871769 15.36804175 14.46719682 16.18190855 15.74701789
 17.66053678 16.77833002 16.73484095 16.35586481 15.51093439 17.08275348
 15.33697813 17.7972167  16.44284294 14.35536779 14.65357853 13.91426441
 14.05094433 15.02012922 14.79025845 16.45526839 17.06411531 17.34368787
 15.51714712 17.59219682 18.22589463 17.94632207 17.85934394 15.44880716
 15.54199801 15.97067594 16.62922465 17.17594433 16.2999503  17.23807157
 16.32480119 16.84045726 16.7721173  18.69184891 17.93389662 17.65432406
 17.18215706 17.51764414 14.52311133 14.39264414 16.58573559 15.21272366
 15.37425447 16.02037773 16.38071571 16.13220676 15.43638171 15.18787276
 17.15109344 16.56088469 16.38071571 18.59865805 15.17544732 16.20054672
 13.71545726 15.17544732 14.93315109 15.87748509 15.96446322 15.87748509
 17.28156064 15.08225646 16.57952286 17.33747515 16.47390656 14.88966203
 13.74652087 15.60412525 14.86481113 15.97067594 15.34940358 16.86530815
 14.93936382 16.52982107 17.03305169 14.8026839  16.99577535 15.42395626
 16.2999503  16.69756461 16.62301193 15.3556163  14.18762425 15.83399602
 15.16923459 15.51714712 16.81560636 15.69110338 16.28752485 15.17544732
 16.62301193 17.5859841  18.09542744 16.9833499  17.48036779 14.08822068
 15.20651093 15.21893638 14.87102386 16.16327038 15.56063618 16.57331014
 15.83399602 18.0333002  17.02683897 18.22589463 16.69135189 19.20750497
 16.46148111 15.9333996  14.38643141 14.95178926 15.63518887 17.07032803
 15.6973161  15.31212724 18.28180915 16.69135189 17.74130219 16.00173956
 17.51764414 16.94607356 16.23782306 16.44905567 14.305666   14.61008946
 14.38021869 17.9276839  16.54224652 16.46769384 16.25024851 14.73434394
 17.5859841  15.36804175 17.18215706 16.32480119 17.61704771 16.70377734
 16.49254473 15.32455268 16.15084493 16.12599404 15.40531809 15.02012922
 15.76565606 15.69110338 16.1694831  16.64786282 16.91500994 16.89637177
 16.49875746 16.24403579 13.16873757 15.80293241 15.40531809 17.86555666
 14.36779324 17.64811133 16.39314115 16.46769384 15.1195328  15.37425447
 17.82828032 14.82132207 15.89612326 18.05815109 15.45501988 14.08200795
 14.86481113 15.50472167 14.51068588 17.16973161 15.98310139 15.43638171
 16.56088469 16.62301193 17.91525845 16.75347913 15.64140159 18.14512922
 17.24428429 14.72191849]",24844.983514518037
2025-06-15 23:05:00+00:00,1385,2251.94,9.0,16.27603346258344,15.99534045725646,19.37524850894632,"[15.58548708 15.22514911 15.15680915 16.82803181 16.7472664  16.4304175
 15.05119284 15.57306163 16.52982107 16.21297217 15.74080517 16.45526839
 16.92122266 14.74676938 14.65357853 15.56063618 16.37450298 17.30019881
 16.5111829  15.28106362 15.88369781 17.88419483 17.61704771 15.26863817
 16.72241551 19.08946322 16.92122266 15.06361829 13.57877734 14.23111332
 15.99552684 14.95800199 16.72241551 15.90854871 17.33126243 15.70352883
 17.33747515 18.07678926 15.25621272 15.41153082 15.39289264 14.24975149
 14.52311133 14.26838966 15.13817097 14.52311133 14.11307157 15.64140159
 17.65432406 15.68489066 16.95849901 15.97688867 18.06436382 15.87748509
 17.87798211 15.36804175 14.86481113 14.92072565 17.61704771 15.68489066
 14.92072565 14.33672962 18.13270378 15.75944334 17.36853877 16.02659046
 17.89040755 17.67296223 17.3499006  16.39935388 15.10710736 15.58548708
 14.65979125 16.73484095 17.07032803 16.4055666  15.57927435 16.90879722
 15.52957256 17.23807157 15.18166004 16.02037773 16.8528827  15.86505964
 14.0695825  13.80243539 15.28106362 15.92718688 14.21247515 16.31858847
 15.94582505 14.60387674 15.18166004 16.82181909 16.47390656 15.31833996
 17.21322068 15.22514911 18.64214712 15.84642147 13.72166998 15.21893638
 16.26267396 16.23161034 15.15059642 15.83399602 16.09493042 16.2750994
 16.38692843 18.2693837  16.57952286 16.48633201 17.1945825  15.13817097
 13.92668986 15.66625249 14.8834493  14.78404573 15.47365805 15.722167
 14.77162028 16.95228628 15.84642147 16.12599404 19.37524851 16.61058648
 16.11356859 15.32455268 15.21893638 15.20651093 14.08822068 15.64140159
 15.70974155 16.15705765 17.64189861 14.93936382 18.1389165  15.29348907
 17.01441352 16.58573559 17.33126243 16.12599404 14.65979125 16.20675944
 14.65979125 13.21843936 15.23136183 15.6165507  15.66625249 16.26888668
 16.85909543 18.30666004 16.49875746 17.48036779 18.23832008 16.88394632
 15.27485089 16.89637177 14.37400596 15.44880716 15.03255467 14.29945328
 15.31212724 15.28727634 14.777833   18.1389165  16.10114314 16.23782306
 18.41848907 15.19408549 15.94582505 14.92072565 14.38643141 15.11332008
 15.15680915 16.194334   16.63543738 16.91500994 17.25049702 17.26913519
 16.54224652 16.34965209 15.76565606 17.12624254 14.42992048 14.79647117
 15.21893638 15.99552684 16.28131213 16.67892644 15.33697813 17.25049702
 15.92718688 15.39289264 16.01416501 16.81560636 15.97067594 16.34965209
 18.45576541 14.75298211]",24342.697552419166
2025-06-15 23:06:00+00:00,1386,2294.1099999999997,9.0,16.399081987038677,16.12633573558648,19.915755467196817,"[16.75969185 13.97017893 15.3804672  15.32455268 15.44880716 14.74055666
 15.0387674  16.05144135 16.87152087 16.44284294 17.47415507 17.94010934
 18.17619284 15.81535785 15.26863817 16.39314115 15.66003976 15.17544732
 16.23161034 15.84020875 15.74080517 15.58548708 15.98310139 17.89662028
 15.83399602 19.58026839 17.71023857 15.87748509 13.84592445 15.3804672
 15.33697813 15.67867793 17.13245527 16.26888668 16.42420477 15.99552684
 16.18812127 18.45576541 14.4609841  17.64811133 15.89612326 16.91500994
 14.77162028 13.37997018 16.11356859 15.34319085 14.63494036 15.61033797
 14.49204771 16.39935388 16.44284294 15.92718688 17.48036779 17.54870775
 17.5611332  17.75372763 14.38643141 15.23136183 14.73434394 14.18762425
 14.64115308 17.08275348 16.83424453 16.90879722 15.96446322 18.28180915
 17.24428429 16.59194831 19.08946322 16.47390656 15.65382704 14.41749503
 13.77137177 15.0139165  14.10685885 17.46794235 16.70999006 15.42395626
 14.5417495  16.1694831  17.16351889 18.51167992 15.79050696 17.1138171
 13.31163022 13.08797217 14.70949304 14.94557654 15.6165507  15.20029821
 15.89612326 16.11978131 15.52957256 16.59816103 16.0390159  16.16327038
 18.67942346 17.33747515 16.55467197 14.97042744 15.32455268 16.4055666
 15.80293241 14.24975149 16.02037773 16.20054672 17.0082008  15.93961233
 15.59791252 16.57952286 17.61083499 17.25049702 18.79125249 15.47365805
 13.82728628 15.15059642 13.82107356 15.4612326  15.90854871 14.72191849
 16.63543738 15.22514911 15.8277833  18.54895626 16.71620278 17.53628231
 17.71023857 13.64090457 14.99527833 16.49254473 15.66003976 16.47390656
 15.37425447 16.52982107 16.66028827 17.44309145 17.67917495 18.05815109
 18.10164016 18.62350895 16.15084493 14.90208748 14.64736581 15.34319085
 17.430666   14.31187873 15.49850895 16.48633201 15.28106362 17.95874751
 15.85263419 15.88991054 16.94607356 16.21918489 17.12624254 16.11978131
 14.36158052 14.65979125 14.86481113 16.10735586 15.36804175 16.16327038
 15.02634195 15.3804672  17.70402584 17.78479125 16.17569583 16.68513917
 17.59219682 19.91575547 15.08846918 15.1443837  15.57927435 16.25024851
 17.12624254 14.34915507 16.4304175  16.57331014 15.87748509 16.34343936
 17.07654076 18.18240557 15.52335984 18.28180915 14.47962227 16.49254473
 16.49254473 16.42420477 15.60412525 17.53628231 17.18836978 16.09493042
 14.94557654 16.84666998 16.72862823 17.64811133 16.65407555 14.85238569
 17.50521869 13.34890656]",24754.368695836594
2025-06-15 23:07:00+00:00,1387,2231.53,9.0,16.21301241034029,15.93193961232604,19.362823061630216,"[15.6973161  14.86481113 13.94532803 14.70949304 15.39910537 15.3556163
 15.49850895 16.20675944 17.81585487 16.48633201 17.20700795 16.7721173
 16.62922465 14.24975149 15.79671968 15.30591451 17.15730616 16.56709742
 14.8834493  16.38692843 16.10114314 16.11356859 17.77236581 15.8277833
 17.0889662  16.41799205 17.12002982 15.67867793 13.74652087 14.8834493
 14.51689861 16.59816103 15.1195328  16.194334   15.58548708 16.10114314
 17.60462227 17.36853877 14.52311133 18.39985089 16.07007952 15.75944334
 16.5111829  16.25024851 15.24378728 17.18836978 15.15059642 16.01416501
 17.12002982 16.07629225 17.18836978 16.56088469 16.07629225 15.64140159
 15.64761431 16.31858847 15.20029821 15.15059642 15.82157058 13.19980119
 15.88991054 16.43663022 16.46148111 16.72241551 15.83399602 14.93936382
 17.25049702 16.84045726 16.96471173 17.30641153 15.0139165  14.47962227
 14.90208748 16.00795229 16.33722664 16.28131213 15.68489066 15.10089463
 15.84642147 16.41799205 16.05765408 16.54845924 16.07629225 15.55442346
 13.77758449 15.49229622 15.57306163 15.91476143 17.9276839  14.29324056
 16.8777336  14.26838966 17.0889662  16.00795229 17.14488072 16.5360338
 17.92147117 16.70999006 16.26888668 14.42370775 14.93315109 16.38692843
 15.02012922 14.58523857 14.00745527 16.15705765 16.98956262 14.3305169
 15.11332008 17.49900596 15.77186879 16.07629225 17.49900596 15.41153082
 15.91476143 14.93936382 15.30591451 13.73409543 13.71545726 15.80293241
 15.74080517 16.17569583 16.50497018 16.35586481 18.01466203 17.97117296
 17.74130219 14.11928429 14.63494036 15.56063618 14.55417495 16.05144135
 16.32480119 15.90854871 15.77186879 15.3804672  15.5916998  16.4055666
 15.77186879 16.72241551 19.36282306 13.80864811 13.64090457 15.80293241
 14.56038767 16.11356859 14.71570577 15.08846918 15.33697813 15.90233598
 16.28752485 16.23161034 17.55492048 19.17022863 18.23210736 15.66625249
 15.0139165  13.57877734 15.3556163  16.08871769 13.27435388 14.95178926
 14.23732604 13.94532803 16.93986083 15.53578529 16.23782306 17.71645129
 17.05168986 17.46794235 16.34965209 14.41128231 14.91451292 15.04498012
 16.8528827  16.76590457 15.55442346 15.65382704 15.57927435 15.83399602
 16.21297217 16.89637177 18.90308151 15.53578529 12.99478131 14.95178926
 15.9333996  14.5417495  16.32480119 14.61008946 16.25646123 16.90879722
 16.67892644 17.37475149 14.94557654 17.93389662 16.95849901 16.80939364
 17.89040755 16.33101392]",24131.85432003448
2025-06-15 23:08:00+00:00,1388,2229.38,9.0,16.205278163586502,15.925260934393636,19.52435387673956,"[16.11356859 13.52907555 14.4361332  16.00795229 17.41824056 16.05144135
 16.20054672 17.39960239 16.74105368 16.60437376 16.31858847 16.75347913
 15.90233598 13.62847913 15.02634195 13.92668986 14.75298211 14.98906561
 14.18141153 16.2999503  15.10089463 14.10064612 16.14463221 16.93986083
 16.74105368 16.49875746 17.9276839  14.64115308 14.28081511 14.86481113
 16.2999503  16.4055666  15.29970179 15.87127237 18.74776342 16.66650099
 14.34294235 17.53006958 18.62972167 16.56088469 15.722167   13.99502982
 14.97042744 15.08225646 16.08250497 14.68464215 15.83399602 16.20675944
 16.0638668  16.60437376 15.84020875 16.72862823 15.42395626 17.13866799
 15.98931412 19.52435388 14.69706759 13.84592445 14.83996024 14.59145129
 15.67867793 16.54224652 15.34940358 15.43016899 16.14463221 16.18812127
 17.71645129 18.08921471 16.16327038 17.64189861 16.36829026 14.46719682
 15.21272366 16.01416501 14.05715706 15.77808151 13.3054175  16.96471173
 17.430666   16.75347913 16.39935388 17.16973161 16.81560636 18.1389165
 16.8777336  14.38643141 14.92072565 15.00149105 14.51068588 14.54796223
 15.93961233 16.24403579 15.70974155 16.51739563 14.83996024 16.49875746
 16.91500994 17.20700795 18.52410537 15.72837972 13.51043738 14.47962227
 16.14463221 16.5360338  14.95178926 16.10735586 16.33722664 15.93961233
 16.96471173 16.93364811 16.46769384 18.02708748 16.45526839 14.56038767
 13.54771372 14.82132207 17.23185885 16.25024851 16.10114314 13.83349901
 16.34965209 17.39960239 16.49254473 17.25049702 17.31883698 17.4555169
 16.37450298 15.66003976 14.4361332  14.92693837 14.82132207 15.79050696
 15.8277833  16.07007952 15.54199801 15.74701789 15.93961233 15.80914513
 18.19483101 17.97117296 15.44880716 16.17569583 13.90805169 14.23732604
 15.43016899 13.68439364 15.16923459 15.33697813 15.77808151 15.93961233
 15.31212724 16.99577535 16.62922465 16.64786282 16.66650099 18.65457256
 14.8834493  15.41153082 14.72191849 16.59816103 14.41128231 15.41774354
 16.18812127 17.27534791 13.67196819 16.20054672 16.20054672 17.38717694
 16.38071571 17.04547714 12.62201789 15.08846918 14.16277336 14.33672962
 15.80293241 15.12574553 16.6416501  15.12574553 17.02683897 16.35586481
 15.0139165  16.54224652 16.02659046 18.01466203 15.21893638 14.88966203
 13.90183897 16.22539761 15.92718688 14.52932406 15.39289264 16.80939364
 16.74105368 16.62301193 16.97713718 17.93389662 16.00173956 18.36257455
 18.52410537 14.79025845]",24105.978624095005
2025-06-15 23:09:00+00:00,1389,2218.25,9.0,16.171047327406395,15.890687127236578,18.617296222664017,"[15.33076541 14.00124254 14.60387674 14.61008946 15.83399602 16.15705765
 17.75372763 17.60462227 16.90258449 16.05765408 17.5611332  17.66053678
 16.95228628 15.23757455 15.40531809 15.27485089 12.85810139 15.23136183
 17.46172962 15.40531809 16.72862823 17.16351889 15.76565606 18.59865805
 16.75969185 17.25049702 17.59219682 13.83971173 15.59791252 14.81510934
 16.49254473 14.90208748 16.25024851 15.77186879 15.27485089 17.48658052
 16.08250497 15.26863817 17.10760437 17.82828032 17.62947316 12.10636183
 14.94557654 14.19383698 15.03255467 13.64090457 15.90233598 16.46148111
 15.12574553 16.12599404 15.94582505 15.98310139 16.25646123 17.98359841
 17.72266402 15.22514911 15.28106362 16.33101392 15.74080517 15.38667992
 15.60412525 15.60412525 15.53578529 17.72887674 15.33697813 16.45526839
 17.16973161 16.86530815 15.91476143 16.4304175  16.56709742 15.07604374
 14.68464215 15.6973161  14.9083002  15.85884692 17.27534791 17.55492048
 17.83449304 16.0390159  16.10114314 16.15084493 17.902833   18.4806163
 15.54821074 15.08225646 16.11978131 16.0638668  15.94582505 14.06336978
 15.13817097 15.47987078 16.48633201 15.98310139 15.1443837  15.74080517
 14.95800199 16.96471173 18.02708748 12.40457256 12.8083996  14.49826044
 15.07604374 16.38071571 15.29970179 14.51068588 14.93936382 17.15109344
 16.31858847 16.26267396 14.05715706 16.34965209 18.28180915 14.32430417
 13.44831014 13.7278827  15.25621272 14.40506958 14.8026839  14.97664016
 15.62897614 17.55492048 15.78429423 16.66028827 16.64786282 17.04547714
 16.48011928 15.28727634 13.87698807 15.27485089 14.68464215 15.08225646
 15.51093439 14.51068588 15.15680915 14.92693837 16.92743539 16.26888668
 17.16351889 16.6167992  17.28156064 16.35586481 14.72813121 15.03255467
 16.13220676 14.08200795 15.98931412 14.61630219 16.98956262 16.67892644
 16.21297217 15.6165507  15.74080517 15.31212724 16.49875746 17.18836978
 15.70974155 14.25596421 15.5916998  14.16277336 15.16923459 14.82753479
 16.55467197 16.0390159  15.59791252 15.87127237 15.74701789 17.16973161
 16.60437376 18.61729622 15.00149105 15.93961233 17.24428429 16.64786282
 15.69110338 16.60437376 16.01416501 15.60412525 16.69135189 17.16973161
 15.16923459 17.18215706 17.97738569 16.82803181 13.42345924 15.32455268
 16.69756461 15.44259443 15.91476143 17.15109344 15.17544732 14.70328032
 17.03926441 16.35586481 16.07007952 16.2750994  16.33101392 16.51739563
 15.52335984 14.65979125]",23991.455938570834
2025-06-15 23:10:00+00:00,1390,2215.13,9.0,16.16045816128346,15.880995278330019,19.288270377733596,"[14.0944334  12.54125249 15.47987078 15.55442346 16.5111829  15.50472167
 15.84642147 16.89015905 17.05168986 16.70377734 17.14488072 16.71620278
 19.0583996  12.92022863 15.02012922 15.1195328  14.13792247 15.12574553
 16.18190855 15.88369781 16.67892644 14.59766402 17.02062624 17.95874751
 17.23185885 16.15705765 19.28827038 15.20029821 15.98931412 16.07007952
 16.18190855 16.08250497 17.59840954 16.37450298 17.23807157 17.96496024
 14.34294235 16.05765408 17.23807157 16.16327038 17.04547714 13.87077535
 13.24329026 15.75944334 16.66650099 14.97042744 13.60984095 17.37475149
 16.20675944 16.09493042 16.67271372 16.55467197 16.28131213 17.87798211
 16.84666998 15.86505964 14.777833   16.02037773 15.67246521 14.72191849
 15.21893638 15.88369781 16.45526839 15.06361829 15.54199801 17.83449304
 17.56734592 16.92122266 16.84045726 17.66053678 14.70328032 14.41749503
 15.18787276 15.27485089 15.22514911 16.44905567 15.25       15.82157058
 16.80939364 17.66053678 16.9833499  16.4304175  16.43663022 18.49304175
 14.39264414 15.0387674  14.26838966 14.85859841 15.21893638 16.45526839
 15.21272366 14.64115308 16.54845924 16.34343936 14.28081511 15.15059642
 16.46769384 18.2693837  16.07629225 14.18141153 15.12574553 15.55442346
 14.72813121 15.6973161  14.26217694 15.49229622 16.48011928 15.46744533
 16.41799205 17.3499006  18.76018887 15.79671968 16.66028827 14.76540755
 14.79647117 14.87723658 15.37425447 15.31833996 17.25049702 16.05144135
 17.35611332 15.89612326 16.37450298 16.10114314 16.7721173  17.7972167
 16.97713718 15.18166004 14.4361332  15.25621272 15.96446322 14.97664016
 16.4304175  14.95800199 15.60412525 17.0082008  17.65432406 15.70352883
 16.56709742 16.41799205 19.00869781 14.23111332 13.1749503  15.29970179
 16.57952286 14.4609841  13.75894632 16.50497018 14.76540755 14.93315109
 15.65382704 16.1694831  16.54845924 16.08871769 16.46148111 15.722167
 13.54150099 14.2249006  16.21297217 14.73434394 14.39885686 14.85238569
 13.95775348 14.08822068 17.09517893 15.99552684 14.75298211 16.82181909
 18.08921471 18.05815109 13.87077535 13.81486083 14.36779324 14.3305169
 15.60412525 16.76590457 15.91476143 16.28131213 14.90208748 16.56088469
 16.38692843 16.51739563 18.08921471 19.11431412 14.61630219 15.90233598
 14.38021869 14.51068588 15.9582505  15.16302187 15.78429423 16.194334
 15.17544732 14.27460239 15.11332008 18.11406561 15.1443837  18.14512922
 16.51739563 14.24975149]",23956.02882438994
2025-06-15 23:11:00+00:00,1391,2248.25,9.0,16.25681865623899,15.983877982107355,18.468190854870777,"[14.41749503 14.57902584 16.23161034 16.82181909 15.44880716 17.14488072
 16.15705765 16.55467197 16.62301193 18.13270378 17.6916004  17.9276839
 16.37450298 13.34890656 14.95800199 16.07007952 14.66600398 15.98310139
 13.61605368 16.99577535 15.78429423 16.56709742 14.75919483 14.86481113
 14.72813121 16.69756461 18.33151093 14.45477137 14.12549702 17.16351889
 15.32455268 16.01416501 17.12002982 15.33076541 15.20029821 15.92718688
 16.70377734 15.5916998  18.46819085 16.42420477 16.75347913 14.01366799
 17.15109344 15.79671968 14.81510934 14.6722167  14.36158052 15.95203777
 14.93936382 16.49254473 15.28727634 16.99577535 16.15084493 17.07654076
 16.65407555 17.59219682 14.57902584 16.47390656 16.42420477 15.07604374
 15.33697813 16.55467197 16.48011928 15.8277833  16.02037773 17.74751491
 16.9833499  17.46172962 16.2999503  16.72862823 13.6471173  14.79647117
 14.59766402 14.53553678 16.48011928 15.74701789 17.20079523 15.27485089
 15.36182903 16.26267396 16.6167992  14.41128231 17.64189861 17.40581511
 14.37400596 15.28727634 17.6916004  15.67246521 16.44284294 15.92097416
 16.01416501 17.80964215 16.34965209 17.40581511 16.68513917 16.21918489
 16.89637177 16.59194831 17.82828032 14.70949304 14.82132207 16.07007952
 14.96421471 15.37425447 15.5916998  15.68489066 15.65382704 16.2999503
 16.66650099 16.6167992  15.95203777 16.2750994  16.84045726 15.89612326
 13.62847913 14.91451292 14.97042744 15.86505964 15.42395626 15.46744533
 16.11978131 15.81535785 15.80914513 17.10139165 15.89612326 17.50521869
 17.2194334  14.5666004  16.12599404 15.05119284 15.62897614 15.82157058
 14.90208748 14.5417495  15.92097416 16.11978131 15.99552684 16.33722664
 17.2194334  17.44930417 16.79696819 16.86530815 14.57281312 14.57281312
 15.25621272 16.00173956 15.51714712 15.3556163  15.67246521 15.0387674
 16.52982107 16.20675944 16.34343936 16.68513917 17.15730616 16.97713718
 15.52335984 13.70924453 14.41128231 15.72837972 16.28752485 16.33101392
 15.92718688 15.91476143 17.39960239 16.44905567 15.06361829 17.52385686
 16.9833499  16.71620278 13.82728628 15.62276342 16.37450298 14.84617296
 14.6722167  15.9333996  14.88966203 14.98906561 17.65432406 16.55467197
 17.74751491 16.70377734 17.59219682 17.00198807 16.49254473 14.68464215
 13.94532803 15.41153082 14.98906561 15.28106362 15.98310139 15.92718688
 15.05119284 15.40531809 17.94632207 18.28180915 16.67892644 17.95253479
 15.62897614 15.16302187]",24278.41249631316
2025-06-15 23:12:00+00:00,1392,2233.32,9.0,16.211385361869365,15.9375,20.213966202783297,"[14.39264414 15.08225646 15.79050696 15.83399602 15.36182903 15.76565606
 16.88394632 15.93961233 16.15084493 16.28131213 16.49254473 17.98359841
 15.88369781 13.91426441 14.40506958 14.11307157 15.10710736 15.34319085
 15.92097416 16.39935388 17.01441352 14.51689861 18.20104374 16.94607356
 17.48036779 17.09517893 17.30019881 15.27485089 13.82107356 17.06411531
 14.64736581 15.70352883 16.69135189 15.69110338 16.54845924 15.34940358
 16.54224652 15.41774354 14.68464215 18.51789264 17.01441352 15.34319085
 14.35536779 13.18116302 14.44855865 15.29970179 16.5360338  16.2750994
 16.46769384 18.09542744 16.72862823 16.33722664 15.38667992 17.56734592
 17.24428429 16.41799205 14.99527833 14.62251491 14.16277336 15.49850895
 14.34915507 14.70949304 13.90805169 17.41824056 17.09517893 16.16327038
 15.6165507  15.26863817 17.80342942 17.46172962 15.66625249 15.34319085
 15.73459245 14.08200795 14.79647117 16.44284294 16.56088469 16.69135189
 15.77808151 16.33722664 15.41153082 16.84045726 15.68489066 17.62326044
 14.55417495 13.80243539 15.16302187 15.47365805 14.15034791 14.47340954
 16.84666998 16.79696819 15.4612326  16.52982107 17.09517893 16.66028827
 15.94582505 17.87176938 16.66650099 15.50472167 15.81535785 14.27460239
 15.80293241 16.50497018 15.66003976 15.97688867 14.38643141 17.0889662
 16.66028827 17.38096421 16.07629225 17.6667495  16.14463221 14.67842942
 14.42992048 14.65979125 14.39264414 15.39910537 15.58548708 17.04547714
 17.91525845 16.34965209 16.80318091 15.77808151 16.49875746 16.47390656
 18.1389165  14.59145129 14.45477137 14.49204771 15.08846918 15.25621272
 16.69135189 14.81510934 15.84020875 16.89637177 18.60487078 16.14463221
 16.08250497 15.99552684 17.17594433 14.86481113 15.19408549 14.62872763
 17.47415507 14.63494036 16.50497018 14.23111332 17.39960239 17.27534791
 16.00173956 16.49254473 14.78404573 16.6167992  17.02683897 17.18836978
 13.7278827  15.36804175 13.75894632 16.34343936 15.42395626 15.66003976
 18.06436382 14.85238569 18.17619284 17.59840954 16.67271372 17.64811133
 16.70999006 20.2139662  13.32405567 16.57952286 14.57902584 13.83349901
 15.0387674  16.58573559 15.97688867 16.21297217 16.13220676 16.9833499
 15.77808151 18.32529821 15.37425447 16.07629225 15.49229622 16.80318091
 14.13170974 15.22514911 13.12524851 16.49875746 15.29970179 17.65432406
 16.35586481 15.39289264 15.95203777 15.80293241 15.30591451 17.49279324
 16.62301193 13.97639165]",24126.41086667015
2025-06-15 23:13:00+00:00,1393,2239.88,9.0,16.22937388584852,15.957877733598409,18.82231610337972,"[15.69110338 13.14388668 16.7721173  13.33648111 15.76565606 14.55417495
 15.40531809 17.84070577 16.61058648 16.28131213 16.81560636 18.04572565
 18.17619284 15.02012922 16.69135189 13.26192843 16.13841948 15.29348907
 14.61630219 16.02659046 15.02634195 15.29970179 15.80914513 17.91525845
 16.79696819 15.90854871 17.18836978 14.92072565 15.79050696 15.54821074
 14.23111332 16.51739563 15.57306163 15.63518887 15.57927435 16.13220676
 15.10089463 17.08275348 16.68513917 17.27534791 17.40581511 14.13170974
 16.05765408 15.49229622 15.57306163 16.39935388 14.98285288 15.36182903
 16.54224652 15.84642147 16.84666998 16.81560636 15.23757455 17.67917495
 16.47390656 17.64189861 15.90854871 16.72241551 14.77162028 16.05144135
 15.41774354 17.12002982 15.44259443 15.16302187 16.21918489 16.09493042
 16.36207753 16.97713718 16.92122266 16.7721173  13.57256461 16.48633201
 15.70352883 15.90233598 16.28131213 16.83424453 18.41848907 17.430666
 16.41177932 15.29970179 15.99552684 14.95800199 16.54224652 17.10760437
 13.87698807 15.66003976 14.27460239 16.12599404 14.777833   15.40531809
 15.42395626 14.83996024 15.85263419 16.77833002 16.6416501  15.03255467
 17.30641153 17.46794235 18.8223161  14.92693837 15.55442346 16.07007952
 15.39910537 15.92097416 14.82132207 15.07604374 16.03280318 16.78454274
 15.98931412 17.79100398 16.18190855 17.05790258 16.08871769 15.3804672
 14.64115308 15.80293241 15.60412525 15.44259443 16.38692843 16.70999006
 16.13841948 16.36829026 16.28131213 16.60437376 16.18812127 16.32480119
 17.59219682 14.13792247 15.18166004 14.79025845 13.79622266 14.00745527
 17.06411531 17.00198807 15.47987078 15.8277833  16.83424453 14.47962227
 17.13866799 15.9582505  17.89040755 14.57281312 14.17519881 14.46719682
 14.49204771 15.62897614 15.66003976 15.10710736 17.03305169 16.36829026
 17.15109344 15.36182903 16.25024851 17.79100398 17.9276839  17.2194334
 14.75298211 15.70352883 15.25       14.85859841 15.29970179 13.7527336
 17.94632207 16.48011928 16.32480119 17.23185885 17.37475149 15.55442346
 16.82181909 16.51739563 14.18762425 16.20675944 16.26267396 13.79000994
 14.86481113 15.63518887 16.62301193 16.13220676 14.79025845 16.2999503
 15.29348907 17.35611332 16.54845924 18.15755467 15.15680915 14.0944334
 14.48583499 15.47365805 16.0638668  13.09418489 14.80889662 16.98956262
 16.2750994  17.07654076 16.82803181 15.6165507  16.46769384 16.91500994
 17.89662028 15.19408549]",24186.593272494807
2025-06-15 23:14:00+00:00,1394,2189.4700000000003,9.0,16.07924536261533,15.801286033797217,18.77261431411531,"[15.12574553 15.50472167 16.5111829  16.89015905 16.2750994  16.2750994
 15.17544732 16.67892644 17.42445328 15.9582505  15.90233598 16.57331014
 18.09542744 13.54150099 15.79671968 13.31163022 14.305666   14.51689861
 15.56684891 14.8026839  16.194334   17.3499006  16.00173956 17.86555666
 17.38717694 16.28131213 16.99577535 14.60387674 13.83971173 16.79696819
 15.3556163  16.38692843 14.82132207 15.29348907 16.8528827  16.7721173
 15.32455268 15.74701789 15.25       16.20675944 17.76615308 14.08822068
 15.08846918 15.57927435 15.34319085 14.50447316 16.05144135 17.2194334
 15.87748509 15.31212724 18.77261431 16.36207753 17.85934394 16.1694831
 16.62301193 17.48036779 14.74676938 14.64736581 15.45501988 14.00124254
 13.95154076 13.90183897 16.17569583 16.10114314 14.71570577 17.78479125
 15.98310139 15.69110338 16.83424453 18.18240557 15.59791252 15.41774354
 15.05119284 15.3556163  14.83996024 15.46744533 15.1443837  13.9888171
 15.80293241 17.29398608 16.49875746 16.20675944 18.14512922 17.75372763
 15.06361829 14.35536779 13.98260437 14.53553678 15.59791252 16.94607356
 16.99577535 16.28752485 16.81560636 15.722167   16.38071571 17.39960239
 16.0390159  16.67271372 17.61083499 15.64761431 14.305666   14.55417495
 15.25621272 15.46744533 15.34319085 16.37450298 15.86505964 18.35014911
 16.49875746 15.03255467 14.99527833 16.59194831 15.33697813 15.73459245
 13.80243539 16.0390159  16.25646123 14.64115308 14.93315109 16.46148111
 15.84020875 15.66625249 15.85263419 13.70924453 17.14488072 16.21918489
 16.48011928 13.95775348 13.92668986 16.0390159  15.4860835  14.82753479
 16.89015905 13.88941352 16.15084493 16.30616302 16.76590457 17.35611332
 17.49279324 17.31262425 17.72887674 14.26838966 15.11332008 13.60362823
 15.03255467 14.305666   13.90805169 16.44905567 15.95203777 16.07629225
 16.24403579 16.48011928 16.70377734 17.53628231 17.15109344 17.14488072
 15.05740557 15.1195328  15.02012922 14.69085487 16.64786282 15.56063618
 15.43638171 16.93986083 17.4555169  15.36804175 16.26267396 15.23757455
 17.07654076 16.55467197 14.10064612 14.39264414 14.57281312 16.0638668
 14.51068588 16.00173956 15.05740557 16.77833002 17.30019881 15.88991054
 16.23161034 17.23807157 14.59766402 17.97738569 14.16898608 15.46744533
 14.82753479 15.05740557 14.67842942 15.17544732 15.64761431 14.44234592
 13.9888171  15.55442346 16.82181909 15.17544732 17.13245527 16.41177932
 14.92072565 12.34865805]",23684.32328516586
2025-06-15 23:15:00+00:00,1395,2215.95,9.0,16.15602653289598,15.88354249502982,19.008697813121273,"[13.94532803 14.54796223 15.05119284 15.74701789 16.30616302 14.64115308
 16.07007952 15.97688867 16.23782306 17.64189861 16.89637177 14.40506958
 18.72912525 14.89587475 15.86505964 16.20675944 16.2999503  16.18812127
 16.85909543 16.56088469 17.10139165 16.41799205 16.44284294 18.28802187
 17.93389662 17.71645129 17.59219682 14.37400596 16.43663022 15.1195328
 16.09493042 15.87748509 16.71620278 16.78454274 15.47365805 15.0387674
 16.57952286 16.81560636 16.82181909 19.00869781 17.62326044 15.0139165
 15.86505964 14.6722167  14.44855865 14.38643141 15.3556163  14.12549702
 15.06361829 15.67246521 15.74701789 15.95203777 16.00795229 16.07007952
 16.42420477 17.83449304 14.73434394 13.32405567 13.13767396 15.41774354
 15.83399602 15.62897614 14.87723658 16.4304175  15.56063618 15.44259443
 17.23185885 16.08250497 16.35586481 16.92743539 14.51689861 14.4609841
 15.59791252 16.04522863 15.00149105 15.58548708 15.68489066 16.13220676
 17.62947316 16.11978131 16.47390656 16.15705765 17.30641153 16.11978131
 14.70328032 14.44855865 13.56635189 15.29970179 14.95178926 14.98906561
 15.91476143 15.61033797 15.80914513 17.02062624 15.50472167 14.87723658
 16.08250497 17.81585487 14.97042744 15.92718688 13.43588469 14.29324056
 15.27485089 14.83996024 16.75347913 15.94582505 15.77808151 14.68464215
 16.8777336  18.2445328  17.06411531 17.5611332  18.08921471 15.52335984
 14.4361332  16.63543738 16.10735586 15.47987078 16.10114314 16.28131213
 16.31858847 16.38071571 17.2194334  17.02683897 15.64761431 17.41824056
 15.23136183 14.76540755 14.83996024 15.21893638 15.27485089 14.97664016
 14.82132207 15.22514911 15.88991054 17.78479125 17.06411531 14.4361332
 16.13220676 18.39363817 17.53006958 15.20029821 14.61630219 14.62251491
 13.92047714 13.95154076 14.90208748 14.91451292 14.57902584 17.51764414
 16.54845924 14.8026839  17.25670974 15.97067594 17.77236581 16.91500994
 12.7027833  14.39264414 14.90208748 15.24378728 15.66625249 15.722167
 16.31237575 16.32480119 14.58523857 16.28131213 17.4555169  16.98956262
 17.87176938 17.97738569 15.13195825 16.76590457 14.72813121 14.20626243
 15.19408549 15.40531809 15.25       16.21297217 16.56709742 15.58548708
 16.00173956 15.98310139 15.46744533 17.53628231 15.66003976 14.90208748
 14.75298211 14.84617296 16.10114314 14.80889662 16.57331014 17.20079523
 15.66003976 16.11356859 15.24378728 16.83424453 17.02683897 17.31262425
 16.75969185 14.67842942]",23941.20236845679
2025-06-15 23:16:00+00:00,1396,2243.87,9.0,16.237061172629883,15.970272117296222,18.934145129224653,"[15.13195825 14.62872763 14.15656064 15.80914513 15.87748509 16.194334
 14.40506958 15.57927435 15.3556163  15.87748509 18.93414513 15.79050696
 16.96471173 14.23111332 14.11928429 15.68489066 15.66625249 14.64115308
 16.12599404 13.61605368 16.39935388 16.84045726 15.36804175 17.84070577
 17.10760437 15.81535785 16.20675944 13.46694831 14.15656064 15.74701789
 15.13817097 15.38667992 14.44234592 13.81486083 15.87127237 15.39289264
 16.4304175  15.79050696 16.95228628 17.39960239 18.29423459 14.78404573
 14.98906561 16.20054672 14.83996024 15.28106362 15.88369781 15.4612326
 15.47987078 15.60412525 15.91476143 17.17594433 16.70999006 17.77236581
 18.31287276 17.16973161 13.26192843 16.49875746 14.60387674 15.06983101
 16.2750994  16.28752485 16.18812127 14.39885686 17.72887674 14.79647117
 15.15680915 16.48011928 18.08921471 17.00198807 15.02634195 13.78379722
 16.59816103 15.91476143 14.4361332  15.57927435 15.97067594 16.16327038
 14.36158052 14.57281312 17.5859841  16.77833002 18.29423459 17.10139165
 16.04522863 15.26863817 14.98906561 14.85238569 17.76615308 15.15680915
 15.34319085 15.64761431 16.51739563 17.84691849 16.20675944 15.62897614
 17.01441352 16.56709742 17.49900596 14.72813121 16.26888668 16.23782306
 13.73409543 16.44905567 13.13146123 15.20029821 16.48011928 15.20651093
 16.48011928 16.86530815 17.1945825  15.49850895 18.14512922 15.74080517
 16.5360338  15.1195328  16.58573559 14.28081511 16.80318091 14.23732604
 15.08846918 15.73459245 17.42445328 17.07654076 18.40606362 17.53006958
 16.20675944 15.25       15.19408549 14.87102386 15.90854871 14.83374751
 16.00173956 14.74055666 16.20675944 17.24428429 16.36829026 17.18836978
 17.95253479 15.52335984 16.97092445 13.83971173 15.46744533 15.42395626
 15.10089463 16.11356859 16.00173956 17.39960239 17.91525845 17.41202783
 14.56038767 17.33747515 17.902833   16.49875746 16.82181909 16.75969185
 13.79622266 14.23111332 15.41774354 16.28131213 15.96446322 17.28156064
 15.55442346 18.46197813 15.92097416 15.69110338 15.72837972 17.38717694
 15.97688867 16.4055666  14.777833   14.00745527 14.87102386 14.95178926
 15.64761431 15.20029821 16.34343936 15.79671968 16.80939364 18.13270378
 17.39960239 18.5054672  18.38742545 16.56709742 14.94557654 14.34294235
 14.07579523 15.63518887 17.16973161 15.75944334 16.57331014 17.69781312
 14.6722167  16.15084493 16.18812127 16.79696819 16.21297217 17.08275348
 16.68513917 14.78404573]",24212.311859150534
2025-06-15 23:17:00+00:00,1397,2177.88,9.0,16.040967287303214,15.765283300198808,19.00248508946322,"[15.23757455 14.61630219 15.3804672  14.5666004  16.49254473 16.59194831
 15.21272366 14.74676938 15.92097416 17.55492048 17.38096421 15.00770378
 17.07032803 15.52957256 14.74676938 15.58548708 13.92047714 14.77162028
 14.38643141 15.67867793 16.66650099 14.56038767 14.72813121 15.52335984
 16.00173956 16.17569583 16.58573559 13.79622266 14.4609841  13.32405567
 15.98310139 15.46744533 15.80293241 16.02659046 14.19383698 16.5360338
 16.20054672 14.6722167  16.38071571 15.92718688 17.64811133 13.10661034
 15.75944334 16.05765408 13.66575547 14.87102386 15.24378728 16.20054672
 14.99527833 16.7472664  16.36829026 17.15109344 17.28777336 17.57977137
 15.722167   16.90258449 14.48583499 13.54150099 15.87748509 15.31833996
 14.90208748 15.90233598 14.5666004  16.68513917 17.41202783 16.43663022
 16.80318091 14.33672962 17.49900596 16.11978131 15.83399602 14.95178926
 14.51689861 16.05765408 15.36182903 14.99527833 16.50497018 15.26242545
 15.59791252 16.92122266 15.06983101 16.81560636 16.78454274 18.39985089
 14.37400596 14.34294235 14.6722167  15.06983101 14.68464215 16.56088469
 15.90233598 15.74701789 15.11332008 16.34343936 17.51143141 15.44880716
 16.71620278 16.23161034 16.60437376 15.30591451 14.08822068 14.59766402
 15.24378728 15.8277833  16.37450298 14.63494036 16.63543738 16.21297217
 16.56709742 17.82206759 15.77186879 18.16998012 16.97713718 15.74080517
 14.90208748 15.28727634 16.05144135 17.02683897 14.97664016 15.9333996
 16.22539761 14.05715706 16.39314115 16.07629225 16.46148111 14.95178926
 19.00248509 15.1443837  15.0387674  14.37400596 13.07554672 13.57256461
 14.62872763 15.67867793 15.25621272 15.4612326  14.86481113 16.78454274
 15.75944334 17.10760437 17.54870775 15.74701789 15.11332008 15.17544732
 14.25596421 14.82753479 15.15059642 16.30616302 16.49875746 16.89015905
 16.01416501 15.18166004 16.11356859 16.50497018 15.08846918 17.46794235
 15.21272366 14.21247515 16.7472664  14.74676938 17.5859841  16.93986083
 15.02012922 15.68489066 15.56063618 15.04498012 15.86505964 17.28777336
 16.38692843 17.98981113 15.61033797 16.05765408 15.67246521 13.70303181
 15.74080517 15.3556163  15.50472167 16.74105368 13.88941352 16.23161034
 16.72241551 18.40606362 17.81585487 16.78454274 13.73409543 14.91451292
 14.06336978 15.49850895 14.34915507 15.52957256 15.1195328  16.35586481
 16.2750994  16.5111829  17.72266402 15.66625249 18.2693837  18.77261431
 16.72241551 14.08200795]",23556.260156401633
2025-06-15 23:18:00+00:00,1398,2221.03,9.0,16.166954333618396,15.899322813121271,19.22614314115308,"[13.82728628 14.9083002  15.19408549 17.15730616 15.26242545 16.76590457
 14.85238569 16.29373757 15.1195328  15.32455268 15.67246521 16.95228628
 17.05168986 14.06336978 15.98931412 16.05144135 15.64140159 16.10735586
 13.21222664 15.60412525 14.97664016 16.22539761 17.51143141 16.69756461
 17.30641153 17.07032803 17.80342942 15.43016899 15.28727634 14.87102386
 16.194334   15.05740557 15.46744533 15.1443837  17.41202783 17.13245527
 15.47987078 16.71620278 15.91476143 18.18240557 16.23161034 13.82107356
 15.56684891 15.00149105 15.84020875 16.87152087 15.75944334 15.69110338
 17.08275348 16.79696819 15.44880716 15.95203777 16.44905567 17.65432406
 17.1945825  17.13866799 15.00770378 15.34319085 15.44259443 14.01988072
 16.93364811 14.70949304 15.32455268 15.84642147 18.06436382 15.94582505
 16.48011928 15.08846918 16.10735586 15.87748509 13.87077535 14.54796223
 15.51093439 15.80914513 14.42370775 14.16277336 13.21843936 15.55442346
 15.80914513 16.35586481 17.33747515 16.54845924 15.26863817 15.88369781
 13.46694831 15.79671968 15.44259443 17.38717694 15.83399602 15.47987078
 13.79000994 15.40531809 16.9833499  15.64761431 14.93936382 19.22614314
 17.41824056 17.59219682 17.9276839  14.76540755 13.83971173 15.97688867
 16.01416501 14.86481113 15.18166004 16.05765408 15.88369781 16.04522863
 15.06361829 14.93315109 16.50497018 15.97067594 15.60412525 16.1694831
 15.36182903 12.95129225 15.1195328  16.02659046 15.51093439 16.02659046
 15.19408549 16.59816103 16.52360835 17.39960239 16.93364811 17.0889662
 17.15730616 14.47340954 14.47962227 16.57331014 15.13195825 16.2750994
 15.25621272 16.83424453 16.52360835 16.97713718 16.36829026 14.95178926
 17.78479125 16.63543738 18.04572565 15.89612326 15.32455268 13.81486083
 15.23757455 17.20700795 15.17544732 16.02659046 14.95178926 16.20054672
 15.75944334 15.79671968 17.49279324 16.17569583 15.84642147 17.31262425
 15.04498012 15.55442346 13.069334   13.33026839 16.08871769 17.36232604
 15.16302187 16.18190855 17.30019881 16.49254473 16.1694831  18.27559642
 17.44309145 17.81585487 13.83971173 13.54150099 14.71570577 16.29373757
 14.16898608 15.02012922 17.02062624 16.25646123 17.09517893 16.22539761
 16.41799205 16.70999006 16.55467197 17.95874751 16.59816103 15.49850895
 14.74676938 14.59145129 15.02012922 14.83996024 15.65382704 15.44259443
 16.71620278 16.38692843 17.23807157 16.62922465 17.26913519 15.72837972
 16.80939364 16.02659046]",23977.76241855371
2025-06-15 23:19:00+00:00,1399,2225.44,9.0,16.1786219893743,15.913021868787276,18.840954274353876,"[14.31187873 15.6973161  15.67246521 14.6722167  14.87723658 16.68513917
 16.62922465 16.5360338  17.28156064 18.74776342 15.22514911 17.89662028
 18.35014911 15.65382704 13.4917992  14.5417495  15.43638171 16.1694831
 15.02012922 16.49875746 16.97092445 16.79696819 16.5360338  15.4860835
 16.83424453 16.11978131 16.75969185 14.21247515 14.61008946 14.92072565
 15.17544732 16.02659046 14.08200795 15.65382704 16.21918489 16.28131213
 16.54224652 15.46744533 15.92718688 15.92718688 18.10164016 14.97042744
 15.75944334 15.4612326  16.14463221 15.59791252 15.55442346 16.82181909
 15.37425447 16.56088469 17.25049702 15.96446322 17.39338966 16.4304175
 18.12649105 17.48036779 13.58499006 14.65357853 14.85859841 15.30591451
 13.18116302 16.66028827 16.5360338  13.65333002 16.41177932 16.96471173
 16.93364811 16.77833002 16.97092445 18.79125249 12.75869781 14.12549702
 15.11332008 15.97067594 15.32455268 13.92668986 15.29970179 15.82157058
 14.71570577 17.75994036 15.00149105 16.46148111 16.74105368 16.90258449
 13.73409543 15.56684891 14.69085487 16.25646123 14.72191849 15.38667992
 16.46148111 14.5666004  16.05144135 17.43687873 17.47415507 17.07654076
 15.54199801 16.29373757 18.31287276 13.05690855 15.66625249 15.98310139
 14.88966203 16.28752485 15.92097416 15.27485089 15.4860835  17.72887674
 15.86505964 17.79100398 16.6416501  17.67917495 16.92122266 14.59145129
 14.05094433 15.02012922 15.85263419 15.62276342 15.70352883 17.43687873
 15.05119284 15.71595427 16.00173956 16.91500994 17.12002982 17.73508946
 18.84095427 14.93315109 14.5666004  15.88991054 15.722167   15.04498012
 14.52932406 16.30616302 15.21893638 17.16973161 16.43663022 17.78479125
 16.36829026 17.65432406 15.91476143 14.08822068 13.44831014 16.33101392
 14.62872763 15.91476143 14.64115308 15.29348907 16.88394632 16.37450298
 16.89637177 16.56709742 17.72266402 16.39935388 15.51093439 15.29348907
 14.51689861 14.59145129 14.03230616 13.33026839 15.39289264 16.46769384
 15.85263419 16.74105368 16.80939364 17.4555169  18.56759443 18.07678926
 18.25695825 17.84691849 15.66625249 15.52335984 15.16923459 14.80889662
 16.21297217 16.39314115 14.63494036 13.93911531 16.12599404 16.76590457
 15.99552684 16.00795229 16.44284294 15.52957256 13.85213718 14.95800199
 14.26217694 15.84020875 15.54821074 15.47365805 13.87077535 16.56709742
 15.70974155 16.36207753 15.38667992 14.75298211 16.59194831 17.90904573
 16.38071571 15.88369781]",24016.797727650657
2025-06-15 23:20:00+00:00,1400,2160.13,9.0,15.984546945215278,15.710145377733598,18.337723658051686,"[14.82753479 15.31833996 16.45526839 16.33722664 16.51739563 15.49850895
 15.50472167 16.77833002 16.8528827  16.91500994 16.71620278 16.59194831
 16.91500994 13.9888171  14.31187873 14.73434394 15.25621272 15.36804175
 16.75347913 16.91500994 15.0139165  15.15059642 14.93315109 16.6416501
 15.77186879 18.16998012 16.35586481 15.73459245 15.13195825 15.10089463
 14.39885686 12.52261431 16.54224652 16.33722664 16.4055666  15.46744533
 15.91476143 16.87152087 17.0082008  17.25670974 17.0889662  14.41749503
 13.56635189 14.47340954 14.69706759 16.31237575 17.38717694 16.36207753
 17.12624254 16.52982107 17.5859841  16.39314115 15.43016899 16.64786282
 16.12599404 16.7472664  13.42345924 14.57902584 15.09468191 15.4612326
 16.00173956 15.66003976 16.13841948 14.04473161 16.83424453 14.36158052
 16.41799205 15.33076541 15.50472167 15.1443837  14.3305169  15.02012922
 15.34940358 17.59219682 15.18787276 15.80914513 15.45501988 14.54796223
 16.11978131 17.13866799 17.46794235 18.33772366 16.93364811 15.73459245
 14.14413519 15.4612326  14.70949304 15.31833996 15.83399602 14.05715706
 14.11307157 14.305666   15.74701789 14.9083002  17.49279324 15.45501988
 16.2750994  16.70377734 16.44905567 15.29348907 14.31809145 15.55442346
 15.26242545 15.59791252 15.77808151 16.50497018 17.40581511 14.25596421
 16.55467197 17.53628231 14.52932406 15.62897614 18.05815109 14.62251491
 15.70352883 15.78429423 14.78404573 15.54199801 15.72837972 16.33101392
 15.92097416 16.51739563 16.69756461 14.54796223 16.51739563 18.04572565
 16.73484095 13.52907555 15.08846918 16.46769384 15.05740557 16.8528827
 15.50472167 14.35536779 15.22514911 16.1694831  15.86505964 16.4304175
 15.88369781 16.10735586 16.54224652 13.47937376 15.61033797 15.0387674
 14.16898608 14.305666   14.47962227 15.66003976 15.53578529 16.28752485
 16.88394632 17.17594433 16.17569583 16.04522863 16.21918489 17.49900596
 14.63494036 13.33026839 13.29299205 15.38667992 14.93315109 15.63518887
 15.31833996 15.76565606 16.41799205 16.4304175  15.20029821 14.87102386
 17.08275348 16.36829026 16.46769384 13.34890656 14.00745527 15.62897614
 15.47365805 14.305666   16.4304175  15.98310139 16.46148111 14.26217694
 17.26913519 16.46148111 17.3250497  17.46172962 15.20651093 14.0944334
 15.5916998  14.4361332  14.08200795 14.63494036 15.09468191 15.44259443
 15.39289264 15.44259443 15.94582505 16.62301193 15.74080517 17.72266402
 15.1443837  14.305666  ]",23367.500259912227
2025-06-15 23:21:00+00:00,1401,2199.8,9.0,16.100276567652536,15.833374751491052,19.25099403578529,"[16.11356859 15.31833996 16.26888668 16.16327038 15.65382704 17.00198807
 15.17544732 15.54199801 15.03255467 16.37450298 16.63543738 16.95849901
 17.74130219 16.47390656 15.09468191 15.72837972 13.91426441 15.3804672
 17.42445328 15.75323062 16.08250497 16.69135189 16.07007952 15.51714712
 17.05168986 18.25695825 16.90258449 15.4860835  13.46694831 15.57927435
 15.88991054 16.33101392 15.09468191 14.65357853 17.13245527 15.41774354
 16.0638668  15.92718688 16.13841948 16.10735586 16.45526839 14.70328032
 14.06336978 14.03230616 15.25621272 15.97688867 14.29945328 17.27534791
 16.18812127 15.80293241 15.62897614 16.2999503  14.46719682 19.25099404
 17.51143141 16.18812127 15.38667992 16.93364811 14.17519881 14.83374751
 14.13170974 15.4612326  15.92097416 13.97017893 16.95228628 15.58548708
 15.37425447 16.24403579 16.18812127 16.97092445 15.08846918 13.44831014
 14.27460239 16.1694831  15.23757455 15.49850895 15.26863817 17.42445328
 15.76565606 16.4055666  16.71620278 16.29373757 16.99577535 17.3250497
 14.87723658 14.36158052 15.36182903 14.70949304 15.6165507  16.42420477
 15.4860835  16.09493042 16.23782306 16.70999006 16.30616302 17.06411531
 14.86481113 16.67892644 16.33722664 15.67246521 14.61008946 15.12574553
 15.5916998  16.54845924 15.5916998  15.26242545 17.87176938 15.39289264
 16.56709742 15.85884692 15.18166004 15.42395626 16.02659046 13.48558648
 13.69681909 15.44880716 14.97664016 15.55442346 16.69756461 16.07007952
 16.90879722 18.10785288 17.88419483 16.46148111 17.33747515 15.43016899
 17.22564612 13.57256461 15.06983101 14.49204771 13.43588469 16.31237575
 16.25646123 13.58499006 15.57927435 15.85263419 16.72241551 16.60437376
 16.5360338  16.78454274 17.16973161 15.39289264 15.33076541 14.00745527
 15.88369781 16.75969185 14.45477137 14.90208748 14.74676938 16.44905567
 16.2750994  17.04547714 16.5360338  17.03926441 15.43638171 18.08921471
 13.47316103 14.11307157 13.58499006 16.66650099 16.16327038 15.52335984
 15.79671968 16.57331014 15.8277833  15.8277833  17.84691849 17.04547714
 15.49229622 17.83449304 14.81510934 14.46719682 15.90854871 14.76540755
 15.40531809 14.66600398 15.38667992 15.50472167 15.71595427 15.22514911
 15.39289264 16.94607356 16.39935388 18.49925447 13.23707753 14.57902584
 15.1443837  15.05740557 17.55492048 16.42420477 17.07032803 14.88966203
 15.70352883 16.85909543 14.61630219 15.52957256 17.97738569 15.57306163
 16.29373757 16.78454274]",23754.685284738327
2025-06-15 23:22:00+00:00,1402,2167.44,9.0,16.003446630176985,15.732852882703778,19.362823061630216,"[13.69060636 15.43638171 15.08225646 16.33722664 15.23136183 14.11928429
 14.88966203 16.38692843 17.87176938 16.64786282 14.39264414 16.26267396
 19.36282306 15.28106362 14.15034791 14.98285288 16.10735586 15.95203777
 15.57306163 16.41799205 16.86530815 15.02634195 16.46769384 15.30591451
 16.14463221 17.15109344 15.61033797 15.16302187 14.18762425 15.87748509
 14.88966203 14.08200795 13.73409543 14.777833   14.70949304 14.28081511
 16.10735586 16.70999006 16.62301193 17.70402584 15.03255467 14.97664016
 15.32455268 13.70303181 14.70949304 14.9083002  15.70352883 14.98906561
 13.51043738 15.73459245 16.49254473 16.89015905 15.91476143 15.84642147
 16.70999006 18.39985089 14.51068588 14.85238569 15.32455268 16.49875746
 16.07007952 15.25621272 16.21297217 13.98260437 16.12599404 17.51143141
 15.41153082 17.30019881 15.62276342 18.30044732 15.81535785 13.35511928
 15.10710736 15.17544732 16.72862823 16.07629225 15.92097416 16.67271372
 15.87748509 16.95849901 17.44309145 15.73459245 17.87798211 17.18215706
 13.01963221 15.74080517 14.76540755 15.26242545 15.15059642 16.57952286
 15.99552684 15.77186879 14.99527833 16.05765408 17.80964215 17.97738569
 15.74080517 17.06411531 16.94607356 12.77733598 15.41774354 15.12574553
 15.45501988 14.31809145 15.67246521 16.12599404 16.68513917 15.18166004
 17.08275348 16.30616302 16.39935388 17.05168986 16.10114314 14.29945328
 15.12574553 14.01366799 14.8834493  16.15084493 15.41153082 15.90233598
 16.52360835 14.305666   16.13220676 18.2693837  16.72862823 16.70999006
 16.8777336  13.68439364 15.03255467 15.20029821 13.73409543 14.53553678
 15.69110338 15.34319085 16.39935388 16.46769384 14.61630219 16.92743539
 15.52957256 17.35611332 17.54249503 16.63543738 14.88966203 15.92097416
 14.93315109 14.89587475 14.92693837 14.32430417 16.21297217 14.51689861
 17.83449304 16.94607356 16.44284294 16.57952286 18.60487078 17.07654076
 15.28106362 13.08797217 13.74030815 17.38717694 16.13841948 14.84617296
 16.01416501 15.52335984 15.41774354 15.64761431 16.2999503  15.56063618
 16.70377734 17.15109344 14.64736581 15.96446322 15.62897614 14.93936382
 14.34915507 13.93290258 13.83971173 15.79671968 16.12599404 15.29348907
 15.08225646 17.90904573 15.16923459 16.28131213 15.0139165  13.10661034
 15.3556163  16.08250497 15.04498012 16.16327038 15.74701789 14.62872763
 17.61083499 16.11356859 16.73484095 15.99552684 15.31833996 16.39935388
 15.98310139 15.45501988]",23430.731045920125
2025-06-15 23:23:00+00:00,1403,2190.83,9.0,16.07114152697642,15.805510685884691,19.089463220675942,"[17.10139165 13.85213718 15.20029821 15.50472167 14.92072565 15.41153082
 16.82803181 17.10760437 16.5111829  16.39314115 16.21297217 15.62897614
 18.1389165  16.24403579 14.14413519 14.01366799 16.56709742 15.41774354
 16.42420477 14.95800199 15.43638171 15.15059642 16.66650099 16.87152087
 18.01466203 16.41799205 17.21322068 14.5417495  14.61630219 14.41749503
 16.09493042 16.48633201 15.8277833  17.30019881 16.59816103 16.71620278
 16.51739563 16.01416501 16.14463221 15.90854871 18.85959245 14.00124254
 13.31163022 14.59145129 17.26913519 15.47987078 14.41128231 14.95800199
 15.08846918 16.15084493 16.49254473 15.44880716 15.49229622 15.96446322
 15.76565606 17.30641153 15.3804672  15.25       15.11332008 15.23757455
 15.09468191 15.90854871 14.72813121 16.31858847 16.72862823 17.46172962
 17.00198807 16.77833002 17.35611332 16.02037773 13.1500994  14.69706759
 15.05740557 16.6167992  15.26242545 14.62872763 17.76615308 15.02634195
 15.36182903 16.38692843 16.26267396 16.2999503  15.52335984 16.71620278
 14.95800199 15.49850895 16.13220676 15.23757455 16.28131213 16.194334
 15.22514911 15.30591451 16.52982107 17.08275348 16.4304175  15.64140159
 17.03926441 18.33151093 16.57331014 12.68414513 14.12549702 15.4612326
 14.64115308 15.59791252 17.06411531 16.57952286 16.90258449 14.34915507
 15.29970179 16.21918489 15.66003976 16.75347913 17.86555666 15.60412525
 14.48583499 15.66625249 14.61008946 15.49229622 15.21272366 16.02037773
 15.52335984 14.64736581 17.56734592 16.51739563 15.43638171 15.95203777
 16.194334   14.47962227 14.5666004  14.72191849 14.84617296 14.74676938
 15.61033797 15.62276342 15.47987078 15.51714712 16.33722664 17.60462227
 17.05168986 16.45526839 16.7472664  13.18116302 17.60462227 13.69681909
 16.49875746 13.00099404 15.20651093 15.02634195 16.84045726 14.777833
 16.36829026 16.89637177 16.59816103 15.45501988 16.25646123 16.23782306
 13.99502982 14.29324056 15.39910537 16.42420477 15.31833996 15.93961233
 14.61008946 16.36829026 16.45526839 17.97117296 13.37375746 16.82803181
 18.15755467 14.92072565 14.60387674 14.79025845 15.36804175 14.41749503
 15.25621272 16.08871769 16.31237575 15.78429423 15.92718688 14.74055666
 15.31833996 16.82181909 17.53628231 16.77833002 14.50447316 15.26863817
 15.43016899 15.00149105 15.36182903 15.49850895 15.56063618 14.82753479
 15.88369781 15.36182903 16.48633201 16.75969185 16.72862823 19.08946322
 15.76565606 16.48633201]",23657.21109265231
2025-06-15 23:24:00+00:00,1404,2170.82,9.0,16.010765296791913,15.743352385685885,18.952783300198806,"[14.76540755 14.8026839  14.9083002  13.92668986 16.05144135 14.31809145
 17.59219682 15.64761431 14.777833   16.52360835 16.98956262 17.68538767
 16.49875746 14.46719682 15.23757455 16.33722664 15.97688867 17.00198807
 15.88369781 15.56684891 13.79000994 16.92122266 16.87152087 16.00795229
 15.86505964 16.52360835 17.38096421 15.16923459 13.39239563 15.9582505
 12.74627237 15.03255467 15.75944334 15.26242545 14.90208748 15.33076541
 15.45501988 16.61058648 15.50472167 14.92072565 16.78454274 12.58474155
 14.99527833 14.0944334  14.14413519 14.33672962 15.12574553 14.39885686
 15.59791252 17.61704771 15.18166004 17.82828032 16.4055666  16.37450298
 16.02659046 16.47390656 14.2249006  13.92668986 14.49826044 15.39910537
 14.4609841  15.24378728 15.56684891 16.23161034 16.7472664  15.05740557
 16.8528827  18.9527833  16.23161034 16.0390159  15.18787276 14.49204771
 14.98285288 16.20054672 14.06336978 16.00173956 15.82157058 15.36182903
 15.61033797 18.48682903 17.902833   18.03951292 17.53628231 17.04547714
 13.36754473 15.66625249 14.91451292 13.69060636 15.28727634 15.28106362
 16.58573559 13.13767396 16.4055666  15.20029821 15.02012922 17.54249503
 15.82157058 16.80939364 17.30019881 14.94557654 13.6222664  13.74030815
 15.97688867 14.51068588 15.29970179 15.90233598 15.36182903 16.87152087
 16.84666998 17.74751491 16.79075547 15.70974155 17.16973161 14.777833
 15.18166004 14.24353877 16.72862823 15.91476143 16.31858847 16.41799205
 16.86530815 15.03255467 17.70402584 18.12027833 15.87127237 16.88394632
 16.6416501  16.21297217 15.65382704 15.74080517 15.59791252 14.94557654
 15.9333996  16.24403579 15.57306163 15.86505964 15.30591451 16.20054672
 16.70377734 15.83399602 16.93364811 14.59145129 15.13195825 13.27435388
 15.5916998  16.02659046 15.70352883 15.6973161  15.40531809 17.60462227
 15.6165507  15.80293241 17.9276839  16.15084493 15.3556163  17.01441352
 15.4612326  15.66625249 15.08225646 16.17569583 16.75969185 15.79050696
 16.36829026 16.86530815 16.71620278 16.49254473 17.92147117 15.75323062
 16.04522863 15.21893638 14.8834493  14.36158052 13.31784294 16.47390656
 14.48583499 15.36804175 15.30591451 15.42395626 14.24353877 17.7972167
 16.80318091 16.68513917 15.70352883 17.40581511 15.23757455 15.16923459
 13.80864811 14.31809145 16.6167992  15.11332008 13.47316103 16.05765408
 16.98956262 15.18166004 15.81535785 15.21272366 16.29373757 17.74751491
 17.0082008  12.68414513]",23455.216376947017
2025-06-15 23:25:00+00:00,1405,2104.59,9.0,15.813996021525684,15.537618041749502,18.511679920477135,"[15.72837972 15.02634195 13.86456262 14.39264414 16.01416501 15.31833996
 16.30616302 16.20054672 17.37475149 17.15109344 16.66028827 16.52982107
 16.67892644 13.69681909 13.7527336  14.6722167  13.83349901 14.96421471
 14.60387674 16.56709742 15.63518887 14.98906561 14.38021869 16.20675944
 16.49254473 16.85909543 16.80939364 14.86481113 15.43016899 14.79025845
 15.24378728 14.59766402 14.45477137 14.15034791 16.57331014 15.85884692
 16.03280318 15.97067594 16.56088469 16.52982107 16.48011928 14.2249006
 15.08225646 15.83399602 16.10114314 14.36779324 13.87077535 15.83399602
 17.77236581 16.16327038 15.39910537 16.98956262 16.52982107 18.30666004
 16.43663022 17.02683897 14.0944334  14.29945328 14.95800199 16.37450298
 16.75347913 16.22539761 16.2750994  15.50472167 15.41153082 15.30591451
 14.42370775 15.17544732 16.63543738 18.18240557 15.31833996 13.16252485
 15.34940358 15.20029821 13.9639662  14.8026839  16.22539761 16.0638668
 15.65382704 14.93936382 16.65407555 14.79647117 17.69781312 16.84045726
 15.08846918 13.79000994 14.08822068 14.91451292 14.89587475 14.97042744
 13.87077535 14.42992048 16.05765408 14.42992048 16.58573559 16.76590457
 15.20029821 17.44309145 16.12599404 15.21272366 14.36158052 15.57927435
 14.12549702 14.16898608 15.85263419 14.64736581 15.16302187 15.39910537
 14.74676938 16.48011928 16.36829026 17.27534791 16.46148111 15.09468191
 14.95178926 16.57952286 15.68489066 14.79647117 14.8834493  15.3804672
 15.84642147 14.94557654 15.03255467 15.73459245 16.15084493 16.29373757
 18.34393638 15.15680915 13.54150099 14.74055666 14.28702783 16.41177932
 14.76540755 15.54199801 14.65979125 15.57927435 16.4055666  15.40531809
 17.61704771 14.9083002  17.62326044 12.19333996 16.46769384 13.4110338
 14.8026839  15.25621272 16.09493042 15.75323062 14.0695825  14.29945328
 17.49279324 15.66625249 15.46744533 17.28777336 16.51739563 16.34343936
 15.69110338 13.10661034 14.9083002  15.63518887 14.41749503 16.25024851
 15.29970179 14.69706759 17.64189861 14.81510934 16.42420477 16.52360835
 15.36182903 17.55492048 12.85810139 14.61630219 16.04522863 15.27485089
 15.28106362 16.18190855 14.24353877 15.36182903 15.39910537 16.15084493
 16.18812127 16.28752485 16.80939364 16.67271372 14.66600398 13.74030815
 16.02659046 15.10710736 15.1195328  13.20601392 16.39314115 15.25621272
 15.0387674  16.17569583 14.48583499 15.50472167 18.51167992 16.05144135
 16.58573559 13.49801193]",22796.905089616324
2025-06-15 23:26:00+00:00,1406,2151.7799999999997,9.0,15.951938348606419,15.684207256461232,18.99627236580517,"[16.00173956 15.22514911 14.58523857 13.4917992  15.76565606 14.42370775
 16.18190855 16.11356859 15.57927435 16.91500994 15.87748509 14.17519881
 16.15705765 15.65382704 14.79647117 16.5111829  15.1443837  14.90208748
 15.18166004 14.95800199 17.15109344 14.68464215 16.85909543 17.48036779
 17.31262425 17.14488072 16.94607356 15.0387674  14.66600398 13.7527336
 14.11307157 16.90258449 15.23136183 18.99627237 16.88394632 15.80293241
 17.20700795 16.1694831  16.56088469 16.37450298 17.77857853 15.43638171
 13.79622266 14.72191849 14.79647117 14.82132207 14.97042744 15.82157058
 15.79671968 15.64140159 16.54845924 17.47415507 16.66028827 15.98310139
 16.58573559 16.79075547 13.02584493 14.34294235 16.77833002 14.60387674
 15.98931412 13.33026839 14.97664016 14.28702783 16.14463221 16.80939364
 16.0390159  15.70974155 16.9833499  17.03926441 14.63494036 15.08225646
 14.44855865 13.39239563 15.41153082 15.49229622 15.9333996  15.25621272
 16.16327038 16.75969185 15.36804175 15.22514911 18.33151093 16.79075547
 13.03827038 15.51093439 15.10089463 16.92122266 15.66003976 16.17569583
 16.28752485 14.4361332  15.77186879 16.41799205 16.02659046 17.16973161
 16.24403579 18.36257455 14.84617296 14.79025845 15.53578529 14.24353877
 13.69681909 15.39910537 15.59791252 15.50472167 14.58523857 17.430666
 15.18166004 14.94557654 15.97688867 16.70999006 17.59219682 14.28081511
 15.42395626 15.24378728 13.68439364 15.95203777 14.34915507 15.72837972
 15.33697813 15.92097416 17.36853877 15.87127237 17.67296223 16.38071571
 16.30616302 15.73459245 14.35536779 13.92047714 12.85810139 15.62897614
 14.42992048 14.97664016 14.82753479 15.49229622 17.51143141 15.93961233
 17.27534791 16.92122266 15.77808151 15.52335984 15.06361829 14.72813121
 15.28106362 14.31809145 14.67842942 15.15680915 16.45526839 15.79671968
 16.18190855 14.57902584 15.78429423 16.80939364 17.02683897 16.43663022
 13.95154076 13.52286282 14.81510934 14.84617296 15.02012922 13.80864811
 15.0139165  15.62897614 18.30666004 17.28156064 16.194334   15.72837972
 16.18190855 16.8528827  14.35536779 14.97664016 16.56709742 15.09468191
 16.24403579 16.47390656 16.72241551 16.24403579 15.25       15.50472167
 17.35611332 17.08275348 16.93986083 17.13866799 15.50472167 15.94582505
 14.06336978 15.29348907 14.19383698 13.5166501  14.49204771 15.23136183
 15.02012922 16.5360338  15.65382704 17.67917495 16.13220676 16.21918489
 16.93364811 16.28131213]",23258.404939097636
2025-06-15 23:27:00+00:00,1407,2167.33,9.0,15.996513898543459,15.732511182902586,19.679671968190853,"[15.12574553 12.88295229 15.43638171 14.0944334  15.89612326 17.23185885
 15.17544732 17.34368787 16.2999503  16.5360338  17.04547714 15.93961233
 16.44905567 15.86505964 14.23111332 14.68464215 15.29970179 15.10089463
 16.75969185 15.73459245 15.26242545 17.02062624 17.87798211 15.79050696
 15.92097416 16.02037773 17.39960239 13.24329026 15.55442346 14.71570577
 14.34294235 14.65979125 14.92072565 15.62897614 16.66650099 17.95874751
 16.80318091 15.50472167 14.81510934 15.58548708 18.99627237 13.26814115
 15.36804175 14.57902584 14.10685885 16.23161034 15.17544732 15.64140159
 14.64115308 15.44880716 15.3556163  17.21322068 16.48633201 15.21272366
 15.13817097 17.46794235 14.57281312 15.31212724 13.37997018 16.13220676
 12.98235586 15.87127237 15.61033797 14.93936382 17.20700795 16.03280318
 15.85884692 16.90879722 18.35014911 16.8777336  14.63494036 13.47937376
 15.92718688 15.16923459 14.3305169  16.05765408 15.1195328  16.20054672
 14.05715706 16.36207753 16.02659046 15.66625249 16.4055666  15.97688867
 15.75323062 14.11928429 16.49875746 15.00770378 14.07579523 15.95203777
 14.87102386 16.4055666  16.57952286 16.90879722 16.20675944 16.84045726
 14.38643141 15.05740557 17.20079523 14.39264414 13.57877734 14.59766402
 15.43016899 13.80243539 14.5417495  16.15084493 15.88369781 16.24403579
 18.90929423 16.17569583 15.75944334 17.07032803 16.68513917 16.18190855
 14.0944334  17.52385686 17.0889662  15.06983101 16.56709742 14.89587475
 15.32455268 15.66625249 15.00149105 17.94010934 16.99577535 16.81560636
 15.15059642 13.65954274 15.83399602 15.06361829 16.57952286 14.86481113
 16.36207753 15.89612326 15.43638171 17.05168986 15.97067594 15.83399602
 15.91476143 17.28156064 18.25695825 14.24353877 13.83349901 15.63518887
 14.55417495 16.194334   15.31212724 16.2999503  16.39314115 17.41824056
 16.22539761 16.33722664 16.33722664 14.34915507 17.62326044 19.67967197
 13.61605368 14.95800199 14.69706759 14.18141153 12.75248509 15.39289264
 15.61033797 16.26888668 14.45477137 15.51093439 16.61058648 16.87152087
 16.21297217 15.84020875 12.57852883 13.76515905 15.87748509 15.87748509
 15.40531809 15.56684891 15.95203777 16.29373757 15.44259443 15.36182903
 16.09493042 16.03280318 16.82803181 17.03926441 15.22514911 15.93961233
 16.20054672 15.80293241 16.00173956 15.3556163  15.56684891 16.81560636
 15.56063618 15.92718688 14.44234592 17.23185885 16.49254473 17.46172962
 17.98981113 14.94557654]",23407.53689896699
2025-06-15 23:28:00+00:00,1408,2126.9700000000003,9.0,15.876100864826928,15.607138419483102,18.480616302186878,"[16.28131213 15.13817097 14.45477137 15.0139165  13.32405567 12.88916501
 15.1443837  15.53578529 14.4361332  15.54821074 16.08871769 16.05144135
 17.02062624 15.40531809 15.13817097 15.41774354 16.67271372 15.98310139
 15.89612326 15.63518887 15.28727634 14.84617296 17.0889662  15.92718688
 16.49875746 17.80342942 17.28777336 14.54796223 14.51689861 13.76515905
 15.28727634 14.28702783 16.1694831  16.1694831  16.28131213 15.31212724
 16.52360835 15.29348907 15.31833996 15.73459245 16.80939364 13.78379722
 14.63494036 15.07604374 12.78976143 16.07007952 14.82753479 13.3861829
 15.05740557 14.9083002  15.50472167 15.08225646 16.13841948 16.48011928
 16.59194831 16.49254473 15.25       14.59145129 14.79647117 13.16252485
 15.02012922 15.79671968 15.74080517 15.91476143 15.05740557 17.00198807
 15.26242545 16.57331014 15.41153082 16.52982107 13.70924453 14.24353877
 15.3556163  12.41699801 14.88966203 16.04522863 15.16923459 15.56063618
 15.03255467 15.75323062 15.52335984 16.44905567 15.88991054 16.62301193
 15.3556163  14.5666004  14.24353877 13.92047714 14.83996024 15.94582505
 14.42370775 15.30591451 14.4609841  16.5111829  16.02037773 15.18787276
 17.33126243 15.87748509 15.92718688 15.05119284 14.50447316 16.08250497
 15.29970179 16.07007952 15.0387674  15.40531809 16.7472664  16.46148111
 17.20700795 17.36232604 16.90258449 16.49254473 17.53628231 14.48583499
 14.80889662 15.64140159 14.93936382 15.96446322 14.27460239 14.77162028
 16.49254473 16.14463221 14.28702783 17.33126243 16.90258449 17.20079523
 18.02087475 14.32430417 13.45452286 15.72837972 14.777833   15.21272366
 15.64140159 15.52957256 16.47390656 16.00173956 17.44309145 15.1195328
 16.32480119 16.87152087 17.20700795 14.05715706 15.22514911 13.98260437
 15.67867793 16.4055666  16.07007952 14.6722167  14.78404573 14.29945328
 15.94582505 15.4612326  18.15134195 15.27485089 16.15084493 18.4806163
 13.91426441 13.22465209 15.28727634 15.41774354 16.75347913 16.33722664
 17.10760437 15.84020875 15.15059642 15.55442346 16.8528827  18.33151093
 17.07654076 16.93986083 14.63494036 14.39264414 16.23161034 16.87152087
 16.194334   13.67196819 15.25621272 16.05144135 16.28131213 16.23161034
 14.75298211 15.98931412 17.41824056 18.42470179 14.24353877 14.52311133
 15.34319085 14.76540755 14.92072565 16.194334   16.79696819 13.3861829
 16.62922465 16.47390656 15.29970179 16.15705765 16.61058648 16.42420477
 15.89612326 16.05144135]",23004.68305336497
2025-06-15 23:29:00+00:00,1409,2133.18,9.0,15.893122234603199,15.626428926441351,18.362574552683895,"[14.64115308 14.44855865 16.54224652 14.08822068 14.2000497  16.95228628
 16.28131213 14.97664016 14.24353877 17.41824056 17.38717694 17.50521869
 16.92743539 14.70949304 15.40531809 14.11307157 15.58548708 16.1694831
 15.54199801 15.04498012 14.88966203 15.4860835  15.53578529 15.27485089
 15.30591451 16.52982107 18.18240557 13.39239563 14.41128231 15.99552684
 14.6722167  15.90233598 15.79671968 15.0139165  17.07032803 16.34343936
 17.75994036 17.48036779 18.18861829 15.29970179 16.07629225 12.73384692
 13.74030815 14.89587475 14.02609344 15.52957256 15.06983101 16.5360338
 14.86481113 14.01988072 16.09493042 16.71620278 16.51739563 16.10735586
 16.33101392 16.44284294 14.24353877 15.04498012 15.16923459 15.3556163
 15.45501988 17.75372763 16.28752485 17.31883698 15.34940358 16.47390656
 15.3804672  16.00173956 18.36257455 17.12624254 15.65382704 14.25596421
 16.14463221 14.51689861 15.75944334 14.31187873 15.88369781 15.49850895
 14.84617296 14.34294235 15.69110338 16.22539761 16.34343936 15.41153082
 14.8834493  15.73459245 15.24378728 17.56734592 14.93936382 16.2750994
 16.80939364 14.20626243 16.18812127 15.61033797 16.68513917 16.46769384
 16.02037773 17.53628231 16.91500994 12.46048708 13.14388668 14.44234592
 15.32455268 15.13195825 16.36207753 15.04498012 15.99552684 17.54870775
 16.89015905 17.10139165 17.39338966 16.39935388 17.41202783 13.15631213
 16.78454274 14.92072565 15.4860835  14.55417495 14.98285288 14.76540755
 15.62897614 12.95129225 16.59816103 16.62922465 15.90854871 15.31212724
 17.01441352 15.22514911 13.28677932 14.67842942 15.25621272 13.86456262
 15.34940358 14.72813121 17.31883698 15.84642147 15.3556163  16.39935388
 17.25049702 16.75969185 16.50497018 15.36182903 14.2249006  14.53553678
 13.79622266 15.18787276 14.19383698 13.78379722 17.01441352 16.20675944
 15.33076541 15.71595427 15.23757455 16.74105368 16.88394632 16.91500994
 15.29970179 13.91426441 15.13817097 15.33697813 13.67196819 15.1443837
 15.41774354 15.55442346 16.56709742 15.99552684 16.63543738 16.5111829
 17.02062624 16.69756461 14.21868787 15.09468191 14.82132207 15.06983101
 16.57952286 13.21222664 14.0695825  16.80318091 15.07604374 16.09493042
 16.4055666  16.97092445 16.11356859 15.70352883 13.15631213 15.58548708
 14.26217694 15.42395626 13.98260437 15.23757455 14.51068588 15.44880716
 15.85263419 17.48658052 16.82803181 15.57927435 16.7721173  17.07654076
 16.93364811 14.00745527]",23061.62974808846
2025-06-15 23:30:00+00:00,1410,2153.03,9.0,15.950400162431867,15.688090208747514,18.69806163021869,"[13.36754473 12.82082505 16.7721173  15.97688867 16.95228628 15.66003976
 15.10089463 18.43091451 15.22514911 17.09517893 15.3556163  15.6973161
 16.23782306 15.97688867 15.20651093 16.02659046 15.60412525 14.98285288
 16.81560636 15.15059642 17.3250497  16.2750994  17.33747515 17.51143141
 16.80318091 17.94010934 16.24403579 14.13792247 16.52982107 15.59791252
 14.11307157 16.02659046 14.83374751 15.60412525 15.36804175 14.305666
 15.13817097 17.25670974 15.87748509 16.89637177 16.64786282 13.36133201
 15.80914513 13.54771372 13.88941352 16.39935388 16.22539761 16.37450298
 16.58573559 15.38667992 17.02062624 17.64189861 15.21272366 16.79075547
 16.99577535 16.82181909 14.85859841 16.03280318 13.70924453 15.75323062
 15.11332008 15.61033797 14.97042744 17.39960239 15.65382704 16.07007952
 16.63543738 16.61058648 15.12574553 17.33747515 15.23136183 14.57902584
 14.05715706 14.26217694 14.34915507 15.28106362 17.53006958 15.40531809
 15.58548708 16.2750994  17.25049702 15.30591451 16.05765408 15.62276342
 13.29920477 13.84592445 14.87723658 14.62251491 15.76565606 15.45501988
 15.87748509 15.29348907 15.42395626 15.59791252 16.0638668  16.31237575
 15.41774354 16.94607356 17.36232604 13.82107356 16.59816103 14.58523857
 13.9639662  15.10710736 15.10089463 15.44259443 14.80889662 15.43638171
 16.61058648 16.20054672 15.85263419 17.07032803 16.48633201 13.59741551
 15.16302187 14.99527833 15.3804672  14.91451292 14.8834493  17.13245527
 15.91476143 15.74701789 16.15084493 15.94582505 16.95228628 14.2249006
 17.35611332 17.28156064 14.70949304 15.10710736 14.34294235 15.49850895
 14.20626243 16.11356859 15.34319085 15.52957256 16.67892644 17.43687873
 15.56063618 14.79647117 15.75944334 14.45477137 13.56013917 14.41749503
 14.4609841  14.51068588 15.25621272 16.38692843 14.83996024 14.38643141
 15.70974155 17.59219682 15.96446322 16.7472664  15.87127237 18.21968191
 15.02634195 15.05119284 14.57281312 15.21893638 15.71595427 17.05168986
 16.97713718 14.79025845 16.97713718 16.10735586 16.31237575 16.90258449
 18.69806163 15.08225646 16.13220676 14.44234592 15.71595427 16.21297217
 15.12574553 15.31833996 14.8026839  15.56063618 17.85313121 15.3804672
 13.82728628 16.7472664  16.08250497 16.23782306 15.84020875 15.42395626
 14.66600398 15.18787276 14.29945328 14.8834493  15.05740557 15.79050696
 16.4055666  15.3804672  17.54249503 15.3556163  15.96446322 16.70999006
 14.50447316 14.37400596]",23253.25878343206
2025-06-15 23:31:00+00:00,1411,2115.7999999999997,9.0,15.839236859947318,15.572440357852882,18.15134194831014,"[15.10710736 13.94532803 14.52932406 14.62872763 15.92718688 15.63518887
 15.08846918 14.42370775 16.90258449 16.59194831 16.07629225 16.00173956
 16.97092445 15.0387674  13.41724652 14.16277336 13.67196819 15.1443837
 15.97688867 16.47390656 16.46148111 15.75323062 16.88394632 17.60462227
 15.67246521 17.05790258 16.47390656 14.15034791 14.97042744 15.64761431
 15.79050696 15.70974155 15.65382704 14.98906561 13.69060636 17.3499006
 16.55467197 17.5859841  14.3305169  16.08250497 17.15109344 15.36182903
 13.53528827 15.27485089 13.65333002 15.26242545 15.75323062 15.0387674
 13.53528827 15.49850895 16.07007952 15.8277833  16.54224652 16.01416501
 17.6667495  15.72837972 14.97664016 15.10089463 14.26217694 16.38692843
 14.9083002  15.99552684 15.85263419 16.57331014 17.08275348 15.65382704
 18.0084493  15.91476143 17.1138171  18.00223658 15.29348907 16.11356859
 15.33076541 13.89562624 15.74080517 14.84617296 13.7527336  14.40506958
 15.21893638 16.2750994  15.79671968 15.67246521 17.54870775 15.52957256
 15.46744533 12.37350895 14.54796223 15.39289264 13.9639662  16.92122266
 16.12599404 14.46719682 16.37450298 17.12002982 16.28752485 17.62326044
 17.0082008  15.29970179 16.99577535 17.36853877 16.50497018 15.66625249
 14.41749503 15.90233598 17.91525845 16.20675944 16.56709742 16.80939364
 16.45526839 16.16327038 16.69135189 16.70377734 16.33101392 14.92072565
 14.2249006  15.92718688 15.76565606 16.10114314 16.89015905 16.14463221
 15.31833996 15.79671968 13.65333002 16.21297217 15.03255467 16.36207753
 17.52385686 13.60984095 12.10636183 14.10064612 15.11332008 13.24329026
 16.95849901 14.85859841 15.41774354 16.44284294 15.18787276 16.20054672
 14.69706759 15.77186879 16.97092445 12.89537773 14.28702783 12.8083996
 15.13195825 13.85213718 14.10685885 15.54821074 16.39935388 15.67246521
 15.10710736 16.44284294 17.25670974 15.15680915 15.41774354 16.2750994
 15.38667992 13.7278827  13.14388668 15.97067594 17.16351889 14.00124254
 15.18787276 14.11307157 15.49850895 15.80914513 15.32455268 16.63543738
 15.82157058 16.25024851 15.51093439 14.59766402 14.777833   15.87748509
 14.73434394 15.27485089 15.74701789 15.51714712 14.82132207 15.90233598
 16.41177932 14.31809145 16.88394632 15.43016899 12.51640159 12.9140159
 15.24378728 14.23732604 15.56063618 16.20675944 15.722167   17.1138171
 16.23782306 16.5111829  17.75372763 15.10710736 16.23782306 14.38021869
 18.15134195 14.87723658]",22881.35083863975
2025-06-15 23:32:00+00:00,1412,2100.6800000000003,9.0,15.79332550540099,15.525472166998012,19.170228628230618,"[15.56684891 13.00099404 13.19358847 16.02659046 14.17519881 16.05144135
 14.5666004  15.20029821 16.36207753 18.36257455 16.01416501 17.30019881
 15.57306163 15.16302187 15.08846918 15.95203777 15.84020875 15.0387674
 14.27460239 14.23732604 14.5417495  15.03255467 15.34319085 16.07629225
 16.10114314 18.10785288 18.16998012 14.15656064 14.9083002  15.39910537
 15.49850895 15.29348907 15.64761431 15.26242545 16.09493042 15.42395626
 16.28752485 15.62276342 16.73484095 15.78429423 16.31237575 12.67171968
 14.28081511 13.40482107 13.33648111 14.63494036 14.52932406 16.67892644
 15.92718688 15.51714712 15.88369781 14.74055666 16.55467197 16.54845924
 17.44930417 17.20700795 13.56013917 15.31212724 15.25       14.55417495
 14.82132207 17.13245527 15.52335984 15.62897614 15.80914513 16.83424453
 14.69706759 16.20054672 16.49875746 17.20700795 15.62276342 14.21247515
 16.15084493 16.48011928 15.44880716 16.46148111 14.10064612 15.58548708
 16.00173956 15.67246521 17.35611332 14.31187873 16.45526839 16.77833002
 14.61008946 15.20029821 14.86481113 15.79671968 14.82753479 16.69135189
 14.16277336 16.0390159  14.60387674 15.50472167 16.36207753 15.722167
 17.89040755 16.31858847 19.17022863 14.52311133 15.0139165  13.46073559
 16.63543738 14.98285288 14.64115308 16.38071571 15.75944334 16.194334
 16.29373757 15.15680915 16.68513917 15.64761431 16.54224652 15.68489066
 13.73409543 14.21868787 12.97614314 15.72837972 16.97092445 15.52957256
 14.34915507 15.75944334 16.67892644 17.33126243 16.4304175  16.23161034
 15.17544732 14.46719682 15.95203777 15.07604374 13.55392644 13.83349901
 15.64761431 16.45526839 15.64761431 15.56063618 15.3804672  15.56063618
 17.46794235 16.47390656 15.67867793 14.60387674 15.29970179 15.65382704
 14.61008946 14.52311133 14.34294235 15.54199801 15.23757455 13.47937376
 15.85263419 14.81510934 15.54821074 15.63518887 16.96471173 17.16973161
 13.26192843 16.02037773 14.75298211 15.33076541 15.59791252 15.27485089
 17.42445328 16.81560636 14.82132207 16.42420477 16.55467197 16.39314115
 17.15109344 15.02012922 14.52932406 14.13170974 13.99502982 13.93911531
 14.24353877 15.85884692 14.23111332 15.03255467 16.07007952 16.57331014
 16.05144135 14.88966203 14.777833   17.6667495  13.29920477 13.16252485
 14.72813121 15.11332008 15.67246521 15.3556163  15.25621272 15.04498012
 16.02037773 16.0638668  15.71595427 16.90258449 16.0638668  15.57306163
 16.52982107 15.42395626]",22727.74981086955
2025-06-15 23:33:00+00:00,1413,2106.85,9.0,15.810246267517758,15.5446384194831,18.387425447316105,"[13.82728628 13.8832008  15.03255467 13.56635189 15.56063618 14.70328032
 15.78429423 17.78479125 14.52932406 14.68464215 16.2999503  15.83399602
 14.65979125 13.47316103 14.99527833 15.72837972 16.15705765 16.8777336
 15.02634195 16.94607356 16.0638668  16.02659046 16.75969185 17.04547714
 17.72266402 15.89612326 17.41824056 14.85238569 16.25024851 13.82107356
 14.54796223 14.2249006  14.83996024 16.38071571 16.02659046 15.85263419
 15.80914513 16.16327038 15.23136183 17.0082008  16.24403579 14.19383698
 14.27460239 15.08846918 15.52957256 16.0638668  14.27460239 14.39885686
 16.15084493 16.72862823 15.31833996 16.59194831 16.91500994 16.84045726
 15.34319085 16.20054672 15.08846918 13.31784294 15.40531809 16.03280318
 14.62251491 14.77162028 16.38071571 15.72837972 16.70999006 15.92718688
 16.61058648 16.92743539 16.09493042 16.01416501 13.68439364 14.90208748
 14.63494036 14.82753479 14.90208748 15.41153082 15.08846918 15.98931412
 16.48633201 15.83399602 14.58523857 15.60412525 17.0889662  17.41824056
 13.53528827 14.305666   15.51093439 14.55417495 15.90854871 13.75894632
 14.07579523 15.4612326  15.28727634 14.88966203 15.4612326  17.03926441
 14.77162028 17.28156064 17.6667495  14.91451292 15.22514911 13.92668986
 14.38643141 16.84666998 15.90233598 15.47365805 15.1443837  15.96446322
 15.75323062 15.65382704 15.82157058 15.51714712 15.90854871 14.94557654
 14.5417495  15.31833996 14.51689861 15.98931412 14.20626243 15.78429423
 15.68489066 15.56684891 14.24975149 16.42420477 15.91476143 15.722167
 18.19483101 14.51689861 12.26789264 14.33672962 12.9140159  16.62922465
 17.31262425 14.70949304 16.99577535 17.29398608 15.41153082 16.50497018
 16.39935388 16.30616302 17.44309145 14.79025845 14.74055666 15.59791252
 14.61008946 15.39910537 14.65979125 15.86505964 16.00173956 15.82157058
 15.43016899 15.68489066 16.41177932 15.23136183 18.38742545 15.04498012
 14.34915507 14.93315109 14.87723658 15.76565606 16.01416501 14.86481113
 15.6973161  15.94582505 16.84666998 15.79671968 14.39885686 18.21968191
 15.92718688 17.0082008  15.62897614 13.06312127 14.98906561 15.3556163
 14.96421471 15.54199801 16.65407555 15.19408549 15.78429423 16.97713718
 15.62276342 15.97067594 15.55442346 15.07604374 12.84567594 14.61008946
 15.41774354 12.70899602 14.03851889 17.4555169  14.68464215 15.87127237
 15.16923459 15.88369781 17.20700795 16.34965209 16.01416501 16.93364811
 17.24428429 14.20626243]",22784.359912607415
2025-06-15 23:34:00+00:00,1414,2130.46,9.0,15.878637652413973,15.6179796222664,18.70427435387674,"[13.82728628 14.76540755 17.18836978 14.55417495 14.37400596 16.78454274
 16.84045726 17.29398608 16.25646123 16.15705765 16.5111829  16.62301193
 15.50472167 13.20601392 14.5417495  15.54199801 15.69110338 15.12574553
 14.28081511 15.79050696 15.98310139 15.36804175 16.15084493 15.25621272
 15.80293241 15.26242545 16.64786282 15.52957256 15.45501988 14.3305169
 15.78429423 16.51739563 16.67271372 15.13195825 15.8277833  15.87748509
 17.16973161 14.99527833 16.82803181 15.74080517 15.46744533 13.39239563
 14.8026839  13.31784294 14.06336978 16.20054672 15.88991054 14.57281312
 16.52360835 16.17569583 16.26888668 15.29348907 17.31262425 16.2999503
 16.36829026 17.03305169 13.21222664 15.3804672  15.13195825 14.54796223
 15.53578529 15.44880716 14.51068588 17.78479125 16.07007952 14.55417495
 16.59194831 15.13817097 16.51739563 16.59816103 12.81461233 13.9639662
 15.88991054 16.80318091 13.72166998 15.39910537 14.95178926 16.07007952
 16.62301193 15.91476143 15.30591451 15.94582505 17.65432406 17.08275348
 15.54821074 15.64140159 14.45477137 15.23136183 14.64115308 15.31833996
 15.39289264 14.94557654 13.52286282 14.6722167  14.72191849 16.2999503
 15.72837972 17.72266402 17.07032803 13.32405567 14.72813121 13.6471173
 15.54821074 16.55467197 14.16277336 13.9888171  15.43016899 15.15680915
 16.26267396 16.34343936 15.93961233 18.375      14.78404573 13.05069583
 15.13817097 13.36754473 13.70924453 15.73459245 15.42395626 16.73484095
 16.66650099 16.46148111 15.81535785 14.86481113 15.75323062 15.91476143
 16.69135189 15.23757455 16.46769384 14.95800199 15.39910537 14.36158052
 16.05144135 15.42395626 16.48011928 15.90233598 16.83424453 15.85263419
 15.87748509 16.05765408 16.92743539 13.48558648 15.00149105 14.42370775
 15.45501988 15.49229622 14.82132207 16.87152087 14.11928429 18.20725646
 14.91451292 17.05790258 16.45526839 16.82181909 17.6916004  18.36257455
 14.81510934 14.21868787 14.85238569 16.58573559 16.04522863 15.93961233
 15.00149105 16.07007952 17.1138171  14.67842942 15.55442346 16.5360338
 17.39960239 16.41177932 14.98906561 16.02659046 14.83996024 14.68464215
 14.01366799 15.77186879 14.93315109 15.71595427 16.84666998 16.46148111
 15.97688867 15.88991054 18.02708748 14.42370775 13.52907555 14.11307157
 14.85238569 15.40531809 15.97067594 15.26242545 15.26242545 14.05715706
 16.94607356 15.77186879 17.62326044 16.46148111 16.54845924 15.42395626
 18.70427435 15.00770378]",23013.170129916187
2025-06-15 23:35:00+00:00,1415,2112.24,9.0,15.823591322185452,15.561381709741552,19.014910536779325,"[16.12599404 15.40531809 15.91476143 15.87127237 15.24378728 15.97067594
 15.41153082 15.39910537 16.85909543 16.76590457 17.04547714 16.83424453
 18.20104374 15.22514911 15.88369781 14.57902584 14.72813121 15.04498012
 14.05715706 15.722167   16.41177932 16.82803181 16.82181909 16.80939364
 19.01491054 15.23136183 18.0333002  15.13195825 14.24353877 14.25596421
 13.8583499  15.55442346 14.61008946 14.95800199 16.194334   14.63494036
 17.33747515 14.49826044 17.27534791 16.84045726 16.18812127 15.55442346
 14.36158052 14.00745527 13.3054175  13.47937376 14.38021869 16.08250497
 15.04498012 16.05765408 16.70377734 14.36158052 16.34965209 16.26267396
 16.36829026 15.88991054 14.94557654 16.63543738 14.87723658 15.36182903
 16.38071571 14.80889662 16.20054672 15.94582505 14.90208748 16.38692843
 16.00173956 14.93315109 17.49900596 15.54821074 13.09418489 16.7472664
 13.75894632 14.10685885 14.92072565 14.75919483 15.54199801 15.47365805
 15.6973161  15.54821074 16.69756461 17.04547714 18.84095427 16.72241551
 12.21197813 14.35536779 13.90805169 15.33076541 14.21247515 16.05765408
 16.44905567 14.52311133 15.29348907 14.60387674 15.41153082 17.54870775
 16.15705765 15.91476143 15.66003976 12.3610835  14.57902584 14.23111332
 15.66003976 13.64090457 14.21247515 16.78454274 15.6165507  16.24403579
 16.2750994  16.47390656 14.47340954 14.94557654 18.26317097 13.25571571
 15.3804672  13.77758449 14.57902584 16.87152087 14.82753479 16.35586481
 15.84020875 15.52957256 15.36182903 17.28156064 15.26242545 16.20054672
 17.6667495  14.89587475 14.60387674 15.25621272 15.32455268 14.40506958
 14.85859841 15.05119284 14.53553678 15.17544732 16.50497018 16.63543738
 15.75323062 17.36232604 17.62326044 13.72166998 14.71570577 14.29324056
 14.67842942 15.06361829 14.60387674 16.1694831  14.81510934 15.85263419
 15.46744533 16.34965209 16.08250497 17.84070577 15.75323062 17.24428429
 15.54199801 14.28081511 15.64140159 15.49850895 14.75919483 15.34319085
 17.47415507 15.80293241 14.01988072 14.47340954 16.59816103 16.79075547
 16.86530815 16.07629225 13.26814115 14.11307157 14.05715706 14.98285288
 15.15059642 14.82132207 14.75919483 13.27435388 16.68513917 15.41774354
 15.77186879 17.09517893 17.6916004  17.68538767 13.69060636 13.18737575
 14.21247515 15.68489066 15.17544732 14.2000497  16.15084493 15.22514911
 17.28156064 16.9833499  17.51143141 16.76590457 16.35586481 17.28777336
 16.29373757 13.4917992 ]",22829.007127503646
2025-06-15 23:36:00+00:00,1416,2088.5299999999997,9.0,15.75234823059289,15.487729870775347,18.207256461232603,"[13.58499006 15.99552684 15.79671968 14.56038767 15.91476143 15.05119284
 15.57306163 13.99502982 15.23757455 15.80293241 15.75944334 17.3250497
 17.69781312 13.95154076 15.37425447 14.41749503 14.86481113 15.4612326
 14.00124254 15.32455268 16.25646123 17.97117296 16.52360835 17.05790258
 15.04498012 18.20725646 16.56088469 14.56038767 13.80243539 14.4361332
 14.69085487 14.84617296 14.83996024 15.10089463 14.65357853 16.79075547
 15.16302187 16.15705765 14.0944334  17.20079523 15.54821074 14.20626243
 12.16227634 14.18141153 15.3556163  14.38643141 16.46148111 15.59791252
 15.77186879 15.62897614 15.1195328  15.82157058 17.55492048 15.62276342
 16.25024851 16.33101392 14.90208748 14.49204771 12.5723161  15.63518887
 15.33697813 15.03255467 14.95800199 15.20029821 15.08225646 17.94632207
 15.59791252 17.13245527 17.04547714 16.31237575 13.39239563 14.85238569
 14.16898608 14.95178926 14.78404573 14.41128231 15.98310139 14.21868787
 15.57927435 15.33076541 16.56709742 15.34940358 16.54845924 16.2999503
 13.16873757 12.74005964 14.70328032 15.51714712 14.88966203 15.37425447
 15.79671968 16.48011928 15.70352883 15.87127237 15.41153082 15.26242545
 17.06411531 15.92097416 16.90258449 13.24950298 14.93315109 14.29945328
 15.65382704 15.06983101 13.93290258 14.63494036 15.33076541 16.31858847
 15.57927435 15.88991054 16.75969185 16.93364811 17.18215706 13.79622266
 15.56063618 15.98931412 14.13170974 16.17569583 16.62922465 16.04522863
 15.66625249 15.68489066 15.3556163  14.94557654 15.6973161  15.75944334
 17.54249503 15.44259443 15.75944334 13.13767396 13.94532803 14.83374751
 14.16277336 17.18836978 14.61008946 16.55467197 15.95203777 15.85884692
 16.39314115 17.74751491 18.0084493  14.72813121 14.16277336 16.34965209
 14.24975149 13.98260437 15.97067594 15.75323062 15.1195328  16.15084493
 15.42395626 15.6973161  15.1443837  16.04522863 16.70377734 16.23782306
 15.57927435 15.27485089 13.92668986 15.06983101 15.40531809 14.72191849
 16.78454274 14.59145129 16.0390159  17.71645129 17.5859841  13.5166501
 17.13866799 17.37475149 14.31809145 14.93315109 15.26863817 14.26217694
 15.16923459 14.29945328 16.79075547 14.50447316 14.3305169  15.32455268
 17.430666   17.10760437 17.16973161 17.56734592 15.18787276 14.65357853
 15.25621272 15.84020875 16.10114314 13.86456262 14.65357853 15.22514911
 15.00149105 15.03255467 15.44259443 16.23782306 16.89637177 16.5360338
 16.23782306 13.97639165]",22590.65624027158
2025-06-15 23:37:00+00:00,1417,2100.1099999999997,9.0,15.785251965506749,15.523701540755464,18.92171968190855,"[13.78379722 14.00745527 14.76540755 14.93936382 14.9083002  16.36207753
 14.07579523 15.55442346 15.19408549 15.49229622 17.4555169  17.0889662
 15.94582505 14.31809145 12.69657058 14.28702783 14.5417495  14.82132207
 15.36804175 17.94010934 16.62301193 15.16302187 16.47390656 16.9833499
 17.61083499 17.35611332 16.10735586 12.44806163 14.18141153 14.13792247
 15.722167   14.76540755 16.75347913 14.67842942 14.29945328 14.99527833
 15.52335984 15.75944334 15.78429423 16.35586481 17.80342942 13.33026839
 14.69085487 14.72813121 14.55417495 14.72191849 14.29324056 14.5417495
 17.64189861 15.97688867 16.48011928 16.04522863 14.62251491 16.41799205
 15.70352883 17.64189861 14.75298211 14.44234592 14.4361332  14.89587475
 15.9582505  15.30591451 15.00149105 15.26242545 15.30591451 17.67917495
 15.72837972 16.48633201 16.79696819 17.64189861 12.86431412 13.83971173
 15.47987078 15.21893638 12.70899602 16.38692843 16.93986083 15.65382704
 14.87102386 15.88991054 16.07007952 16.4304175  16.66650099 16.54845924
 14.16898608 13.7278827  12.10636183 15.16302187 14.93936382 15.49850895
 15.18166004 15.41774354 15.28106362 16.65407555 16.2750994  15.54199801
 16.98956262 17.98981113 16.04522863 14.53553678 15.23136183 15.9582505
 13.92668986 16.08250497 15.06361829 15.58548708 16.92122266 14.39264414
 16.57952286 16.29373757 16.56088469 14.82753479 17.49279324 13.00720676
 14.6722167  14.77162028 15.9333996  13.87698807 16.97713718 14.57902584
 14.66600398 15.56063618 16.34343936 16.13220676 17.16351889 16.6416501
 15.77186879 15.46744533 13.87698807 13.11903579 16.13841948 16.42420477
 15.23757455 14.85238569 16.14463221 16.28752485 15.26242545 14.97042744
 15.20651093 15.42395626 17.89662028 14.66600398 14.51068588 14.96421471
 15.85884692 15.87748509 14.76540755 15.19408549 16.92743539 17.43687873
 16.66028827 15.88991054 17.63568588 17.64189861 16.0390159  15.91476143
 15.10710736 14.5417495  16.20054672 15.66003976 15.94582505 16.78454274
 14.20626243 16.36829026 14.85238569 16.0638668  17.23807157 15.85263419
 16.9833499  15.41153082 12.16848907 15.49850895 14.98285288 14.76540755
 15.73459245 15.20029821 14.4361332  16.10735586 14.20626243 15.29348907
 16.03280318 16.23782306 16.68513917 14.63494036 15.06361829 15.18787276
 15.87127237 14.65979125 13.10039761 13.92047714 15.45501988 16.44284294
 15.83399602 17.27534791 14.87102386 15.77186879 18.92171968 17.74130219
 15.08846918 13.79000994]",22700.73897579938
2025-06-15 23:38:00+00:00,1418,2078.9300000000003,9.0,15.721484024751703,15.457908797216701,18.648359840954274,"[14.04473161 14.9083002  13.56635189 15.22514911 16.33722664 15.00149105
 14.88966203 14.85859841 16.44284294 16.93986083 16.89637177 16.55467197
 17.6667495  13.87698807 16.11356859 15.15680915 14.61008946 14.92693837
 14.66600398 16.20054672 15.08225646 17.44309145 15.53578529 16.96471173
 16.50497018 16.39314115 16.95228628 14.31809145 15.47987078 14.305666
 16.11978131 16.33722664 15.53578529 13.82728628 16.13841948 15.54821074
 15.26863817 14.33672962 15.73459245 16.51739563 18.39363817 13.34890656
 13.1749503  15.27485089 13.62847913 14.87102386 14.80889662 15.23136183
 15.87748509 15.85263419 16.23782306 16.25024851 14.83374751 15.20029821
 15.69110338 14.87102386 13.53528827 15.49229622 15.02012922 14.44855865
 13.9639662  17.28156064 13.8832008  16.61058648 15.71595427 15.66003976
 16.23782306 16.23161034 18.15134195 15.74701789 15.10089463 15.75323062
 14.11307157 14.69706759 15.18787276 16.86530815 15.9582505  15.31833996
 15.44259443 14.19383698 17.40581511 14.96421471 15.11332008 16.17569583
 12.81461233 14.83996024 13.52907555 15.18787276 14.47962227 16.59816103
 15.9582505  13.56013917 15.8277833  15.71595427 13.4917992  16.31237575
 17.94010934 16.18190855 17.42445328 14.74676938 13.8583499  13.60362823
 13.98260437 15.4612326  15.41774354 14.28081511 15.77186879 17.13866799
 15.52957256 16.66650099 16.18812127 17.13245527 15.79671968 13.82728628
 14.11307157 13.37997018 15.61033797 13.88941352 17.63568588 16.18812127
 15.04498012 16.75347913 16.48011928 17.18836978 18.64835984 17.16351889
 16.26888668 12.48533797 14.63494036 13.60984095 12.8083996  14.85238569
 14.36779324 17.0889662  15.22514911 15.75323062 15.29348907 14.29945328
 16.95228628 16.34965209 17.39338966 12.77733598 15.02012922 12.71520875
 17.16973161 16.57952286 15.98310139 16.16327038 16.48633201 15.13817097
 15.87127237 15.99552684 17.25049702 16.81560636 17.55492048 15.90854871
 14.36158052 13.70303181 14.88966203 13.64090457 16.13220676 14.92072565
 15.51093439 16.07629225 14.65979125 16.08871769 16.54224652 16.23161034
 16.45526839 15.71595427 14.89587475 12.75248509 14.65979125 14.31809145
 14.9083002  14.23732604 14.08822068 15.15059642 14.88966203 15.95203777
 15.36182903 17.0889662  16.91500994 17.64811133 14.3305169  15.60412525
 14.84617296 14.51689861 17.20700795 15.1195328  13.88941352 13.54771372
 16.08871769 15.50472167 14.75919483 16.05144135 15.32455268 18.23832008
 16.44905567 15.09468191]",22487.396953209296
2025-06-15 23:39:00+00:00,1419,2115.03,9.0,15.826756410539586,15.57004845924453,18.890656063618287,"[16.86530815 14.93936382 13.67196819 14.94557654 15.58548708 14.00124254
 16.0638668  17.00198807 16.31858847 15.3556163  18.05193837 17.12624254
 16.02037773 14.47962227 15.92097416 14.93936382 15.91476143 15.92718688
 14.17519881 17.46172962 15.8277833  15.79671968 14.83374751 15.33076541
 16.59816103 15.85884692 17.55492048 15.20651093 14.60387674 12.8332505
 15.40531809 14.20626243 16.89015905 14.97664016 14.4609841  14.88966203
 14.70949304 15.96446322 15.07604374 16.5360338  17.77857853 13.73409543
 16.10114314 12.10636183 13.29920477 14.00745527 15.28106362 14.14413519
 15.08846918 16.5111829  17.23807157 15.12574553 18.89065606 15.82157058
 17.54870775 16.20054672 15.08225646 14.99527833 13.67818091 14.4609841
 17.23807157 15.29348907 17.05168986 16.05765408 15.77808151 17.4555169
 16.71620278 16.64786282 16.18190855 16.28752485 13.73409543 14.00745527
 13.01963221 17.10760437 15.1195328  16.93364811 15.79050696 15.33697813
 15.9582505  15.87748509 17.05790258 16.74105368 16.24403579 17.46794235
 13.95775348 15.17544732 16.03280318 16.66650099 15.51714712 15.40531809
 15.33076541 16.1694831  16.72862823 17.02062624 15.75323062 16.82181909
 16.23782306 15.25       15.64761431 14.18762425 13.03827038 16.25646123
 16.34343936 15.23757455 14.21247515 14.4361332  17.02683897 15.3804672
 16.42420477 15.16923459 16.49254473 15.05740557 17.26292247 15.03255467
 14.13170974 14.72191849 15.50472167 15.74080517 15.26242545 13.60362823
 15.18787276 14.65357853 15.74701789 17.18836978 15.18166004 16.41799205
 16.62301193 13.74030815 14.41128231 14.93315109 15.12574553 16.24403579
 16.69756461 14.85859841 15.45501988 16.6167992  14.92072565 16.2999503
 16.48633201 17.52385686 16.73484095 14.49204771 14.41749503 14.16277336
 16.08871769 14.57902584 15.24378728 17.36853877 14.98285288 15.77186879
 14.07579523 17.98359841 16.45526839 17.39960239 14.96421471 15.54199801
 15.77186879 12.88916501 15.30591451 15.44259443 14.99527833 17.10760437
 14.69085487 14.68464215 16.38071571 16.72862823 16.49254473 16.04522863
 15.94582505 17.0082008  12.10636183 15.84020875 13.6471173  15.9582505
 14.71570577 15.13817097 16.02659046 14.69085487 16.09493042 16.72241551
 15.18166004 15.10710736 16.67271372 15.31833996 13.92047714 15.23136183
 13.85213718 15.51714712 15.24378728 15.43016899 14.34915507 16.73484095
 15.66003976 15.18787276 16.46769384 15.69110338 16.17569583 15.40531809
 16.23161034 12.86431412]",22839.596247101243
2025-06-15 23:40:00+00:00,1420,2149.38,9.0,15.926869035035539,15.67675198807157,18.865805168986082,"[15.11332008 15.98931412 14.0944334  15.00770378 14.10064612 15.75323062
 16.11356859 15.67246521 16.13841948 16.45526839 16.62922465 15.85884692
 17.430666   13.4917992  15.64761431 15.52335984 13.87698807 13.79622266
 14.21868787 13.35511928 15.91476143 14.60387674 15.30591451 17.59219682
 17.43687873 16.34343936 16.6167992  14.76540755 16.81560636 16.16327038
 14.79025845 13.52907555 14.8026839  16.33101392 14.84617296 16.34965209
 15.67246521 15.91476143 15.11332008 16.15705765 16.79075547 13.2805666
 13.1500994  12.22440358 13.37375746 15.20651093 14.17519881 15.85263419
 15.32455268 14.31809145 16.24403579 15.87748509 18.14512922 17.31883698
 15.77808151 17.0889662  13.82107356 14.90208748 16.72241551 15.21893638
 15.4612326  15.47987078 16.33101392 15.59791252 14.78404573 17.27534791
 15.56063618 15.75944334 16.94607356 17.89662028 14.08822068 16.54845924
 16.05765408 16.4304175  16.15705765 16.45526839 15.63518887 13.9888171
 15.97688867 14.64736581 14.4609841  16.47390656 16.48633201 16.67892644
 13.68439364 16.30616302 15.84642147 15.12574553 15.04498012 15.23757455
 16.45526839 15.52335984 15.58548708 15.5916998  16.56709742 16.61058648
 15.91476143 15.09468191 17.96496024 14.48583499 14.5417495  16.09493042
 15.08846918 13.97017893 15.68489066 14.49204771 16.10735586 17.92147117
 16.23161034 15.73459245 17.4555169  17.3250497  15.25       14.74055666
 14.11928429 14.68464215 14.777833   15.13195825 15.86505964 16.6167992
 16.08871769 16.46769384 16.41177932 16.35586481 16.63543738 16.70377734
 16.73484095 14.46719682 14.55417495 14.82753479 16.05765408 16.9833499
 15.52335984 16.66028827 15.04498012 14.62251491 16.42420477 15.28727634
 16.74105368 18.62972167 16.36829026 14.59145129 14.20626243 15.26242545
 15.4860835  16.87152087 13.55392644 15.15680915 16.75969185 15.77186879
 17.22564612 17.16351889 16.84045726 17.54249503 18.86580517 16.29373757
 14.01988072 16.79696819 14.73434394 13.50422465 17.49900596 15.12574553
 14.92693837 14.48583499 16.72241551 17.42445328 16.28131213 14.68464215
 15.21893638 15.74080517 13.74652087 15.51714712 13.12524851 15.20651093
 15.22514911 15.31833996 14.8834493  16.29373757 17.83449304 17.15730616
 14.64115308 13.52286282 17.96496024 16.76590457 14.93315109 14.6722167
 15.44880716 16.194334   14.62872763 15.43016899 16.17569583 16.37450298
 16.2750994  16.44284294 16.03280318 17.31262425 17.44930417 15.16302187
 16.57331014 14.49826044]",23174.533043614898
2025-06-15 23:41:00+00:00,1421,2159.2400000000002,9.0,15.954715187554363,15.707380715705762,18.685636182902584,"[16.11978131 15.71595427 13.77758449 16.82181909 14.18762425 16.20675944
 15.16302187 15.52957256 16.31237575 16.42420477 16.69135189 14.6722167
 15.25       15.722167   15.08225646 15.46744533 14.8834493  15.49850895
 16.09493042 15.95203777 14.89587475 16.59816103 14.92693837 16.84666998
 16.00173956 15.92718688 16.91500994 14.86481113 15.41153082 14.78404573
 14.58523857 15.06983101 15.66625249 15.57306163 16.194334   15.33076541
 16.95849901 15.78429423 15.32455268 14.4361332  17.12002982 13.72166998
 16.02037773 15.41774354 12.88295229 14.60387674 14.49204771 14.52932406
 13.97017893 16.25646123 16.25646123 16.05765408 16.92743539 16.59816103
 17.89662028 17.62326044 15.59791252 15.97067594 15.47987078 14.9083002
 14.98906561 16.45526839 16.39314115 16.05765408 16.49254473 15.74080517
 14.38021869 16.67271372 16.74105368 16.88394632 14.51068588 14.62872763
 15.15059642 14.64736581 15.79671968 14.64115308 16.20054672 15.81535785
 14.62251491 15.67867793 15.79050696 17.86555666 17.33747515 16.97713718
 15.52957256 15.15680915 16.96471173 14.95800199 16.00173956 14.90208748
 16.9833499  16.68513917 16.77833002 15.72837972 17.5611332  15.11332008
 16.23161034 16.51739563 17.51764414 14.95800199 15.36182903 14.16898608
 14.55417495 14.78404573 13.46694831 14.79647117 15.0387674  14.66600398
 14.50447316 16.55467197 15.51093439 17.61083499 15.722167   14.15034791
 15.32455268 14.95178926 13.9888171  15.39289264 16.20675944 16.04522863
 15.28727634 14.4609841  15.16302187 16.85909543 14.73434394 15.18787276
 16.63543738 14.59145129 16.05765408 15.83399602 16.28752485 16.59816103
 15.3556163  15.85884692 14.32430417 15.4860835  16.02037773 16.25024851
 18.10164016 16.49254473 15.85263419 15.94582505 14.42370775 14.95800199
 13.22465209 13.90805169 14.29324056 15.52335984 15.75323062 15.50472167
 16.82181909 17.15730616 16.44905567 16.50497018 16.14463221 16.54845924
 15.1443837  14.74055666 14.48583499 15.47987078 16.23782306 16.62922465
 15.74701789 17.63568588 17.74130219 15.13195825 17.12002982 16.8528827
 16.33101392 15.83399602 14.53553678 14.24353877 15.33697813 15.54821074
 15.51093439 14.51068588 16.67271372 16.68513917 17.53628231 17.18836978
 15.75323062 17.9276839  15.50472167 17.65432406 13.90805169 15.39289264
 14.57281312 15.41153082 15.87127237 15.51714712 14.62872763 13.23707753
 15.28727634 16.38071571 17.21322068 17.00198807 16.66028827 16.13220676
 18.68563618 14.39885686]",23267.69513148188
2025-06-15 23:42:00+00:00,1422,2133.07,9.0,15.876239847184332,15.62608722664016,18.288021868787276,"[15.18787276 15.52957256 14.05094433 12.10636183 15.38667992 14.49204771
 18.28802187 17.31262425 16.00173956 15.80914513 18.23832008 16.63543738
 15.98931412 14.75919483 14.15034791 14.99527833 15.75323062 13.34890656
 15.49229622 14.92072565 16.20054672 15.62276342 15.92718688 17.12002982
 15.25       17.23807157 16.05765408 12.7027833  14.47340954 13.6471173
 14.31187873 15.85263419 16.00795229 15.97688867 16.59816103 16.4055666
 15.87748509 17.10139165 15.98310139 16.15084493 16.49875746 16.30616302
 15.20029821 16.18812127 14.8026839  13.8583499  15.9333996  17.15730616
 14.28702783 15.55442346 16.32480119 17.00198807 16.84666998 17.28156064
 16.93364811 15.96446322 14.69085487 14.83996024 14.26217694 16.02037773
 14.81510934 15.02634195 15.3804672  15.36804175 17.26292247 17.31883698
 17.16351889 17.64189861 16.13841948 17.2194334  14.33672962 14.20626243
 14.06336978 14.06336978 17.18215706 14.44234592 15.33076541 15.18787276
 18.23210736 15.29970179 16.51739563 16.194334   16.00795229 16.84045726
 14.51068588 14.41128231 13.84592445 14.2249006  15.04498012 15.43016899
 16.1694831  14.11928429 14.77162028 14.85238569 15.74701789 15.58548708
 16.49254473 15.87748509 16.88394632 14.73434394 14.42992048 14.69706759
 16.18190855 15.34940358 14.65357853 16.10114314 15.12574553 16.18190855
 16.39314115 15.67867793 16.94607356 17.49279324 17.51143141 14.19383698
 12.93265408 15.51093439 14.70328032 15.3804672  14.0695825  16.08871769
 17.04547714 15.89612326 15.12574553 16.12599404 16.96471173 16.75347913
 17.6667495  16.84045726 14.2000497  14.41749503 14.36158052 14.86481113
 13.3054175  14.23111332 16.23782306 14.88966203 17.13245527 16.83424453
 17.25670974 15.97067594 17.20700795 16.2999503  15.02012922 14.59766402
 14.75298211 14.31187873 13.83349901 16.80939364 14.79647117 17.27534791
 17.02683897 16.41799205 16.7472664  14.98285288 16.60437376 17.72887674
 13.06312127 14.45477137 14.90208748 15.42395626 15.52335984 17.59840954
 15.9333996  17.69781312 14.69706759 16.29373757 17.06411531 15.16923459
 16.97713718 16.02659046 15.45501988 14.55417495 16.7472664  13.74652087
 17.15730616 14.83996024 13.92668986 14.81510934 15.58548708 14.68464215
 14.85238569 17.20079523 15.80914513 16.46148111 15.52335984 14.24975149
 14.0944334  14.87723658 14.69706759 15.23136183 15.87127237 16.41799205
 16.37450298 13.93911531 16.14463221 16.72241551 15.25       15.95203777
 15.49229622 14.71570577]",23005.148032739904
2025-06-15 23:43:00+00:00,1423,2116.84,9.0,15.827102518273795,15.575670974155068,18.934145129224653,"[13.37375746 16.54224652 16.48633201 14.13792247 13.26192843 14.85859841
 15.43016899 14.51068588 14.71570577 17.46794235 15.73459245 15.63518887
 18.30666004 12.2306163  15.75944334 13.71545726 15.86505964 14.87102386
 15.93961233 15.41153082 15.93961233 15.40531809 15.84642147 14.59766402
 14.65979125 16.16327038 15.99552684 12.72142147 14.23732604 14.98906561
 14.74055666 16.86530815 16.33101392 15.90233598 13.90183897 15.91476143
 15.3804672  16.54845924 13.8832008  16.61058648 16.52982107 14.52932406
 13.69681909 13.70303181 15.20029821 14.33672962 17.05790258 14.74676938
 16.11356859 16.4055666  15.0139165  16.07007952 17.91525845 15.6973161
 15.722167   15.77186879 13.97017893 14.52932406 13.8583499  14.62872763
 16.67892644 15.85263419 15.9333996  16.01416501 15.0387674  16.75347913
 15.67867793 15.722167   17.5611332  17.6916004  14.99527833 14.2000497
 15.89612326 16.80318091 16.18190855 13.24329026 15.36804175 16.75969185
 15.02012922 16.16327038 15.85884692 15.33697813 17.20079523 16.82803181
 13.74652087 15.85884692 14.86481113 15.54821074 14.65979125 15.39289264
 17.0889662  15.39289264 17.68538767 15.05740557 17.46172962 16.05765408
 16.54845924 15.91476143 16.76590457 14.00124254 13.36133201 14.21247515
 14.62872763 16.52360835 15.29348907 14.6722167  15.0139165  16.72241551
 15.87127237 16.21297217 15.56684891 18.93414513 17.98359841 15.79671968
 13.98260437 13.2805666  14.39264414 17.64189861 14.75919483 14.40506958
 15.1443837  16.6416501  14.93315109 15.07604374 17.16351889 15.85884692
 17.38096421 15.62897614 13.62847913 15.64140159 14.02609344 15.33697813
 15.98931412 15.74080517 16.70377734 16.56709742 15.34319085 15.52335984
 16.5360338  15.80293241 15.02634195 12.60337972 15.3804672  15.26242545
 15.10089463 14.38643141 14.82753479 16.24403579 17.16351889 16.25646123
 16.82181909 17.22564612 15.1195328  16.18812127 17.80342942 17.85313121
 13.71545726 14.62251491 13.57877734 14.83374751 14.91451292 14.79025845
 15.63518887 14.49826044 18.26317097 15.62897614 16.46769384 18.41227634
 16.92743539 16.92743539 14.08822068 14.82132207 15.81535785 14.60387674
 16.02659046 16.20675944 15.16923459 15.21272366 14.24353877 16.6167992
 16.76590457 15.98310139 16.38692843 16.38071571 12.81461233 14.70949304
 15.51093439 15.82157058 15.64761431 14.31187873 15.19408549 15.33697813
 14.9083002  16.57952286 15.58548708 16.54845924 16.85909543 16.48633201
 18.66699801 14.21868787]",22840.754185136808
2025-06-15 23:44:00+00:00,1424,2106.1900000000005,9.0,15.794436673770706,15.542588220675944,19.11431411530815,"[13.62847913 13.71545726 13.79000994 15.62897614 16.1694831  15.92097416
 15.22514911 16.1694831  15.9582505  17.38096421 16.11978131 17.18215706
 15.87748509 15.38667992 15.97688867 15.19408549 13.70303181 15.71595427
 16.26267396 15.75944334 15.722167   14.96421471 15.1195328  16.95849901
 17.61083499 16.44284294 16.7472664  16.33101392 16.98956262 14.777833
 14.87723658 16.29373757 13.82728628 16.80939364 14.48583499 15.15059642
 15.22514911 15.05119284 15.98931412 16.48633201 16.46769384 14.69706759
 13.60984095 15.03255467 14.84617296 13.8583499  14.16277336 15.17544732
 15.13817097 16.35586481 14.90208748 14.45477137 16.05765408 14.87102386
 15.59791252 16.34343936 16.13220676 14.57902584 13.93290258 14.24975149
 14.58523857 14.79025845 16.62922465 15.9582505  16.4055666  15.34940358
 15.34940358 17.85934394 16.1694831  16.36207753 14.17519881 14.9083002
 15.74080517 14.3305169  15.15680915 16.95228628 15.29348907 15.81535785
 14.60387674 16.7472664  16.57952286 17.12002982 16.65407555 16.80318091
 15.21272366 14.88966203 15.0139165  15.70974155 14.92693837 14.79025845
 15.80914513 15.32455268 17.46794235 16.18190855 14.78404573 16.41177932
 17.95253479 15.96446322 16.31858847 16.76590457 16.33101392 13.46694831
 13.52907555 15.87748509 16.4304175  15.05119284 14.64115308 15.23757455
 17.87798211 16.33101392 16.33722664 16.20675944 14.31187873 14.17519881
 13.73409543 14.71570577 15.39289264 14.0944334  14.11307157 15.77186879
 15.93961233 15.74080517 15.83399602 16.52982107 15.4612326  18.06436382
 15.97067594 14.84617296 13.13767396 13.54771372 14.83996024 17.05790258
 16.04522863 16.92743539 14.0944334  16.24403579 16.89637177 14.62251491
 14.70328032 17.4555169  16.50497018 15.22514911 14.11307157 14.33672962
 15.54821074 15.82157058 15.29970179 17.3250497  16.16327038 15.68489066
 16.00795229 14.29945328 15.13817097 14.9083002  19.11431412 16.13841948
 14.02609344 14.13792247 13.83971173 15.43638171 15.61033797 15.16923459
 15.43016899 13.92668986 16.08250497 17.68538767 16.03280318 17.48036779
 15.49229622 15.79671968 15.52335984 14.29324056 14.89587475 16.71620278
 14.38021869 14.58523857 15.02634195 15.34319085 16.49875746 15.02012922
 15.08225646 16.90258449 15.18166004 17.27534791 13.47937376 13.52907555
 13.65333002 13.90183897 14.777833   17.00198807 15.39910537 14.9083002
 16.21297217 15.87748509 15.82157058 16.73484095 17.41202783 16.94607356
 15.18787276 14.63494036]",22731.467335767273
2025-06-15 23:45:00+00:00,1425,2157.56,9.0,15.944799245778828,15.702162027833001,18.69806163021869,"[14.97042744 14.5666004  16.36207753 15.52957256 17.0889662  15.97067594
 15.1443837  16.85909543 16.83424453 16.28752485 15.62897614 17.40581511
 15.9582505  16.07007952 14.98285288 15.41153082 14.79647117 16.21918489
 15.17544732 15.5916998  15.5916998  16.14463221 17.1138171  15.29970179
 16.15084493 15.31212724 16.02659046 12.65929423 15.88991054 13.81486083
 15.60412525 14.79025845 16.1694831  14.26217694 15.97688867 15.69110338
 15.5916998  15.1443837  15.80914513 16.47390656 17.43687873 14.64115308
 13.69060636 15.79671968 15.87127237 14.47962227 14.16898608 14.72813121
 14.89587475 16.72862823 16.21918489 15.70352883 16.22539761 16.49254473
 16.30616302 17.1945825  14.0695825  14.49204771 14.35536779 15.54199801
 17.89662028 15.58548708 14.80889662 16.34965209 16.25646123 16.13220676
 16.93986083 17.66053678 15.67246521 17.44309145 15.98310139 15.15059642
 16.31237575 13.94532803 16.02037773 14.47962227 15.97067594 14.59145129
 15.53578529 15.63518887 15.42395626 16.21297217 16.14463221 16.79075547
 14.93936382 15.66003976 13.55392644 16.34965209 14.86481113 14.63494036
 15.54821074 15.13195825 16.35586481 16.26888668 18.2445328  16.9833499
 16.94607356 15.41774354 16.90879722 14.86481113 14.06336978 16.28752485
 16.55467197 16.26267396 16.08871769 16.26888668 15.73459245 14.79025845
 13.92047714 16.7472664  16.51739563 16.57952286 17.30641153 16.01416501
 13.90805169 15.31833996 14.56038767 13.5166501  15.54821074 14.81510934
 15.44880716 17.07032803 16.41799205 16.08871769 15.85263419 15.67867793
 18.15755467 14.305666   15.05119284 15.11332008 14.07579523 15.17544732
 15.60412525 15.75323062 15.80293241 14.61008946 14.79647117 16.57331014
 15.80914513 17.25049702 15.52335984 13.80864811 15.43638171 15.68489066
 14.24975149 15.49850895 15.9333996  15.38667992 15.06361829 16.46148111
 16.97092445 14.86481113 18.42470179 15.77186879 17.13866799 15.60412525
 15.81535785 13.55392644 14.76540755 15.0387674  13.9639662  15.80914513
 15.36182903 16.7472664  14.29945328 17.16351889 16.02037773 16.12599404
 18.69806163 16.73484095 14.34915507 17.26292247 14.3305169  14.38643141
 16.00795229 13.87698807 14.10685885 15.24378728 15.0387674  16.84045726
 16.65407555 16.67271372 17.75994036 16.05765408 15.41153082 15.98931412
 14.2249006  13.86456262 14.55417495 16.34343936 15.82157058 16.05765408
 17.07654076 16.21297217 15.31833996 17.38717694 16.60437376 16.90879722
 16.2750994  15.41153082]",23234.520356677644
2025-06-15 23:46:00+00:00,1426,2095.76,9.0,15.761196905378343,15.510188866799204,18.256958250497018,"[15.8277833  15.0387674  15.43016899 12.98856859 15.29970179 14.92072565
 15.45501988 15.84020875 15.4860835  16.41799205 15.6165507  15.10710736
 16.62922465 14.4361332  14.67842942 14.59766402 16.2999503  16.8528827
 16.5111829  13.92047714 16.20675944 15.92097416 15.94582505 15.87748509
 18.25695825 14.52311133 15.81535785 14.2249006  14.14413519 14.46719682
 14.42992048 14.11928429 15.08846918 16.22539761 13.61605368 16.22539761
 14.44855865 16.20054672 17.28156064 17.77857853 16.05144135 14.72813121
 15.4612326  15.13817097 15.31833996 15.18787276 16.41177932 15.55442346
 13.94532803 15.52335984 17.02062624 14.87723658 17.39960239 16.52982107
 17.86555666 15.74080517 14.87723658 13.85213718 15.55442346 13.22465209
 15.29348907 16.41177932 15.41153082 16.10114314 16.34343936 16.39314115
 17.75372763 16.2999503  16.48633201 17.72266402 15.44880716 14.39264414
 14.3305169  15.36804175 14.78404573 15.80293241 15.28106362 14.14413519
 15.0139165  15.87748509 15.65382704 17.89040755 16.38071571 16.87152087
 14.25596421 15.722167   14.52311133 14.73434394 15.52957256 14.98285288
 15.20029821 17.48036779 13.57256461 16.8777336  15.47365805 15.39289264
 17.62947316 17.05168986 16.56709742 13.10039761 12.79597416 16.29373757
 14.01366799 14.83996024 16.5111829  14.13170974 17.52385686 15.53578529
 15.26863817 18.0084493  16.08250497 16.82803181 16.42420477 13.93911531
 14.42992048 13.43588469 14.2000497  14.66600398 15.38667992 16.32480119
 15.23757455 15.60412525 16.2750994  16.25024851 16.08250497 15.63518887
 16.28752485 13.21222664 15.15680915 16.0638668  16.55467197 15.64761431
 13.95154076 15.91476143 16.39314115 15.18166004 15.33697813 17.07654076
 15.722167   16.23161034 14.82132207 14.14413519 15.03255467 14.77162028
 14.3305169  15.02012922 14.65979125 14.24975149 14.87102386 15.06361829
 14.62872763 14.69085487 14.97042744 15.54199801 15.99552684 17.1138171
 13.55392644 13.6222664  14.93936382 14.4609841  14.06336978 14.85238569
 16.39935388 16.15084493 15.18787276 14.777833   17.97117296 17.30641153
 16.02037773 16.44284294 15.51093439 14.92072565 14.58523857 14.83374751
 16.1694831  15.28727634 15.72837972 15.65382704 15.79671968 15.31212724
 16.32480119 16.97713718 16.02037773 16.24403579 14.0695825  16.83424453
 15.0139165  14.93315109 13.49801193 14.75298211 15.76565606 17.94632207
 15.91476143 15.28106362 15.92718688 15.28106362 16.62922465 15.40531809
 15.52335984 15.82157058]",22620.260366633785
2025-06-15 23:47:00+00:00,1427,2122.37,9.0,15.83850107256579,15.592849155069581,18.281809145129223,"[15.12574553 14.80889662 14.60387674 14.66600398 15.50472167 16.4304175
 14.58523857 16.44905567 15.4612326  17.0082008  17.87798211 15.77808151
 17.09517893 15.63518887 12.50397614 13.9888171  14.97042744 16.4055666
 15.79050696 15.67246521 14.83996024 15.77186879 16.28752485 15.17544732
 15.93961233 16.64786282 15.54821074 14.21868787 15.38667992 15.67867793
 14.21247515 14.69085487 14.80889662 14.70328032 15.0387674  15.17544732
 16.26888668 17.2194334  17.48036779 14.53553678 16.50497018 14.19383698
 14.55417495 12.92644135 14.49204771 14.4609841  15.27485089 14.61630219
 14.49204771 16.21918489 15.69110338 17.63568588 16.5360338  16.02037773
 16.76590457 16.49875746 14.51689861 17.63568588 14.83374751 14.44855865
 15.54199801 14.79647117 15.56063618 17.18215706 15.47987078 16.31858847
 16.81560636 16.96471173 17.49900596 18.28180915 15.04498012 14.37400596
 15.45501988 15.91476143 14.4609841  13.71545726 13.48558648 16.194334
 16.34343936 16.03280318 16.22539761 17.85934394 15.67246521 16.6416501
 12.37350895 15.59791252 14.4361332  15.80293241 15.28727634 15.94582505
 15.37425447 16.93986083 15.87127237 15.18787276 17.49279324 16.28752485
 16.05765408 17.74751491 16.46769384 14.69706759 14.66600398 14.62251491
 15.61033797 15.77808151 16.8777336  15.85884692 15.05119284 16.18812127
 17.18215706 15.26863817 17.1138171  15.21272366 17.02062624 15.97067594
 13.95775348 13.67196819 15.68489066 15.51093439 16.18190855 16.44905567
 14.65357853 16.13220676 16.18190855 14.85859841 15.81535785 14.46719682
 16.8528827  14.08822068 15.38667992 15.15059642 13.90805169 14.58523857
 15.86505964 15.72837972 14.61008946 15.1443837  15.91476143 14.777833
 16.34965209 17.98359841 16.72862823 14.73434394 15.36804175 14.02609344
 17.16973161 14.79025845 15.44880716 16.13841948 14.08822068 16.13841948
 17.02683897 14.34294235 17.53628231 16.08871769 18.15755467 15.94582505
 12.57852883 15.23136183 16.66650099 14.23732604 14.9083002  15.10710736
 15.34940358 15.16923459 16.79696819 17.65432406 17.02683897 16.45526839
 15.3804672  16.67271372 14.02609344 14.40506958 14.39264414 12.69035785
 13.84592445 15.6973161  15.70974155 14.97042744 16.63543738 16.26888668
 16.1694831  16.46148111 16.04522863 16.43663022 14.96421471 14.55417495
 14.36779324 16.24403579 16.05765408 14.64736581 16.4055666  15.4612326
 17.0082008  15.25       16.14463221 14.28081511 15.42395626 16.20054672
 16.31237575 14.4609841 ]",22878.889188376106
2025-06-15 23:48:00+00:00,1428,2107.52,9.0,15.79345972042855,15.546719681908549,18.132703777335983,"[15.85884692 16.10114314 16.33101392 15.34319085 15.64761431 15.88991054
 14.72191849 14.56038767 17.50521869 16.78454274 17.71023857 16.25024851
 15.56063618 13.65954274 15.71595427 14.72191849 16.14463221 14.78404573
 15.19408549 15.75323062 15.65382704 16.34343936 14.42370775 16.2999503
 14.93936382 17.40581511 15.4860835  14.15656064 14.11928429 13.24329026
 15.13817097 14.42992048 15.44259443 16.11356859 15.79050696 16.20675944
 16.34965209 15.45501988 16.00173956 16.25646123 15.70974155 14.53553678
 14.67842942 15.21893638 14.41128231 16.6416501  14.14413519 16.13841948
 15.27485089 15.78429423 13.93290258 15.94582505 16.20054672 17.05790258
 16.61058648 15.9582505  14.49826044 13.90183897 14.57281312 14.82753479
 14.83374751 15.11332008 14.97664016 15.40531809 15.06983101 15.46744533
 15.66003976 15.47365805 16.88394632 15.81535785 13.37375746 15.74080517
 15.00770378 14.72813121 15.34940358 13.66575547 15.72837972 15.84020875
 15.74080517 17.03926441 15.77808151 15.57306163 16.15084493 16.69756461
 15.26863817 15.54821074 14.29945328 14.79647117 15.85884692 17.68538767
 15.06983101 16.1694831  15.31833996 16.46148111 15.67246521 17.89662028
 17.12002982 15.60412525 17.46794235 13.74652087 14.93315109 16.92743539
 14.67842942 14.85859841 15.70974155 16.28131213 17.23807157 15.51093439
 15.68489066 17.10139165 15.25621272 16.56088469 16.31237575 14.92693837
 13.82107356 14.07579523 14.83996024 16.33722664 13.9888171  14.25596421
 14.31187873 15.29348907 16.08250497 17.16973161 16.74105368 15.99552684
 18.13270378 12.46048708 15.86505964 15.09468191 13.52286282 14.92693837
 16.15705765 15.65382704 17.46794235 14.21247515 14.52932406 16.77833002
 16.51739563 15.20651093 16.75969185 13.7278827  16.5360338  14.74676938
 15.53578529 12.42942346 14.21868787 14.73434394 15.85263419 14.36779324
 15.70352883 16.7472664  16.5360338  17.29398608 16.70999006 17.26913519
 14.74055666 13.08797217 15.59791252 16.39314115 16.21297217 15.38667992
 15.64140159 15.83399602 15.23136183 16.48633201 17.6667495  15.20651093
 17.05790258 16.97713718 13.64090457 15.41153082 15.31833996 15.26242545
 16.0390159  14.71570577 16.12599404 14.74676938 16.62922465 16.89637177
 17.03926441 16.26888668 17.10139165 15.93961233 14.06336978 13.51043738
 14.64115308 13.87077535 13.49801193 14.84617296 14.57902584 15.49850895
 16.4055666  15.71595427 15.79050696 15.50472167 16.10735586 16.67271372
 16.15705765 14.60387674]",22728.198840665755
2025-06-15 23:49:00+00:00,1429,2116.8900000000003,9.0,15.819897424846193,15.57582629224652,18.52410536779324,"[14.53553678 14.71570577 14.74055666 14.79647117 16.66028827 16.70999006
 14.64115308 16.78454274 14.84617296 15.70974155 14.75919483 14.38643141
 16.77833002 15.13195825 15.34940358 14.42992048 14.87102386 15.76565606
 14.67842942 13.67818091 16.00795229 14.79025845 16.94607356 14.55417495
 16.41177932 17.23185885 17.5611332  15.46744533 15.36182903 15.02012922
 15.1195328  15.18166004 14.80889662 17.88419483 15.51714712 15.21272366
 16.41799205 16.28752485 17.09517893 14.2000497  15.36182903 13.56635189
 16.54224652 14.36158052 14.44855865 14.87723658 14.8834493  13.8832008
 15.25621272 17.59840954 17.67296223 15.15680915 14.75919483 15.65382704
 16.62922465 15.98310139 15.61033797 15.08846918 14.57281312 15.56063618
 14.31809145 16.16327038 14.89587475 15.74080517 17.00198807 15.36182903
 15.45501988 15.80293241 14.87102386 18.18861829 15.70352883 14.15034791
 15.21272366 17.82828032 16.18812127 16.14463221 16.22539761 15.29348907
 16.18190855 16.16327038 14.40506958 15.79050696 16.56709742 16.28752485
 16.01416501 13.49801193 15.18166004 16.67892644 15.23136183 15.26863817
 16.16327038 15.33697813 15.87127237 14.38643141 16.37450298 15.60412525
 16.15084493 15.27485089 18.07678926 12.87052684 15.23136183 14.15034791
 13.15631213 15.79671968 14.92072565 14.66600398 16.36829026 13.89562624
 17.51143141 16.55467197 16.28752485 17.05790258 16.36207753 13.70303181
 14.61630219 15.23757455 14.61630219 15.03255467 15.18166004 15.95203777
 15.33076541 14.55417495 14.19383698 17.56734592 15.24378728 16.91500994
 17.7972167  14.72813121 15.76565606 14.06336978 14.33672962 15.62276342
 15.08225646 15.07604374 15.43638171 15.1443837  15.10710736 16.03280318
 18.52410537 17.430666   16.20675944 13.42345924 14.31809145 15.34940358
 16.21918489 14.66600398 13.66575547 13.3054175  14.41128231 15.61033797
 16.82803181 14.47962227 16.08250497 17.12624254 17.05790258 17.28156064
 16.0638668  15.26863817 14.777833   16.23782306 13.57877734 15.04498012
 15.00149105 16.4304175  15.18166004 16.90879722 15.16923459 16.79696819
 16.7721173  16.31237575 13.97017893 16.36829026 16.13841948 15.10089463
 15.52957256 15.08846918 14.49826044 17.09517893 15.10710736 16.55467197
 15.46744533 15.72837972 16.1694831  15.99552684 14.5666004  16.34343936
 15.92097416 15.18787276 14.59766402 16.30616302 15.91476143 15.56684891
 15.8277833  16.57952286 16.47390656 15.57927435 17.10139165 17.82828032
 16.79075547 13.50422465]",22816.64882456542
2025-06-15 23:50:00+00:00,1430,2105.4900000000002,9.0,15.785046751169972,15.540413767395625,18.511679920477135,"[13.74030815 13.97017893 14.47340954 15.57927435 15.83399602 16.15705765
 15.88369781 17.33747515 15.98931412 15.54821074 17.31883698 14.99527833
 15.47365805 14.39264414 16.13841948 14.00124254 15.28106362 14.14413519
 15.64140159 16.29373757 17.57977137 15.18166004 16.69135189 17.10760437
 16.7721173  18.00223658 17.37475149 13.49801193 15.18787276 16.56088469
 14.18762425 14.57902584 14.31809145 16.36829026 13.82728628 14.87102386
 15.722167   16.02659046 16.15705765 16.52982107 16.38071571 15.34940358
 15.17544732 14.87723658 17.62947316 15.21272366 15.50472167 16.21297217
 14.85238569 15.74080517 14.9083002  16.07007952 16.33101392 16.45526839
 16.6167992  13.94532803 12.42942346 14.37400596 14.2000497  15.59791252
 12.79597416 14.00745527 14.91451292 16.194334   16.73484095 13.39860835
 15.26863817 16.44905567 16.48011928 17.46172962 14.72191849 16.1694831
 15.33697813 14.35536779 16.05144135 14.83374751 15.25621272 16.77833002
 15.49229622 17.16973161 17.0889662  16.73484095 16.25646123 16.66650099
 14.24353877 13.34269384 14.49826044 14.65357853 15.32455268 14.47962227
 12.89537773 16.11978131 16.50497018 15.52335984 16.67892644 17.31883698
 16.58573559 16.34343936 16.38692843 14.13170974 15.46744533 13.91426441
 15.12574553 14.61008946 16.58573559 15.46744533 16.61058648 16.59816103
 15.56063618 17.31883698 16.81560636 15.8277833  16.69135189 14.54796223
 16.30616302 13.78379722 15.96446322 15.96446322 15.722167   12.54746521
 16.20675944 16.46769384 16.6416501  15.72837972 18.51167992 17.75994036
 14.28081511 13.93290258 15.6973161  15.63518887 13.73409543 14.35536779
 16.61058648 13.83971173 15.27485089 14.8834493  16.97092445 16.43663022
 16.28131213 15.03255467 17.85313121 15.08225646 15.70974155 14.15656064
 16.10735586 13.95775348 14.49204771 15.90233598 14.27460239 15.70974155
 15.94582505 15.3556163  15.62897614 15.54821074 17.77857853 16.13841948
 15.26242545 12.33001988 15.57306163 14.59766402 14.70328032 15.66003976
 14.90208748 14.45477137 17.33126243 15.75944334 17.87798211 16.75347913
 15.43638171 17.430666   14.9083002  12.33001988 16.74105368 15.51714712
 14.68464215 13.60362823 15.33697813 15.80293241 15.3556163  17.52385686
 13.51043738 15.21272366 15.04498012 17.80964215 15.28727634 15.85884692
 14.61630219 15.20029821 14.82753479 16.0390159  16.20675944 16.84045726
 14.70949304 14.48583499 13.65954274 17.28156064 15.29970179 16.20054672
 16.48633201 14.02609344]",22700.052410714252
2025-06-15 23:51:00+00:00,1431,2089.61,9.0,15.736980224898307,15.491084741550697,18.22589463220676,"[13.19358847 14.87102386 14.78404573 14.87102386 16.194334   16.31237575
 15.24378728 15.25621272 17.27534791 15.38667992 15.78429423 16.34965209
 15.91476143 14.41749503 16.75969185 15.59791252 12.96993042 14.41749503
 14.42370775 13.58499006 15.18166004 14.47962227 16.20675944 15.91476143
 16.0390159  16.26888668 16.25646123 14.19383698 15.96446322 15.39910537
 14.82132207 15.56063618 15.50472167 15.18787276 16.03280318 16.11978131
 14.75919483 15.8277833  15.43016899 17.22564612 15.27485089 14.23732604
 15.3556163  15.82157058 14.42992048 13.7278827  14.72191849 14.63494036
 16.17569583 16.03280318 14.31809145 16.1694831  16.22539761 16.75969185
 16.50497018 18.07678926 15.38667992 16.49254473 14.305666   14.54796223
 14.98285288 14.04473161 15.85884692 15.6165507  17.27534791 15.26242545
 15.1443837  14.41749503 17.0889662  15.78429423 15.20029821 14.62872763
 15.99552684 14.67842942 15.18166004 16.44284294 14.73434394 16.07007952
 13.98260437 16.80318091 15.92718688 17.48036779 16.59194831 16.56709742
 12.57852883 14.46719682 16.5111829  16.05765408 14.97664016 15.40531809
 16.08871769 12.78976143 15.43638171 16.52982107 14.4361332  16.28131213
 15.62897614 16.2750994  16.2999503  13.89562624 15.04498012 14.27460239
 13.90805169 14.88966203 14.39264414 15.3804672  16.39935388 17.4555169
 15.60412525 14.99527833 16.97713718 15.70974155 16.01416501 13.27435388
 14.72191849 15.34940358 14.41749503 16.41799205 14.80889662 15.66625249
 14.93936382 16.84666998 16.95849901 15.38667992 15.9582505  15.87748509
 17.46794235 14.15034791 14.34294235 13.47937376 13.45452286 14.23111332
 15.36182903 14.34294235 15.80914513 14.3305169  14.89587475 15.74701789
 15.0139165  16.54224652 17.34368787 12.37972167 16.11978131 13.98260437
 14.56038767 16.8528827  15.83399602 16.87152087 14.83374751 16.52982107
 16.71620278 16.51739563 17.07032803 16.51739563 16.50497018 17.77236581
 13.13767396 15.47365805 13.54771372 15.39289264 14.98285288 14.78404573
 15.97067594 16.62301193 17.41824056 16.8777336  16.81560636 16.26888668
 15.63518887 16.70377734 15.09468191 16.0390159  15.87748509 14.37400596
 14.777833   13.89562624 16.13220676 15.74701789 16.60437376 15.18166004
 14.36158052 16.15705765 17.64811133 17.79100398 13.28677932 15.18166004
 15.90854871 14.95800199 15.34940358 14.78404573 14.82753479 15.25
 15.54821074 15.60412525 15.34940358 16.48011928 18.22589463 15.51714712
 15.68489066 15.10089463]",22539.24104041978
2025-06-15 23:52:00+00:00,1432,2142.42,9.0,15.891625739231035,15.65513170974155,18.430914512922463,"[14.10064612 14.18141153 15.74080517 14.777833   15.82157058 16.1694831
 16.21918489 17.38096421 16.42420477 15.0387674  15.85263419 15.84020875
 18.12649105 16.07629225 16.20675944 14.87102386 16.90258449 15.66625249
 13.18116302 16.4055666  15.18787276 16.09493042 15.4860835  14.79025845
 15.81535785 16.1694831  18.43091451 14.38643141 12.50397614 14.52932406
 16.02659046 16.12599404 13.41724652 15.15680915 16.50497018 15.1195328
 16.91500994 15.26242545 15.97067594 16.58573559 15.78429423 15.84642147
 14.5417495  14.97664016 14.21247515 15.08225646 15.76565606 16.13220676
 15.43016899 15.63518887 15.70974155 16.0638668  15.10089463 16.17569583
 17.86555666 17.62326044 13.47937376 14.01988072 14.61630219 14.61630219
 15.87127237 15.23757455 16.04522863 15.80293241 16.18812127 15.07604374
 16.194334   17.84691849 18.02087475 18.39985089 13.65954274 14.69706759
 14.15034791 14.45477137 15.47987078 15.51714712 15.08846918 15.36804175
 16.59194831 15.55442346 15.1443837  16.36829026 15.64140159 17.77236581
 13.15631213 15.53578529 14.76540755 14.87102386 14.93315109 15.12574553
 15.1195328  16.23161034 17.28777336 14.23732604 15.36182903 16.70999006
 17.0082008  16.18190855 16.5360338  15.24378728 15.63518887 14.29324056
 14.45477137 14.21868787 15.52335984 15.84642147 17.3499006  16.34343936
 16.02659046 15.79050696 17.00198807 16.4055666  15.98310139 15.21272366
 15.61033797 14.41749503 15.52335984 15.29970179 15.93961233 15.39289264
 16.39314115 14.74055666 16.54224652 16.44284294 15.9333996  17.33126243
 15.16923459 13.92047714 14.42992048 14.19383698 15.18166004 14.04473161
 15.3804672  15.31212724 15.88369781 14.24975149 13.64090457 16.39935388
 14.95800199 16.65407555 17.18215706 13.7278827  14.31187873 15.10710736
 15.33076541 17.0082008  15.28727634 16.31237575 16.22539761 17.76615308
 15.4860835  14.76540755 16.21297217 16.18190855 17.82206759 16.8777336
 15.00770378 13.89562624 15.37425447 14.13792247 14.777833   16.74105368
 13.8583499  14.57281312 16.63543738 16.194334   16.55467197 17.15109344
 16.59194831 17.18215706 16.01416501 14.65979125 15.52957256 15.49229622
 15.96446322 15.00770378 15.57927435 14.91451292 15.1443837  16.51739563
 17.46794235 17.61704771 16.70999006 16.54224652 16.44905567 15.76565606
 16.49254473 15.33076541 15.08846918 14.49204771 16.56709742 17.26292247
 13.31163022 15.82157058 16.31237575 15.32455268 17.03926441 16.49875746
 15.94582505 14.19383698]",23056.62307317135
2025-06-15 23:53:00+00:00,1433,2107.17,9.0,15.786407211132586,15.545632455268388,18.642147117296222,"[16.42420477 15.26863817 13.83349901 15.16923459 14.92693837 17.63568588
 15.18787276 14.49204771 16.7721173  16.37450298 16.62301193 18.04572565
 16.2750994  15.31212724 13.73409543 16.47390656 15.25       17.1945825
 14.42370775 17.37475149 15.83399602 14.82753479 15.41774354 16.25646123
 15.52957256 16.23782306 15.77186879 14.69706759 13.5166501  13.1500994
 16.21297217 16.03280318 13.73409543 15.64140159 16.20675944 15.29970179
 17.0082008  16.0638668  15.0139165  17.33747515 16.23782306 14.83996024
 15.06361829 15.45501988 15.52335984 16.50497018 15.4612326  13.89562624
 15.64761431 15.36182903 16.11978131 16.00795229 16.20054672 16.02037773
 16.02037773 17.15109344 15.64140159 13.66575547 14.82132207 14.48583499
 15.29970179 14.06336978 13.85213718 15.6973161  16.25024851 15.5916998
 16.37450298 16.84666998 16.02037773 17.25049702 13.86456262 13.21843936
 12.53503976 14.87102386 16.46148111 14.49826044 14.47340954 15.88369781
 14.44234592 16.16327038 14.39885686 15.61033797 14.69706759 18.64214712
 16.38692843 15.69110338 13.03827038 13.33648111 14.4361332  15.77808151
 14.58523857 15.74080517 15.66625249 15.66625249 16.66028827 16.29373757
 15.31212724 15.85263419 16.00795229 15.22514911 14.76540755 14.17519881
 14.19383698 16.194334   15.21893638 15.33076541 16.45526839 14.89587475
 15.9582505  15.88369781 16.00173956 17.43687873 15.88991054 13.19358847
 12.82082505 14.27460239 15.07604374 16.32480119 14.39885686 15.85263419
 13.13146123 17.66053678 16.75969185 17.2194334  16.4304175  15.43638171
 15.4860835  14.8026839  15.34940358 14.40506958 15.96446322 15.32455268
 15.09468191 17.26292247 16.39314115 14.68464215 16.25024851 13.91426441
 14.92072565 16.28131213 16.194334   14.49826044 12.9140159  13.69681909
 15.04498012 14.55417495 14.64736581 16.26888668 15.52957256 15.81535785
 16.00795229 14.94557654 15.97688867 15.98931412 17.4555169  17.0889662
 13.98260437 14.8026839  14.5417495  16.72862823 14.78404573 15.57306163
 16.92122266 16.7721173  16.89637177 16.93986083 17.42445328 16.49875746
 16.62922465 17.42445328 14.34294235 15.98310139 12.79597416 16.04522863
 16.15705765 16.88394632 14.97042744 15.64140159 16.44905567 16.9833499
 15.722167   15.81535785 16.25646123 16.47390656 13.4917992  14.57281312
 15.44880716 15.81535785 16.25024851 15.92097416 15.75323062 16.71620278
 16.08250497 17.07654076 15.27485089 14.87723658 15.88991054 17.28156064
 16.5111829  12.59095427]",22704.603965565177
2025-06-15 23:54:00+00:00,1434,2199.67,9.0,16.05818941234546,15.83297092445328,19.25099403578529,"[14.85238569 17.20700795 16.79696819 14.5666004  15.77808151 16.75969185
 16.42420477 17.00198807 14.44855865 17.10139165 15.67246521 16.4055666
 15.75944334 15.08225646 14.91451292 15.56684891 13.8832008  16.37450298
 16.18190855 14.96421471 15.6973161  16.37450298 15.53578529 15.98310139
 17.0082008  17.09517893 17.31262425 14.0944334  16.0638668  14.87723658
 14.82753479 13.92668986 15.77808151 16.62301193 15.43638171 16.26888668
 15.86505964 15.92097416 17.15730616 17.26292247 19.25099404 14.54796223
 13.79000994 13.39860835 16.42420477 15.52335984 14.02609344 15.58548708
 15.46744533 16.34343936 16.18812127 16.57331014 15.97688867 15.34319085
 18.53031809 16.77833002 13.23707753 13.81486083 16.39314115 16.194334
 15.54199801 16.83424453 16.11978131 16.29373757 16.20054672 15.60412525
 16.15084493 17.62326044 17.62947316 17.95874751 15.45501988 14.82132207
 15.16923459 17.25049702 14.15034791 15.79671968 15.78429423 15.74080517
 16.57952286 16.02037773 17.67296223 16.0390159  18.40606362 16.4304175
 15.49850895 14.71570577 15.31212724 15.50472167 16.00795229 15.0139165
 16.17569583 16.8528827  16.69135189 14.88966203 16.49254473 15.92097416
 17.20700795 15.50472167 17.05790258 15.07604374 14.69085487 13.55392644
 15.62897614 15.79050696 16.05765408 15.84020875 15.33697813 16.48633201
 15.97688867 15.79050696 16.54224652 15.95203777 17.07654076 14.47962227
 14.92072565 14.02609344 14.36779324 13.51043738 15.49850895 15.59791252
 15.29970179 17.20700795 15.39289264 15.96446322 16.57331014 15.6165507
 17.1945825  14.27460239 14.00745527 16.12599404 14.6722167  15.19408549
 15.87127237 16.65407555 16.60437376 16.11978131 15.66625249 16.83424453
 17.87798211 16.30616302 16.52982107 13.98260437 16.12599404 15.88991054
 16.41177932 15.26863817 16.10114314 15.66625249 17.70402584 15.42395626
 16.59816103 15.79050696 15.97067594 14.72813121 14.85859841 18.02708748
 14.03230616 13.37997018 14.64115308 15.10710736 17.54249503 16.29373757
 17.07032803 16.52982107 16.67892644 15.24378728 16.5360338  15.72837972
 15.77808151 16.63543738 15.94582505 14.95800199 15.9582505  15.67246521
 13.76515905 15.22514911 16.03280318 14.93315109 16.11978131 16.69756461
 16.28752485 17.99602386 16.00173956 17.02062624 14.6722167  14.97664016
 13.67818091 14.94557654 14.39885686 16.95228628 14.91451292 15.4860835
 15.36182903 15.67246521 15.29348907 15.06983101 16.01416501 17.36853877
 16.52360835 16.36207753]",23613.878497942966
2025-06-15 23:55:00+00:00,1435,2162.46,9.0,15.947196644837117,15.71738320079523,18.312872763419485,"[13.3861829  15.20029821 17.44930417 15.77808151 15.16923459 14.87723658
 17.02683897 15.60412525 15.79671968 16.41799205 17.51764414 16.55467197
 18.31287276 13.74652087 16.25646123 16.24403579 14.64736581 15.72837972
 16.09493042 15.86505964 17.30019881 15.722167   16.31858847 16.22539761
 16.81560636 16.48011928 18.06436382 14.38021869 14.66600398 14.67842942
 17.44309145 16.30616302 15.02012922 15.49229622 17.05790258 16.60437376
 16.96471173 16.57952286 16.32480119 15.45501988 16.89015905 14.16898608
 16.17569583 15.13195825 15.81535785 15.51093439 14.79647117 14.63494036
 14.87723658 15.65382704 16.47390656 16.76590457 16.6167992  16.0390159
 16.86530815 17.59219682 15.29348907 13.77137177 17.26913519 15.69110338
 14.06336978 15.90233598 14.61630219 15.66003976 18.26317097 16.33722664
 16.6167992  16.74105368 16.56088469 16.8777336  15.47987078 16.46769384
 14.06336978 13.70924453 15.40531809 16.80939364 16.37450298 15.31833996
 17.23807157 14.66600398 17.12624254 16.00795229 16.42420477 17.902833
 15.39910537 12.11257455 14.42370775 15.9333996  15.75944334 16.69135189
 15.3804672  16.194334   14.95178926 14.62251491 15.3804672  15.88369781
 15.05119284 16.64786282 17.68538767 14.60387674 13.00720676 14.68464215
 15.07604374 14.71570577 13.55392644 16.2750994  14.51689861 15.43638171
 16.16327038 14.48583499 14.31187873 15.73459245 15.05119284 15.21893638
 15.11332008 13.80864811 15.76565606 18.00223658 17.69781312 14.08200795
 14.40506958 16.47390656 15.54821074 16.4055666  15.87748509 16.59194831
 16.01416501 16.28131213 15.16302187 14.36158052 15.17544732 14.84617296
 15.31833996 15.51093439 15.27485089 15.0387674  15.64761431 15.0139165
 16.47390656 17.08275348 18.08300199 14.74055666 13.08797217 15.96446322
 16.52360835 15.54199801 16.84666998 15.52335984 15.57306163 15.82157058
 15.74080517 16.10114314 15.80914513 16.07629225 17.18215706 17.75994036
 14.77162028 14.0695825  13.55392644 15.56684891 13.89562624 14.80889662
 17.18836978 15.25621272 16.21297217 17.13866799 16.00173956 15.31212724
 16.6416501  17.42445328 15.88991054 14.64736581 15.70352883 15.42395626
 15.70974155 16.46148111 14.10685885 14.53553678 15.18787276 15.12574553
 15.29970179 16.60437376 14.8834493  17.07032803 14.4609841  14.97664016
 14.92072565 13.65954274 16.48633201 15.26242545 14.64736581 15.98931412
 16.00795229 15.6973161  16.56709742 15.19408549 17.72266402 14.97664016
 16.5360338  15.33697813]",23242.541094967055
2025-06-15 23:56:00+00:00,1436,2121.88,9.0,15.826263796962566,15.591327037773361,18.542743538767397,"[15.13195825 14.72191849 14.40506958 15.33697813 15.32455268 15.33076541
 14.62251491 14.84617296 16.00795229 16.77833002 17.46172962 16.47390656
 17.94010934 14.44234592 13.91426441 14.07579523 13.39239563 14.0944334
 17.54870775 13.59741551 15.4860835  15.89612326 17.05168986 16.11356859
 15.92718688 16.45526839 15.36182903 15.46744533 14.72813121 15.21272366
 15.00149105 14.94557654 15.64761431 13.8583499  15.34940358 15.50472167
 16.35586481 18.54274354 17.43687873 16.7721173  15.32455268 15.54199801
 14.79025845 16.15705765 15.72837972 14.00745527 18.10785288 15.87127237
 16.6416501  15.87127237 16.35586481 16.4304175  15.22514911 16.38692843
 16.90258449 16.72862823 16.18812127 15.31212724 14.46719682 15.42395626
 14.81510934 15.41153082 15.06983101 17.12002982 15.06983101 15.98310139
 15.44880716 15.29970179 16.15705765 17.14488072 14.44234592 14.91451292
 16.02659046 15.10089463 15.44880716 15.85884692 15.60412525 16.33101392
 15.92097416 15.77186879 16.03280318 15.62897614 17.7972167  16.13220676
 14.17519881 14.16898608 12.65929423 14.34294235 13.89562624 15.15680915
 14.77162028 17.15109344 16.4055666  17.15109344 15.39289264 16.30616302
 16.34343936 16.01416501 16.56709742 15.27485089 15.23136183 14.72191849
 13.59741551 16.71620278 14.58523857 15.36182903 15.0387674  17.07032803
 15.88991054 14.38643141 16.78454274 16.60437376 16.44905567 13.73409543
 16.22539761 15.52957256 15.16302187 14.44234592 16.62922465 17.81585487
 15.51714712 17.71645129 15.85263419 15.90233598 14.76540755 16.84045726
 16.62922465 16.02037773 15.63518887 14.81510934 14.67842942 14.75298211
 14.83996024 16.93986083 16.7721173  14.25596421 15.08846918 16.6167992
 16.31858847 16.76590457 15.23136183 14.79647117 14.51068588 13.46073559
 14.88966203 13.56013917 14.57281312 13.89562624 16.77833002 17.17594433
 15.27485089 16.78454274 16.91500994 17.22564612 15.25       15.89612326
 13.81486083 14.16898608 13.99502982 14.00124254 15.86505964 15.46744533
 13.29299205 14.76540755 17.66053678 16.86530815 15.15680915 16.90879722
 16.15705765 16.75969185 13.95154076 16.2999503  14.53553678 14.16277336
 16.15084493 15.88991054 15.10089463 14.63494036 15.52957256 14.88966203
 15.5916998  16.72241551 18.03951292 16.08250497 14.41128231 14.87723658
 14.29945328 15.78429423 14.29945328 15.47987078 14.03851889 15.78429423
 13.99502982 18.2693837  16.45526839 16.17569583 17.38717694 14.90208748
 15.55442346 14.83996024]",22837.948159117957
2025-06-15 23:57:00+00:00,1437,2135.09,9.0,15.86407255121742,15.63236207753479,18.188618290258447,"[14.0944334  14.84617296 15.82157058 14.93315109 15.6165507  14.11928429
 15.3556163  17.1138171  15.47365805 15.21893638 16.83424453 16.96471173
 16.97713718 14.13792247 14.45477137 14.96421471 16.26888668 16.31858847
 15.39289264 15.97688867 14.01988072 16.6167992  16.84045726 16.1694831
 17.16973161 16.24403579 16.95228628 15.0387674  13.36754473 13.77137177
 14.05715706 14.47340954 16.65407555 14.89587475 13.79622266 15.62897614
 17.31883698 16.60437376 16.33101392 18.01466203 16.59816103 14.57281312
 14.18762425 14.72191849 16.02037773 15.49850895 14.5666004  14.2249006
 16.37450298 17.05790258 16.84045726 15.25       16.38692843 16.76590457
 15.75323062 17.08275348 15.92718688 15.42395626 15.30591451 15.77186879
 14.5666004  16.78454274 15.4612326  13.59120278 15.11332008 16.62301193
 15.98310139 17.4555169  14.777833   15.93961233 14.0695825  14.84617296
 14.33672962 17.96496024 15.74701789 15.77186879 15.79050696 15.74080517
 17.30019881 16.11356859 16.08871769 16.74105368 16.44284294 16.80939364
 14.84617296 15.75944334 15.15680915 14.01366799 14.67842942 17.10760437
 15.52957256 17.25670974 15.29348907 14.95800199 15.15680915 16.25024851
 16.05765408 15.23757455 17.44930417 15.39910537 15.02012922 12.42321074
 15.32455268 15.4860835  14.39885686 15.52957256 14.65357853 15.19408549
 16.33722664 18.06436382 15.52335984 15.53578529 18.1637674  13.64090457
 14.92072565 15.15059642 15.50472167 16.84666998 16.4304175  16.36829026
 16.18812127 16.29373757 16.85909543 16.96471173 16.03280318 17.36232604
 17.06411531 14.00745527 14.46719682 13.95154076 13.33026839 16.4055666
 16.02037773 15.16923459 15.56063618 16.08250497 15.36804175 16.66650099
 15.88991054 16.12599404 16.47390656 15.55442346 16.67271372 12.75869781
 16.20675944 14.16277336 15.15680915 14.56038767 15.15680915 16.25024851
 16.60437376 16.80318091 15.22514911 16.56088469 17.49279324 15.91476143
 15.03255467 14.79025845 15.43638171 16.79696819 15.23136183 16.34965209
 13.69060636 15.20029821 15.13195825 15.8277833  17.20700795 16.0638668
 16.55467197 16.21297217 13.31784294 15.1443837  16.05765408 15.44259443
 15.11332008 15.57306163 15.54821074 16.01416501 16.23161034 16.0390159
 16.45526839 16.52360835 15.06983101 15.92718688 13.6222664  12.61580517
 15.46744533 13.54771372 15.79050696 13.84592445 12.74627237 15.77186879
 15.44880716 16.67892644 16.70377734 15.75944334 18.18861829 17.43687873
 15.4860835  12.10636183]",22964.441127353006
2025-06-15 23:58:00+00:00,1438,2108.92,9.0,15.785674184933281,15.551068588469183,19.418737574552683,"[15.18787276 16.45526839 15.06983101 14.36779324 15.52957256 14.55417495
 15.8277833  13.74652087 18.14512922 16.39935388 15.722167   15.96446322
 17.48658052 14.51068588 15.04498012 15.21893638 14.87723658 15.29970179
 14.79647117 15.37425447 14.777833   15.65382704 16.48011928 17.25670974
 16.194334   17.05790258 18.7166998  12.10636183 13.60362823 15.91476143
 13.64090457 15.38667992 15.34940358 14.73434394 15.722167   17.84070577
 17.03926441 16.80939364 17.48658052 16.18812127 18.89686879 12.95129225
 13.93290258 15.26242545 14.03230616 12.76491054 13.43588469 16.70999006
 16.08250497 15.97688867 16.23161034 15.26242545 14.69706759 15.82157058
 14.13792247 17.13866799 13.70303181 16.07629225 14.72191849 14.21247515
 15.9333996  14.77162028 15.26863817 16.57952286 15.87127237 15.70974155
 15.89612326 15.66625249 15.57927435 14.98285288 13.32405567 15.65382704
 13.81486083 14.25596421 15.0387674  15.44880716 16.4055666  14.81510934
 15.00770378 16.58573559 15.87748509 15.71595427 16.51739563 16.60437376
 14.13792247 16.57952286 16.31858847 15.0139165  14.82132207 15.28106362
 15.94582505 15.51714712 15.44880716 16.79075547 16.54224652 15.98931412
 16.89015905 16.45526839 17.31883698 14.34294235 14.57902584 12.90780318
 13.90183897 15.71595427 15.41774354 15.32455268 14.48583499 16.77833002
 15.05740557 16.23782306 16.86530815 16.33101392 15.13817097 16.09493042
 15.15680915 12.70899602 14.08822068 15.82157058 13.29920477 14.72813121
 15.36804175 15.66003976 16.5111829  15.67867793 15.722167   16.62922465
 16.82803181 15.3556163  14.58523857 14.36158052 16.07007952 15.94582505
 15.02012922 14.4361332  15.06983101 15.52335984 15.53578529 15.80293241
 17.69781312 16.46769384 16.70377734 15.74701789 15.74080517 16.02659046
 14.83996024 15.79671968 15.66003976 15.21272366 14.92072565 15.94582505
 15.19408549 15.66625249 16.11356859 15.27485089 16.58573559 16.04522863
 15.40531809 16.44284294 15.68489066 14.53553678 16.15705765 14.75298211
 15.28727634 15.36804175 15.67246521 16.94607356 15.77186879 17.39338966
 16.50497018 15.87127237 14.21868787 14.13170974 13.34890656 15.56684891
 15.57927435 15.88369781 17.0889662  16.88394632 16.4304175  15.13817097
 15.44880716 15.50472167 16.50497018 16.25646123 15.3804672  14.79025845
 13.57256461 14.39264414 13.79000994 17.06411531 17.30019881 16.03280318
 15.94582505 16.59816103 15.95203777 15.21893638 15.66003976 15.00149105
 19.41873757 13.62847913]",22702.151553112784
2025-06-15 23:59:00+00:00,1439,2127.69,9.0,15.83990072832901,15.609375,19.014910536779325,"[15.43016899 15.84020875 16.6167992  16.13841948 14.29945328 16.05144135
 15.90233598 14.33672962 15.6165507  16.31237575 16.69756461 16.61058648
 17.72266402 14.20626243 14.82753479 15.92718688 13.6222664  14.2249006
 13.91426441 16.02659046 13.60362823 15.79050696 16.58573559 16.25646123
 17.67917495 17.47415507 17.59840954 14.9083002  14.26217694 14.47962227
 15.59791252 15.25621272 15.43016899 15.73459245 15.19408549 15.56063618
 16.05765408 15.71595427 18.72291252 16.29373757 16.98956262 13.52286282
 15.09468191 14.38643141 15.00149105 14.85238569 14.70949304 15.75323062
 15.12574553 15.26242545 14.6722167  16.44284294 16.34965209 14.69706759
 15.87748509 19.01491054 14.36158052 13.5166501  14.777833   16.46769384
 14.07579523 13.92668986 15.75944334 17.09517893 15.87127237 16.36207753
 17.3499006  16.59816103 16.95849901 16.6167992  14.71570577 14.77162028
 16.38071571 15.94582505 15.64140159 15.53578529 15.18787276 15.46744533
 14.14413519 15.53578529 16.54224652 16.64786282 18.94657058 17.82206759
 13.8583499  13.98260437 13.9639662  15.50472167 16.60437376 14.19383698
 15.76565606 15.81535785 14.68464215 15.67246521 16.93986083 17.07654076
 15.87748509 14.40506958 16.95849901 15.00149105 15.38667992 14.31187873
 14.25596421 14.83374751 16.25024851 14.36158052 13.8832008  15.33697813
 16.62922465 17.08275348 14.79647117 16.41799205 17.82206759 15.34940358
 14.40506958 15.6973161  13.9639662  16.42420477 14.99527833 14.95178926
 17.06411531 15.95203777 17.430666   16.64786282 16.75969185 16.92122266
 15.36182903 15.39910537 13.35511928 14.85859841 14.34294235 15.51093439
 14.86481113 14.21868787 17.29398608 15.6165507  17.04547714 15.49229622
 16.36207753 17.10139165 18.06436382 13.27435388 13.97639165 15.3804672
 15.57927435 15.21893638 16.45526839 14.67842942 14.44855865 15.87127237
 15.60412525 15.29348907 15.51714712 17.18215706 15.33076541 15.74701789
 13.41724652 16.0390159  15.20651093 14.82753479 16.2750994  15.33076541
 14.34294235 15.95203777 14.07579523 15.6973161  16.57331014 16.84045726
 17.23185885 16.2999503  13.13767396 15.18787276 16.2750994  13.7278827
 15.13195825 14.60387674 16.24403579 16.20054672 16.07629225 15.6165507
 17.84070577 15.84642147 17.70402584 15.65382704 13.78379722 13.59741551
 13.22465209 13.54771372 16.1694831  15.09468191 14.40506958 15.21272366
 16.82803181 17.95253479 15.37425447 16.02659046 15.21893638 18.08300199
 16.4304175  15.58548708]",22883.57187669754
